NC_007295.1	NC_007295.1	81.846	661	84	7	372529	373161	516289	515637	0.0	652
NC_007295.1	NC_007295.1	81.846	661	84	7	515637	516289	373161	372529	0.0	652
NC_007295.1	NC_007295.1	96.635	416	13	1	623672	624086	820955	821370	0.0	684
NC_007295.1	NC_007295.1	96.635	416	13	1	820955	821370	623672	624086	0.0	684
NC_007295.1	NC_007295.1	96.882	417	12	1	730639	731054	820955	821371	0.0	690
NC_007295.1	NC_007295.1	96.226	424	15	1	709644	710066	821378	820955	0.0	690
NC_007295.1	NC_007295.1	96.882	417	12	1	820955	821371	730639	731054	0.0	690
NC_007295.1	NC_007295.1	96.226	424	15	1	820955	821378	710066	709644	0.0	690
NC_007295.1	NC_007295.1	96.882	417	12	1	820955	821371	697106	696691	0.0	690
NC_007295.1	NC_007295.1	96.882	417	12	1	820955	821371	664250	664665	0.0	690
NC_007295.1	NC_007295.1	96.882	417	12	1	820955	821371	396978	396563	0.0	690
NC_007295.1	NC_007295.1	96.890	418	12	1	820955	821372	536369	536785	0.0	691
NC_007295.1	NC_007295.1	97.129	418	11	1	820955	821372	377514	377098	0.0	697
NC_007295.1	NC_007295.1	88.007	567	67	1	488656	489222	515111	514546	0.0	713
NC_007295.1	NC_007295.1	88.007	567	67	1	514546	515111	489222	488656	0.0	713
NC_007295.1	NC_007295.1	71.188	1541	412	20	134815	136339	138726	140250	0.0	717
NC_007295.1	NC_007295.1	71.188	1541	412	20	138726	140250	134815	136339	0.0	717
NC_007295.1	NC_007295.1	71.195	1531	417	16	138726	140244	219343	217825	0.0	722
NC_007295.1	NC_007295.1	89.711	554	25	4	109584	110118	385075	385615	0.0	753
NC_007295.1	NC_007295.1	89.711	554	25	4	385075	385615	109584	110118	0.0	753
NC_007295.1	NC_007295.1	81.196	803	148	1	19275	20074	24107	24909	0.0	765
NC_007295.1	NC_007295.1	81.196	803	148	1	24107	24909	19275	20074	0.0	765
NC_007295.1	NC_007295.1	84.252	762	114	4	487253	488013	516399	515643	0.0	821
NC_007295.1	NC_007295.1	84.252	762	114	4	515643	516399	488013	487253	0.0	821
NC_007295.1	NC_007295.1	67.757	2720	754	45	334289	336949	406204	408859	0.0	859
NC_007295.1	NC_007295.1	67.757	2720	754	45	406204	408859	334289	336949	0.0	859
NC_007295.1	NC_007295.1	89.193	657	49	3	153756	154412	156147	156781	0.0	872
NC_007295.1	NC_007295.1	89.193	657	49	3	156147	156781	153756	154412	0.0	872
NC_007295.1	NC_007295.1	86.194	804	99	4	21717	22508	24106	24909	0.0	942
NC_007295.1	NC_007295.1	86.194	804	99	4	24106	24909	21717	22508	0.0	942
NC_007295.1	NC_007295.1	84.589	863	116	6	471248	472095	516497	515637	0.0	946
NC_007295.1	NC_007295.1	84.705	863	115	7	515637	516497	472095	471248	0.0	946
NC_007295.1	NC_007295.1	68.834	2769	665	66	140896	143559	217047	214372	0.0	984
NC_007295.1	NC_007295.1	68.834	2769	665	66	214372	217047	143559	140896	0.0	984
NC_007295.1	NC_007295.1	81.103	1106	199	8	155037	156138	250127	249028	0.0	1025
NC_007295.1	NC_007295.1	81.103	1106	199	8	249028	250127	156138	155037	0.0	1025
NC_007295.1	NC_007295.1	73.027	2154	506	32	17963	20085	20412	22521	0.0	1189
NC_007295.1	NC_007295.1	73.027	2154	506	32	20412	22521	17963	20085	0.0	1189
NC_007295.1	NC_007295.1	77.489	1577	303	18	471603	473158	473384	474929	0.0	1209
NC_007295.1	NC_007295.1	77.489	1577	303	18	473384	474929	471603	473158	0.0	1209
NC_007295.1	NC_007295.1	69.965	2890	781	26	351466	354316	372367	369526	0.0	1260
NC_007295.1	NC_007295.1	69.965	2890	781	26	369526	372367	354316	351466	0.0	1260
NC_007295.1	NC_007295.1	93.784	917	45	6	513640	514555	584473	583568	0.0	1380
NC_007295.1	NC_007295.1	93.784	917	45	6	583568	584473	514555	513640	0.0	1380
NC_007295.1	NC_007295.1	83.991	1874	280	8	777784	779642	781215	783083	0.0	2010
NC_007295.1	NC_007295.1	83.991	1874	280	8	781215	783083	777784	779642	0.0	2010
NC_007295.1	NC_007295.1	84.889	1853	262	8	777786	779625	775776	777623	0.0	2060
NC_007295.1	NC_007295.1	78.820	2677	534	17	774956	777617	780398	783056	0.0	2224
NC_007295.1	NC_007295.1	78.820	2677	534	17	780398	783056	774956	777617	0.0	2224
NC_007295.1	NC_007295.1	78.727	2703	520	22	780398	783083	771623	774287	0.0	2233
NC_007295.1	NC_007295.1	94.419	1559	38	6	478148	479702	480745	482258	0.0	2437
NC_007295.1	NC_007295.1	94.419	1559	38	6	480745	482258	478148	479702	0.0	2437
NC_007295.1	NC_007295.1	88.083	2400	264	9	772417	774809	777778	780162	0.0	3018
NC_007295.1	NC_007295.1	88.083	2400	264	9	777778	780162	772417	774809	0.0	3018
NC_007295.1	NC_007295.1	99.006	1911	19	0	377099	379009	731054	729144	0.0	3360
NC_007295.1	NC_007295.1	99.006	1911	19	0	377099	379009	664665	662755	0.0	3360
NC_007295.1	NC_007295.1	99.006	1911	19	0	662755	664665	379009	377099	0.0	3360
NC_007295.1	NC_007295.1	98.956	1916	20	0	622177	624092	729144	731059	0.0	3366
NC_007295.1	NC_007295.1	98.956	1916	20	0	622177	624092	662755	664670	0.0	3366
NC_007295.1	NC_007295.1	98.956	1916	20	0	729144	731059	622177	624092	0.0	3366
NC_007295.1	NC_007295.1	99.008	1916	19	0	696687	698602	709647	711562	0.0	3369
NC_007295.1	NC_007295.1	99.008	1916	19	0	709647	711562	696687	698602	0.0	3369
NC_007295.1	NC_007295.1	98.957	1918	20	0	622174	624091	698604	696687	0.0	3369
NC_007295.1	NC_007295.1	98.957	1918	20	0	696687	698604	624091	622174	0.0	3369
NC_007295.1	NC_007295.1	97.124	2017	42	4	105761	107775	382484	384486	0.0	3373
NC_007295.1	NC_007295.1	97.124	2017	42	4	382484	384486	105761	107775	0.0	3373
NC_007295.1	NC_007295.1	99.112	1914	17	0	377100	379013	624086	622173	0.0	3375
NC_007295.1	NC_007295.1	99.112	1914	17	0	622173	624086	379013	377100	0.0	3375
NC_007295.1	NC_007295.1	99.215	1912	15	0	534873	536784	662754	664665	0.0	3380
NC_007295.1	NC_007295.1	99.215	1912	15	0	662754	664665	534873	536784	0.0	3380
NC_007295.1	NC_007295.1	99.216	1913	15	0	662754	664666	398474	396562	0.0	3382
NC_007295.1	NC_007295.1	99.216	1914	15	0	534871	536784	729141	731054	0.0	3384
NC_007295.1	NC_007295.1	99.216	1914	15	0	534871	536784	711564	709651	0.0	3384
NC_007295.1	NC_007295.1	99.064	1923	17	1	377087	379009	709640	711561	0.0	3384
NC_007295.1	NC_007295.1	99.216	1914	15	0	729141	731054	534871	536784	0.0	3384
NC_007295.1	NC_007295.1	99.064	1923	17	1	709640	711561	377087	379009	0.0	3384
NC_007295.1	NC_007295.1	99.217	1915	15	0	729141	731055	398476	396562	0.0	3386
NC_007295.1	NC_007295.1	98.916	1937	15	2	377099	379029	396563	398499	0.0	3395
NC_007295.1	NC_007295.1	98.916	1937	15	2	396563	398499	377099	379029	0.0	3395
NC_007295.1	NC_007295.1	99.270	1918	14	0	709650	711567	731055	729138	0.0	3397
NC_007295.1	NC_007295.1	99.270	1918	14	0	729138	731055	711567	709650	0.0	3397
NC_007295.1	NC_007295.1	99.017	1933	14	2	377078	379009	536802	534874	0.0	3397
NC_007295.1	NC_007295.1	99.017	1933	14	2	534874	536802	379009	377078	0.0	3397
NC_007295.1	NC_007295.1	98.918	1940	20	1	696664	698602	731082	729143	0.0	3400
NC_007295.1	NC_007295.1	99.373	1915	12	0	534870	536784	698605	696691	0.0	3400
NC_007295.1	NC_007295.1	99.322	1918	13	0	662750	664667	698606	696689	0.0	3400
NC_007295.1	NC_007295.1	98.918	1940	20	1	729143	731082	698602	696664	0.0	3400
NC_007295.1	NC_007295.1	99.322	1918	13	0	696689	698606	664667	662750	0.0	3400
NC_007295.1	NC_007295.1	99.373	1915	12	0	696691	698605	536784	534870	0.0	3400
NC_007295.1	NC_007295.1	86.924	3189	366	22	771116	774270	774452	777623	0.0	3819
NC_007295.1	NC_007295.1	86.924	3189	366	22	774452	777623	771116	774270	0.0	3819
NC_007295.1	NC_007295.1	99.003	2206	21	1	134134	136338	220025	217820	0.0	3876
NC_007295.1	NC_007295.1	99.003	2206	21	1	217820	220025	136338	134134	0.0	3876
NC_007295.1	NC_007295.1	97.952	4003	77	3	725142	729144	731055	735052	0.0	6841
NC_007295.1	NC_007295.1	97.952	4003	77	3	731055	735052	725142	729144	0.0	6841
NC_007295.1	NC_007295.1	100.000	897405	0	0	1	897405	1	897405	0.0	1.618e+06
