>IDF72C
+1 +2 +3 +4 +5 +6 +7 +8 +9 +10 +11 +12 +13 +14 +15 +16 +17 +18 +19 +20 +21 +22 +23 +24 +25 +26 +27 $
>ID4284
+1 +2 +3 -6 -5 -4 +7 +8 +9 +10 -14 -13 -12 -11 +15 +16 +17 +18 +19 +20 +21 +22 +23 -24 +25 +26 +27 $
>IDES2
+1 +2 +3 +4 +5 +6 +7 +8 +9 +28 +10 -14 -13 -12 -11 +15 +16 -28 +17 +18 +19 +20 +21 +22 +23 +24 +25 +26 +27 $
>ID116
+1 +2 +3 -6 -5 -4 +7 +8 +9 +10 -14 -13 -12 -11 +15 +16 +17 +18 +19 +20 +21 +22 +23 +24 +25 +26 +27 $
>ID1257
+1 +2 +3 -6 -5 -4 +7 +8 +9 +10 -14 -13 -12 -11 -16 -15 +17 +18 +19 +20 +21 +22 +23 +24 +25 +26 +27 $
>ID168L
+1 +2 +3 -6 -5 -4 +7 +8 +29 +9 -10 -14 -13 -15 +11 +12 +16 +17 +18 +19 +20 +21 +22 +23 +24 +25 +26 +27 $
>IDMHP696
+2 +3 -6 -5 -4 +7 +8 +9 +10 -14 -13 -12 -11 +15 +16 +17 +18 +19 +20 +21 +22 +23 +24 +25 +26 +27 +1 $
>ID112B
+1 +2 +3 +4 +5 +6 +7 +8 +9 +10 +11 +12 +13 +14 +15 +16 +17 +18 +19 +20 +21 +22 +23 +24 +25 +26 +27 $
>IDMHP694
+2 +3 -6 -5 -4 +7 +8 +9 +10 -14 -1 -27 -13 -12 -11 +15 +16 +17 +18 +19 +20 +21 +22 +23 +24 +25 +26 $
>IDMHP691
+27 +1 +2 +3 -6 -5 -4 +7 +8 +9 +10 -14 -13 -12 -11 +15 +16 +28 +17 +18 +19 +20 +21 +22 +23 +24 +25 +26 $
>IDUFV02
+22 +23 +24 +25 +26 +27 +1 +2 +3 +4 +5 +6 +7 +8 +9 +10 -29 -14 -13 -12 -11 +15 +16 +17 +18 +19 +20 +21 +22 +23 $
>IDMHP650
+22 +23 +24 +25 +26 +27 +1 +2 +3 +4 +5 +6 +7 +8 +9 +10 -14 -13 -12 -11 +15 +16 +17 +18 +19 +20 +21 +28 $
>ID98
+2 +3 -6 -4 +7 +8 +9 +10 -14 -13 -12 -11 +15 +16 +17 +18 +19 +20 +21 +22 +23 +24 +25 +5 +26 +27 +1 $
>ID111A
+1 +2 +3 +4 +5 +6 +7 +8 +9 +10 +11 +12 +13 +14 +15 +16 +17 +18 +19 +20 +21 +22 +23 +24 +25 +26 +27 $
>ID7422
+1 +2 +3 +29 +4 +5 +6 +7 +8 +9 +10 -14 -13 -12 -11 +15 +16 +17 +18 +19 +20 +21 +22 +23 +24 +25 +26 +27 $
>ID232
+1 +2 -9 -8 -7 -6 -5 -4 -3 +10 -14 -13 -12 -11 +15 +16 +17 +18 +19 +20 +21 +22 +23 +24 +25 +26 +27 $
>IDMHP653
+27 +1 +2 +3 +4 +5 +6 +7 +8 +9 +10 -14 -13 -12 -11 +15 +16 +17 +18 +19 +20 +21 +22 +23 +24 +25 +26 $
>IDTB1
+2 +3 -6 -5 -4 +7 +8 +29 +9 -10 -14 -13 -15 +11 +12 +16 +17 +18 +19 +20 +21 +22 +23 +24 +25 +26 +27 +1 $
>IDES2L
+1 +2 +3 +4 +5 +6 +7 +8 +9 +10 -14 -13 -12 -11 +15 +16 +17 +18 +19 +20 +21 +28 +22 +23 +24 +25 +26 +27 $
>IDMHP709
+27 +1 +2 +3 -6 -5 -4 +7 +8 +9 +10 -14 -13 -12 -11 +15 +16 +17 +18 +19 +20 +21 +22 +23 +24 +25 +26 $
>ID7448
+1 +2 +3 +4 +5 +6 +7 +8 +9 +10 -14 -13 -12 -11 +15 +16 -29 +17 +18 +19 +20 +21 +22 +23 +24 +25 +26 +27 $
>IDUe273
+1 +2 +3 +4 +5 +6 +7 +8 +9 +10 -14 -13 -12 -11 +15 +16 +17 +18 +19 +20 +21 +22 +23 +24 +25 +26 +27 $
>IDMHP682
+1 +2 +3 +28 +4 +5 +6 +7 +8 +9 +10 -14 -13 -12 -11 +15 +16 +17 +18 +19 +20 +21 +22 +23 +24 +25 +26 +27 $
>ID11
+10 -14 -13 -12 -11 +15 +16 +17 +18 +19 +20 +21 +22 +23 +24 +25 +26 +27 +1 +2 -9 -8 -7 -6 -5 -4 -3 $
>IDKM014
-29 +22 +23 +24 +25 +26 +27 +1 +2 +28 +3 +4 +5 +6 +7 +8 +9 +10 -14 -13 -12 -11 +15 +16 +17 +18 +19 +20 +21 $
>IDJ
+1 +2 +3 +4 +5 +6 +7 +8 +9 +10 -14 -13 -12 -11 +15 +16 +17 +18 +19 +20 +21 +22 +23 +24 +25 +26 +27 $
>IDMHP699
+27 +1 +2 +3 +4 +5 +6 +7 +8 +9 +10 -14 -13 -12 -11 +15 +16 +17 +18 +19 +20 +21 +22 +28 +23 +24 +25 +26 $
>IDMHP679
+2 +3 +4 +5 +6 +7 +8 +9 +10 -29 -14 -13 -12 -11 +15 +16 +17 +18 +19 +20 +21 +22 +23 +24 +25 +26 +27 +1 $
>IDUFV01
+24 +25 +26 +27 +1 +2 +3 +4 +5 +6 +7 +8 +9 +10 -29 -14 -13 -12 -11 +15 +16 +17 +18 +19 +20 +21 +22 +23 $
>ID133A
+1 +2 +28 +3 +4 +5 +6 +7 +8 +9 +10 -14 -13 -12 -11 +30 +15 +16 +17 +18 +19 +20 +21 +22 +23 +24 +25 +26 +27 $
>IDNCTC10127
+1 +2 +10 -14 -13 -12 -11 +15 +16 +17 +18 +19 +20 +21 +22 +23 +24 +25 +26 +27 -9 -8 -7 -6 -5 -4 -3 -19 $
>ID168
+1 +2 +3 -6 -5 -4 +7 +8 +29 +9 -10 -14 -13 -15 +11 +12 +16 +17 +18 +19 +20 +21 +22 +23 +24 +25 +26 +27 $
>ID154B
+1 +2 +3 -6 -5 -4 +7 +8 +9 +10 -14 -13 -12 -11 +30 +15 +16 +17 +18 +19 +20 +21 +22 +23 +24 +25 +26 +27 $
>IDLH
+1 +2 +3 +4 +5 +6 +7 +8 +9 +10 -14 -13 -12 -11 +15 +16 +17 +18 +19 +20 +21 +22 +23 +24 +25 +26 +27 $
>ID153B
+1 +2 +3 -6 -5 -4 +7 +8 +9 +10 -14 -13 -12 -11 +30 +15 +16 +17 +18 +19 +20 +21 +22 +23 +24 +25 +26 +27 $
>ID131B
+1 +2 +28 +3 +4 +5 +6 +7 +8 +9 +10 -14 -13 -12 -11 +30 +15 +16 +17 +18 +19 +20 +21 +22 +23 +24 +25 +26 +27 $
