IDMF33	IDMs42	96.899	387	10	1	756412	756796	484500	484886	0.0	642
IDMF33	IDMs42	97.436	390	6	1	363733	364118	389748	389359	0.0	658
IDMF33	IDMs42	97.927	386	8	0	363733	364118	403159	402774	0.0	661
IDMF33	IDMs42	98.701	385	5	0	756412	756796	358854	358470	0.0	673
IDMF33	IDMs42	81.132	742	123	7	407840	408567	357282	356544	0.0	691
IDMF33	IDMs42	95.455	440	15	3	756359	756796	402414	402850	0.0	695
IDMF33	IDMs42	94.181	464	17	2	348714	349177	344992	345445	0.0	716
IDMF33	IDMs42	99.282	418	3	0	648919	649336	655468	655885	0.0	741
IDMF33	IDMs42	97.763	447	10	0	648214	648660	656179	656625	0.0	762
IDMF33	IDMs42	91.826	575	42	2	755848	756417	390518	391092	0.0	821
IDMF33	IDMs42	85.560	741	96	6	362075	362813	404724	403993	0.0	838
IDMF33	IDMs42	91.736	605	42	3	752683	753286	391094	390497	0.0	860
IDMF33	IDMs42	73.977	1637	321	27	291993	293584	284384	285960	0.0	1005
IDMF33	IDMs42	74.343	1637	314	27	289675	291250	286703	288294	0.0	1033
IDMF33	IDMs42	78.943	1325	244	10	347322	348618	343755	345072	0.0	1119
IDMF33	IDMs42	76.457	1682	328	18	349296	350956	341963	343597	0.0	1229
IDMF33	IDMs42	80.673	1485	247	14	752860	754316	392699	391227	0.0	1358
IDMF33	IDMs42	98.698	845	11	0	406895	407739	403083	403927	0.0	1475
IDMF33	IDMs42	99.428	874	5	0	544101	544974	540678	541551	0.0	1554
IDMF33	IDMs42	98.725	941	8	3	364219	365158	358772	359709	0.0	1634
IDMF33	IDMs42	99.379	966	5	1	754317	755281	390594	389629	0.0	1712
IDMF33	IDMs42	98.672	1205	10	1	362914	364118	357348	358546	0.0	2103
IDMF33	IDMs42	97.394	1343	3	1	616556	617898	620665	621975	0.0	2289
IDMF33	IDMs42	75.011	4394	979	36	155881	160198	192602	188252	0.0	2920
IDMF33	IDMs42	75.068	4396	986	37	204306	208657	144146	139817	0.0	2920
IDMF33	IDMs42	98.122	3515	44	4	345106	348618	339747	343241	0.0	6044
IDMF33	IDMs42	97.150	4246	71	6	612257	616455	616499	620741	0.0	7130
IDMF33	IDMs42	98.166	4199	74	3	612257	616455	612618	616813	0.0	7215
IDMF33	IDMs42	99.204	4522	29	2	661722	666236	668873	673394	0.0	7991
IDMF33	IDMs42	99.610	4876	17	2	381633	386508	375997	380870	0.0	8701
IDMF33	IDMs42	99.761	6275	10	1	537844	544113	534317	540591	0.0	11249
IDMF33	IDMs42	99.406	8243	23	3	386609	394825	380870	389112	0.0	14655
IDMF33	IDMs42	98.511	9673	102	10	317306	326953	312109	321764	0.0	16788
IDMF33	IDMs42	99.472	10226	47	7	666337	676557	673575	683798	0.0	18173
IDMF33	IDMs42	99.518	10378	37	4	711548	721914	718755	729130	0.0	18484
IDMF33	IDMs42	97.248	11409	218	12	395395	406794	391227	402548	0.0	19192
IDMF33	IDMs42	99.464	12304	42	8	649439	661729	656522	668814	0.0	21877
IDMF33	IDMs42	98.936	14104	122	8	348736	362813	343181	357282	0.0	24748
IDMF33	IDMs42	99.580	14057	54	4	474225	488276	470526	484582	0.0	25071
IDMF33	IDMs42	99.529	15926	51	9	1	15922	762961	778866	0.0	28364
IDMF33	IDMs42	99.485	16297	53	5	365262	381532	359709	376000	0.0	29017
IDMF33	IDMs42	99.310	17984	79	6	327054	344998	321764	339741	0.0	31887
IDMF33	IDMs42	99.364	22972	89	8	488377	511305	484808	507765	0.0	40785
IDMF33	IDMs42	99.615	26463	91	6	511283	537743	507871	534324	0.0	47246
IDMF33	IDMs42	99.177	29152	194	12	721887	751030	733849	762962	0.0	51478
IDMF33	IDMs42	99.597	29753	115	3	15923	45673	1	29750	0.0	53106
IDMF33	IDMs42	99.499	31753	106	7	617602	649336	624879	656596	0.0	56563
IDMF33	IDMs42	99.512	34801	124	10	676659	711447	683980	718746	0.0	61990
IDMF33	IDMs42	98.089	51234	778	39	266196	317316	260908	312053	0.0	87986
IDMF33	IDMs42	98.920	66461	622	30	407840	474244	403993	470413	0.0	1.166e+05
IDMF33	IDMs42	99.514	71411	290	16	545091	616455	541534	612933	0.0	1.272e+05
IDMF33	IDMs42	99.376	231452	979	80	45824	277094	29759	260926	0.0	4.109e+05
IDMF33	IDMs42	96.606	383	13	0	756412	756794	389051	389433	2.40e-179	633
IDMF33	IDMs42	97.603	292	7	0	756796	757087	391304	391013	4.34e-138	496
IDMF33	IDMs42	99.228	259	2	0	757083	757341	684058	683800	3.13e-127	459
IDMF33	IDMs42	98.444	257	4	0	757085	757341	673318	673574	1.97e-123	446
IDMF33	IDMs42	67.925	1325	334	31	753037	754299	404062	402767	3.34e-114	416
IDMF33	IDMs42	98.649	222	3	0	757573	757794	357203	357424	1.62e-105	388
IDMF33	IDMs42	90.667	75	7	0	666337	666411	683799	683725	2.76e-20	104
IDMF33	IDMs42	65.281	409	140	2	190257	190664	29632	30039	1.74e-16	91.5
IDMF33	IDMs42	80.000	50	9	1	683824	683873	624743	624791	0.079	42.8
IDMF33	IDMs42	93.103	29	1	1	521998	522026	732885	732912	0.28	41.0
IDMF33	IDMs42	83.784	37	6	0	401249	401285	730088	730052	0.28	41.0
IDMF33	IDMs42	92.593	27	2	0	342458	342484	729536	729510	0.28	41.0
IDMF33	IDMs42	81.250	48	6	2	82326	82373	624909	624865	0.28	41.0
IDMF33	IDMs42	86.111	36	2	1	589355	589390	624652	624620	0.28	41.9
IDMF33	IDMs42	85.000	40	4	2	686598	686637	623042	623079	0.96	39.2
IDMF33	IDMs42	85.294	34	5	0	727527	727560	731288	731321	0.96	40.1
IDMF33	IDMs42	78.846	52	7	2	487663	487711	339703	339753	0.96	40.1
IDMF33	IDMs42	82.857	35	6	0	401898	401932	729838	729872	3.4	37.4
IDMF33	IDMs42	89.286	28	3	0	486561	486588	730282	730309	3.4	38.3
IDMF33	IDMs42	86.111	36	1	2	198941	198973	624874	624840	3.4	38.3
