IDMF18	IDMs42	89.959	488	47	1	394309	394796	390440	390925	0.0	657
IDMF18	IDMs42	91.002	489	41	2	392453	392938	392210	392698	0.0	678
IDMF18	IDMs42	83.187	684	104	6	358748	359429	404724	404050	0.0	699
IDMF18	IDMs42	99.068	429	4	0	568944	569372	655468	655896	0.0	756
IDMF18	IDMs42	83.676	729	108	6	405647	406366	357270	356544	0.0	762
IDMF18	IDMs42	98.434	447	7	0	568235	568681	656179	656625	0.0	775
IDMF18	IDMs42	74.176	1638	316	30	288650	290241	284384	285960	0.0	1009
IDMF18	IDMs42	74.251	1635	320	26	286331	287907	286703	288294	0.0	1025
IDMF18	IDMs42	75.539	1578	321	17	344012	345543	343755	345313	0.0	1088
IDMF18	IDMs42	76.562	1681	328	16	345981	347641	341963	343597	0.0	1243
IDMF18	IDMs42	99.197	872	7	0	404675	405546	403056	403927	0.0	1542
IDMF18	IDMs42	99.477	956	5	0	359530	360485	357348	358303	0.0	1702
IDMF18	IDMs42	98.321	1072	6	1	360586	361657	358654	359713	0.0	1859
IDMF18	IDMs42	75.045	4396	987	37	201644	205995	144146	139817	0.0	2915
IDMF18	IDMs42	75.125	4394	986	35	155777	160106	192602	188252	0.0	2936
IDMF18	IDMs42	98.357	2130	30	2	391396	393521	389383	391511	0.0	3680
IDMF18	IDMs42	98.685	2661	31	2	405647	408304	404005	406664	0.0	4636
IDMF18	IDMs42	96.832	4167	77	9	528945	533062	616499	620659	0.0	6929
IDMF18	IDMs42	97.887	4118	77	8	528945	533059	612618	616728	0.0	7008
IDMF18	IDMs42	95.446	4589	76	13	533161	537684	620581	625101	0.0	7396
IDMF18	IDMs42	99.692	4869	13	1	378137	383005	375996	380862	0.0	8711
IDMF18	IDMs42	99.191	5191	42	0	596789	601979	683945	689135	0.0	9173
IDMF18	IDMs42	99.654	7230	19	2	454419	461642	534322	541551	0.0	12923
IDMF18	IDMs42	99.707	8179	21	2	383111	391289	380867	389042	0.0	14636
IDMF18	IDMs42	99.596	9416	35	3	336129	345543	334081	343494	0.0	16799
IDMF18	IDMs42	99.501	10212	42	4	586486	596688	673582	683793	0.0	18177
IDMF18	IDMs42	99.318	10412	32	7	635994	646393	718746	729130	0.0	18461
IDMF18	IDMs42	98.230	10961	149	9	393625	404573	391523	402450	0.0	18893
IDMF18	IDMs42	99.457	13816	43	6	345641	359429	343415	357225	0.0	24580
IDMF18	IDMs42	99.667	15917	44	5	1	15910	762952	778866	0.0	28452
IDMF18	IDMs42	99.522	16306	44	5	361758	378036	359702	376000	0.0	29063
IDMF18	IDMs42	99.149	16925	97	12	569477	586384	656535	673429	0.0	29862
IDMF18	IDMs42	99.586	26087	95	6	730159	756241	484701	458624	0.0	46543
IDMF18	IDMs42	99.248	29135	178	12	646366	675478	733849	762964	0.0	51537
IDMF18	IDMs42	99.497	29629	121	12	606279	635893	689126	718740	0.0	52732
IDMF18	IDMs42	99.494	31622	103	13	537781	569376	625021	656611	0.0	56298
IDMF18	IDMs42	99.515	46008	158	16	408329	454318	488363	534323	0.0	81951
IDMF18	IDMs42	98.938	49347	411	29	160179	209482	146812	196088	0.0	86600
IDMF18	IDMs42	98.640	54691	612	39	675480	730100	404050	458678	0.0	95218
IDMF18	IDMs42	99.111	64352	414	30	209467	273732	196647	260926	0.0	1.135e+05
IDMF18	IDMs42	98.247	73403	924	58	262834	336028	260908	334155	0.0	1.266e+05
IDMF18	IDMs42	99.460	71338	325	16	461759	533059	541534	612848	0.0	1.269e+05
IDMF18	IDMs42	99.347	145350	588	61	15911	161106	1	145143	0.0	2.579e+05
IDMF18	IDMs42	97.354	378	6	1	391396	391773	402798	403171	1.97e-180	636
IDMF18	IDMs42	96.448	366	3	1	391396	391761	358522	358167	9.57e-172	607
IDMF18	IDMs42	98.471	327	3	1	360586	360910	402666	402340	2.93e-159	565
IDMF18	IDMs42	78.034	651	137	2	650103	650753	403174	402530	2.57e-147	526
IDMF18	IDMs42	77.969	640	140	1	650115	650753	389754	389115	4.65e-144	516
IDMF18	IDMs42	95.177	311	8	1	730159	730469	358653	358956	4.35e-138	496
IDMF18	IDMs42	97.595	291	5	1	756530	756818	484621	484911	5.30e-137	491
IDMF18	IDMs42	98.561	278	4	0	756530	756807	358733	358456	7.87e-135	484
IDMF18	IDMs42	94.231	312	10	2	730159	730469	389252	388948	9.59e-134	480
IDMF18	IDMs42	87.089	395	43	5	161996	162386	145422	145812	6.05e-130	468
IDMF18	IDMs42	98.253	229	4	0	758722	758950	684021	683793	3.14e-108	396
IDMF18	IDMs42	98.253	229	4	0	758722	758950	673353	673581	3.14e-108	396
IDMF18	IDMs42	75.000	496	104	8	650115	650604	391632	391151	6.92e-85	318
IDMF18	IDMs42	66.989	1033	273	26	393625	394615	403056	404062	3.14e-70	270
IDMF18	IDMs42	80.180	222	44	0	756241	756462	357242	357463	3.83e-50	203
IDMF18	IDMs42	72.059	204	40	6	201337	201523	146695	146492	3.36e-19	100
IDMF18	IDMs42	84.615	39	6	0	133961	133999	486856	486818	0.023	44.6
IDMF18	IDMs42	80.851	47	6	1	172975	173021	146274	146231	0.079	43.7
IDMF18	IDMs42	93.103	29	1	1	438563	438591	732885	732912	0.28	41.0
IDMF18	IDMs42	92.593	27	2	0	339251	339277	729536	729510	0.28	41.0
IDMF18	IDMs42	85.294	34	5	0	651992	652025	731288	731321	0.96	40.1
IDMF18	IDMs42	100.000	20	0	0	407360	407379	732927	732908	3.4	37.4
IDMF18	IDMs42	82.857	35	6	0	399772	399806	729838	729872	3.4	37.4
IDMF18	IDMs42	92.000	25	2	0	397747	397771	485423	485399	3.4	37.4
IDMF18	IDMs42	89.286	28	3	0	731974	732001	730309	730282	3.4	38.3
IDMF18	IDMs42	81.579	38	7	0	397476	397513	487700	487663	3.4	38.3
IDMF18	IDMs42	79.070	43	9	0	523591	523633	145360	145402	3.4	38.3
