IDMF11	IDMs42	80.144	831	146	6	754790	755609	392260	391438	0.0	746
IDMF11	IDMs42	98.834	429	5	0	646818	647246	655468	655896	0.0	752
IDMF11	IDMs42	98.210	447	8	0	646112	646558	656179	656625	0.0	771
IDMF11	IDMs42	81.395	817	135	7	405089	405891	357357	356544	0.0	773
IDMF11	IDMs42	74.404	1637	314	27	286286	287862	286703	288294	0.0	1037
IDMF11	IDMs42	74.527	1637	312	27	288605	290196	284384	285960	0.0	1046
IDMF11	IDMs42	85.031	982	133	7	358935	359911	404724	403752	0.0	1090
IDMF11	IDMs42	75.587	1577	320	17	344087	345617	343755	345312	0.0	1091
IDMF11	IDMs42	75.650	1577	319	17	345976	347533	341963	343493	0.0	1095
IDMF11	IDMs42	92.145	993	64	3	392950	393941	390641	391620	0.0	1439
IDMF11	IDMs42	99.584	962	4	0	391888	392849	389612	390573	0.0	1718
IDMF11	IDMs42	97.212	1363	6	1	614428	615790	620645	621975	0.0	2312
IDMF11	IDMs42	99.137	1623	12	1	753171	754791	390638	392260	0.0	2862
IDMF11	IDMs42	75.040	4395	989	37	201575	205926	144146	139817	0.0	2911
IDMF11	IDMs42	75.216	4394	982	35	155698	160027	192602	188252	0.0	2954
IDMF11	IDMs42	99.835	1816	3	0	345718	347533	343497	345312	0.0	3262
IDMF11	IDMs42	85.838	3693	455	22	405089	408753	403918	407570	0.0	4265
IDMF11	IDMs42	97.535	3814	79	5	610107	613910	616499	620307	0.0	6446
IDMF11	IDMs42	98.029	3806	68	5	610107	613910	612618	616418	0.0	6510
IDMF11	IDMs42	99.706	3744	11	0	341874	345617	339750	343493	0.0	6703
IDMF11	IDMs42	99.368	4272	16	2	347634	351895	345316	349586	0.0	7584
IDMF11	IDMs42	99.652	4881	15	1	378428	383308	375993	380871	0.0	8724
IDMF11	IDMs42	99.290	5210	37	0	674602	679811	683926	689135	0.0	9230
IDMF11	IDMs42	99.682	7237	16	2	535590	542819	534315	541551	0.0	12945
IDMF11	IDMs42	99.558	8379	27	3	383410	391787	380865	389234	0.0	14940
IDMF11	IDMs42	99.291	8891	44	4	351996	360869	349590	358478	0.0	15750
IDMF11	IDMs42	99.476	10122	43	5	664390	674501	673627	683748	0.0	18002
IDMF11	IDMs42	98.741	10407	105	4	394558	404962	392267	402649	0.0	18183
IDMF11	IDMs42	99.635	15911	47	6	1	15903	762959	778866	0.0	28416
IDMF11	IDMs42	99.133	16960	89	12	647346	664288	656530	673448	0.0	29921
IDMF11	IDMs42	99.258	17382	46	9	360976	378327	358671	375999	0.0	30800
IDMF11	IDMs42	99.378	17997	73	6	323745	341703	321751	339746	0.0	31959
IDMF11	IDMs42	99.135	29138	176	12	724090	753173	733849	762964	0.0	51426
IDMF11	IDMs42	99.402	31791	106	12	615487	647246	624870	656607	0.0	56497
IDMF11	IDMs42	99.463	40034	159	17	684111	724117	689126	729130	0.0	71201
IDMF11	IDMs42	98.932	49362	389	30	160100	209408	146812	196088	0.0	86632
IDMF11	IDMs42	99.393	49564	177	23	485984	535489	484824	534321	0.0	88034
IDMF11	IDMs42	98.060	60988	885	49	262824	323644	260908	321764	0.0	1.047e+05
IDMF11	IDMs42	99.090	64414	368	32	209393	273722	196647	260926	0.0	1.136e+05
IDMF11	IDMs42	99.552	71024	255	11	542936	613910	541534	612543	0.0	1.267e+05
IDMF11	IDMs42	99.565	77047	272	21	408854	485861	407418	484440	0.0	1.374e+05
IDMF11	IDMs42	99.396	145286	573	57	15904	161027	1	145143	0.0	2.581e+05
IDMF11	IDMs42	99.371	318	1	1	614011	614327	616342	616659	3.61e-158	562
IDMF11	IDMs42	88.785	428	48	0	394562	394989	390498	390925	1.53e-156	556
IDMF11	IDMs42	97.799	318	7	0	360558	360875	389748	389431	3.38e-152	543
IDMF11	IDMs42	97.484	318	8	0	360558	360875	403159	402842	4.12e-151	538
IDMF11	IDMs42	77.710	655	136	2	727830	728484	403174	402530	9.07e-147	524
IDMF11	IDMs42	78.072	643	138	1	727842	728484	389754	389115	3.16e-146	523
IDMF11	IDMs42	98.983	295	3	0	755969	756263	358456	358750	3.86e-145	519
IDMF11	IDMs42	96.238	319	4	3	614011	614327	612467	612779	4.70e-144	516
IDMF11	IDMs42	97.973	296	4	1	755967	756260	484902	484607	8.49e-141	505
IDMF11	IDMs42	96.284	296	2	2	391492	391787	484397	484683	7.95e-135	484
IDMF11	IDMs42	89.722	360	31	6	610107	610464	620426	620781	9.07e-128	462
IDMF11	IDMs42	86.835	395	43	6	161944	162333	145422	145812	3.17e-127	460
IDMF11	IDMs42	87.395	357	5	4	614011	614327	620231	620587	3.17e-127	460
IDMF11	IDMs42	97.692	260	6	0	761318	761577	673366	673625	2.43e-122	443
IDMF11	IDMs42	98.425	254	4	0	761324	761577	684002	683749	8.50e-122	441
IDMF11	IDMs42	79.562	137	25	2	392716	392849	392210	392346	1.54e-23	115
IDMF11	IDMs42	72.059	204	40	6	201268	201454	146695	146492	3.40e-19	100
IDMF11	IDMs42	80.851	47	6	1	172923	172969	146274	146231	0.080	43.7
IDMF11	IDMs42	93.103	29	1	1	519733	519761	732885	732912	0.28	41.0
IDMF11	IDMs42	92.593	27	2	0	339158	339184	729536	729510	0.28	41.0
IDMF11	IDMs42	81.250	48	6	2	82188	82235	624909	624865	0.28	41.0
IDMF11	IDMs42	86.111	36	2	1	587202	587237	624652	624620	0.28	41.9
IDMF11	IDMs42	85.294	34	5	0	729723	729756	731288	731321	0.97	40.1
IDMF11	IDMs42	78.846	52	7	2	485387	485435	339703	339753	0.97	40.1
IDMF11	IDMs42	82.857	35	6	0	399964	399998	729838	729872	3.4	37.4
IDMF11	IDMs42	78.723	47	9	1	612419	612464	624640	624686	3.4	37.4
IDMF11	IDMs42	89.286	28	3	0	484285	484312	730282	730309	3.4	38.3
IDMF11	IDMs42	86.111	36	1	2	196210	196242	624874	624840	3.4	38.3
IDMF11	IDMs42	86.486	37	3	2	425301	425336	403691	403656	3.4	38.3
IDMF11	IDMs42	79.070	43	9	0	604753	604795	145360	145402	3.4	38.3
