IDMHP699	ID7448	87.214	524	61	2	555426	555946	604231	603711	0.0	640
IDMHP699	ID7448	97.884	378	5	2	416248	416625	396398	396772	0.0	640
IDMHP699	ID7448	85.993	564	36	7	417815	418355	114857	115400	0.0	669
IDMHP699	ID7448	82.275	677	117	1	49535	50211	20340	21013	0.0	679
IDMHP699	ID7448	94.943	435	19	2	547024	547458	361403	361834	0.0	680
IDMHP699	ID7448	82.596	678	106	4	49534	50211	22789	23454	0.0	684
IDMHP699	ID7448	82.647	680	104	5	49533	50211	28452	29118	0.0	685
IDMHP699	ID7448	70.871	1538	422	18	164579	166104	140132	141655	0.0	697
IDMHP699	ID7448	79.280	806	152	4	47143	47936	30880	31682	0.0	697
IDMHP699	ID7448	84.347	658	81	7	545765	546407	389078	388428	0.0	711
IDMHP699	ID7448	93.991	466	25	1	919999	920461	751107	750642	0.0	713
IDMHP699	ID7448	93.709	461	9	1	517669	518129	488235	488675	0.0	715
IDMHP699	ID7448	84.592	662	83	7	408485	409135	517009	516356	0.0	720
IDMHP699	ID7448	88.556	568	62	3	544673	545239	489883	489318	0.0	721
IDMHP699	ID7448	71.214	1532	416	17	164579	166098	226751	225233	0.0	721
IDMHP699	ID7448	71.438	1544	415	16	910979	912509	144035	145565	0.0	748
IDMHP699	ID7448	95.896	463	19	0	919999	920461	747220	746758	0.0	750
IDMHP699	ID7448	96.112	463	18	0	919999	920461	755040	754578	0.0	755
IDMHP699	ID7448	81.071	803	149	1	44705	45504	25179	25981	0.0	762
IDMHP699	ID7448	94.810	501	25	1	366874	367374	347561	348060	0.0	783
IDMHP699	ID7448	81.739	805	135	3	52985	53777	25177	25981	0.0	787
IDMHP699	ID7448	81.961	826	133	5	55399	56218	28432	29247	0.0	810
IDMHP699	ID7448	90.753	584	30	3	918872	919452	748576	748014	0.0	819
IDMHP699	ID7448	83.071	827	124	4	52964	53780	30865	31685	0.0	857
IDMHP699	ID7448	94.149	564	33	0	919437	920000	748014	748577	0.0	869
IDMHP699	ID7448	68.173	2721	750	47	363169	365838	422699	425354	0.0	896
IDMHP699	ID7448	82.242	901	159	1	810507	811406	794986	795886	0.0	901
IDMHP699	ID7448	95.745	564	24	0	919437	920000	751895	752458	0.0	910
IDMHP699	ID7448	94.320	581	15	1	918872	919452	756393	755831	0.0	911
IDMHP699	ID7448	74.948	1433	328	13	777607	779022	536870	535452	0.0	936
IDMHP699	ID7448	84.009	863	112	5	502786	503624	517216	516356	0.0	936
IDMHP699	ID7448	96.809	564	18	0	919437	920000	755831	756394	0.0	937
IDMHP699	ID7448	70.566	2154	553	34	51672	53777	19019	21139	0.0	947
IDMHP699	ID7448	68.592	2770	657	69	243673	246351	148894	146247	0.0	955
IDMHP699	ID7448	98.730	551	6	1	374793	375342	357740	358290	0.0	959
IDMHP699	ID7448	68.617	2769	667	65	166823	169483	224463	221789	0.0	966
IDMHP699	ID7448	70.756	2168	544	36	43384	45512	27139	29255	0.0	971
IDMHP699	ID7448	97.237	579	16	0	547024	547602	347059	347637	0.0	973
IDMHP699	ID7448	84.978	892	131	3	810511	811400	798440	799330	0.0	994
IDMHP699	ID7448	97.678	603	14	0	611310	611912	514976	514374	0.0	1025
IDMHP699	ID7448	76.510	1490	307	20	276416	277889	163417	161955	0.0	1058
IDMHP699	ID7448	98.843	605	7	0	611308	611912	607155	607759	0.0	1060
IDMHP699	ID7448	78.604	1304	244	13	809119	810406	797228	798512	0.0	1067
IDMHP699	ID7448	88.521	845	94	2	545771	546615	488675	487834	0.0	1081
IDMHP699	ID7448	74.458	1754	425	13	609464	611205	362212	363954	0.0	1106
IDMHP699	ID7448	98.168	655	3	1	808368	809013	795627	796281	0.0	1131
IDMHP699	ID7448	96.862	733	22	1	909574	910305	114500	113768	0.0	1215
IDMHP699	ID7448	73.232	2163	495	33	45840	47949	19019	21150	0.0	1218
IDMHP699	ID7448	97.632	718	17	0	918154	918871	791124	791841	0.0	1219
IDMHP699	ID7448	97.271	733	19	1	909574	910305	400640	399908	0.0	1229
IDMHP699	ID7448	87.464	1029	115	7	809382	810406	794044	795062	0.0	1256
IDMHP699	ID7448	70.038	2897	778	20	405486	408325	370221	367358	0.0	1303
IDMHP699	ID7448	70.948	2764	679	37	784146	786868	526953	524273	0.0	1310
IDMHP699	ID7448	74.468	2162	470	30	43384	45515	21484	23593	0.0	1350
IDMHP699	ID7448	96.947	819	23	2	276917	277734	258876	259693	0.0	1358
IDMHP699	ID7448	97.910	957	14	2	917209	918162	754962	755915	0.0	1633
IDMHP699	ID7448	98.532	954	11	1	917209	918162	751029	751979	0.0	1656
IDMHP699	ID7448	98.537	957	11	1	917209	918162	747142	748098	0.0	1662
IDMHP699	ID7448	68.795	4448	1178	59	387420	391743	388267	383906	0.0	1688
IDMHP699	ID7448	97.345	1017	24	3	915120	916133	400338	401354	0.0	1702
IDMHP699	ID7448	98.302	1001	17	0	916209	917209	756316	757316	0.0	1729
IDMHP699	ID7448	98.604	1003	14	0	916209	917211	752380	753382	0.0	1746
IDMHP699	ID7448	98.701	1001	13	0	916209	917209	748499	749499	0.0	1747
IDMHP699	ID7448	99.015	1015	9	1	915120	916133	114198	115212	0.0	1783
IDMHP699	ID7448	95.683	1135	46	2	424691	425823	398797	399930	0.0	1820
IDMHP699	ID7448	95.339	1180	54	1	424645	425823	112611	113790	0.0	1877
IDMHP699	ID7448	85.363	1667	232	6	811570	813227	792033	793696	0.0	1891
IDMHP699	ID7448	93.176	1275	82	4	518722	519995	489322	490592	0.0	1894
IDMHP699	ID7448	83.831	1874	286	7	814614	816482	794042	795903	0.0	1998
IDMHP699	ID7448	98.782	1149	14	0	57954	59102	33338	34486	0.0	2010
IDMHP699	ID7448	98.307	1181	16	1	779372	780552	535138	533962	0.0	2039
IDMHP699	ID7448	90.840	1452	42	11	160541	161985	138159	139526	0.0	2052
IDMHP699	ID7448	84.381	1940	266	15	806355	808265	791765	793696	0.0	2099
IDMHP699	ID7448	97.997	1248	20	3	913875	915120	755043	753799	0.0	2130
IDMHP699	ID7448	98.147	1241	19	2	913875	915114	747223	745986	0.0	2130
IDMHP699	ID7448	94.687	1374	41	9	780513	781882	532679	531334	0.0	2138
IDMHP699	ID7448	88.397	1672	185	2	806599	808267	794038	795703	0.0	2140
IDMHP699	ID7448	98.476	1247	18	1	913875	915120	751110	749864	0.0	2160
IDMHP699	ID7448	79.389	2683	509	24	813796	816455	791213	793874	0.0	2278
IDMHP699	ID7448	74.245	4504	990	56	45816	50211	27115	31556	0.0	2794
IDMHP699	ID7448	99.126	1601	14	0	649693	651293	913984	912384	0.0	2825
IDMHP699	ID7448	99.372	1593	10	0	649701	651293	856829	855237	0.0	2828
IDMHP699	ID7448	99.372	1593	10	0	649701	651293	153000	151408	0.0	2828
IDMHP699	ID7448	99.311	1596	11	0	649698	651293	396884	398479	0.0	2829
IDMHP699	ID7448	99.311	1596	11	0	649698	651293	281830	283425	0.0	2829
IDMHP699	ID7448	99.373	1596	10	0	649698	651293	266979	265384	0.0	2834
IDMHP699	ID7448	99.436	1596	8	1	649698	651293	558787	560381	0.0	2835
IDMHP699	ID7448	98.653	1633	17	1	649666	651293	647265	645633	0.0	2847
IDMHP699	ID7448	99.194	1613	11	1	649683	651293	256945	258557	0.0	2848
IDMHP699	ID7448	72.732	5468	1266	71	51648	57015	21460	26802	0.0	3022
IDMHP699	ID7448	99.255	1744	13	0	609464	611207	605488	607231	0.0	3087
IDMHP699	ID7448	96.154	2106	72	7	423722	425823	407177	409277	0.0	3410
IDMHP699	ID7448	98.429	2228	33	1	910297	912524	227433	225208	0.0	3858
IDMHP699	ID7448	98.867	2206	24	1	910297	912502	139450	141654	0.0	3863
IDMHP699	ID7448	96.631	2404	80	1	907903	910305	411658	409255	0.0	3967
IDMHP699	ID7448	96.724	2625	73	4	544310	546923	514902	517524	0.0	4341
IDMHP699	ID7448	99.615	2596	10	0	679085	681680	675602	678197	0.0	4637
IDMHP699	ID7448	91.302	3311	223	15	376925	380195	358194	361479	0.0	4664
IDMHP699	ID7448	84.743	4293	597	29	380296	384555	603519	607786	0.0	4711
IDMHP699	ID7448	99.700	2665	8	0	367361	370025	350647	353311	0.0	4771
IDMHP699	ID7448	97.027	2893	53	6	417815	420698	400997	403865	0.0	4833
IDMHP699	ID7448	99.890	2723	3	0	810507	813229	792981	795703	0.0	4898
IDMHP699	ID7448	95.590	3152	133	4	791857	795006	350755	347608	0.0	5046
IDMHP699	ID7448	98.613	3101	39	1	745781	748881	742699	745795	0.0	5398
IDMHP699	ID7448	97.231	3286	73	7	420695	423977	407250	403980	0.0	5501
IDMHP699	ID7448	99.729	3316	8	1	813330	816644	796205	799520	0.0	5937
IDMHP699	ID7448	97.189	4554	65	5	242698	247251	220814	225304	0.0	7671
IDMHP699	ID7448	98.036	4583	58	7	370126	374692	353235	357801	0.0	7857
IDMHP699	ID7448	98.133	4659	53	6	279677	284314	260420	265065	0.0	8014
IDMHP699	ID7448	95.730	6112	151	12	901874	907902	886650	892734	0.0	9891
IDMHP699	ID7448	98.659	6040	78	3	643663	649701	639236	645273	0.0	10517
IDMHP699	ID7448	99.427	6104	35	0	19305	25408	913976	920079	0.0	10851
IDMHP699	ID7448	98.145	6522	98	7	548064	554582	540708	547209	0.0	11206
IDMHP699	ID7448	98.023	7588	132	6	50308	57882	25775	33357	0.0	12998
IDMHP699	ID7448	98.200	7721	127	4	42503	50211	18135	25855	0.0	13291
IDMHP699	ID7448	98.946	8063	70	5	681662	689711	678524	686584	0.0	14149
IDMHP699	ID7448	99.310	8701	49	4	171639	180334	152997	161691	0.0	15413
IDMHP699	ID7448	97.321	9593	176	8	162086	171678	141578	151089	0.0	16179
IDMHP699	ID7448	99.461	10017	47	3	796242	806254	781196	791209	0.0	17814
IDMHP699	ID7448	96.071	11630	371	17	554683	566266	547218	558807	0.0	18915
IDMHP699	ID7448	98.843	10804	100	5	843783	854581	826957	837740	0.0	18921
IDMHP699	ID7448	99.124	11193	70	3	533041	544209	503262	514450	0.0	19756
IDMHP699	ID7448	99.087	11393	82	6	832298	843682	815442	826820	0.0	20070
IDMHP699	ID7448	99.338	12239	77	2	59203	71440	34489	46724	0.0	21702
IDMHP699	ID7448	98.877	12826	127	7	520100	532924	490575	503384	0.0	22465
IDMHP699	ID7448	96.757	13597	356	10	651561	665075	647225	660818	0.0	22565
IDMHP699	ID7448	97.430	14008	233	26	665079	678984	661627	675609	0.0	23637
IDMHP699	ID7448	99.523	13414	60	2	732270	745680	729363	742775	0.0	23897
IDMHP699	ID7448	97.851	14893	248	9	284164	299019	266976	281833	0.0	25440
IDMHP699	ID7448	98.478	15110	209	11	816830	831925	799477	814579	0.0	26182
IDMHP699	ID7448	98.866	15692	156	11	226756	242432	205162	220846	0.0	27467
IDMHP699	ID7448	99.394	17004	100	1	854682	871685	837918	854918	0.0	30199
IDMHP699	ID7448	99.159	17122	127	8	25409	42521	1	17114	0.0	30208
IDMHP699	ID7448	99.071	18514	135	5	463465	481976	448980	467458	0.0	32624
IDMHP699	ID7448	95.293	21181	873	18	566252	587399	560703	581792	0.0	33734
IDMHP699	ID7448	98.946	19354	123	8	1	19336	892775	912065	0.0	34020
IDMHP699	ID7448	99.571	20745	85	4	200610	221353	184426	205167	0.0	36996
IDMHP699	ID7448	99.204	20978	127	9	179675	200635	163422	184376	0.0	37074
IDMHP699	ID7448	98.693	21341	189	13	482356	503616	467343	488673	0.0	37251
IDMHP699	ID7448	98.703	21823	224	8	587560	609363	581826	603608	0.0	38097
IDMHP699	ID7448	99.050	22946	169	11	137331	160255	115255	138172	0.0	40393
IDMHP699	ID7448	99.209	23512	155	10	749745	773251	757718	781203	0.0	41546
IDMHP699	ID7448	99.404	26685	125	8	335648	362315	320239	346906	0.0	47401
IDMHP699	ID7448	99.163	29612	220	5	247352	276939	227357	256964	0.0	52287
IDMHP699	ID7448	99.243	29840	187	7	871639	901468	856829	886639	0.0	52798
IDMHP699	ID7448	99.224	31588	213	12	612013	643583	607683	639255	0.0	55836
IDMHP699	ID7448	98.748	34424	366	19	381875	416258	361805	396203	0.0	60110
IDMHP699	ID7448	99.062	36471	247	15	298964	335396	283744	320157	0.0	64248
IDMHP699	ID7448	98.534	37308	408	33	425924	463181	411778	448996	0.0	64791
IDMHP699	ID7448	99.158	42294	302	15	689889	732165	687092	729348	0.0	74649
IDMHP699	ID7448	99.436	65922	347	9	71322	137230	46696	112605	0.0	1.172e+05
IDMHP699	ID7448	75.157	954	219	8	794975	795919	519623	518679	3.45e-179	633
IDMHP699	ID7448	97.067	375	10	1	547703	548077	517524	517897	1.79e-176	624
IDMHP699	ID7448	99.698	331	1	0	920835	921165	560635	560305	3.03e-167	593
IDMHP699	ID7448	99.698	331	1	0	920835	921165	258811	258481	3.03e-167	593
IDMHP699	ID7448	99.096	332	3	0	920835	921166	837994	837663	4.50e-165	586
IDMHP699	ID7448	99.094	331	3	0	920835	921165	398733	398403	1.57e-164	584
IDMHP699	ID7448	98.792	331	4	0	920835	921165	912130	912460	1.91e-163	580
IDMHP699	ID7448	98.792	331	4	0	920835	921165	854983	855313	1.91e-163	580
IDMHP699	ID7448	98.792	331	4	0	920835	921165	283679	283349	1.91e-163	580
IDMHP699	ID7448	98.792	331	4	0	920835	921165	265130	265460	1.91e-163	580
IDMHP699	ID7448	98.792	331	4	0	920835	921165	151154	151484	1.91e-163	580
IDMHP699	ID7448	95.810	358	13	1	915420	915777	411440	411795	2.33e-162	576
IDMHP699	ID7448	98.489	331	5	0	920835	921165	645379	645709	8.13e-162	575
IDMHP699	ID7448	96.396	333	12	0	749312	749644	757461	757793	1.13e-153	547
IDMHP699	ID7448	97.143	315	8	1	416726	417040	112530	112843	1.29e-146	525
IDMHP699	ID7448	94.925	335	15	2	749312	749644	749607	749941	1.57e-145	521
IDMHP699	ID7448	94.627	335	16	2	749312	749644	753543	753877	1.91e-144	517
IDMHP699	ID7448	94.345	336	13	2	749315	749644	745722	746057	1.91e-144	517
IDMHP699	ID7448	98.000	300	6	0	922434	922733	757539	757240	6.68e-144	515
IDMHP699	ID7448	76.316	646	144	2	408485	409130	488040	488676	5.86e-132	475
IDMHP699	ID7448	91.824	318	8	1	922434	922733	753621	753304	8.70e-130	469
IDMHP699	ID7448	67.714	1527	401	34	300370	301848	678012	679494	1.29e-127	462
IDMHP699	ID7448	93.791	306	17	2	546619	546923	546925	547229	4.51e-127	460
IDMHP699	ID7448	95.139	288	13	1	366487	366773	346905	347192	1.92e-125	453
IDMHP699	ID7448	97.048	271	5	2	832026	832296	814716	814983	2.84e-123	447
IDMHP699	ID7448	78.344	471	37	10	278397	278848	259769	260193	3.04e-110	404
IDMHP699	ID7448	100.000	214	0	0	923461	923674	814502	814715	2.34e-105	387
IDMHP699	ID7448	86.333	300	4	2	922434	922733	749685	749423	9.93e-104	381
IDMHP699	ID7448	71.580	753	197	7	449441	450191	533172	533909	1.21e-102	378
IDMHP699	ID7448	97.653	213	5	0	923462	923674	827033	826821	9.30e-98	362
IDMHP699	ID7448	77.197	478	92	9	278123	278590	161719	161249	7.15e-93	346
IDMHP699	ID7448	95.261	211	10	0	443534	443744	396180	396390	3.70e-90	336
IDMHP699	ID7448	97.396	192	2	2	416726	416916	396698	396887	9.94e-85	318
IDMHP699	ID7448	87.500	256	17	4	278735	278988	260189	260431	4.23e-83	314
IDMHP699	ID7448	90.135	223	20	1	441676	441896	560473	560695	2.67e-79	301
IDMHP699	ID7448	90.135	223	20	1	441676	441896	258649	258871	2.67e-79	301
IDMHP699	ID7448	88.745	231	24	1	441676	441904	912292	912062	3.25e-78	297
IDMHP699	ID7448	88.745	231	24	1	441676	441904	283517	283747	3.25e-78	297
IDMHP699	ID7448	88.745	231	24	1	441676	441904	151316	151086	3.25e-78	297
IDMHP699	ID7448	88.696	230	24	1	441676	441903	855145	854916	1.13e-77	296
IDMHP699	ID7448	89.238	223	22	1	441676	441896	265292	265070	1.38e-76	292
IDMHP699	ID7448	88.210	229	25	1	441676	441902	645541	645313	4.82e-76	289
IDMHP699	ID7448	88.312	231	24	2	441676	441904	398571	398800	4.82e-76	289
IDMHP699	ID7448	87.615	218	17	3	651394	651601	645455	645238	1.58e-69	268
IDMHP699	ID7448	66.309	1119	311	25	789120	790186	522430	521326	5.50e-69	266
IDMHP699	ID7448	77.647	340	74	2	547261	547599	518406	518744	1.92e-68	264
IDMHP699	ID7448	100.000	145	0	0	651394	651538	560559	560703	6.70e-68	262
IDMHP699	ID7448	99.315	146	1	0	481971	482116	265061	265206	8.17e-67	260
IDMHP699	ID7448	72.041	490	122	5	782974	783460	528190	527713	2.85e-66	258
IDMHP699	ID7448	100.000	141	0	0	651394	651534	258735	258875	9.95e-66	255
IDMHP699	ID7448	71.009	545	133	10	313349	313879	524263	524796	1.48e-63	249
IDMHP699	ID7448	94.175	103	5	1	278131	278233	259685	259786	7.17e-36	156
IDMHP699	ID7448	98.780	82	0	1	901510	901590	886585	886666	5.51e-31	141
IDMHP699	ID7448	72.928	181	43	4	790715	790894	520785	520610	7.18e-17	94.2
IDMHP699	ID7448	84.058	69	11	0	412951	413019	396347	396415	1.93e-11	76.1
IDMHP699	ID7448	64.275	669	205	20	299458	300109	686506	687157	8.19e-10	70.7
IDMHP699	ID7448	70.861	151	41	2	775154	775304	533099	532952	2.86e-09	68.9
IDMHP699	ID7448	67.788	208	65	2	773692	773898	538413	538207	9.98e-09	67.1
IDMHP699	ID7448	67.907	215	55	7	793118	793328	530428	530632	1.48e-06	59.0
IDMHP699	ID7448	76.250	80	19	0	791248	791327	520243	520164	1.48e-06	59.9
IDMHP699	ID7448	78.261	69	12	1	278484	278552	17184	17119	1.80e-05	56.3
IDMHP699	ID7448	68.750	176	46	5	782188	782360	528937	528768	1.80e-05	56.3
IDMHP699	ID7448	68.254	126	40	0	792268	792393	529608	529733	0.003	48.2
IDMHP699	ID7448	82.692	52	6	2	463153	463204	519907	519955	0.003	48.2
IDMHP699	ID7448	84.783	46	6	1	915417	915461	535446	535491	0.003	49.1
IDMHP699	ID7448	82.692	52	5	3	817025	817074	537019	536970	0.033	44.6
IDMHP699	ID7448	76.562	64	9	2	489935	489992	539524	539461	0.033	45.5
IDMHP699	ID7448	92.857	28	2	0	576901	576928	540395	540368	0.11	42.8
IDMHP699	ID7448	79.167	48	10	0	781995	782042	531187	531140	0.11	42.8
IDMHP699	ID7448	100.000	23	0	0	293675	293697	522446	522424	0.11	42.8
IDMHP699	ID7448	90.909	33	2	1	268824	268856	518334	518365	0.11	43.7
IDMHP699	ID7448	87.500	32	4	0	587275	587306	522993	523024	0.40	41.0
IDMHP699	ID7448	86.486	37	4	1	294122	294158	538884	538919	0.40	41.9
IDMHP699	ID7448	90.000	30	3	0	773243	773272	517886	517915	0.40	41.9
IDMHP699	ID7448	92.308	26	2	0	425099	425124	539956	539981	1.4	39.2
IDMHP699	ID7448	92.308	26	2	0	204837	204862	538993	538968	1.4	39.2
IDMHP699	ID7448	77.358	53	11	1	774919	774971	537601	537550	1.4	39.2
IDMHP699	ID7448	75.862	58	13	1	326899	326956	523883	523939	1.4	39.2
IDMHP699	ID7448	92.857	28	1	1	620153	620179	403882	403855	1.4	39.2
IDMHP699	ID7448	92.308	26	2	0	717293	717318	18113	18138	1.4	39.2
IDMHP699	ID7448	75.926	54	13	0	67778	67831	538962	539015	1.4	40.1
IDMHP699	ID7448	76.364	55	10	1	130152	130203	535139	535193	1.4	40.1
IDMHP699	ID7448	82.051	39	5	1	567808	567846	538956	538992	4.8	37.4
IDMHP699	ID7448	92.000	25	2	0	73698	73722	538979	538955	4.8	37.4
IDMHP699	ID7448	86.667	30	4	0	331810	331839	538544	538573	4.8	37.4
IDMHP699	ID7448	92.593	27	1	1	204837	204862	537934	537908	4.8	37.4
IDMHP699	ID7448	82.857	35	6	0	853225	853259	537479	537445	4.8	37.4
IDMHP699	ID7448	80.952	42	7	1	329944	329985	537119	537079	4.8	37.4
IDMHP699	ID7448	92.000	25	2	0	773646	773670	535218	535194	4.8	37.4
IDMHP699	ID7448	83.333	36	3	1	261630	261662	527142	527177	4.8	37.4
IDMHP699	ID7448	81.633	49	2	4	541312	541357	523788	523832	4.8	37.4
IDMHP699	ID7448	80.952	42	7	1	52120	52160	523244	523285	4.8	37.4
IDMHP699	ID7448	83.784	37	5	1	587768	587803	488757	488793	4.8	37.4
IDMHP699	ID7448	92.593	27	1	1	466204	466230	488654	488679	4.8	37.4
IDMHP699	ID7448	77.778	45	10	0	780987	781031	17937	17893	4.8	37.4
IDMHP699	ID7448	84.615	39	3	2	716128	716166	540008	540043	4.8	38.3
IDMHP699	ID7448	89.286	28	3	0	107766	107793	528580	528553	4.8	38.3
IDMHP699	ID7448	73.016	63	17	0	787270	787332	524042	523980	4.8	38.3
IDMHP699	ID7448	89.286	28	3	0	917041	917068	523489	523516	4.8	38.3
IDMHP699	ID7448	85.714	35	4	1	405681	405715	523000	523033	4.8	38.3
IDMHP699	ID7448	89.286	28	3	0	427213	427240	18122	18095	4.8	38.3
IDMHP699	ID7448	85.714	35	4	1	650817	650850	17606	17640	4.8	38.3
