2_0	0_6	100.000	159	0	0	1	159	1	159	2.38e-117	323
2_0	0_491	32.500	120	78	2	22	140	15	132	7.89e-11	52.0
2_1	0_7	100.000	96	0	0	1	96	1	96	9.19e-66	188
2_2	0_8	100.000	589	0	0	1	589	1	589	0.0	1146
2_2	0_333	26.087	460	272	17	51	492	10	419	1.46e-21	92.8
2_3	0_9	100.000	350	0	0	1	350	1	350	0.0	716
2_4	0_14	100.000	110	0	0	1	110	1	110	1.60e-79	224
2_5	0_15	100.000	290	0	0	1	290	1	290	0.0	578
2_5	0_168	32.331	266	149	14	23	264	25	283	3.91e-24	94.4
2_6	0_16	100.000	287	0	0	1	287	1	287	0.0	577
2_6	0_195	35.827	254	122	7	1	234	1	233	4.20e-33	117
2_7	0_17	100.000	81	0	0	1	81	1	81	1.01e-57	166
2_8	0_20	100.000	335	0	0	1	335	1	335	0.0	664
2_9	0_22	100.000	333	0	0	1	333	1	333	0.0	664
2_9	0_368	34.375	192	115	3	125	314	101	283	3.89e-25	99.8
2_10	0_23	100.000	189	0	0	1	189	1	189	2.97e-140	384
2_11	0_27	100.000	152	0	0	1	152	1	152	1.22e-110	306
2_12	0_30	100.000	463	0	0	1	463	1	463	0.0	923
2_13	0_31	100.000	47	0	0	1	47	1	47	3.69e-30	94.7
2_14	0_32	100.000	609	0	0	1	609	1	609	0.0	1218
2_15	0_36	100.000	638	0	0	1	638	1	638	0.0	1250
2_16	0_37	100.000	321	0	0	1	321	1	321	0.0	623
2_17	0_44	100.000	344	0	0	1	344	1	344	0.0	704
2_17	0_289	27.451	204	135	5	121	314	3	203	2.29e-15	69.7
2_18	0_45	100.000	50	0	0	1	50	1	50	3.91e-32	99.8
2_18	0_408	35.556	45	26	1	6	50	5	46	1.51e-04	30.0
2_19	0_54	100.000	146	0	0	1	146	1	146	2.38e-105	292
2_20	0_55	100.000	295	0	0	1	295	1	295	0.0	590
2_21	0_56	100.000	337	0	0	1	337	1	337	0.0	685
2_22	0_60	100.000	225	0	0	1	225	1	225	3.19e-168	457
2_23	0_61	100.000	173	0	0	1	173	1	173	8.60e-127	348
2_24	0_70	100.000	290	0	0	1	290	1	290	0.0	564
2_25	0_77	100.000	259	0	0	1	259	1	259	0.0	526
2_26	0_79	100.000	413	0	0	1	413	1	413	0.0	841
2_27	0_80	100.000	177	0	0	1	177	1	177	2.14e-130	358
2_28	0_83	100.000	111	0	0	1	111	1	111	2.69e-77	218
2_29	0_85	100.000	211	0	0	1	211	1	211	2.55e-155	424
2_30	0_87	100.000	239	0	0	1	239	1	239	6.92e-175	475
2_31	0_92	100.000	317	0	0	1	317	1	317	0.0	642
2_32	0_97	100.000	226	0	0	1	226	1	226	3.39e-171	465
2_33	0_100	100.000	280	0	0	1	280	1	280	0.0	562
2_34	0_101	100.000	269	0	0	1	269	1	269	0.0	537
2_34	0_181	26.568	271	164	13	4	258	3	254	6.12e-07	44.7
2_34	0_318	24.074	270	159	9	1	246	1	248	2.89e-06	42.0
2_34	0_506	32.203	59	40	0	188	246	183	241	1.13e-04	37.4
2_34	0_66	25.368	272	165	12	1	246	15	274	2.27e-04	36.2
2_34	0_443	32.877	73	43	1	180	246	186	258	2.70e-04	36.2
2_35	0_106	100.000	114	0	0	1	114	1	114	6.58e-84	235
2_36	0_108	100.000	169	0	0	1	169	1	169	2.26e-121	334
2_37	0_109	100.000	163	0	0	1	163	1	163	1.72e-119	329
2_38	0_110	100.000	326	0	0	1	326	1	326	0.0	653
2_39	0_117	100.000	639	0	0	1	639	1	639	0.0	1304
2_39	0_449	44.288	639	333	9	5	635	3	626	2.57e-170	495
2_40	0_120	100.000	171	0	0	1	171	1	171	3.98e-123	339
2_41	0_128	100.000	494	0	0	1	494	1	494	0.0	963
2_42	0_129	100.000	231	0	0	1	231	1	231	6.87e-170	462
2_43	0_134	100.000	571	0	0	1	571	1	571	0.0	1149
2_44	0_137	100.000	236	0	0	1	236	1	236	8.98e-176	477
2_45	0_138	100.000	186	0	0	1	186	1	186	1.40e-132	364
2_46	0_141	100.000	144	0	0	1	144	1	144	5.88e-108	298
2_47	0_144	100.000	204	0	0	1	204	1	204	2.20e-151	413
2_48	0_146	100.000	872	0	0	1	872	1	872	0.0	1763
2_49	0_147	100.000	402	0	0	1	402	1	402	0.0	818
2_49	0_382	27.083	288	181	10	20	301	8	272	3.02e-16	75.1
2_49	0_203	32.099	162	90	3	21	182	116	257	2.00e-13	66.2
2_49	0_384	34.091	132	84	3	16	145	8	138	3.01e-13	65.9
2_50	0_154	100.000	419	0	0	1	419	1	419	0.0	848
2_51	0_155	100.000	316	0	0	1	316	1	316	0.0	632
2_52	0_156	100.000	402	0	0	1	402	1	402	0.0	806
2_53	0_158	100.000	306	0	0	1	306	1	306	0.0	610
2_54	0_167	100.000	231	0	0	1	231	1	231	1.06e-170	464
2_55	0_169	100.000	73	0	0	1	73	1	73	5.65e-53	154
2_56	0_170	100.000	201	0	0	1	201	1	201	2.37e-148	405
2_56	0_171	38.509	161	94	3	3	162	4	160	6.31e-28	99.4
2_57	0_175	100.000	271	0	0	1	271	1	271	0.0	552
2_58	0_183	100.000	110	0	0	1	110	1	110	2.14e-78	221
2_59	0_186	100.000	249	0	0	1	249	1	249	2.41e-178	485
2_60	0_191	100.000	220	0	0	1	220	1	220	1.00e-157	430
2_61	0_194	100.000	384	0	0	1	384	1	384	0.0	767
2_62	0_195	100.000	276	0	0	1	276	1	276	0.0	550
2_62	0_16	35.857	251	126	6	1	233	1	234	5.54e-31	112
2_63	0_199	100.000	144	0	0	1	144	1	144	6.44e-107	296
2_64	0_559	99.451	182	1	0	44	225	1	182	8.87e-129	356
2_65	0_201	100.000	293	0	0	1	293	1	293	0.0	579
2_66	0_208	100.000	118	0	0	1	118	1	118	4.20e-79	223
2_67	0_212	100.000	97	0	0	1	97	1	97	2.05e-67	192
2_68	0_213	100.000	505	0	0	1	505	1	505	0.0	1029
2_69	0_215	100.000	184	0	0	1	184	1	184	1.29e-136	374
2_70	0_216	100.000	508	0	0	1	508	1	508	0.0	1011
2_70	0_459	30.392	510	327	13	12	504	11	509	4.81e-54	185
2_70	0_424	35.349	215	114	6	26	231	25	223	1.24e-23	94.4
2_70	0_424	32.051	78	53	0	407	484	136	213	7.40e-07	45.1
2_70	0_47	32.673	202	122	5	12	211	6	195	9.50e-16	74.7
2_70	0_473	29.630	216	130	6	8	217	2	201	1.78e-13	67.4
2_70	0_473	24.229	227	142	7	261	482	2	203	0.001	36.2
2_70	0_89	29.464	224	131	5	22	224	22	239	2.57e-13	65.1
2_70	0_89	21.127	213	161	4	277	484	26	236	2.52e-04	37.4
2_70	0_48	29.524	210	134	5	12	221	10	205	1.21e-12	64.7
2_70	0_48	28.326	233	135	9	261	487	2	208	4.94e-09	53.1
2_70	0_88	32.143	196	124	6	31	223	28	217	7.69e-12	60.5
2_70	0_320	26.271	236	145	9	8	221	2	230	3.30e-10	56.6
2_70	0_320	32.432	74	47	2	149	222	453	523	3.21e-04	37.7
2_70	0_173	25.405	185	119	6	26	201	83	257	1.00e-08	51.2
2_70	0_173	23.636	220	146	8	272	487	78	279	1.80e-05	41.2
2_70	0_2	30.476	105	70	1	7	111	38	139	3.73e-08	50.4
2_70	0_2	25.974	77	56	1	407	482	508	584	4.85e-04	37.0
2_70	0_416	31.148	183	104	8	26	201	355	522	3.95e-08	50.1
2_70	0_11	28.788	132	85	4	356	484	146	271	1.12e-07	48.1
2_70	0_131	27.723	101	70	2	407	505	232	331	3.06e-07	47.0
2_70	0_131	28.333	60	43	0	8	67	11	70	4.43e-04	37.0
2_70	0_188	23.148	216	153	7	14	220	20	231	6.24e-07	45.4
2_70	0_188	24.180	244	146	10	277	503	30	251	2.28e-04	37.4
2_70	0_164	25.532	94	63	2	398	487	609	699	5.49e-06	43.5
2_70	0_417	26.136	176	110	6	36	205	363	524	1.20e-05	42.0
2_70	0_326	25.954	131	94	2	357	484	229	359	1.35e-05	42.0
2_70	0_41	25.000	184	124	4	27	208	346	517	3.29e-04	37.4
2_70	0_163	25.000	236	148	10	273	493	28	249	3.85e-04	37.0
2_70	0_40	43.182	44	25	0	26	69	343	386	6.73e-04	36.6
2_71	0_218	100.000	303	0	0	1	303	1	303	0.0	577
2_71	0_217	31.050	219	119	5	18	216	79	285	1.05e-11	59.7
2_72	0_219	100.000	184	0	0	1	184	1	184	6.22e-138	377
2_73	0_220	100.000	89	0	0	1	89	1	89	2.40e-60	174
2_74	0_224	100.000	165	0	0	1	165	1	165	6.48e-118	325
2_75	0_227	100.000	1411	0	0	1	1411	1	1411	0.0	2888
2_76	0_232	100.000	534	0	0	1	534	1	534	0.0	1088
2_77	0_234	100.000	214	0	0	1	214	1	214	2.76e-154	421
2_78	0_235	100.000	632	0	0	1	632	1	632	0.0	1287
2_79	0_236	100.000	120	0	0	1	120	1	120	5.85e-85	238
2_80	0_237	100.000	227	0	0	1	227	1	227	1.97e-169	461
2_81	0_238	100.000	87	0	0	1	87	1	87	1.81e-62	179
2_82	0_240	100.000	321	0	0	1	321	1	321	0.0	642
2_82	0_552	42.857	56	28	1	8	63	13	64	1.47e-07	47.4
2_83	0_244	100.000	418	0	0	1	418	1	418	0.0	851
2_84	0_245	100.000	109	0	0	1	109	1	109	1.17e-79	224
2_85	0_246	100.000	155	0	0	1	155	1	155	8.24e-113	311
2_86	0_248	100.000	64	0	0	1	64	1	64	6.91e-43	127
2_87	0_249	100.000	116	0	0	1	116	1	116	4.14e-83	233
2_88	0_252	100.000	478	0	0	1	478	1	478	0.0	968
2_89	0_255	100.000	356	0	0	1	356	1	356	0.0	721
2_90	0_256	100.000	99	0	0	1	99	1	99	6.06e-69	196
2_91	0_257	100.000	84	0	0	1	84	1	84	2.22e-57	166
2_92	0_258	100.000	284	0	0	1	284	1	284	0.0	576
2_92	0_81	37.143	105	61	3	37	141	22	121	1.34e-13	63.9
2_93	0_259	100.000	369	0	0	1	369	1	369	0.0	745
2_94	0_260	100.000	489	0	0	1	489	1	489	0.0	965
2_95	0_261	100.000	315	0	0	1	315	1	315	0.0	627
2_95	0_425	21.908	283	199	6	36	309	31	300	1.24e-12	62.0
2_96	0_262	100.000	361	0	0	1	361	1	361	0.0	734
2_97	0_263	100.000	242	0	0	1	242	1	242	9.20e-176	478
2_97	0_272	26.772	127	68	4	81	203	46	151	2.83e-04	35.4
2_98	0_269	100.000	216	0	0	1	216	1	216	1.06e-156	427
2_98	0_337	25.654	191	131	5	28	214	18	201	4.59e-10	52.0
2_99	0_271	100.000	193	0	0	1	193	1	193	2.90e-139	381
2_100	0_275	100.000	131	0	0	1	131	1	131	3.02e-94	263
2_101	0_276	100.000	150	0	0	1	150	1	150	1.63e-109	303
2_102	0_284	100.000	332	0	0	1	332	1	332	0.0	667
2_103	0_285	100.000	134	0	0	1	134	1	134	3.36e-97	270
2_104	0_286	100.000	137	0	0	1	137	1	137	1.91e-97	271
2_105	0_287	100.000	37	0	0	1	37	1	37	1.10e-20	70.1
2_106	0_288	100.000	75	0	0	1	75	1	75	3.33e-53	154
2_107	0_289	100.000	250	0	0	1	250	1	250	0.0	511
2_107	0_44	27.451	204	135	5	3	203	121	314	1.66e-15	69.7
2_108	0_292	100.000	147	0	0	1	147	1	147	7.31e-107	296
2_109	0_295	100.000	179	0	0	1	179	1	179	4.22e-130	357
2_110	0_296	100.000	131	0	0	1	131	1	131	2.24e-94	263
2_111	0_297	100.000	61	0	0	1	61	1	61	5.64e-42	125
2_112	0_298	100.000	181	0	0	1	181	1	181	5.25e-135	370
2_113	0_300	100.000	122	0	0	1	122	1	122	1.04e-84	238
2_114	0_301	100.000	121	0	0	1	121	1	121	1.60e-81	229
2_115	0_303	100.000	227	0	0	1	227	1	227	2.15e-167	455
2_116	0_304	100.000	173	0	0	1	173	1	173	1.78e-125	345
2_117	0_305	100.000	90	0	0	1	90	1	90	1.46e-65	187
2_118	0_306	100.000	282	0	0	1	282	1	282	0.0	566
2_119	0_307	100.000	163	0	0	1	163	1	163	1.60e-116	322
2_120	0_309	100.000	233	0	0	1	233	1	233	4.06e-170	462
2_121	0_310	100.000	106	0	0	1	106	1	106	6.84e-75	212
2_122	0_312	100.000	227	0	0	1	227	1	227	2.43e-167	455
2_123	0_314	100.000	184	0	0	1	184	1	184	1.69e-136	374
2_124	0_319	100.000	442	0	0	1	442	1	442	0.0	874
2_124	0_380	35.897	156	83	4	218	368	172	315	3.66e-20	87.0
2_124	0_380	29.032	124	83	4	220	341	6	126	3.84e-06	43.1
2_124	0_274	37.705	61	35	1	218	275	5	65	6.17e-05	39.3
2_125	0_324	100.000	366	0	0	1	366	1	366	0.0	723
2_125	0_161	27.358	318	207	7	61	361	6	316	1.65e-22	92.0
2_126	0_325	100.000	321	0	0	1	321	1	321	0.0	634
2_126	0_162	32.877	219	139	5	106	317	160	377	2.12e-20	85.5
2_127	0_332	100.000	259	0	0	1	259	1	259	0.0	515
2_128	0_334	100.000	91	0	0	1	91	1	91	6.79e-61	175
2_128	0_7	28.571	91	61	3	1	88	3	92	8.93e-07	38.5
2_129	0_335	100.000	98	0	0	1	98	1	98	9.82e-67	191
2_130	0_336	100.000	207	0	0	1	207	1	207	5.39e-147	402
2_131	0_339	100.000	97	0	0	1	97	1	97	7.33e-67	191
2_132	0_340	100.000	439	0	0	1	439	1	439	0.0	875
2_133	0_348	100.000	336	0	0	1	336	1	336	0.0	687
2_134	0_350	100.000	694	0	0	1	694	1	694	0.0	1391
2_135	0_351	100.000	337	0	0	1	337	1	337	0.0	672
2_136	0_352	100.000	240	0	0	1	240	1	240	3.13e-178	484
2_137	0_353	100.000	419	0	0	1	419	1	419	0.0	828
2_137	0_176	36.220	127	56	2	160	261	6	132	6.39e-15	70.1
2_137	0_380	25.112	223	154	7	159	375	173	388	1.97e-04	37.7
2_137	0_547	35.000	60	27	2	159	214	113	164	6.49e-04	35.8
2_138	0_356	100.000	141	0	0	1	141	1	141	1.23e-99	277
2_139	0_358	100.000	242	0	0	1	242	1	242	8.64e-173	470
2_140	0_359	100.000	102	0	0	1	102	1	102	1.58e-71	203
2_141	0_360	100.000	179	0	0	1	179	1	179	3.52e-127	350
2_142	0_361	100.000	187	0	0	1	187	1	187	4.47e-132	363
2_143	0_365	100.000	161	0	0	1	161	1	161	1.10e-117	324
2_144	0_368	100.000	440	0	0	1	440	1	440	0.0	877
2_144	0_22	36.269	193	110	4	101	283	125	314	1.20e-26	104
2_145	0_369	100.000	455	0	0	1	455	1	455	0.0	930
2_146	0_371	100.000	257	0	0	1	257	1	257	0.0	518
2_147	0_372	100.000	276	0	0	1	276	1	276	0.0	564
2_148	0_379	100.000	227	0	0	1	227	1	227	9.03e-170	461
2_149	0_382	100.000	598	0	0	1	598	1	598	0.0	1210
2_149	0_384	36.898	187	106	4	2	183	6	185	1.19e-24	103
2_149	0_384	23.009	226	143	9	165	370	266	480	7.38e-07	46.6
2_149	0_384	22.599	177	118	5	322	480	509	684	3.32e-06	44.3
2_149	0_203	30.093	216	126	7	10	217	117	315	7.32e-17	78.6
2_149	0_147	27.083	288	181	10	8	272	20	301	4.50e-16	75.1
2_149	0_380	28.108	185	98	8	10	176	174	341	6.30e-05	40.0
2_150	0_383	100.000	323	0	0	1	323	1	323	0.0	657
2_151	0_384	100.000	694	0	0	1	694	1	694	0.0	1425
2_151	0_382	36.898	187	106	4	6	185	2	183	1.38e-24	103
2_151	0_382	23.009	226	143	9	266	480	165	370	8.56e-07	46.6
2_151	0_382	22.599	177	118	5	509	684	322	480	3.85e-06	44.3
2_151	0_203	37.008	127	62	2	13	139	116	224	9.39e-14	68.9
2_151	0_147	34.091	132	84	3	8	138	16	145	5.20e-13	65.9
2_152	0_385	100.000	141	0	0	1	141	1	141	6.03e-104	288
2_153	0_388	100.000	457	0	0	1	457	1	457	0.0	936
2_153	0_578	23.729	295	197	10	106	396	16	286	6.98e-08	48.5
2_154	0_389	100.000	427	0	0	1	427	1	427	0.0	847
2_155	0_392	100.000	93	0	0	1	93	1	93	4.83e-68	193
2_156	0_397	100.000	259	0	0	1	259	1	259	0.0	514
2_157	0_398	100.000	144	0	0	1	144	1	144	8.36e-108	298
2_158	0_399	100.000	132	0	0	1	132	1	132	6.84e-95	264
2_159	0_400	100.000	662	0	0	1	662	1	662	0.0	1330
2_160	0_406	100.000	229	0	0	1	229	1	229	5.17e-169	459
2_160	0_534	29.932	147	96	3	82	226	111	252	5.29e-09	49.7
2_161	0_407	100.000	181	0	0	1	181	1	181	1.21e-134	369
2_162	0_408	100.000	46	0	0	1	46	1	46	2.34e-29	92.4
2_163	0_411	100.000	195	0	0	1	195	1	195	2.47e-144	394
2_164	0_412	100.000	249	0	0	1	249	1	249	0.0	500
2_165	0_418	100.000	176	0	0	1	176	1	176	4.71e-131	359
2_165	0_380	40.741	54	29	1	19	69	6	59	2.03e-06	41.6
2_165	0_380	28.415	183	118	5	5	175	157	338	2.69e-06	41.2
2_165	0_274	39.344	61	33	3	19	76	10	69	1.48e-04	35.8
2_166	0_420	100.000	457	0	0	1	457	1	457	0.0	937
2_167	0_422	100.000	316	0	0	1	316	1	316	0.0	625
2_168	0_425	100.000	304	0	0	1	304	1	304	0.0	591
2_168	0_261	21.908	283	199	6	31	300	36	309	1.19e-12	62.0
2_169	0_428	100.000	127	0	0	1	127	1	127	2.17e-88	248
2_170	0_429	100.000	285	0	0	1	285	1	285	0.0	552
2_170	0_430	42.748	262	132	5	26	281	1	250	4.96e-54	171
2_170	0_431	42.786	201	111	2	84	280	43	243	6.40e-48	155
2_171	0_430	100.000	263	0	0	1	263	1	263	0.0	518
2_171	0_429	42.748	262	132	5	1	250	26	281	4.58e-54	171
2_171	0_431	38.281	256	138	6	1	249	1	243	9.36e-48	154
2_172	0_433	100.000	411	0	0	1	411	1	411	0.0	820
2_173	0_442	100.000	457	0	0	1	457	1	457	0.0	926
2_173	0_364	37.168	452	279	4	2	450	7	456	2.96e-104	313
2_173	0_362	21.988	332	249	6	15	341	37	363	7.37e-08	48.9
2_173	0_441	22.819	298	203	11	119	402	116	400	3.66e-06	43.5
2_174	0_443	100.000	306	0	0	1	306	1	306	0.0	630
2_174	0_66	26.897	290	174	9	10	278	21	293	8.86e-21	85.1
2_174	0_506	22.939	279	185	10	9	277	5	263	2.30e-08	48.9
2_174	0_181	23.019	265	163	8	12	261	8	246	2.84e-06	42.7
2_174	0_318	27.397	73	51	1	7	79	2	72	4.03e-05	38.9
2_174	0_101	32.877	73	43	1	186	258	180	246	2.64e-04	36.2
2_175	0_444	100.000	361	0	0	1	361	1	361	0.0	736
2_176	0_431	99.592	245	1	0	1	245	1	245	2.59e-180	489
2_176	0_430	38.976	254	139	5	1	243	1	249	3.69e-48	155
2_176	0_429	42.786	201	111	2	43	243	84	280	5.63e-48	155
2_177	0_448	100.000	120	0	0	1	120	1	120	6.18e-85	238
2_178	0_450	100.000	77	0	0	1	77	1	77	1.97e-49	145
2_179	0_451	100.000	90	0	0	1	90	1	90	1.27e-61	177
2_180	0_452	100.000	156	0	0	1	156	1	156	1.36e-117	323
2_181	0_453	100.000	126	0	0	1	126	1	126	2.46e-88	247
2_182	0_454	100.000	174	0	0	1	174	1	174	6.47e-126	346
2_183	0_465	100.000	147	0	0	1	147	1	147	3.05e-106	294
2_184	0_467	100.000	87	0	0	1	87	1	87	2.07e-61	176
2_185	0_470	100.000	510	0	0	1	510	1	510	0.0	1046
2_186	0_474	100.000	321	0	0	1	321	1	321	0.0	642
2_187	0_480	100.000	93	0	0	1	93	1	93	6.80e-61	175
2_188	0_481	100.000	278	0	0	1	278	1	278	0.0	552
2_189	0_483	100.000	64	0	0	1	64	1	64	8.40e-41	122
2_190	0_250	99.020	102	1	0	115	216	1	102	7.51e-69	201
2_190	0_251	100.000	88	0	0	1	88	1	88	6.23e-61	181
2_191	0_484	100.000	136	0	0	1	136	1	136	5.67e-92	257
2_192	0_486	100.000	146	0	0	1	146	1	146	2.61e-102	284
2_193	0_487	100.000	127	0	0	1	127	1	127	1.93e-87	245
2_194	0_489	100.000	143	0	0	1	143	1	143	1.85e-100	279
2_195	0_163	40.240	333	193	3	116	447	5	332	1.90e-74	233
2_195	0_164	44.737	114	63	0	273	386	614	727	2.54e-30	119
2_195	0_164	31.579	95	60	2	153	247	34	123	2.78e-07	47.4
2_195	0_326	45.082	122	66	1	269	389	273	394	1.39e-28	112
2_195	0_326	35.185	108	53	4	139	239	59	156	1.62e-11	60.5
2_195	0_88	26.800	250	159	8	122	370	3	229	2.64e-18	79.3
2_195	0_424	28.444	225	136	8	143	365	22	223	3.17e-16	72.8
2_195	0_131	32.520	123	71	3	247	357	190	312	7.20e-15	70.9
2_195	0_2	32.432	111	74	1	274	384	505	614	7.77e-15	71.2
2_195	0_173	30.645	186	110	6	153	336	90	258	5.57e-14	67.0
2_195	0_89	27.350	234	147	5	146	367	26	248	7.02e-14	66.6
2_195	0_11	23.448	145	108	2	244	388	162	303	1.98e-11	60.1
2_195	0_459	25.424	236	134	10	143	363	22	230	1.72e-09	54.3
2_195	0_459	25.194	258	149	8	115	355	259	489	6.16e-08	49.3
2_195	0_188	26.033	242	156	9	122	354	4	231	3.71e-09	52.0
2_195	0_48	25.688	218	138	7	142	359	16	209	1.32e-08	51.6
2_195	0_216	28.444	225	127	11	145	358	23	224	2.39e-08	50.4
2_195	0_216	24.483	290	175	11	99	364	224	493	1.28e-05	42.0
2_195	0_473	25.561	223	120	8	141	356	15	198	4.47e-08	50.1
2_195	0_47	25.592	211	123	8	142	347	16	197	5.22e-06	43.1
2_195	0_320	23.913	184	111	6	142	308	16	187	8.80e-05	39.3
2_195	0_104	29.897	97	57	4	277	364	834	928	1.94e-04	38.1
2_196	0_491	100.000	151	0	0	1	151	1	151	1.10e-108	301
2_196	0_6	32.500	120	78	2	15	132	22	140	7.49e-11	52.0
2_197	0_492	100.000	113	0	0	1	113	1	113	7.17e-82	230
2_198	0_493	100.000	96	0	0	1	96	1	96	1.59e-68	195
2_199	0_210	99.884	859	1	0	207	1065	1	859	0.0	1723
2_199	0_209	100.000	202	0	0	1	202	1	202	2.78e-138	409
2_199	0_374	26.625	323	183	13	623	907	917	1223	7.24e-14	70.9
2_199	0_374	37.383	107	59	3	297	397	281	385	4.85e-10	58.2
2_200	0_214	99.647	283	1	0	1	283	1	283	0.0	552
2_201	0_494	100.000	266	0	0	1	266	1	266	0.0	511
2_202	0_497	100.000	190	0	0	1	190	1	190	3.96e-143	391
2_203	0_499	100.000	331	0	0	1	331	1	331	0.0	660
2_204	0_500	100.000	203	0	0	1	203	1	203	7.10e-147	401
2_205	0_503	100.000	149	0	0	1	149	1	149	1.75e-111	308
2_206	0_505	100.000	112	0	0	1	112	1	112	2.71e-78	221
2_207	0_506	100.000	267	0	0	1	267	1	267	0.0	541
2_207	0_66	26.502	283	175	9	3	260	19	293	4.93e-16	70.9
2_207	0_181	32.895	228	137	8	1	219	1	221	3.54e-15	69.3
2_207	0_318	23.529	272	197	8	4	265	2	272	4.39e-11	56.6
2_207	0_443	22.968	283	187	11	2	263	5	277	1.54e-08	48.9
2_207	0_101	32.203	59	40	0	183	241	188	246	1.12e-04	37.4
2_208	0_509	100.000	90	0	0	1	90	1	90	1.91e-57	166
2_209	0_510	100.000	221	0	0	1	221	1	221	2.72e-164	447
2_210	0_511	100.000	219	0	0	1	219	1	219	3.30e-160	436
2_211	0_512	100.000	70	0	0	1	70	1	70	3.09e-44	131
2_212	0_558	100.000	46	0	0	1	46	1	46	2.12e-29	94.7
2_212	0_578	97.826	46	1	0	1	46	256	301	2.67e-27	95.9
2_212	0_157	27.778	72	51	1	13	84	539	609	1.47e-06	38.9
2_213	0_525	100.000	95	0	0	1	95	1	95	2.44e-67	192
2_214	0_528	100.000	78	0	0	1	78	1	78	3.11e-52	152
2_215	0_0	99.857	699	1	0	1	699	1	699	0.0	1414
2_215	0_475	25.878	769	431	26	16	692	6	727	1.74e-44	165
2_216	0_532	100.000	181	0	0	1	181	1	181	8.12e-131	359
2_217	0_540	100.000	232	0	0	1	232	1	232	5.82e-171	465
2_218	0_104	99.894	947	1	0	1	947	1	947	0.0	1930
2_218	0_88	29.801	151	85	7	783	928	90	224	2.63e-07	47.8
2_218	0_47	39.130	92	47	4	820	908	115	200	6.79e-07	47.4
2_218	0_47	28.571	147	88	6	416	562	64	193	1.57e-04	39.7
2_218	0_89	32.051	78	50	1	820	897	145	219	1.36e-06	45.8
2_218	0_89	30.000	80	54	1	479	558	145	222	5.95e-06	43.5
2_218	0_473	36.585	82	43	4	834	912	129	204	1.78e-05	42.7
2_218	0_48	36.905	84	44	4	826	906	121	198	1.73e-04	39.7
2_218	0_164	33.333	102	63	3	476	574	601	700	1.89e-04	39.7
2_218	0_131	38.667	75	43	2	485	558	224	296	2.22e-04	38.9
2_218	0_326	25.168	298	194	12	628	907	63	349	2.30e-04	38.9
2_218	0_459	24.737	190	120	8	481	655	129	310	4.68e-04	38.1
2_218	0_163	29.825	114	68	5	833	943	161	265	5.05e-04	37.7
2_219	0_455	99.344	305	2	0	1	305	1	305	0.0	617
2_219	0_157	24.855	346	193	13	2	298	155	482	2.35e-05	40.0
2_219	0_578	26.582	158	97	5	150	298	56	203	1.04e-04	37.7
2_220	0_113	99.587	242	1	0	1	242	1	242	7.37e-178	483
2_221	0_456	99.296	142	1	0	1	142	1	142	3.49e-98	273
2_222	0_118	99.379	322	2	0	1	322	1	322	0.0	650
2_223	0_131	99.550	444	2	0	1	444	1	444	0.0	885
2_223	0_11	32.059	340	185	10	8	341	5	304	4.98e-38	137
2_223	0_2	38.624	189	111	4	205	390	481	667	4.02e-35	132
2_223	0_2	47.423	97	51	0	11	107	39	135	7.52e-23	95.9
2_223	0_326	26.786	392	248	11	10	379	43	417	3.76e-23	95.9
2_223	0_164	32.117	137	92	1	199	334	584	720	2.59e-20	88.2
2_223	0_164	40.541	37	22	0	20	56	18	54	6.13e-04	36.6
2_223	0_89	35.616	146	81	5	214	355	140	276	2.44e-17	77.0
2_223	0_89	25.962	104	55	3	24	106	21	123	9.10e-05	38.5
2_223	0_88	34.545	110	71	1	212	321	118	226	1.03e-12	62.8
2_223	0_88	26.050	119	79	3	22	137	16	128	1.82e-05	40.8
2_223	0_173	36.170	94	54	2	24	111	78	171	6.47e-12	60.8
2_223	0_173	36.585	82	51	1	230	311	197	277	4.79e-10	55.1
2_223	0_459	30.147	136	88	4	202	333	112	244	6.70e-11	58.5
2_223	0_459	28.431	102	68	3	10	106	6	107	2.98e-08	50.1
2_223	0_459	25.287	87	64	1	224	310	404	489	3.89e-05	40.0
2_223	0_424	31.313	99	67	1	232	330	136	233	3.43e-10	54.7
2_223	0_473	32.990	97	63	1	10	106	1	95	7.06e-10	55.5
2_223	0_163	28.030	132	92	1	204	332	131	262	8.09e-10	54.7
2_223	0_188	31.313	99	68	0	211	309	133	231	5.82e-09	51.2
2_223	0_47	32.394	142	92	3	211	351	107	245	1.05e-08	51.6
2_223	0_47	32.955	88	57	1	16	103	7	92	1.06e-08	51.6
2_223	0_48	31.915	94	62	1	10	103	1	92	1.12e-08	51.6
2_223	0_48	39.535	86	46	3	229	312	126	207	2.30e-08	50.4
2_223	0_40	36.232	69	44	0	10	78	324	392	1.61e-07	47.8
2_223	0_40	33.645	107	54	3	193	293	419	514	4.66e-06	43.1
2_223	0_216	30.488	82	54	2	232	312	407	486	3.50e-07	46.6
2_223	0_216	28.333	60	43	0	11	70	8	67	3.81e-04	37.0
2_223	0_416	30.769	78	53	1	1	77	327	404	6.52e-06	42.7
2_223	0_416	35.294	68	41	1	229	296	464	528	5.01e-05	40.0
2_223	0_320	31.765	85	54	1	226	310	150	230	1.17e-05	42.0
2_223	0_320	27.586	58	42	0	10	67	1	58	2.25e-05	40.8
2_223	0_41	32.787	61	41	0	11	71	327	387	3.38e-05	40.4
2_223	0_104	38.667	75	43	2	224	296	485	558	1.18e-04	38.9
2_224	0_457	99.776	446	1	0	1	446	1	446	0.0	891
2_225	0_142	99.766	856	2	0	1	856	1	856	0.0	1718
2_225	0_347	35.361	707	433	11	50	746	6	698	4.83e-130	405
2_225	0_347	25.000	132	88	5	727	854	582	706	3.64e-04	38.5
2_226	0_143	99.548	221	1	0	1	221	1	221	7.03e-161	438
2_227	0_150	100.000	108	0	0	1	108	1	108	3.36e-74	223
2_228	0_151	99.663	297	1	0	1	297	1	297	0.0	598
2_229	0_153	99.519	416	2	0	1	416	1	416	0.0	795
2_230	0_439	99.457	184	1	0	1	184	1	184	2.43e-135	371
2_231	0_463	99.359	156	1	0	1	156	1	156	3.91e-112	310
2_232	0_447	99.593	246	1	0	1	246	1	246	0.0	497
2_232	0_520	100.000	90	0	0	1	90	1	90	1.35e-60	181
2_233	0_424	99.580	238	1	0	1	238	1	238	6.62e-175	475
2_233	0_216	34.498	229	125	6	25	237	26	245	5.17e-24	94.7
2_233	0_216	32.051	78	53	0	136	213	407	484	3.80e-07	44.7
2_233	0_89	40.000	85	51	0	133	217	156	240	7.83e-17	72.8
2_233	0_88	27.805	205	136	6	22	218	20	220	1.87e-15	68.6
2_233	0_459	25.676	222	145	6	5	212	6	221	4.90e-14	65.5
2_233	0_459	25.446	224	142	7	22	225	283	501	4.14e-09	50.8
2_233	0_326	32.353	102	68	1	133	233	278	379	1.86e-12	60.8
2_233	0_11	32.143	140	84	3	90	221	143	279	5.28e-12	59.3
2_233	0_164	30.108	93	64	1	133	224	615	707	6.53e-12	59.3
2_233	0_164	40.426	47	28	0	21	67	23	69	2.32e-07	45.8
2_233	0_2	32.292	96	63	2	127	221	500	594	1.75e-11	58.2
2_233	0_2	30.556	72	46	3	21	89	53	123	3.68e-04	35.8
2_233	0_48	28.814	236	143	8	8	235	4	222	3.29e-11	57.4
2_233	0_277	29.630	189	109	7	38	212	501	679	1.70e-10	55.1
2_233	0_131	31.313	99	67	1	136	233	232	330	2.13e-10	54.7
2_233	0_163	24.783	230	150	7	22	230	30	257	2.58e-10	54.3
2_233	0_416	32.065	184	107	8	24	198	354	528	4.79e-10	53.5
2_233	0_173	23.913	230	153	7	1	220	66	283	5.57e-10	53.1
2_233	0_40	28.646	192	103	6	22	197	340	513	1.06e-09	52.8
2_233	0_473	27.000	200	123	7	22	211	17	203	9.58e-09	49.7
2_233	0_320	21.397	229	162	8	5	226	319	536	6.44e-07	44.3
2_233	0_320	22.363	237	149	6	5	213	1	230	1.02e-05	40.4
2_233	0_47	27.174	184	109	7	24	196	19	188	7.30e-07	44.3
2_233	0_417	27.273	209	130	9	8	205	336	533	9.77e-07	43.5
2_233	0_188	26.582	79	57	1	135	212	153	231	3.42e-06	41.6
2_233	0_41	25.414	181	122	5	22	197	342	514	4.13e-06	41.6
2_234	0_466	99.310	145	1	0	1	145	1	145	5.42e-105	291
2_235	0_103	98.739	238	3	0	1	238	1	238	5.23e-171	465
2_236	0_387	99.558	452	2	0	1	452	1	452	0.0	880
2_237	0_386	99.398	166	1	0	1	166	1	166	1.38e-116	322
2_238	0_381	98.684	76	1	0	1	76	1	76	5.05e-49	144
2_239	0_380	99.771	437	1	0	1	437	1	437	0.0	875
2_239	0_319	35.897	156	83	4	172	315	218	368	3.72e-20	87.0
2_239	0_319	30.337	89	60	2	6	93	220	307	1.31e-05	41.6
2_239	0_274	29.530	149	90	6	5	143	9	152	4.36e-09	52.0
2_239	0_274	26.220	164	110	4	173	335	9	162	4.06e-06	42.7
2_239	0_418	40.741	54	29	1	6	59	19	69	5.14e-06	41.6
2_239	0_418	28.415	183	118	5	157	338	5	175	6.94e-06	41.2
2_239	0_382	28.108	185	98	8	174	341	10	176	4.60e-05	40.0
2_239	0_547	33.846	65	33	4	5	65	113	171	2.65e-04	37.0
2_240	0_377	99.833	600	1	0	1	600	1	600	0.0	1197
2_241	0_375	99.420	517	3	0	1	517	1	517	0.0	1001
2_242	0_367	99.672	305	1	0	1	305	1	305	0.0	605
2_243	0_354	99.167	120	1	0	1	120	1	120	3.87e-84	236
2_244	0_504	99.375	160	1	0	1	160	1	160	5.34e-113	312
2_245	0_63	99.550	222	1	0	1	222	1	222	1.61e-162	442
2_246	0_74	99.824	567	1	0	1	567	1	567	0.0	1142
2_246	0_482	28.049	246	157	9	14	247	18	255	1.25e-12	64.3
2_246	0_482	46.154	39	21	0	503	541	409	447	1.45e-05	42.0
2_246	0_317	27.338	139	98	2	110	245	145	283	2.56e-10	57.4
2_246	0_317	46.809	47	22	1	489	535	439	482	4.69e-08	50.1
2_247	0_76	99.886	880	1	0	1	880	1	880	0.0	1779
2_248	0_81	99.624	266	1	0	1	266	1	266	0.0	523
2_248	0_258	37.143	105	61	3	22	121	37	141	4.04e-14	65.5
2_249	0_82	99.699	332	1	0	1	332	1	332	0.0	661
2_250	0_88	99.632	272	1	0	1	272	1	272	0.0	541
2_250	0_89	34.188	234	133	6	19	232	22	254	2.76e-34	120
2_250	0_416	34.694	196	110	5	16	205	348	531	3.36e-19	81.6
2_250	0_163	31.330	233	127	7	19	227	29	252	1.10e-18	79.3
2_250	0_173	28.636	220	132	4	19	225	79	286	1.58e-18	78.2
2_250	0_164	36.275	102	64	1	127	227	607	708	2.42e-15	70.5
2_250	0_164	33.333	75	43	3	23	91	27	100	2.78e-04	36.6
2_250	0_424	27.805	205	136	6	20	220	22	218	2.43e-15	68.6
2_250	0_417	30.189	212	132	8	2	208	334	534	1.39e-14	67.8
2_250	0_40	32.075	212	118	6	1	204	324	517	2.21e-14	67.4
2_250	0_48	31.081	222	129	11	1	215	1	205	9.46e-14	65.5
2_250	0_131	34.545	110	71	1	118	226	212	321	2.61e-13	63.9
2_250	0_131	26.050	119	79	3	16	128	22	137	1.12e-05	40.8
2_250	0_41	32.353	204	117	11	2	200	327	514	2.98e-13	63.9
2_250	0_2	31.776	107	72	1	116	221	486	592	3.17e-13	63.9
2_250	0_2	31.915	94	55	3	16	106	50	137	3.93e-06	42.4
2_250	0_320	27.778	198	108	5	16	185	13	203	1.40e-12	62.0
2_250	0_459	27.273	220	125	10	19	218	21	225	2.02e-12	61.2
2_250	0_459	25.541	231	157	8	1	218	264	492	3.36e-06	42.4
2_250	0_326	32.500	120	77	3	104	219	244	363	2.50e-12	60.8
2_250	0_216	32.143	196	124	6	28	217	31	223	5.53e-12	60.1
2_250	0_11	24.221	289	161	9	2	236	8	292	3.18e-11	57.4
2_250	0_188	26.848	257	156	9	1	240	9	250	1.53e-08	48.9
2_250	0_47	23.618	199	141	6	16	212	13	202	3.20e-08	48.9
2_250	0_473	27.149	221	125	10	1	208	1	198	7.63e-08	47.8
2_250	0_104	29.801	151	85	7	90	224	783	928	1.16e-07	47.0
2_250	0_277	24.757	206	130	7	2	197	471	661	1.56e-07	46.6
2_251	0_90	99.688	320	1	0	1	320	1	320	0.0	626
2_252	0_320	99.814	538	1	0	1	538	1	538	0.0	1097
2_252	0_48	25.641	234	141	6	1	230	1	205	1.18e-12	64.7
2_252	0_48	28.571	210	133	8	319	519	1	202	1.10e-09	55.5
2_252	0_88	27.778	198	108	5	13	203	16	185	2.03e-12	62.4
2_252	0_47	22.993	274	175	5	1	272	1	240	6.42e-11	59.3
2_252	0_47	24.645	211	138	8	319	518	1	201	6.01e-06	43.5
2_252	0_40	28.342	187	110	5	1	187	324	486	2.51e-10	57.4
2_252	0_216	26.271	236	145	9	2	230	8	221	6.54e-10	55.8
2_252	0_216	32.432	74	47	2	453	523	149	222	3.43e-04	37.4
2_252	0_416	23.853	218	133	6	1	213	336	525	7.61e-09	52.4
2_252	0_417	44.898	49	27	0	13	61	346	394	9.23e-08	48.9
2_252	0_459	24.064	187	126	4	1	187	6	176	5.24e-07	46.6
2_252	0_2	35.088	57	37	0	2	58	39	95	6.94e-07	46.2
2_252	0_2	23.810	84	60	1	152	231	504	587	3.59e-05	40.8
2_252	0_89	24.286	210	127	6	20	213	26	219	9.17e-07	45.1
2_252	0_424	21.397	229	162	8	319	536	5	226	1.57e-06	43.9
2_252	0_424	22.363	237	149	6	1	230	5	213	2.48e-05	40.4
2_252	0_473	26.027	219	131	9	319	521	1	204	7.12e-06	43.1
2_252	0_473	20.851	235	133	6	1	219	1	198	8.98e-06	42.7
2_252	0_41	35.185	54	35	0	10	63	335	388	8.09e-06	42.7
2_252	0_131	31.765	85	54	1	150	230	226	310	1.88e-05	41.6
2_252	0_131	27.586	58	42	0	1	58	10	67	2.64e-05	41.2
2_252	0_188	22.078	231	150	6	320	525	10	235	4.07e-05	40.0
2_252	0_188	20.732	246	135	6	14	233	24	235	1.85e-04	37.7
2_252	0_11	27.174	92	64	1	443	534	188	276	3.23e-04	37.4
2_252	0_277	25.126	199	105	10	32	217	500	667	4.74e-04	37.4
2_252	0_164	28.169	71	47	1	449	515	619	689	6.99e-04	36.6
2_253	0_326	99.774	443	1	0	1	443	1	443	0.0	890
2_253	0_164	37.751	249	137	4	204	437	530	775	1.25e-43	157
2_253	0_164	39.175	97	55	2	61	156	22	115	9.06e-13	64.7
2_253	0_131	27.041	392	247	11	43	417	10	379	1.18e-23	97.4
2_253	0_163	37.500	136	83	1	252	385	131	266	1.90e-23	95.5
2_253	0_163	29.630	135	70	5	32	157	7	125	5.19e-09	52.0
2_253	0_2	38.298	94	57	1	274	366	501	594	5.67e-17	77.8
2_253	0_2	29.688	128	75	3	38	165	33	145	4.65e-10	56.2
2_253	0_188	34.711	121	77	2	251	371	126	244	6.01e-16	72.0
2_253	0_89	36.719	128	73	3	261	386	139	260	2.17e-15	71.2
2_253	0_11	33.333	90	60	0	282	371	194	283	8.85e-15	70.1
2_253	0_173	42.857	84	47	1	276	359	194	276	1.05e-14	69.3
2_253	0_173	31.481	108	69	2	42	147	59	163	1.45e-06	44.3
2_253	0_88	32.500	120	77	3	244	363	104	219	2.04e-12	62.0
2_253	0_424	32.353	102	68	1	278	379	133	233	3.52e-12	60.8
2_253	0_459	36.634	101	54	3	264	360	129	223	7.74e-11	58.2
2_253	0_459	35.443	79	50	1	281	359	412	489	3.47e-07	46.6
2_253	0_459	41.071	56	29	1	43	98	6	57	5.08e-06	43.1
2_253	0_48	32.692	104	64	3	267	367	115	215	3.73e-08	50.1
2_253	0_47	25.191	131	91	3	223	351	72	197	9.18e-08	48.9
2_253	0_473	29.600	125	78	5	267	390	115	230	2.07e-07	47.8
2_253	0_216	25.954	131	94	2	229	359	357	484	1.18e-05	42.0
2_253	0_416	38.983	59	33	1	281	339	467	522	4.54e-05	40.0
2_253	0_40	29.412	85	53	2	30	111	308	388	1.50e-04	38.5
2_253	0_417	27.132	129	76	4	23	138	302	425	4.79e-04	36.6
2_253	0_104	26.984	189	115	7	240	424	450	619	5.32e-04	36.6
2_254	0_197	99.606	254	1	0	1	254	1	254	0.0	522
2_255	0_203	99.833	599	1	0	1	599	1	599	0.0	1219
2_255	0_382	30.093	216	126	7	117	315	10	217	6.16e-17	78.6
2_255	0_384	37.008	127	62	2	116	224	13	139	8.11e-14	68.9
2_255	0_147	32.099	162	90	3	116	257	21	182	2.51e-13	66.6
2_256	0_204	99.838	617	1	0	1	617	1	617	0.0	1241
2_257	0_207	99.388	327	2	0	1	327	1	327	0.0	658
2_258	0_211	99.593	246	1	0	1	246	1	246	4.75e-179	486
2_259	0_221	99.879	826	1	0	1	826	1	826	0.0	1673
2_259	0_196	28.413	630	325	21	29	613	34	582	5.19e-49	177
2_260	0_482	99.555	449	2	0	1	449	1	449	0.0	919
2_260	0_74	28.163	245	158	8	18	255	14	247	1.25e-12	63.9
2_260	0_74	46.154	39	21	0	409	447	503	541	1.19e-05	42.0
2_260	0_317	23.176	466	288	19	14	442	51	483	1.78e-09	53.9
2_261	0_253	99.620	263	1	0	1	263	1	263	0.0	503
2_261	0_135	27.350	117	73	3	48	152	110	226	1.54e-06	42.7
2_261	0_135	34.127	126	50	5	24	118	139	262	2.38e-06	42.4
2_261	0_135	33.333	93	52	3	35	117	121	213	3.03e-05	38.9
2_262	0_264	99.786	467	1	0	1	467	1	467	0.0	954
2_263	0_485	99.425	174	1	0	1	174	1	174	7.32e-130	356
2_264	0_311	99.512	205	1	0	1	205	1	205	4.13e-150	410
2_265	0_308	99.533	214	1	0	1	214	1	214	1.35e-156	427
2_266	0_299	99.065	107	1	0	1	107	1	107	3.97e-72	205
2_267	0_293	99.614	259	1	0	1	259	1	259	0.0	518
2_268	0_290	99.057	212	2	0	1	212	1	212	8.91e-156	425
2_269	0_283	98.333	120	2	0	1	120	1	120	1.86e-86	242
2_270	0_282	99.576	236	1	0	1	236	1	236	2.03e-171	466
2_270	0_168	33.088	136	64	8	4	113	16	150	6.45e-06	40.8
2_271	0_280	99.582	239	1	0	1	239	1	239	3.43e-175	476
2_272	0_402	99.729	369	1	0	1	369	1	369	0.0	741
2_272	0_570	99.609	256	1	0	410	665	1	256	0.0	523
2_272	0_24	22.941	340	195	13	321	637	1	296	5.96e-09	52.8
2_272	0_26	28.452	239	134	10	325	557	9	216	6.01e-09	51.6
2_273	0_404	99.756	410	1	0	1	410	1	410	0.0	808
2_274	0_173	99.674	307	1	0	1	307	1	307	0.0	615
2_274	0_473	32.735	223	133	7	60	279	1	209	1.19e-24	99.0
2_274	0_48	30.732	205	122	6	79	277	16	206	9.80e-21	87.0
2_274	0_47	29.442	197	127	5	79	273	16	202	2.62e-19	82.8
2_274	0_88	28.636	220	132	4	79	286	19	225	2.45e-18	77.8
2_274	0_163	28.972	214	133	6	58	258	14	221	1.27e-15	70.9
2_274	0_326	42.857	84	47	1	194	276	276	359	6.02e-15	69.3
2_274	0_326	31.481	108	69	2	59	163	42	147	9.98e-07	44.3
2_274	0_459	25.108	231	157	8	60	282	6	228	3.70e-14	67.4
2_274	0_459	30.263	76	53	0	199	274	412	487	1.10e-04	38.1
2_274	0_11	24.779	226	119	3	84	258	27	252	7.12e-14	65.9
2_274	0_164	31.000	100	68	1	188	286	607	706	1.18e-13	65.9
2_274	0_188	25.472	212	146	4	56	258	5	213	1.66e-13	63.9
2_274	0_89	27.885	208	112	7	78	258	21	217	3.80e-12	60.5
2_274	0_131	36.170	94	54	2	78	171	24	111	5.03e-12	60.5
2_274	0_131	36.585	82	51	1	197	277	230	311	3.90e-10	54.7
2_274	0_2	34.146	82	53	1	194	274	503	584	8.40e-10	53.9
2_274	0_2	31.707	82	46	2	84	163	58	131	6.71e-08	48.1
2_274	0_424	24.272	206	141	6	83	283	25	220	2.22e-09	51.6
2_274	0_216	25.405	185	119	6	83	257	26	201	6.46e-09	51.2
2_274	0_216	23.387	248	159	10	59	279	244	487	8.50e-06	41.6
2_274	0_417	31.527	203	114	11	79	271	349	536	1.47e-08	50.1
2_274	0_277	29.167	168	103	8	97	257	502	660	1.72e-08	50.1
2_274	0_41	29.570	186	108	8	79	257	341	510	9.29e-08	47.8
2_274	0_416	25.510	196	125	7	79	267	351	532	9.32e-08	47.8
2_274	0_40	25.405	185	120	5	79	258	339	510	2.56e-07	46.2
2_275	0_176	98.910	367	4	0	1	367	1	367	0.0	739
2_275	0_353	35.433	127	57	2	6	132	160	261	9.31e-15	69.7
2_276	0_179	98.077	260	5	0	1	260	1	260	0.0	514
2_277	0_188	99.609	256	1	0	1	256	1	256	0.0	507
2_277	0_326	34.711	121	77	2	126	244	251	371	2.27e-16	72.8
2_277	0_173	27.358	212	142	4	5	213	56	258	7.97e-16	70.5
2_277	0_11	25.714	280	163	5	8	244	6	283	2.61e-15	69.3
2_277	0_164	30.508	118	73	2	134	250	597	706	3.50e-14	66.6
2_277	0_47	27.136	199	126	4	28	225	18	198	3.19e-13	63.5
2_277	0_459	24.138	232	162	10	27	252	22	245	3.07e-12	60.5
2_277	0_459	22.566	226	163	6	12	230	267	487	6.47e-09	50.4
2_277	0_89	25.806	217	145	9	27	231	23	235	8.73e-11	55.5
2_277	0_48	25.664	226	139	7	24	245	14	214	2.04e-10	55.1
2_277	0_88	26.794	209	139	6	9	214	1	198	2.82e-10	53.9
2_277	0_131	31.313	99	68	0	133	231	211	309	2.67e-09	51.6
2_277	0_2	33.766	77	51	0	154	230	508	584	2.77e-09	51.6
2_277	0_2	29.885	87	55	2	27	112	54	135	1.86e-04	37.0
2_277	0_163	27.801	241	145	11	6	231	13	239	1.24e-08	49.3
2_277	0_473	23.188	207	138	6	23	227	13	200	3.24e-08	48.5
2_277	0_216	24.074	216	151	7	20	231	14	220	5.04e-08	47.8
2_277	0_216	24.180	244	146	10	30	251	277	503	1.79e-05	40.0
2_277	0_416	26.699	206	131	7	9	212	336	523	6.07e-08	47.8
2_277	0_424	22.831	219	137	7	22	231	17	212	2.23e-06	42.0
2_277	0_320	22.271	229	152	6	10	235	320	525	3.03e-06	42.4
2_277	0_320	21.992	241	138	8	24	235	14	233	3.90e-05	38.9
2_277	0_277	28.333	180	105	7	40	212	498	660	3.15e-05	39.3
2_277	0_417	24.312	218	127	10	8	214	332	522	2.08e-04	36.6
2_277	0_40	21.053	209	141	7	9	214	324	511	2.21e-04	36.6
2_277	0_104	28.889	90	53	4	136	218	815	900	3.45e-04	36.2
2_278	0_471	99.367	158	1	0	1	158	1	158	1.78e-114	316
2_279	0_472	98.382	309	5	0	1	309	1	309	0.0	591
2_280	0_473	99.869	766	1	0	1	766	1	766	0.0	1509
2_280	0_47	30.750	813	475	21	1	766	1	772	5.25e-92	300
2_280	0_48	40.044	452	245	10	1	440	1	438	3.69e-90	291
2_280	0_48	33.588	131	87	0	636	766	516	646	1.74e-15	74.7
2_280	0_173	32.735	223	133	7	1	209	60	279	2.97e-24	99.0
2_280	0_89	27.488	211	126	7	17	201	23	232	5.62e-15	70.9
2_280	0_459	23.938	259	169	9	1	232	6	263	2.21e-14	70.9
2_280	0_459	23.301	206	140	4	16	203	282	487	2.88e-06	44.7
2_280	0_216	29.630	216	130	6	2	201	8	217	3.77e-13	67.0
2_280	0_416	29.897	194	126	6	1	188	336	525	5.16e-13	66.6
2_280	0_131	32.990	97	63	1	1	95	10	106	1.28e-09	55.5
2_280	0_40	27.230	213	130	7	1	199	324	525	2.49e-09	54.7
2_280	0_554	26.076	395	235	18	302	659	86	460	5.97e-09	53.5
2_280	0_41	28.708	209	138	6	2	204	327	530	8.64e-09	53.1
2_280	0_11	34.483	87	53	2	119	202	183	268	1.95e-08	51.6
2_280	0_2	30.357	112	75	2	2	111	39	149	3.72e-08	51.2
2_280	0_2	31.081	74	49	1	129	200	508	581	1.80e-05	42.4
2_280	0_424	27.000	200	123	7	17	203	22	211	3.91e-08	49.7
2_280	0_88	26.818	220	127	9	1	198	1	208	1.70e-07	47.8
2_280	0_326	29.600	125	78	5	115	230	267	390	4.80e-07	47.4
2_280	0_188	29.545	88	59	2	115	200	141	227	4.86e-07	46.2
2_280	0_164	30.476	105	65	2	129	225	618	722	5.42e-07	47.4
2_280	0_417	28.505	214	123	10	2	198	334	534	7.11e-07	47.0
2_280	0_320	25.000	212	142	9	1	204	319	521	1.39e-05	42.7
2_280	0_320	20.851	235	133	6	1	198	1	219	1.61e-05	42.4
2_280	0_163	24.880	209	125	7	16	197	29	232	1.42e-05	42.4
2_280	0_104	36.585	82	43	4	129	204	834	912	1.65e-05	42.7
2_280	0_104	31.068	103	61	4	93	190	460	557	0.001	37.0
2_280	0_277	24.638	207	127	6	13	195	469	670	9.83e-05	40.0
2_281	0_13	98.936	188	2	0	1	188	1	188	2.05e-133	366
2_282	0_98	99.722	719	2	0	1	719	1	719	0.0	1427
2_283	0_2	99.862	725	1	0	1	725	1	725	0.0	1468
2_283	0_131	37.766	188	114	2	481	667	205	390	7.56e-35	132
2_283	0_131	47.423	97	51	0	39	135	11	107	1.23e-22	95.9
2_283	0_11	40.146	137	82	0	481	617	166	302	3.83e-31	120
2_283	0_11	30.088	113	70	2	38	150	7	110	3.45e-11	60.1
2_283	0_164	25.735	136	99	2	481	614	590	725	2.34e-17	80.9
2_283	0_164	28.049	164	100	5	42	204	12	158	2.57e-07	48.5
2_283	0_326	38.298	94	57	1	501	594	274	366	9.54e-17	77.8
2_283	0_326	29.688	128	75	3	33	145	38	165	7.04e-10	56.2
2_283	0_88	31.776	107	72	1	486	592	116	221	7.92e-13	63.9
2_283	0_88	31.915	94	55	3	50	137	16	106	1.02e-05	42.4
2_283	0_89	25.806	155	88	3	501	655	152	279	2.49e-12	62.8
2_283	0_89	30.952	84	39	3	53	117	22	105	1.20e-05	42.4
2_283	0_424	32.292	96	63	2	500	594	127	221	5.14e-11	58.2
2_283	0_459	34.409	93	54	2	498	587	402	490	2.17e-10	58.2
2_283	0_459	29.213	89	58	2	500	584	133	220	1.19e-07	49.3
2_283	0_459	29.348	92	54	4	48	131	16	104	1.09e-06	46.2
2_283	0_48	32.967	91	59	1	498	588	119	207	1.08e-09	55.8
2_283	0_48	33.333	99	58	3	39	134	2	95	5.85e-07	47.0
2_283	0_47	31.897	116	70	2	474	589	102	208	1.66e-09	55.5
2_283	0_47	32.673	101	60	2	39	136	2	97	2.75e-07	48.1
2_283	0_173	34.146	82	53	1	503	584	194	274	2.37e-09	53.9
2_283	0_173	31.707	82	46	2	58	131	84	163	2.28e-07	47.8
2_283	0_163	29.358	109	76	1	505	612	159	267	1.02e-08	52.0
2_283	0_163	25.899	139	83	6	30	151	4	139	4.47e-04	37.4
2_283	0_188	33.766	77	51	0	508	584	154	230	1.33e-08	51.2
2_283	0_473	30.357	112	75	2	39	149	2	111	3.15e-08	51.2
2_283	0_473	31.081	74	49	1	508	581	129	200	1.52e-05	42.7
2_283	0_216	30.476	105	70	1	38	139	7	111	5.14e-08	50.4
2_283	0_216	25.974	77	56	1	508	584	407	482	6.75e-04	37.0
2_283	0_40	34.247	73	48	0	36	108	322	394	4.93e-07	47.4
2_283	0_40	29.008	131	79	6	448	572	393	515	8.66e-05	40.0
2_283	0_320	35.088	57	37	0	39	95	2	58	9.44e-07	46.2
2_283	0_320	28.788	66	43	1	504	569	152	213	5.10e-05	40.8
2_283	0_416	27.778	90	61	2	493	581	452	538	1.42e-06	45.8
2_283	0_417	33.333	66	43	1	36	100	331	396	2.65e-05	41.6
2_283	0_41	25.301	83	59	1	36	115	324	406	2.56e-04	38.5
2_284	0_529	99.273	550	4	0	4	553	1	550	0.0	1120
2_284	0_419	65.393	471	140	6	80	533	189	653	0.0	598
2_284	0_419	42.500	120	41	6	4	111	1	104	4.56e-14	69.3
2_284	0_349	38.969	485	274	6	44	513	142	619	3.13e-107	329
2_284	0_468	34.926	544	279	22	18	512	17	534	9.08e-74	239
2_284	0_184	33.333	336	181	7	209	514	4	326	1.73e-53	179
2_284	0_62	30.496	423	234	11	144	519	131	540	7.12e-44	159
2_284	0_185	30.476	210	115	9	8	195	6	206	1.26e-12	62.0
2_285	0_423	99.433	705	4	0	1	705	1	705	0.0	1377
2_286	0_426	99.827	578	1	0	1	578	1	578	0.0	1159
2_287	0_441	99.804	511	1	0	1	511	1	511	0.0	1044
2_287	0_362	43.385	325	173	6	105	423	125	444	1.37e-74	239
2_287	0_364	22.712	295	216	6	49	340	63	348	4.96e-08	49.7
2_287	0_442	22.819	298	203	11	116	400	119	402	3.78e-06	43.5
2_288	0_440	98.920	741	8	0	1	741	1	741	0.0	1479
2_289	0_438	99.051	527	5	0	1	527	1	527	0.0	1015
2_290	0_437	99.567	231	1	0	1	231	1	231	3.44e-161	440
2_291	0_436	99.795	487	1	0	1	487	1	487	0.0	968
2_292	0_462	99.016	305	3	0	1	305	1	305	0.0	603
2_293	0_165	99.549	443	2	0	1	443	1	443	0.0	881
2_294	0_164	97.938	776	15	1	1	776	1	775	0.0	1495
2_294	0_326	37.349	249	138	4	531	776	204	437	9.85e-43	155
2_294	0_326	39.175	97	55	2	22	115	61	156	1.67e-12	64.7
2_294	0_163	37.037	162	82	3	571	724	118	267	9.34e-26	103
2_294	0_131	32.847	137	91	1	585	721	199	334	3.75e-20	88.6
2_294	0_2	26.761	142	97	3	585	726	480	614	2.25e-17	80.9
2_294	0_2	28.049	164	100	5	12	158	42	204	2.59e-07	48.5
2_294	0_89	39.091	110	66	1	600	709	140	248	2.81e-16	75.1
2_294	0_11	37.363	91	57	0	620	710	194	284	3.06e-15	72.8
2_294	0_88	36.275	102	64	1	608	709	127	227	1.20e-14	69.7
2_294	0_88	33.333	75	43	3	27	100	23	91	8.16e-04	36.6
2_294	0_188	30.508	118	73	2	598	707	134	250	1.80e-13	65.9
2_294	0_173	31.000	100	68	1	608	707	188	286	3.64e-13	65.9
2_294	0_424	30.108	93	64	1	616	708	133	224	2.09e-11	59.3
2_294	0_424	40.426	47	28	0	23	69	21	67	6.04e-07	45.8
2_294	0_48	34.940	83	52	1	617	699	127	207	6.75e-09	53.5
2_294	0_459	30.097	103	62	3	602	700	129	225	7.08e-08	50.1
2_294	0_459	27.723	101	72	1	617	717	410	509	2.23e-05	42.0
2_294	0_473	30.476	105	65	2	619	723	129	225	4.92e-07	47.8
2_294	0_416	38.983	59	33	1	619	677	467	522	7.31e-07	47.0
2_294	0_47	27.957	93	65	1	598	690	108	198	9.12e-07	46.6
2_294	0_216	25.532	94	63	2	610	700	398	487	9.39e-06	43.1
2_294	0_417	36.508	63	34	2	38	96	364	424	1.16e-04	39.7
2_294	0_104	33.333	102	63	3	602	701	476	574	1.55e-04	39.7
2_294	0_40	37.313	67	38	2	613	679	449	511	0.001	37.0
2_294	0_320	28.169	71	47	1	620	690	449	515	0.001	36.6
2_295	0_162	99.740	385	1	0	1	385	1	385	0.0	767
2_295	0_325	32.877	219	139	5	160	377	106	317	2.15e-21	88.6
2_295	0_324	24.000	225	145	7	175	384	151	364	5.40e-04	36.2
2_296	0_161	99.715	351	1	0	1	351	1	351	0.0	684
2_296	0_324	27.358	318	207	7	6	316	61	361	8.53e-23	92.8
2_297	0_160	99.681	939	3	0	1	939	1	939	0.0	1898
2_298	0_157	99.673	611	2	0	1	611	1	611	0.0	1222
2_298	0_578	31.058	293	195	4	285	574	15	303	1.26e-41	147
2_298	0_193	29.600	125	86	1	176	300	2	124	3.53e-14	64.7
2_298	0_455	24.419	344	193	13	157	482	4	298	4.09e-08	49.7
2_298	0_388	26.351	148	100	5	335	477	159	302	1.21e-04	39.3
2_299	0_152	99.024	205	2	0	1	205	1	205	7.06e-143	392
2_300	0_458	99.835	607	1	0	1	607	1	607	0.0	1220
2_301	0_149	99.495	1386	7	0	1	1386	1	1386	0.0	2729
2_301	0_123	67.888	1392	424	6	1	1385	1	1376	0.0	1809
2_302	0_148	99.496	1985	7	1	1	1982	1	1985	0.0	3855
2_302	0_501	35.516	397	209	11	60	425	37	417	1.26e-54	196
2_302	0_568	28.943	577	368	14	337	884	5	568	2.04e-49	182
2_302	0_567	34.247	292	183	6	45	333	10	295	6.51e-39	142
2_303	0_140	99.767	429	1	0	1	429	1	429	0.0	862
2_304	0_136	99.429	175	1	0	1	175	1	175	3.28e-125	344
2_305	0_135	99.640	278	1	0	1	278	1	278	0.0	539
2_305	0_253	27.350	117	73	3	110	226	48	152	1.71e-06	42.7
2_305	0_253	33.333	93	52	3	121	213	35	117	3.29e-05	38.9
2_306	0_133	98.905	274	3	0	1	274	1	274	0.0	536
2_306	0_132	25.749	167	114	4	73	233	75	237	1.98e-05	39.7
2_307	0_122	99.701	334	1	0	1	334	1	334	0.0	679
2_308	0_121	99.465	374	2	0	1	374	1	374	0.0	770
2_309	0_119	99.618	524	2	0	1	524	1	524	0.0	1017
2_309	0_469	24.301	465	302	18	9	462	4	429	9.08e-14	68.2
2_310	0_114	98.864	88	1	0	1	88	1	88	3.11e-59	171
2_311	0_522	99.855	692	1	0	1	692	1	692	0.0	1370
2_312	0_111	99.263	1086	8	0	1	1086	1	1086	0.0	2123
2_312	0_96	24.947	469	294	15	18	451	14	459	9.99e-08	50.4
2_312	0_116	23.503	451	281	15	23	431	12	440	1.53e-07	50.1
2_312	0_42	22.134	253	167	8	31	254	14	265	5.45e-05	41.6
2_312	0_5	27.523	218	136	8	62	260	30	244	1.04e-04	40.8
2_312	0_461	22.727	462	297	16	16	430	5	453	0.001	37.7
2_313	0_107	82.093	497	46	5	7	481	4	479	0.0	751
2_314	0_105	99.878	821	1	0	1	821	1	821	0.0	1661
2_314	0_21	22.437	517	375	10	10	510	6	512	1.17e-31	126
2_315	0_391	99.700	999	1	1	1	997	1	999	0.0	2010
2_316	0_390	99.569	232	1	0	1	232	1	232	3.07e-173	471
2_317	0_376	99.020	102	1	0	1	102	1	102	5.37e-69	196
2_318	0_373	99.758	414	1	0	1	414	1	414	0.0	828
2_319	0_370	99.566	691	3	0	1	691	1	691	0.0	1386
2_320	0_364	99.788	471	1	0	1	471	1	471	0.0	951
2_320	0_442	37.168	452	279	4	7	456	2	450	1.90e-104	314
2_320	0_362	26.757	370	260	7	44	408	58	421	7.58e-26	104
2_320	0_441	22.712	295	216	6	63	348	49	340	3.58e-08	50.1
2_321	0_363	99.638	276	1	0	1	276	1	276	0.0	542
2_322	0_362	99.606	507	2	0	1	507	1	507	0.0	1010
2_322	0_441	43.385	325	173	6	125	444	105	423	1.15e-74	239
2_322	0_364	27.027	370	259	7	58	421	44	408	1.47e-26	107
2_322	0_442	24.291	247	181	5	37	278	15	260	8.25e-08	48.9
2_323	0_357	98.701	385	5	0	1	385	1	385	0.0	738
2_324	0_355	100.000	291	0	0	1	291	1	291	0.0	581
2_324	0_564	98.864	88	1	0	315	402	1	88	3.36e-55	172
2_325	0_347	99.882	850	1	0	1	850	1	850	0.0	1695
2_325	0_142	35.684	709	428	12	6	698	50	746	8.00e-131	407
2_325	0_142	25.000	132	88	5	582	706	727	854	3.71e-04	38.5
2_326	0_346	99.774	886	2	0	1	886	1	886	0.0	1799
2_326	0_35	24.212	698	427	16	34	711	18	633	2.41e-47	176
2_326	0_401	22.941	340	205	10	440	753	393	701	1.32e-14	72.4
2_326	0_401	23.563	174	120	3	27	199	8	169	6.69e-09	53.9
2_326	0_58	25.828	151	101	3	50	200	2	141	3.76e-09	54.3
2_326	0_58	34.426	61	35	2	574	634	294	349	4.62e-05	41.2
2_327	0_345	99.510	204	1	0	1	204	1	204	5.99e-143	392
2_328	0_344	99.333	150	1	0	1	150	1	150	1.27e-104	290
2_328	0_536	35.526	76	48	1	67	142	26	100	5.29e-08	43.5
2_329	0_18	99.438	534	3	0	1	534	1	534	0.0	1054
2_330	0_21	99.851	673	1	0	1	673	1	673	0.0	1348
2_330	0_105	22.437	517	375	10	6	512	10	510	9.75e-32	126
2_331	0_24	99.074	324	3	0	1	324	1	324	0.0	660
2_331	0_26	41.702	235	129	4	7	237	7	237	1.60e-44	147
2_331	0_570	23.504	234	152	8	78	296	7	228	2.30e-09	52.0
2_331	0_25	46.269	67	35	1	245	311	13	78	6.79e-05	36.2
2_332	0_26	99.099	222	2	0	1	222	1	222	1.72e-150	417
2_332	0_24	41.846	325	176	7	7	325	7	324	3.20e-72	222
2_332	0_25	100.000	101	0	0	235	335	1	101	6.37e-68	203
2_332	0_570	28.205	273	145	12	80	326	7	254	4.84e-11	57.0
2_333	0_29	99.735	378	1	0	1	378	1	378	0.0	751
2_334	0_33	99.872	783	1	0	1	783	1	783	0.0	1562
2_335	0_34	99.717	353	1	0	1	353	1	353	0.0	696
2_335	0_323	27.129	317	167	15	46	345	64	333	6.80e-07	45.1
2_336	0_35	99.392	823	5	0	1	823	1	823	0.0	1649
2_336	0_346	24.157	741	452	18	18	668	34	754	7.09e-48	177
2_336	0_401	21.557	334	201	9	393	679	398	717	6.98e-14	70.1
2_336	0_401	27.174	184	113	4	6	186	3	168	1.37e-08	52.8
2_336	0_58	23.560	191	114	4	32	222	3	161	4.40e-07	47.8
2_336	0_58	21.053	304	175	13	321	594	128	396	8.59e-04	37.0
2_337	0_39	99.057	212	2	0	1	212	1	212	2.70e-147	403
2_338	0_41	99.626	535	2	0	1	535	1	535	0.0	1036
2_338	0_417	31.445	512	325	9	31	526	35	536	7.90e-55	188
2_338	0_416	31.604	212	135	3	321	526	331	538	1.20e-30	120
2_338	0_40	31.202	391	220	16	155	521	155	520	7.66e-25	102
2_338	0_88	32.353	204	117	11	327	514	2	200	8.39e-13	63.5
2_338	0_47	30.882	204	134	4	327	527	2	201	2.37e-11	60.8
2_338	0_277	32.184	174	95	8	352	510	495	660	1.02e-10	58.5
2_338	0_473	29.167	216	128	8	327	530	2	204	8.09e-09	52.8
2_338	0_48	29.167	216	137	9	327	534	2	209	3.42e-08	50.4
2_338	0_173	29.570	186	108	8	341	510	79	257	1.61e-07	47.8
2_338	0_320	35.185	54	35	0	335	388	10	63	8.84e-06	42.7
2_338	0_424	25.414	181	122	5	342	514	22	197	1.39e-05	41.2
2_338	0_131	32.787	61	41	0	327	387	11	71	4.89e-05	40.0
2_338	0_2	25.301	83	59	1	324	406	36	115	3.08e-04	37.7
2_338	0_216	25.532	188	118	5	346	517	27	208	6.13e-04	36.6
2_339	0_47	99.741	772	2	0	1	772	1	772	0.0	1503
2_339	0_48	48.630	438	197	9	1	416	1	432	8.17e-109	341
2_339	0_48	45.736	129	70	0	644	772	518	646	6.85e-23	98.2
2_339	0_473	30.788	812	476	21	1	772	1	766	5.55e-87	286
2_339	0_173	29.442	197	127	5	16	202	79	273	4.38e-19	83.6
2_339	0_216	32.673	202	122	5	6	195	12	211	1.36e-15	74.7
2_339	0_459	25.592	211	143	5	1	198	6	215	1.22e-13	68.6
2_339	0_459	26.531	196	126	5	11	188	277	472	1.39e-10	58.9
2_339	0_89	25.000	208	129	5	17	198	23	229	1.38e-13	67.0
2_339	0_416	26.887	212	136	7	1	201	336	539	3.16e-12	63.9
2_339	0_188	27.586	203	118	8	19	198	29	225	9.99e-12	60.5
2_339	0_417	31.373	204	111	9	13	200	346	536	2.69e-11	61.2
2_339	0_41	30.882	204	134	4	2	201	327	527	3.83e-11	60.5
2_339	0_320	22.993	274	175	5	1	240	1	272	9.45e-11	59.3
2_339	0_320	24.645	211	138	8	1	201	319	518	8.41e-06	43.5
2_339	0_2	31.897	116	70	2	102	208	474	589	1.61e-09	55.5
2_339	0_2	32.673	101	60	2	2	97	39	136	2.62e-07	48.5
2_339	0_11	30.986	142	89	5	59	197	128	263	1.97e-09	54.7
2_339	0_11	52.778	36	17	0	21	56	27	62	5.22e-05	40.4
2_339	0_40	28.351	194	128	6	1	188	324	512	1.46e-08	52.4
2_339	0_131	32.955	88	57	1	7	92	16	103	1.82e-08	52.0
2_339	0_131	32.394	142	92	3	107	245	211	351	2.05e-08	51.6
2_339	0_88	23.618	199	141	6	13	202	16	212	5.23e-08	49.7
2_339	0_326	25.191	131	91	3	72	197	223	351	1.44e-07	48.9
2_339	0_277	24.479	192	131	5	23	204	491	678	3.22e-07	48.1
2_339	0_104	38.144	97	51	4	110	200	815	908	6.24e-07	47.4
2_339	0_104	28.571	147	88	6	64	193	416	562	1.46e-04	39.7
2_339	0_164	27.957	93	65	1	108	198	597	689	7.02e-07	47.0
2_339	0_424	27.174	184	109	7	19	188	24	196	2.22e-06	44.3
2_339	0_163	30.682	88	57	2	114	197	145	232	1.92e-04	38.9
2_340	0_48	99.846	650	1	0	1	650	1	650	0.0	1260
2_340	0_47	48.630	438	197	9	1	432	1	416	1.27e-108	340
2_340	0_47	39.344	183	105	1	470	646	590	772	8.58e-31	123
2_340	0_473	39.823	452	246	10	1	438	1	440	2.40e-89	289
2_340	0_473	29.348	184	126	2	467	646	583	766	2.70e-16	77.0
2_340	0_173	30.732	205	122	6	16	206	79	277	2.09e-20	87.0
2_340	0_416	30.189	212	129	8	1	201	336	539	1.77e-15	73.9
2_340	0_417	32.558	215	117	9	2	200	334	536	3.09e-15	73.2
2_340	0_89	28.169	213	128	6	18	205	24	236	3.63e-14	68.2
2_340	0_88	31.081	222	129	11	1	205	1	215	1.24e-13	66.2
2_340	0_459	28.194	227	133	7	16	215	282	505	2.84e-13	67.0
2_340	0_459	25.688	218	140	7	15	212	20	235	2.94e-13	67.0
2_340	0_216	29.524	210	134	5	10	205	12	221	1.60e-12	64.7
2_340	0_216	28.326	233	135	9	2	208	261	487	7.14e-09	52.8
2_340	0_320	25.641	234	141	6	1	205	1	230	1.95e-12	64.3
2_340	0_320	28.571	210	133	8	1	202	319	519	2.06e-09	54.7
2_340	0_40	28.365	208	110	6	1	188	324	512	9.30e-11	58.9
2_340	0_424	29.596	223	136	8	4	214	8	221	9.76e-11	57.0
2_340	0_277	31.285	179	100	8	32	195	500	670	5.64e-10	56.6
2_340	0_2	32.967	91	59	1	119	207	498	588	9.98e-10	55.8
2_340	0_2	33.333	99	58	3	2	95	39	134	5.86e-07	47.0
2_340	0_11	29.333	150	99	3	60	207	129	273	2.04e-09	54.3
2_340	0_11	43.636	55	31	0	2	56	8	62	1.21e-05	42.4
2_340	0_164	34.940	83	52	1	127	207	616	698	5.70e-09	53.5
2_340	0_188	26.141	241	139	10	14	224	24	255	6.90e-09	51.6
2_340	0_131	31.915	94	62	1	1	92	10	103	1.67e-08	51.6
2_340	0_131	37.374	99	56	3	126	220	229	325	2.84e-08	50.8
2_340	0_326	32.692	104	64	3	115	215	267	367	6.35e-08	49.7
2_340	0_41	29.167	216	137	9	2	209	327	534	6.91e-08	49.7
2_340	0_163	32.941	85	55	1	127	209	160	244	2.66e-05	41.2
2_340	0_104	36.905	84	44	4	121	198	826	906	1.29e-04	39.3
2_341	0_50	96.273	805	27	1	1	802	1	805	0.0	1549
2_341	0_51	46.552	754	366	13	45	768	27	773	0.0	610
2_341	0_427	40.675	563	271	19	1	540	1	523	6.42e-100	323
2_341	0_190	68.293	41	13	0	45	85	22	62	9.75e-15	64.7
2_342	0_395	99.898	979	1	0	1	979	1	979	0.0	1929
2_343	0_401	99.620	790	3	0	1	790	1	790	0.0	1603
2_343	0_346	22.941	340	205	10	393	701	440	753	8.61e-15	72.8
2_343	0_346	23.563	174	120	3	8	169	27	199	6.17e-09	53.9
2_343	0_35	24.103	195	101	6	398	592	393	540	2.15e-12	65.1
2_343	0_35	27.174	184	113	4	3	168	6	186	9.32e-09	53.1
2_343	0_58	34.444	90	58	1	29	118	3	91	4.52e-08	50.8
2_343	0_58	33.000	100	59	3	513	612	264	355	1.55e-07	48.9
2_344	0_513	99.352	463	3	0	1	463	1	463	0.0	931
2_345	0_405	99.119	227	2	0	1	227	1	227	7.01e-163	444
2_346	0_409	99.383	324	2	0	1	324	1	324	0.0	639
2_347	0_413	99.592	245	1	0	1	245	1	245	2.52e-176	479
2_348	0_414	99.714	700	2	0	1	700	1	700	0.0	1419
2_349	0_415	98.969	582	6	0	1	582	1	582	0.0	1167
2_350	0_417	99.254	536	4	0	1	536	1	536	0.0	1012
2_350	0_41	31.445	512	325	9	35	536	31	526	2.86e-54	186
2_350	0_416	38.462	221	128	7	320	536	322	538	1.78e-29	116
2_350	0_40	34.928	209	124	6	328	531	319	520	4.12e-23	97.4
2_350	0_48	32.558	215	117	9	334	536	2	200	3.12e-15	73.2
2_350	0_88	30.189	212	132	8	334	534	2	208	4.13e-14	67.4
2_350	0_277	31.016	187	111	5	319	495	456	634	1.62e-13	67.4
2_350	0_47	31.373	204	111	9	346	536	13	200	2.88e-11	60.5
2_350	0_173	31.527	203	114	11	349	536	79	271	4.66e-08	49.3
2_350	0_320	44.898	49	27	0	346	394	13	61	8.73e-08	48.9
2_350	0_473	28.505	214	123	10	334	534	2	198	8.33e-07	46.2
2_350	0_424	25.943	212	129	9	336	533	8	205	2.37e-06	43.5
2_350	0_2	33.333	66	43	1	331	396	36	100	2.47e-05	41.2
2_350	0_216	25.568	176	111	6	363	524	36	205	4.93e-05	40.0
2_350	0_164	36.508	63	34	2	364	424	38	96	7.60e-05	39.7
2_350	0_11	38.000	100	46	5	327	415	1	95	1.51e-04	38.5
2_350	0_326	27.132	129	76	4	302	425	23	138	6.11e-04	36.6
2_350	0_459	26.230	183	118	8	365	534	37	215	7.78e-04	36.6
2_350	0_89	22.527	182	118	4	364	522	37	218	7.92e-04	36.2
2_351	0_518	98.667	75	1	0	475	549	5	79	3.83e-44	146
2_352	0_496	99.155	828	7	0	1	828	1	828	0.0	1665
2_352	0_222	26.062	871	487	35	15	809	15	804	3.40e-43	163
2_353	0_270	99.298	285	2	0	1	285	1	285	0.0	569
2_354	0_272	98.925	186	2	0	1	186	1	186	6.38e-136	372
2_354	0_263	26.772	127	68	4	46	151	81	203	2.36e-04	35.0
2_355	0_274	99.317	293	2	0	1	293	1	293	0.0	582
2_355	0_380	29.530	149	90	6	9	152	5	143	3.17e-09	52.0
2_355	0_380	35.593	59	38	0	9	67	173	231	2.85e-06	42.7
2_355	0_319	37.705	61	35	1	5	65	218	275	3.91e-05	39.3
2_355	0_418	39.344	61	33	3	10	69	19	76	2.42e-04	35.8
2_356	0_278	99.749	398	1	0	1	398	1	398	0.0	810
2_357	0_488	99.346	153	1	0	1	153	1	153	1.96e-107	298
2_358	0_281	99.738	381	1	0	1	381	1	381	0.0	753
2_359	0_291	99.366	473	3	0	1	473	1	473	0.0	922
2_360	0_294	98.347	121	2	0	1	121	1	121	1.37e-86	243
2_361	0_313	99.773	883	2	0	1	883	1	883	0.0	1781
2_362	0_315	99.327	297	2	0	1	297	1	297	0.0	576
2_363	0_316	99.859	709	1	0	1	709	1	709	0.0	1424
2_364	0_321	99.712	695	2	0	1	695	1	695	0.0	1376
2_365	0_328	99.888	892	1	0	1	892	1	892	0.0	1802
2_366	0_329	99.296	142	1	0	1	142	1	142	4.90e-103	286
2_367	0_330	99.723	361	1	0	1	361	1	361	0.0	717
2_368	0_333	99.008	504	5	0	1	504	1	504	0.0	970
2_368	0_8	25.901	444	264	16	10	403	51	479	1.84e-21	92.0
2_369	0_198	99.512	205	1	0	1	205	1	205	3.30e-153	417
2_370	0_200	99.635	274	1	0	1	274	1	274	0.0	559
2_371	0_560	99.180	366	3	0	12	377	1	366	0.0	734
2_372	0_202	98.882	984	8	2	1	984	1	981	0.0	1954
2_373	0_205	99.850	666	1	0	1	666	1	666	0.0	1351
2_374	0_217	99.649	569	2	0	1	569	1	569	0.0	1099
2_374	0_218	30.556	216	124	4	79	285	18	216	9.57e-12	60.8
2_375	0_277	99.853	679	1	0	1	679	2	680	0.0	1342
2_375	0_417	28.070	285	183	6	357	633	225	495	8.86e-15	72.0
2_375	0_41	32.184	174	95	8	494	659	352	510	1.10e-10	58.9
2_375	0_416	31.138	167	94	7	501	659	369	522	5.65e-10	56.6
2_375	0_48	31.285	179	100	8	499	669	32	195	5.89e-10	56.6
2_375	0_424	29.630	189	109	7	500	678	38	212	7.01e-10	54.7
2_375	0_40	28.042	189	107	7	462	637	317	489	9.38e-09	52.8
2_375	0_173	29.167	168	103	8	501	659	97	257	4.04e-08	50.1
2_375	0_47	24.479	192	131	5	490	677	23	204	2.27e-07	48.5
2_375	0_88	25.118	211	125	8	463	662	11	199	3.50e-07	46.6
2_375	0_459	22.353	170	119	4	499	659	37	202	4.57e-05	40.8
2_375	0_473	24.510	204	131	6	468	669	13	195	1.24e-04	39.7
2_375	0_188	28.814	177	108	5	497	659	40	212	3.02e-04	37.7
2_375	0_11	45.588	68	27	4	465	524	4	69	5.19e-04	37.4
2_376	0_337	99.038	208	2	0	1	208	1	208	6.66e-151	412
2_376	0_269	25.654	191	131	5	18	201	28	214	4.78e-10	52.0
2_377	0_52	97.938	194	4	0	1	194	1	194	3.27e-139	381
2_378	0_53	98.721	469	6	0	1	469	1	469	0.0	926
2_379	0_57	99.219	256	2	0	1	256	1	256	0.0	507
2_380	0_58	99.027	514	5	0	1	514	1	514	0.0	1032
2_380	0_346	26.490	151	100	3	2	141	50	200	1.88e-09	54.7
2_380	0_346	34.426	61	35	2	294	349	574	634	2.87e-05	41.2
2_380	0_401	34.444	90	58	1	3	91	29	118	4.49e-08	50.1
2_380	0_401	33.000	100	59	3	264	355	513	612	1.14e-07	48.9
2_380	0_35	24.084	191	113	4	3	161	32	222	8.23e-08	49.3
2_381	0_59	99.654	289	1	0	1	289	1	289	0.0	554
2_382	0_62	99.823	564	1	0	1	564	1	564	0.0	1103
2_382	0_419	31.670	461	251	12	95	533	214	632	5.14e-52	183
2_382	0_468	31.614	446	261	9	99	533	122	534	2.04e-51	179
2_382	0_349	30.496	423	246	10	118	533	237	618	9.46e-48	171
2_382	0_184	33.144	353	187	10	200	533	2	324	4.03e-45	157
2_382	0_529	30.496	423	234	11	131	540	141	516	5.67e-44	159
2_383	0_65	99.167	240	2	0	1	240	1	240	0.0	500
2_384	0_66	99.661	295	1	0	1	295	1	295	0.0	592
2_384	0_443	27.241	290	173	9	21	293	10	278	2.70e-21	86.7
2_384	0_506	26.502	283	175	9	19	293	3	260	5.04e-16	71.2
2_384	0_318	26.894	264	165	9	21	275	5	249	9.23e-14	64.7
2_384	0_101	25.368	272	165	12	15	274	1	246	2.27e-04	36.6
2_385	0_67	99.412	170	1	0	1	170	1	170	2.78e-122	337
2_386	0_478	99.700	666	2	0	1	666	1	666	0.0	1342
2_386	0_229	64.198	81	29	0	232	312	279	359	6.97e-26	107
2_387	0_71	99.468	188	1	0	1	188	1	188	3.40e-138	378
2_388	0_72	99.884	865	1	0	1	865	1	865	0.0	1715
2_389	0_73	99.533	428	2	0	1	428	1	428	0.0	850
2_390	0_75	99.671	1216	4	0	1	1216	1	1216	0.0	2391
2_390	0_230	26.623	154	99	6	1054	1202	7	151	8.23e-04	36.2
2_391	0_521	99.569	696	3	0	1	696	1	696	0.0	1381
2_392	0_479	99.029	103	1	0	1	103	1	103	2.68e-69	197
2_393	0_84	98.370	184	3	0	1	184	1	184	3.08e-133	365
2_394	0_91	99.855	690	1	0	1	690	1	690	0.0	1372
2_395	0_266	99.630	270	1	0	1	270	1	270	0.0	545
2_396	0_241	99.579	475	2	0	1	475	1	475	0.0	920
2_397	0_233	97.970	197	4	0	1	197	1	197	5.52e-132	363
2_398	0_174	99.474	380	2	0	1	380	1	380	0.0	770
2_399	0_177	98.925	186	2	0	1	186	1	186	2.31e-138	379
2_400	0_180	99.690	323	1	0	1	323	1	323	0.0	634
2_401	0_11	99.741	386	1	0	1	386	1	386	0.0	760
2_401	0_131	30.725	345	183	9	5	304	8	341	4.89e-38	137
2_401	0_2	40.146	137	82	0	166	302	481	617	1.96e-31	120
2_401	0_2	30.088	113	70	2	7	110	38	150	1.87e-11	60.1
2_401	0_164	37.363	91	57	0	194	284	619	709	1.56e-15	72.8
2_401	0_188	25.714	280	163	5	6	283	8	244	3.69e-15	69.3
2_401	0_326	33.333	90	60	0	194	283	282	371	7.57e-15	70.1
2_401	0_173	24.779	226	119	3	27	252	84	258	7.65e-14	66.2
2_401	0_424	33.571	140	82	4	143	279	90	221	3.39e-12	60.5
2_401	0_89	25.723	311	162	12	27	307	27	298	1.81e-11	58.9
2_401	0_163	27.778	126	87	2	176	297	142	267	1.13e-10	57.0
2_401	0_88	23.875	289	162	9	8	292	2	236	3.50e-10	54.7
2_401	0_459	23.420	269	153	9	30	296	29	246	7.84e-10	54.7
2_401	0_459	32.609	92	57	2	184	271	399	489	7.60e-07	45.4
2_401	0_47	30.986	142	89	5	128	263	59	197	9.02e-10	54.7
2_401	0_47	52.778	36	17	0	27	62	21	56	2.63e-05	40.4
2_401	0_48	29.333	150	99	3	129	273	60	207	1.03e-09	54.7
2_401	0_48	43.636	55	31	0	8	62	2	56	6.78e-06	42.4
2_401	0_473	34.483	87	53	2	183	268	119	202	1.03e-08	51.6
2_401	0_473	31.579	95	58	3	8	95	2	96	8.26e-04	35.8
2_401	0_216	28.030	132	86	4	146	271	356	484	2.05e-07	47.0
2_401	0_416	29.412	85	52	2	172	251	441	522	2.93e-06	43.5
2_401	0_417	38.000	100	46	5	1	95	327	415	9.35e-05	38.9
2_401	0_320	27.174	92	64	1	188	276	443	534	2.64e-04	37.4
2_401	0_277	45.588	68	27	4	4	69	466	525	2.90e-04	37.4
2_401	0_40	50.000	46	23	0	8	53	325	370	4.14e-04	36.6
2_402	0_4	99.893	931	1	0	1	931	1	931	0.0	1841
2_402	0_115	27.523	218	124	7	9	225	17	201	3.12e-08	52.0
2_402	0_43	22.680	388	252	14	2	352	7	383	9.91e-06	43.9
2_402	0_460	30.864	162	92	7	60	208	55	209	6.00e-05	41.2
2_403	0_102	99.631	271	1	0	1	271	1	271	0.0	534
2_404	0_476	99.393	659	4	0	1	659	1	659	0.0	1319
2_405	0_225	99.174	121	1	0	1	121	1	121	4.35e-79	223
2_406	0_226	99.918	1217	1	0	1	1217	1	1217	0.0	2490
2_407	0_228	98.561	139	2	0	1	139	1	139	3.21e-98	273
2_408	0_189	99.646	565	2	0	1	565	1	565	0.0	1096
2_409	0_190	97.333	75	2	0	1	75	1	75	2.56e-50	147
2_409	0_51	80.328	61	12	0	3	63	8	68	1.29e-29	103
2_409	0_50	70.732	41	12	0	22	62	45	85	4.61e-16	65.5
2_409	0_427	44.776	67	30	2	9	75	14	73	5.10e-10	48.5
2_410	0_38	99.231	520	4	0	1	520	1	520	0.0	1009
2_411	0_28	99.838	619	1	0	1	619	1	619	0.0	1248
2_412	0_19	98.805	251	3	0	1	251	1	251	5.74e-179	486
2_413	0_341	99.785	465	1	0	1	465	1	465	0.0	927
2_414	0_342	99.097	443	4	0	1	443	1	443	0.0	866
2_415	0_343	97.898	333	7	0	1	333	1	333	0.0	644
2_416	0_449	99.376	641	4	0	1	641	1	641	0.0	1279
2_416	0_117	44.288	639	333	9	3	626	5	635	7.73e-169	491
2_417	0_374	99.621	1585	6	0	1	1585	1	1585	0.0	3128
2_417	0_210	26.625	323	183	13	917	1223	417	701	1.25e-13	70.5
2_417	0_210	37.383	107	59	3	281	385	91	191	1.04e-05	44.7
2_418	0_378	99.734	376	1	0	1	376	1	376	0.0	775
2_419	0_112	99.171	965	8	0	1	965	1	965	0.0	1894
2_419	0_43	23.247	271	155	11	65	297	63	318	4.40e-08	51.6
2_419	0_115	26.286	175	110	5	24	191	12	174	1.36e-04	40.0
2_420	0_116	96.632	1069	17	3	1	1059	1	1060	0.0	2040
2_420	0_96	26.673	1091	678	33	1	1050	6	1015	5.25e-82	283
2_420	0_42	28.680	394	227	7	4	351	1	386	2.67e-43	166
2_420	0_42	26.936	297	174	11	521	777	721	1014	5.55e-15	74.3
2_420	0_461	24.774	553	307	20	6	496	4	509	6.84e-15	73.9
2_420	0_5	24.936	393	233	13	26	394	7	361	9.91e-14	70.1
2_420	0_111	24.444	450	278	15	12	440	23	431	1.21e-08	53.5
2_421	0_123	99.491	1376	7	0	1	1376	1	1376	0.0	2688
2_421	0_149	67.960	1392	423	6	1	1376	1	1385	0.0	1840
2_422	0_124	85.488	379	51	2	3	380	7	382	0.0	575
2_422	0_126	52.489	221	102	2	162	379	1	221	2.91e-65	202
2_423	0_132	99.301	286	2	0	1	286	1	286	0.0	553
2_423	0_133	23.952	167	117	4	75	237	73	233	4.19e-04	35.4
2_424	0_139	99.351	308	2	0	1	308	1	308	0.0	578
2_425	0_202	22.083	720	357	26	796	1433	188	785	2.97e-17	82.0
2_426	0_536	98.165	109	2	0	41	149	1	109	9.09e-73	208
2_426	0_344	29.688	128	83	4	1	124	1	125	1.18e-05	37.7
2_427	0_145	99.569	232	1	0	1	232	1	232	2.58e-163	446
2_428	0_538	94.118	51	3	0	1	51	1	51	2.70e-31	97.8
2_429	0_459	99.609	512	2	0	1	512	1	512	0.0	1014
2_429	0_216	30.469	512	327	14	11	511	12	505	2.59e-54	186
2_429	0_473	24.324	259	168	9	6	263	1	232	9.90e-15	71.2
2_429	0_473	23.301	206	140	4	282	487	16	203	1.29e-06	45.4
2_429	0_173	25.108	231	157	8	6	228	60	282	5.05e-14	67.4
2_429	0_173	30.263	76	53	0	412	487	199	274	1.96e-04	37.7
2_429	0_47	25.592	211	143	5	6	215	1	198	9.00e-14	68.2
2_429	0_47	26.531	196	126	5	277	472	11	188	1.04e-10	58.5
2_429	0_424	25.676	222	145	6	6	221	5	212	1.07e-13	65.5
2_429	0_424	25.446	224	142	7	283	501	22	225	7.14e-09	51.2
2_429	0_48	28.194	227	133	7	282	505	16	215	2.34e-13	67.0
2_429	0_48	25.688	218	140	7	20	235	15	212	2.46e-13	67.0
2_429	0_89	24.576	236	141	7	13	223	14	237	3.58e-12	61.6
2_429	0_89	27.027	222	133	8	286	489	26	236	4.49e-12	61.6
2_429	0_188	24.893	233	159	7	22	245	27	252	4.91e-12	60.8
2_429	0_188	21.875	224	167	5	267	487	12	230	1.38e-07	47.4
2_429	0_88	26.818	220	126	10	21	225	19	218	2.62e-11	58.9
2_429	0_88	25.541	231	157	8	264	492	1	218	5.19e-06	42.7
2_429	0_131	30.147	136	88	4	112	244	202	333	6.95e-11	58.5
2_429	0_131	28.431	102	68	3	6	107	10	106	3.34e-08	50.1
2_429	0_131	25.287	87	64	1	404	489	224	310	3.94e-05	40.4
2_429	0_326	36.634	101	54	3	129	223	264	360	9.27e-11	58.2
2_429	0_326	35.443	79	50	1	412	489	281	359	4.38e-07	46.6
2_429	0_326	41.071	56	29	1	6	57	43	98	6.34e-06	42.7
2_429	0_2	34.409	93	54	2	402	490	498	587	1.55e-10	58.2
2_429	0_2	29.213	89	58	2	133	220	500	584	8.50e-08	49.3
2_429	0_2	29.348	92	54	4	16	104	48	131	8.28e-07	45.8
2_429	0_40	30.000	220	113	7	2	206	320	513	1.64e-10	57.8
2_429	0_11	23.333	270	154	9	28	246	29	296	1.05e-09	54.7
2_429	0_11	32.609	92	57	2	399	489	184	271	1.07e-06	45.1
2_429	0_164	30.097	103	62	3	129	225	601	699	4.47e-08	50.1
2_429	0_164	27.723	101	72	1	410	509	616	716	1.44e-05	42.0
2_429	0_320	24.378	201	108	6	6	176	1	187	5.77e-07	46.2
2_429	0_163	26.267	217	134	9	32	230	40	248	5.35e-06	42.7
2_429	0_163	33.333	81	53	1	410	489	160	240	6.08e-05	39.7
2_429	0_277	22.353	170	119	4	37	202	500	660	2.71e-05	41.2
2_429	0_417	26.230	183	118	8	37	215	365	534	6.36e-04	36.6
2_429	0_104	27.184	103	72	1	373	472	795	897	7.38e-04	36.6
2_430	0_580	98.960	673	7	0	88	760	1	673	0.0	1347
2_430	0_223	37.813	759	387	25	1	726	1	707	2.35e-139	423
2_430	0_159	98.824	85	1	0	1	85	1	85	9.89e-52	170
2_430	0_229	28.829	333	192	12	284	585	389	707	5.76e-27	111
2_430	0_229	32.903	155	94	4	1	153	1	147	7.98e-08	50.1
2_431	0_163	99.427	349	2	0	1	349	1	349	0.0	712
2_431	0_164	37.037	162	82	3	118	267	570	723	8.86e-31	117
2_431	0_326	37.500	136	83	1	131	266	252	385	9.77e-28	107
2_431	0_326	29.630	135	70	5	7	125	32	157	3.51e-09	52.4
2_431	0_88	31.330	233	127	7	29	252	19	227	6.04e-23	91.7
2_431	0_173	28.972	214	133	6	14	221	58	258	9.94e-19	80.1
2_431	0_424	24.783	230	150	7	30	257	22	230	1.02e-13	64.7
2_431	0_131	27.907	129	83	2	131	259	204	322	1.89e-13	65.5
2_431	0_89	33.043	115	74	2	140	254	139	250	2.34e-13	64.3
2_431	0_2	29.358	109	76	1	159	267	505	612	9.10e-13	63.9
2_431	0_2	25.899	139	83	6	4	139	30	151	2.27e-04	37.4
2_431	0_11	27.778	126	87	2	142	267	176	297	1.14e-12	62.8
2_431	0_188	38.462	78	48	0	162	239	154	231	2.56e-12	60.8
2_431	0_416	28.293	205	119	10	29	228	351	532	1.90e-08	50.1
2_431	0_459	26.267	217	134	9	40	248	32	230	3.10e-08	49.3
2_431	0_459	33.333	81	53	1	160	240	410	489	5.90e-07	45.4
2_431	0_473	24.880	209	125	7	29	232	16	197	1.72e-07	47.4
2_431	0_48	32.941	85	55	1	160	244	127	209	1.77e-07	47.4
2_431	0_104	30.702	114	67	5	161	265	833	943	3.60e-07	46.2
2_431	0_47	30.682	88	57	2	145	232	114	197	1.09e-06	44.7
2_431	0_216	25.000	236	148	10	28	249	273	493	5.12e-06	42.4
2_431	0_40	25.854	205	123	8	29	228	339	519	6.11e-06	42.4
2_431	0_320	27.143	70	47	2	163	232	449	514	3.62e-04	36.6
2_432	0_432	99.088	1425	12	1	1	1424	1	1425	0.0	2841
2_433	0_460	86.000	50	7	0	1	50	1	50	1.20e-23	85.9
2_434	0_435	99.505	202	1	0	1	202	1	202	7.13e-145	396
2_435	0_445	99.083	218	2	0	1	218	1	218	3.80e-161	439
2_436	0_446	99.170	241	2	0	1	241	1	241	5.17e-180	488
2_437	0_464	98.131	321	1	1	1	321	1	316	0.0	623
2_438	0_421	99.502	201	1	0	1	201	1	201	3.32e-149	407
2_439	0_419	98.788	660	8	0	1	660	1	660	0.0	1321
2_439	0_529	64.756	471	143	6	189	653	77	530	0.0	594
2_439	0_529	43.333	120	40	6	1	104	1	108	9.11e-14	68.6
2_439	0_349	43.560	427	222	5	209	633	210	619	3.27e-106	330
2_439	0_468	39.121	478	225	15	188	632	90	534	2.80e-80	259
2_439	0_184	35.735	347	172	7	315	634	4	326	1.04e-58	195
2_439	0_62	31.670	461	251	12	214	632	95	533	1.46e-52	185
2_439	0_185	39.655	58	33	2	237	293	143	199	4.56e-06	42.7
2_440	0_166	93.944	3385	179	13	195	3572	1	3366	0.0	6162
2_440	0_517	100.000	154	0	0	1	154	1	154	1.45e-104	327
2_440	0_533	25.660	265	138	13	496	739	346	572	4.39e-05	43.9
2_441	0_533	93.850	3805	186	13	1	3776	1	3786	0.0	6937
2_441	0_166	25.660	265	138	13	346	572	302	545	8.61e-05	43.1
2_442	0_168	99.667	300	1	0	1	300	1	300	0.0	603
2_442	0_15	32.331	266	149	14	25	283	23	264	5.26e-24	94.0
2_442	0_282	33.824	136	63	8	16	150	4	113	4.17e-06	41.6
2_443	0_171	99.485	194	1	0	1	194	1	194	7.32e-143	390
2_443	0_170	38.509	161	94	3	4	160	3	162	6.42e-28	99.4
2_444	0_172	99.849	2652	4	0	1	2652	1	2652	0.0	5240
2_445	0_178	99.387	163	1	0	1	163	1	163	4.23e-118	325
2_446	0_267	100.000	406	0	0	1	406	6	411	0.0	810
2_447	0_268	99.556	450	2	0	1	450	1	450	0.0	897
2_448	0_302	99.265	136	1	0	1	136	1	136	4.73e-99	275
2_449	0_490	98.621	145	2	0	1	145	1	145	5.79e-105	291
2_450	0_318	99.638	276	1	0	1	276	1	276	0.0	565
2_450	0_66	27.547	265	162	10	5	249	21	275	5.21e-14	65.5
2_450	0_506	23.897	272	196	8	2	272	4	265	2.35e-11	57.4
2_450	0_101	24.074	270	159	9	1	248	1	246	3.18e-06	42.0
2_450	0_443	27.397	73	51	1	2	72	7	79	4.98e-05	38.5
2_450	0_181	25.551	227	145	10	7	224	8	219	5.92e-04	35.4
2_451	0_539	98.148	54	1	0	33	86	1	54	8.07e-35	109
2_452	0_526	98.148	54	1	0	3	56	1	54	3.78e-33	104
2_453	0_323	99.419	344	2	0	1	344	1	344	0.0	678
2_453	0_34	24.308	325	166	12	64	333	46	345	9.14e-06	41.2
2_454	0_327	99.557	2033	9	0	1	2033	1	2033	0.0	4073
2_455	0_331	99.592	490	2	0	1	490	1	490	0.0	957
2_456	0_515	95.532	470	18	1	11	477	11	480	0.0	824
2_456	0_530	95.187	187	9	0	291	477	1	187	1.89e-130	370
2_457	0_192	95.469	618	27	1	1	618	1	617	0.0	1201
2_457	0_475	37.179	78	31	4	124	191	197	266	7.41e-04	37.0
2_458	0_196	99.663	594	2	0	1	594	1	594	0.0	1186
2_458	0_221	28.571	630	324	21	34	582	29	613	8.20e-45	165
2_459	0_206	99.655	579	2	0	1	579	1	579	0.0	1175
2_459	0_507	23.592	373	216	15	197	551	38	359	7.63e-04	36.6
2_460	0_495	99.784	462	1	0	1	462	1	462	0.0	930
2_461	0_222	98.780	820	5	2	1	818	1	817	0.0	1656
2_461	0_496	28.734	616	325	23	252	805	246	809	1.06e-45	171
2_462	0_51	76.536	814	178	7	1	810	1	805	0.0	1237
2_462	0_50	45.455	836	397	16	1	808	1	805	0.0	620
2_462	0_427	32.653	833	454	24	1	780	1	779	5.38e-101	326
2_462	0_190	71.667	60	17	0	8	67	3	62	5.21e-24	90.9
2_463	0_68	99.755	408	1	0	1	408	1	408	0.0	823
2_464	0_69	99.731	372	1	0	1	372	1	372	0.0	762
2_465	0_508	99.512	615	3	0	1	615	1	615	0.0	1262
2_466	0_78	99.557	451	2	0	1	451	1	451	0.0	915
2_467	0_51	98.383	804	12	1	1	803	1	804	0.0	1574
2_467	0_50	46.396	763	382	12	27	787	45	782	0.0	599
2_467	0_427	33.865	815	461	26	1	774	1	778	1.16e-105	338
2_467	0_190	78.689	61	13	0	8	68	3	63	1.40e-28	103
2_468	0_239	99.681	627	2	0	1	627	405	1031	0.0	1254
2_469	0_247	99.583	720	3	0	1	720	1	720	0.0	1479
2_470	0_254	98.901	91	1	0	1	91	1	91	3.32e-62	178
2_471	0_265	99.537	216	1	0	1	216	1	216	4.62e-146	400
2_472	0_396	99.755	408	1	0	1	408	1	408	0.0	822
2_473	0_49	99.130	115	1	0	1	115	1	115	6.34e-73	222
2_473	0_514	73.077	104	28	0	5	108	8	111	1.39e-45	150
2_473	0_583	67.308	104	31	1	27	130	25	125	6.01e-38	120
2_473	0_542	64.286	56	20	0	53	108	10	65	2.14e-19	77.4
2_474	0_46	99.634	273	1	0	1	273	1	273	0.0	562
2_475	0_531	98.992	496	5	0	1	496	1	496	0.0	964
2_475	0_572	28.000	400	244	15	122	489	194	581	5.27e-23	97.1
2_476	0_43	98.299	1176	16	2	1	1175	1	1173	0.0	2311
2_476	0_115	32.197	264	157	5	7	261	5	255	5.19e-29	120
2_476	0_115	25.735	272	158	12	711	970	534	773	1.57e-07	50.1
2_476	0_95	32.258	248	151	8	10	252	13	248	6.15e-24	103
2_476	0_95	28.016	257	150	12	729	969	496	733	2.00e-05	43.1
2_476	0_460	28.931	159	100	4	6	161	2	150	5.54e-11	61.6
2_476	0_4	22.938	388	251	14	7	383	2	352	1.66e-05	43.5
2_476	0_112	39.474	38	23	0	281	318	260	297	4.50e-04	38.9
2_477	0_42	99.095	1216	9	1	1	1216	1	1214	0.0	2405
2_477	0_116	31.677	322	209	5	1	314	4	322	4.21e-42	162
2_477	0_116	26.923	286	166	8	723	1004	521	767	5.47e-16	77.8
2_477	0_116	37.500	96	57	3	472	566	357	450	4.73e-10	58.5
2_477	0_96	33.217	286	181	5	3	285	11	289	4.04e-35	139
2_477	0_96	30.928	291	137	10	740	1018	545	783	2.74e-23	101
2_477	0_96	32.231	121	72	5	477	594	361	474	1.68e-05	43.5
2_477	0_5	25.714	245	153	5	10	249	1	221	8.22e-15	73.9
2_477	0_461	26.556	241	150	8	1	234	1	221	4.35e-11	62.0
2_477	0_461	27.397	146	82	7	970	1104	851	983	2.27e-04	39.7
2_477	0_111	22.624	221	146	6	14	234	31	226	7.93e-05	41.2
2_478	0_516	96.992	133	4	0	1	133	1	133	2.49e-89	250
2_479	0_403	99.310	145	1	0	1	145	1	145	1.18e-101	282
2_480	0_498	99.752	404	1	0	1	404	1	404	0.0	811
2_481	0_410	99.471	946	5	0	1	946	1	946	0.0	1854
2_482	0_416	99.629	539	2	0	1	539	1	539	0.0	1045
2_482	0_40	29.081	533	352	10	7	533	8	520	6.06e-49	172
2_482	0_41	31.132	212	136	3	331	538	321	526	3.60e-30	118
2_482	0_417	38.914	221	127	7	322	538	320	536	6.16e-30	118
2_482	0_88	35.204	196	109	5	348	531	16	205	8.18e-19	81.3
2_482	0_48	29.717	212	130	8	336	539	1	201	4.14e-15	72.8
2_482	0_473	30.412	194	125	6	336	525	1	188	3.70e-13	66.6
2_482	0_47	26.415	212	137	7	336	539	1	201	6.03e-12	62.8
2_482	0_277	31.138	167	94	7	369	522	502	660	7.03e-10	55.8
2_482	0_424	31.522	184	108	8	354	528	24	198	4.25e-09	52.0
2_482	0_320	23.853	218	133	6	336	525	1	213	6.41e-09	52.8
2_482	0_216	31.694	183	103	8	355	522	26	201	2.79e-08	50.4
2_482	0_173	25.510	196	125	7	351	532	79	267	5.92e-08	48.9
2_482	0_164	38.983	59	33	1	467	522	618	676	5.98e-07	46.6
2_482	0_2	27.778	90	61	2	452	538	493	581	1.33e-06	45.4
2_482	0_163	29.612	206	115	11	351	532	29	228	3.97e-06	43.5
2_482	0_11	29.412	85	52	2	441	522	172	251	4.79e-06	43.1
2_482	0_131	30.769	78	53	1	327	404	1	77	8.19e-06	42.7
2_482	0_131	35.294	68	41	1	464	528	229	296	6.35e-05	39.7
2_482	0_326	38.983	59	33	1	467	522	281	339	5.82e-05	40.0
2_482	0_188	26.214	206	132	7	336	523	9	212	1.44e-04	38.1
2_483	0_229	99.092	771	7	0	1	771	69	839	0.0	1553
2_483	0_223	30.838	334	202	9	320	651	285	591	1.85e-34	135
2_483	0_223	57.447	94	13	3	1	75	69	154	1.43e-18	84.7
2_483	0_580	28.829	333	192	12	321	639	197	498	8.61e-28	114
2_483	0_478	64.198	81	29	0	211	291	232	312	9.21e-26	107
2_484	0_181	99.553	447	2	0	1	447	1	447	0.0	882
2_484	0_506	31.878	229	138	9	1	221	1	219	1.06e-16	74.7
2_484	0_101	28.044	271	160	14	3	254	4	258	1.98e-08	49.7
2_484	0_443	22.305	269	160	7	8	246	12	261	3.10e-06	43.1
2_485	0_182	99.572	701	3	0	1	701	1	701	0.0	1379
2_486	0_469	99.618	524	2	0	1	524	1	524	0.0	1013
2_486	0_119	24.301	465	302	18	4	429	9	462	9.32e-14	68.2
2_487	0_10	99.516	620	3	0	1	620	1	620	0.0	1242
2_488	0_507	100.000	311	0	0	1	311	169	479	0.0	626
2_488	0_206	28.571	126	73	4	72	191	437	551	5.87e-04	35.8
2_489	0_99	98.462	65	1	0	1	65	1	65	3.31e-44	131
2_490	0_96	99.509	1018	5	0	1	1018	1	1018	0.0	1971
2_490	0_116	26.519	1086	687	33	6	1015	1	1051	3.72e-78	272
2_490	0_42	32.867	286	182	5	11	289	3	285	1.43e-34	137
2_490	0_42	30.928	291	137	10	545	783	738	1016	2.03e-23	101
2_490	0_42	32.231	121	72	5	361	474	477	594	1.72e-05	43.1
2_490	0_5	27.083	240	153	8	18	255	1	220	2.19e-10	58.9
2_490	0_461	21.375	800	478	30	11	699	2	761	1.55e-09	56.6
2_490	0_111	25.112	446	278	14	14	436	18	430	1.75e-07	49.7
2_491	0_95	99.548	664	3	0	1	664	1	664	0.0	1304
2_491	0_115	28.914	709	449	15	1	664	1	699	3.76e-69	239
2_491	0_43	31.855	248	152	8	13	248	10	252	9.01e-24	101
2_491	0_460	26.923	156	100	7	12	159	7	156	3.51e-07	47.8
2_492	0_94	98.621	145	2	0	1	145	1	145	8.94e-102	283
2_493	0_93	99.311	871	6	0	1	871	1	871	0.0	1702
2_494	0_89	99.667	300	1	0	1	300	1	300	0.0	600
2_494	0_88	34.188	234	133	6	22	254	19	232	4.06e-35	123
2_494	0_131	35.897	156	87	5	130	276	204	355	3.47e-19	82.0
2_494	0_131	25.962	104	55	3	21	123	24	106	4.20e-05	39.3
2_494	0_424	27.854	219	136	3	22	240	21	217	1.20e-18	78.2
2_494	0_164	39.091	110	66	1	140	248	599	708	1.08e-16	75.1
2_494	0_164	38.462	39	23	1	10	48	12	49	0.001	35.0
2_494	0_473	28.169	213	122	8	23	232	17	201	1.24e-16	74.7
2_494	0_326	36.842	114	71	1	136	248	258	371	5.70e-16	72.4
2_494	0_48	27.700	213	129	6	24	236	18	205	6.05e-15	69.7
2_494	0_216	29.018	224	132	5	22	239	22	224	1.07e-14	68.6
2_494	0_216	21.127	213	161	4	26	236	277	484	1.08e-05	41.2
2_494	0_459	25.000	236	140	7	14	237	13	223	2.80e-14	67.4
2_494	0_459	28.054	221	130	8	27	236	287	489	9.82e-14	65.9
2_494	0_47	25.238	210	126	6	23	229	17	198	3.07e-14	67.4
2_494	0_173	29.327	208	109	8	21	217	78	258	2.99e-13	63.5
2_494	0_11	25.600	250	143	8	27	237	27	272	6.07e-13	63.2
2_494	0_2	25.806	155	88	3	152	279	501	655	1.01e-12	62.8
2_494	0_2	30.952	84	39	3	22	105	53	117	5.07e-06	42.4
2_494	0_163	27.197	239	155	8	20	250	27	254	8.35e-11	56.6
2_494	0_188	31.646	79	53	1	158	235	153	231	2.51e-10	54.3
2_494	0_320	25.714	210	124	7	26	219	20	213	6.82e-08	48.1
2_494	0_104	32.051	78	50	1	145	219	820	897	4.09e-07	45.8
2_494	0_104	28.090	89	62	1	136	222	470	558	1.21e-06	44.3
2_494	0_417	22.527	182	118	4	37	218	364	522	9.13e-06	41.2
2_494	0_40	24.878	205	116	6	22	219	339	512	1.47e-05	40.8
2_495	0_427	99.877	810	1	0	1	810	1	810	0.0	1617
2_495	0_51	34.462	827	441	29	1	778	1	775	1.55e-106	340
2_495	0_50	35.593	826	424	31	1	776	1	768	6.48e-104	333
2_495	0_190	43.284	67	31	2	14	73	9	75	1.01e-08	47.8
2_496	0_475	99.462	743	4	0	1	743	1	743	0.0	1475
2_496	0_0	25.878	769	431	26	6	727	16	692	2.64e-44	164
2_496	0_192	37.179	78	31	4	197	266	124	191	7.60e-04	37.0
2_497	0_1	99.379	322	2	0	1	322	1	322	0.0	650
2_498	0_5	100.000	62	0	0	1	62	876	937	9.53e-39	129
2_499	0_3	100.000	217	0	0	1	217	120	336	1.04e-154	427
2_499	0_549	22.414	116	87	2	1	116	103	215	2.32e-04	35.8
2_500	0_535	90.625	96	9	0	1	96	297	392	1.22e-57	178
2_500	0_542	79.348	92	19	0	5	96	369	460	2.15e-49	158
2_500	0_577	77.660	94	20	1	3	96	308	400	8.98e-47	150
2_500	0_514	78.261	92	19	1	5	96	449	539	2.52e-45	148
2_500	0_49	60.417	96	36	2	1	96	390	483	3.70e-34	117
2_501	0_391	51.282	78	38	0	2	79	381	458	1.69e-23	87.0
2_503	0_49	98.848	434	5	0	1	434	123	556	0.0	877
2_503	0_542	48.380	463	194	14	1	433	79	526	2.45e-119	353
2_503	0_577	45.455	484	196	13	1	433	2	468	2.27e-110	328
2_503	0_535	43.192	426	184	13	1	392	17	418	9.53e-99	298
2_503	0_514	43.049	446	193	13	1	392	127	565	4.12e-92	285
2_504	0_541	100.000	55	0	0	1	55	1	55	5.56e-35	107
2_505	0_544	100.000	288	0	0	1	288	1	288	0.0	563
2_506	0_187	99.747	396	1	0	1	396	1	396	0.0	805
2_507	0_548	99.806	516	1	0	1	516	1	516	0.0	1030
2_508	0_150	99.275	138	1	0	1	138	319	456	9.68e-93	270
2_509	0_545	98.253	229	4	0	1	229	1	229	1.13e-164	449
2_510	0_553	99.208	379	3	0	35	413	1	379	0.0	722
2_511	0_547	99.620	263	1	0	1	263	1	263	0.0	511
2_511	0_380	33.846	65	33	4	113	171	5	65	1.73e-04	37.0
2_511	0_353	35.000	60	27	2	113	164	159	214	3.44e-04	35.8
2_512	0_366	99.396	331	2	0	1	331	1	331	0.0	663
2_513	0_40	99.250	533	4	0	1	533	1	533	0.0	1031
2_513	0_416	28.983	521	348	9	16	520	19	533	7.38e-48	169
2_513	0_41	29.287	519	311	21	20	513	27	514	1.24e-24	102
2_513	0_417	35.407	209	123	6	319	520	328	531	8.71e-24	99.4
2_513	0_88	32.057	209	122	8	324	517	1	204	1.47e-13	65.9
2_513	0_48	28.365	208	110	6	324	512	1	188	4.98e-11	59.7
2_513	0_320	28.342	187	110	5	324	486	1	187	1.96e-10	57.4
2_513	0_459	29.545	220	114	7	320	513	2	206	2.32e-10	57.4
2_513	0_473	27.570	214	128	8	324	525	1	199	2.23e-09	54.3
2_513	0_424	28.646	192	103	6	340	513	22	197	3.89e-09	52.0
2_513	0_47	28.866	194	127	6	324	512	1	188	6.34e-09	52.8
2_513	0_277	28.042	189	107	7	317	489	463	638	6.42e-09	52.8
2_513	0_131	36.232	69	44	0	324	392	10	78	2.30e-07	47.8
2_513	0_131	32.710	107	55	3	419	514	193	293	9.43e-06	42.4
2_513	0_173	25.405	185	120	5	339	510	79	258	3.34e-07	46.6
2_513	0_2	34.247	73	48	0	322	394	36	108	5.02e-07	47.0
2_513	0_2	28.788	132	78	6	393	515	448	572	4.92e-05	40.4
2_513	0_326	29.412	85	53	2	308	388	30	111	1.98e-04	38.1
2_513	0_11	50.000	46	23	0	325	370	8	53	6.68e-04	36.6
2_513	0_216	43.182	44	25	0	343	386	26	69	7.12e-04	36.6
2_513	0_163	26.341	205	122	8	339	519	29	228	7.36e-04	36.2
2_513	0_164	37.313	67	38	2	449	511	612	678	8.41e-04	36.6
2_514	0_501	99.656	582	2	0	1	582	1	582	0.0	1155
2_514	0_148	35.516	397	209	11	37	417	60	425	4.59e-55	196
2_514	0_567	30.137	292	156	8	37	312	25	284	6.27e-31	117
2_514	0_568	36.170	94	37	4	325	409	5	84	1.67e-05	42.0
2_515	0_571	99.010	101	1	0	1	101	3	103	1.06e-63	203
2_515	0_393	27.966	354	203	13	268	604	345	663	4.25e-19	86.3
2_516	0_64	99.664	298	1	0	1	298	1	298	0.0	602
2_517	0_468	99.804	510	1	0	1	510	27	536	0.0	1017
2_517	0_184	65.644	326	103	4	192	510	3	326	1.49e-145	416
2_517	0_419	38.912	478	226	15	64	508	188	632	1.07e-79	257
2_517	0_529	35.785	503	257	20	36	508	43	509	2.23e-74	240
2_517	0_349	36.432	398	216	10	125	509	246	619	1.05e-60	205
2_517	0_185	56.497	177	67	3	1	171	27	199	4.52e-55	179
2_517	0_62	31.614	446	261	9	96	508	99	533	1.18e-51	179
2_518	0_115	97.407	1080	16	2	1	1080	1	1068	0.0	2106
2_518	0_95	29.003	1093	658	30	13	1078	17	1018	1.78e-115	377
2_518	0_43	29.947	374	210	11	5	335	7	371	5.32e-30	123
2_518	0_43	24.272	412	213	16	445	777	584	975	4.54e-11	61.6
2_518	0_460	29.677	155	101	3	13	161	10	162	2.56e-13	68.9
2_518	0_4	27.523	218	124	7	17	201	9	225	2.83e-08	52.4
2_519	0_461	98.409	1823	26	2	1	1823	1	1820	0.0	3604
2_519	0_116	24.000	525	298	17	4	486	6	471	2.64e-13	69.7
2_519	0_42	26.556	241	150	8	1	221	1	234	5.23e-11	62.4
2_519	0_96	22.636	751	436	32	2	711	11	657	4.32e-09	55.8
2_519	0_5	27.426	237	147	7	13	239	3	224	3.29e-08	52.8
2_519	0_111	22.944	462	296	16	5	453	16	430	2.62e-04	40.0
2_520	0_572	98.132	589	3	2	1	581	1	589	0.0	1128
2_520	0_531	27.750	400	245	15	186	573	122	489	2.50e-22	95.1
2_521	0_551	96.441	590	20	1	1	590	1	589	0.0	1122
2_522	0_523	88.764	267	9	1	1	246	1	267	2.61e-164	450
2_523	0_242	99.867	753	1	0	1	753	1	753	0.0	1524
2_524	0_185	99.029	206	2	0	1	206	1	206	2.50e-147	404
2_524	0_468	62.562	203	66	3	1	199	1	197	3.75e-77	236
2_524	0_529	30.476	210	115	9	6	206	5	192	6.58e-13	61.2
2_524	0_419	39.655	58	33	2	143	199	237	293	1.35e-06	42.7
2_524	0_349	42.857	42	23	1	144	185	238	278	7.16e-04	34.3
2_525	0_5	99.543	876	4	0	34	909	1	876	0.0	1743
2_525	0_42	24.400	250	165	5	24	254	5	249	1.16e-14	72.8
2_525	0_116	24.010	404	243	14	31	394	15	394	7.77e-13	67.0
2_525	0_96	26.953	256	166	7	11	253	8	255	2.47e-11	62.0
2_525	0_111	25.755	629	373	27	12	593	4	585	7.80e-10	57.0
2_525	0_461	27.160	243	152	7	30	257	7	239	2.36e-08	52.4
2_526	0_577	99.686	318	1	0	1	318	48	365	0.0	640
2_526	0_542	40.653	337	145	15	1	318	125	425	3.18e-52	174
2_526	0_49	38.462	325	137	12	7	318	175	449	2.09e-44	154
2_526	0_514	71.831	71	20	0	1	71	173	243	1.29e-26	104
2_526	0_514	75.000	56	14	0	263	318	449	504	2.33e-23	95.1
2_526	0_535	58.025	81	31	1	1	78	61	141	5.60e-22	90.5
2_526	0_535	61.644	73	24	2	247	318	288	357	4.72e-21	87.8
2_527	0_542	99.310	290	2	0	1	290	136	425	0.0	590
2_527	0_535	49.310	290	143	3	1	290	72	357	1.98e-91	274
2_527	0_49	42.809	299	133	12	1	290	180	449	3.34e-53	177
2_527	0_577	38.957	326	144	15	1	290	59	365	5.53e-47	159
2_527	0_514	36.145	332	159	10	1	290	184	504	7.50e-44	152
2_528	0_172	36.620	71	39	2	6	76	2263	2327	1.05e-07	42.0
2_529	0_565	100.000	86	0	0	1	86	1	86	1.33e-59	171
2_530	0_477	100.000	319	0	0	1	319	8	326	0.0	633
2_531	0_12	98.266	173	3	0	1	173	1	173	9.93e-117	327
2_531	0_550	98.462	65	1	0	214	278	1	65	1.06e-40	130
2_531	0_474	24.364	275	181	13	5	260	32	298	1.78e-09	52.0
2_532	0_566	99.839	620	1	0	1	620	1	620	0.0	1247
2_533	0_574	100.000	40	0	0	1	40	1	40	7.87e-22	73.2
2_534	0_127	99.438	178	1	0	1	178	104	281	2.40e-130	362
2_535	0_127	98.485	66	1	0	1	66	1	66	1.48e-40	128
2_536	0_554	98.785	576	7	0	1	576	1	576	0.0	1109
2_536	0_473	26.446	363	210	17	40	382	252	577	3.18e-09	53.9
2_537	0_130	99.164	359	3	0	1	359	1	359	0.0	714
2_538	0_573	99.831	591	1	0	1	591	1	591	0.0	1167
2_539	0_193	98.473	131	2	0	12	142	1	131	4.08e-92	258
2_539	0_157	31.111	135	91	1	4	136	167	301	3.24e-17	71.6
2_540	0_239	99.745	392	1	0	1	392	1	392	0.0	786
2_541	0_243	100.000	154	0	0	1	154	58	211	5.17e-107	299
2_542	0_549	98.675	302	4	0	6	307	1	302	0.0	565
2_542	0_3	25.413	303	204	10	27	309	36	336	4.85e-10	54.3
2_543	0_49	45.217	115	56	3	1	115	7	114	1.35e-23	89.0
2_543	0_514	47.170	106	49	3	4	109	13	111	4.15e-21	82.0
2_543	0_583	50.588	85	38	2	25	109	26	106	8.04e-21	76.3
2_543	0_542	60.784	51	19	1	57	107	14	63	6.88e-13	58.5
2_544	0_349	97.468	632	6	1	1	632	1	622	0.0	1223
2_544	0_529	39.794	485	270	6	152	629	41	510	7.27e-108	331
2_544	0_419	42.857	427	225	5	220	629	209	633	1.53e-104	326
2_544	0_468	31.826	553	309	17	110	629	18	535	1.84e-60	206
2_544	0_62	30.260	423	247	9	247	628	118	533	8.25e-47	168
2_544	0_184	32.831	332	180	9	327	628	6	324	3.72e-40	144
2_545	0_555	99.639	277	1	0	1	277	1	277	0.0	538
2_546	0_562	99.454	183	1	0	1	183	1	183	1.67e-124	343
2_547	0_578	94.611	167	9	0	4	170	121	287	4.68e-116	326
2_547	0_157	30.625	160	108	3	11	170	402	558	9.91e-20	80.1
2_547	0_558	90.625	32	3	0	139	170	1	32	6.30e-17	65.9
2_548	0_223	98.645	664	9	0	1	664	69	732	0.0	1321
2_548	0_580	37.952	664	342	20	20	639	2	639	9.58e-125	380
2_548	0_229	30.240	334	204	9	217	523	388	719	4.69e-33	130
2_548	0_229	65.517	87	17	3	1	86	69	143	1.85e-06	45.4
2_549	0_563	99.588	486	2	0	1	486	1	486	0.0	963
2_550	0_556	99.639	277	1	0	1	277	1	277	0.0	543
2_551	0_568	98.762	646	8	0	291	936	1	646	0.0	1219
2_551	0_567	98.955	287	3	0	1	287	3	289	0.0	574
2_551	0_148	30.460	870	556	19	8	858	45	884	7.36e-90	309
2_551	0_501	30.402	398	206	11	23	374	37	409	7.32e-40	150
2_552	0_460	95.199	1333	34	4	1	1316	55	1374	0.0	2422
2_552	0_115	32.407	108	67	2	1	108	60	161	1.44e-08	53.5
2_552	0_95	29.897	97	62	3	6	102	69	159	5.53e-06	45.1
2_552	0_43	30.526	95	59	2	6	96	70	161	8.30e-06	44.7
2_552	0_4	30.864	162	92	7	1	155	60	208	2.51e-05	43.1
2_553	0_273	98.889	180	2	0	1	180	34	213	9.01e-131	360
2_554	0_279	99.219	128	1	0	128	255	1	128	8.09e-89	254
2_555	0_578	97.368	114	1	1	1	114	1	112	1.47e-72	213
2_555	0_157	34.000	50	33	0	64	113	336	385	6.55e-04	32.7
2_556	0_552	98.202	723	10	1	1	720	1	723	0.0	1400
2_556	0_240	42.857	56	28	1	13	64	8	63	2.99e-07	47.4
2_556	0_86	32.381	105	65	3	74	174	37	139	2.28e-05	41.2
2_557	0_561	99.788	945	2	0	1	945	27	971	0.0	1893
2_558	0_534	98.805	251	3	0	1	251	2	252	4.37e-180	489
2_558	0_406	29.252	147	97	3	110	251	82	226	1.03e-08	48.9
2_559	0_543	98.913	184	2	0	18	201	1	184	1.10e-127	352
2_560	0_416	61.376	189	73	0	3	191	351	539	1.13e-74	229
2_560	0_41	34.682	173	107	4	5	175	343	511	2.49e-25	96.7
2_560	0_40	36.464	181	112	3	6	185	342	520	4.67e-25	95.9
2_560	0_417	37.500	192	112	3	3	190	349	536	1.99e-22	88.6
2_560	0_424	30.286	175	111	5	6	174	24	193	6.17e-14	62.8
2_560	0_173	26.882	186	117	6	2	174	78	257	2.02e-12	59.3
2_560	0_88	33.854	192	101	8	12	188	28	208	4.82e-12	57.8
2_560	0_473	30.481	187	104	8	3	177	16	188	2.10e-11	56.6
2_560	0_277	30.636	173	105	6	19	182	500	666	3.69e-11	55.8
2_560	0_216	30.337	178	108	4	9	174	28	201	1.62e-10	53.9
2_560	0_459	24.479	192	130	7	4	182	22	211	5.47e-10	52.4
2_560	0_459	38.158	76	39	4	99	170	396	467	2.29e-04	35.8
2_560	0_48	28.889	180	116	5	3	177	16	188	1.12e-09	51.6
2_560	0_47	27.684	177	117	5	3	175	16	185	5.88e-08	46.6
2_560	0_131	35.652	115	65	5	66	177	185	293	1.11e-07	45.4
2_560	0_164	38.983	59	33	1	119	174	618	676	1.45e-06	42.4
2_560	0_2	38.298	47	29	0	104	150	493	539	3.00e-06	41.6
2_560	0_320	24.771	218	128	8	3	191	16	226	3.91e-06	41.2
2_560	0_11	30.952	84	50	2	94	174	173	251	1.22e-05	39.3
2_560	0_326	37.288	59	34	1	119	174	281	339	5.73e-05	37.4
2_561	0_184	99.693	326	1	0	35	360	1	326	0.0	655
2_561	0_468	65.789	342	108	4	21	360	202	536	3.59e-154	439
2_561	0_419	35.635	362	182	7	23	360	300	634	1.84e-60	201
2_561	0_529	34.104	346	185	7	28	360	196	511	6.09e-56	186
2_561	0_62	31.989	372	210	8	14	358	178	533	6.33e-46	159
2_561	0_349	33.429	350	190	9	23	359	300	619	6.23e-44	155
2_562	0_557	98.942	378	4	0	1	378	1	378	0.0	725
2_563	0_514	99.394	495	3	0	16	510	112	606	0.0	984
2_563	0_535	54.379	491	171	16	28	510	14	459	2.11e-139	405
2_563	0_542	46.092	499	208	13	26	509	74	526	7.38e-121	360
2_563	0_577	81.818	121	22	0	30	150	1	121	6.56e-61	202
2_563	0_577	55.556	162	64	4	353	509	310	468	3.79e-48	168
2_563	0_49	71.942	139	37	2	18	154	109	247	4.47e-51	177
2_563	0_49	44.199	181	93	3	331	505	373	551	8.45e-41	149
2_564	0_507	100.000	171	0	0	1	171	1	171	2.12e-125	356
2_565	0_8	93.671	79	5	0	1	79	406	484	3.03e-43	142
2_565	0_333	33.333	78	43	3	1	74	331	403	1.43e-04	33.1
2_566	0_317	99.796	489	1	0	2	490	1	489	0.0	979
2_566	0_74	27.500	160	109	3	146	301	110	266	7.98e-12	61.6
2_566	0_74	46.809	47	22	1	440	483	489	535	3.82e-08	50.1
2_566	0_482	23.176	466	288	19	52	484	14	442	1.30e-10	57.8
2_567	0_581	100.000	23	0	0	1	23	1	23	1.34e-12	48.9
2_568	0_582	99.346	153	1	0	65	217	1	153	3.13e-112	313
2_569	0_546	99.705	339	1	0	1	339	1	339	0.0	698
