10_0	30_0	100.000	220	0	0	1	220	1	220	5.95e-159	430
10_16	30_4	25.243	206	129	8	2	197	470	660	5.21e-09	47.4
10_50	30_3	99.438	356	2	0	1	356	1	356	0.0	719
10_68	30_18	27.011	174	99	8	35	185	443	611	1.37e-04	33.9
10_81	30_4	43.137	51	22	2	25	72	475	521	1.29e-04	34.7
10_105	30_18	30.000	60	35	1	2	61	420	472	2.88e-04	30.8
10_108	30_4	31.176	170	93	7	365	519	499	659	4.24e-10	52.8
10_111	30_2	100.000	227	0	0	1	227	1	227	2.68e-166	449
10_139	30_4	33.898	59	39	0	127	185	602	660	3.85e-05	37.4
10_140	30_15	39.450	218	75	6	1	171	1	208	4.10e-37	125
10_140	30_24	40.476	42	24	1	108	149	194	234	1.70e-05	35.0
10_140	30_24	40.299	67	35	3	7	72	8	70	6.38e-04	30.4
10_156	30_4	31.034	58	40	0	128	185	602	659	2.05e-04	35.0
10_167	30_26	22.000	100	72	2	22	121	163	256	3.31e-04	32.7
10_168	30_4	37.931	58	32	1	119	176	594	647	6.30e-06	40.0
10_171	30_1	98.750	160	2	0	1	160	1	160	6.13e-113	309
10_175	30_9	100.000	197	0	0	1	197	1	197	3.39e-141	384
10_205	30_14	93.795	693	43	0	1	693	1	693	0.0	1304
10_205	30_21	42.857	84	42	3	609	690	52	131	7.34e-15	63.2
10_231	30_5	98.000	250	5	0	1	250	1	250	0.0	498
10_231	30_8	30.542	203	130	4	3	203	121	314	1.09e-18	75.1
10_237	30_4	99.411	679	4	0	1	679	1	679	0.0	1333
10_265	30_10	99.720	715	2	0	1	715	1	715	0.0	1436
10_265	30_18	31.646	79	44	2	265	334	450	527	5.60e-04	33.5
10_268	30_4	25.114	219	139	9	2	217	470	666	4.43e-06	39.7
10_312	30_4	24.870	193	103	9	36	216	497	659	4.55e-06	38.5
10_328	30_4	33.803	71	47	0	126	196	601	671	8.61e-07	42.7
10_332	30_13	97.436	117	3	0	1	117	1	117	3.01e-81	226
10_335	30_4	31.214	173	96	8	32	189	499	663	2.20e-10	53.9
10_336	30_4	25.137	183	123	5	32	204	499	677	9.56e-08	45.8
10_341	30_12	98.430	1975	31	0	1	1975	1	1975	0.0	3879
10_348	30_6	99.600	250	1	0	1	250	1	250	1.07e-177	480
10_354	30_14	96.364	110	4	0	106	215	584	693	5.95e-68	212
10_354	30_14	91.892	111	9	0	1	111	1	111	7.36e-63	199
10_354	30_21	42.857	84	42	3	131	212	52	131	6.89e-16	63.2
10_365	30_4	31.707	164	100	5	32	185	499	660	2.90e-08	47.8
10_375	30_15	96.029	554	16	2	1	548	1	554	0.0	1076
10_375	30_24	28.986	621	334	20	7	548	8	600	1.04e-70	229
10_380	30_4	25.568	176	113	6	42	213	499	660	4.73e-06	38.1
10_389	30_15	30.549	455	261	13	102	538	137	554	1.04e-52	180
10_389	30_24	29.372	446	249	11	116	538	198	600	2.16e-50	174
10_436	30_16	98.475	459	7	0	1	459	1	459	0.0	931
10_438	30_4	29.193	161	93	4	38	185	500	652	2.19e-12	57.0
10_461	30_7	97.601	542	13	0	1	542	1	542	0.0	1065
10_463	30_5	28.333	120	74	4	501	619	58	166	3.94e-05	36.6
10_471	30_4	22.941	170	118	5	37	202	499	659	2.69e-06	40.4
10_471	30_4	33.333	39	26	0	405	443	596	634	8.77e-04	32.3
10_475	30_17	99.176	607	5	0	1	607	1	607	0.0	1212
10_477	30_18	99.770	870	2	0	1	870	1	870	0.0	1749
10_486	30_4	31.250	64	42	2	41	103	499	561	5.09e-04	32.7
10_487	30_25	96.512	86	3	0	1	86	1	86	3.01e-58	169
10_523	30_19	98.289	818	14	0	1	818	1	818	0.0	1652
10_523	30_20	25.522	623	343	19	251	808	244	810	5.36e-41	152
10_531	30_4	31.606	193	102	6	319	495	455	633	9.45e-15	67.8
10_532	30_4	31.548	168	92	7	368	521	501	659	4.17e-12	59.3
10_550	30_8	98.551	345	5	0	1	345	1	345	0.0	696
10_550	30_5	31.034	203	129	4	121	314	3	203	6.83e-19	76.3
10_562	30_4	32.258	217	111	11	315	510	458	659	4.11e-13	62.4
10_595	30_4	25.000	172	102	5	32	186	499	660	8.89e-08	45.8
10_597	30_15	57.849	344	131	5	9	346	217	552	7.86e-134	384
10_597	30_24	30.495	364	197	6	7	344	263	596	3.54e-50	168
10_599	30_4	46.939	49	23	2	6	53	468	514	3.70e-04	33.1
10_613	30_20	98.905	822	9	0	1	822	1	822	0.0	1662
10_613	30_19	26.248	621	341	21	244	810	251	808	7.41e-35	133
10_613	30_11	28.037	107	49	4	721	807	485	583	4.73e-04	33.9
10_618	30_11	98.285	583	10	0	1	583	1	583	0.0	1164
10_618	30_20	27.103	107	50	4	485	583	721	807	8.30e-04	32.7
10_619	30_21	98.473	131	2	0	1	131	1	131	8.34e-94	258
10_619	30_14	42.857	84	42	3	52	131	609	690	9.43e-15	60.8
10_625	30_4	29.861	144	87	6	94	230	501	637	1.35e-10	52.8
10_634	30_4	25.495	404	263	13	122	507	272	655	4.32e-17	75.1
10_649	30_24	94.658	599	27	2	1	595	15	612	0.0	1131
10_649	30_15	34.058	414	223	11	196	583	165	554	2.53e-68	223
10_654	30_23	98.286	175	3	0	1	175	1	175	2.31e-122	334
10_656	30_4	29.755	326	182	16	44	343	349	653	1.41e-12	59.3
10_662	30_4	28.079	203	115	11	2	185	470	660	8.00e-07	42.0
10_664	30_24	38.215	437	249	4	237	654	163	597	3.90e-101	313
10_664	30_15	35.354	396	226	9	281	653	162	550	4.07e-68	224
10_668	30_26	98.925	930	10	0	1	930	46	975	0.0	1846
