5_0	3_0	100.000	336	0	0	1	336	1	336	0.0	660
5_0	3_543	25.413	303	204	10	36	336	22	304	2.40e-14	67.4
5_1	3_2	100.000	96	0	0	1	96	1	96	9.04e-66	188
5_2	3_483	99.830	589	1	0	1	589	1	589	0.0	1145
5_2	3_433	26.087	460	272	17	51	492	10	419	6.31e-22	94.0
5_3	3_293	98.936	188	2	0	1	188	1	188	2.01e-133	366
5_4	3_4	100.000	290	0	0	1	290	1	290	0.0	578
5_4	3_298	31.955	266	150	14	23	264	25	283	1.88e-23	92.4
5_5	3_5	100.000	287	0	0	1	287	1	287	0.0	577
5_5	3_65	35.827	254	122	7	1	234	1	233	4.13e-33	117
5_6	3_9	100.000	333	0	0	1	333	1	333	0.0	664
5_6	3_152	34.375	192	115	3	125	314	101	283	3.83e-25	99.8
5_7	3_10	100.000	189	0	0	1	189	1	189	2.92e-140	384
5_8	3_376	99.074	324	3	0	1	324	1	324	0.0	660
5_8	3_377	41.846	325	176	7	7	324	7	325	9.57e-57	182
5_8	3_283	22.941	340	195	13	1	296	321	637	2.86e-09	52.8
5_9	3_11	100.000	152	0	0	1	152	1	152	1.20e-110	306
5_10	3_378	99.838	619	1	0	1	619	1	619	0.0	1247
5_11	3_379	99.735	378	1	0	1	378	1	378	0.0	751
5_12	3_13	100.000	47	0	0	1	47	1	47	3.63e-30	94.7
5_13	3_14	100.000	609	0	0	1	609	1	609	0.0	1218
5_14	3_381	99.717	353	1	0	1	353	1	353	0.0	696
5_14	3_427	27.129	317	167	15	46	345	64	333	5.31e-07	45.4
5_15	3_16	100.000	321	0	0	1	321	1	321	0.0	623
5_16	3_18	100.000	50	0	0	1	50	1	50	3.84e-32	99.8
5_16	3_169	35.556	45	26	1	6	50	5	46	1.48e-04	30.0
5_17	3_20	100.000	146	0	0	1	146	1	146	2.34e-105	292
5_18	3_21	100.000	295	0	0	1	295	1	295	0.0	590
5_19	3_22	100.000	337	0	0	1	337	1	337	0.0	685
5_20	3_452	99.654	289	1	0	1	289	1	289	0.0	554
5_21	3_23	100.000	225	0	0	1	225	1	225	3.14e-168	457
5_22	3_24	100.000	173	0	0	1	173	1	173	8.45e-127	348
5_23	3_520	99.664	298	1	0	1	298	1	298	0.0	602
5_24	3_25	100.000	408	0	0	1	408	1	408	0.0	825
5_25	3_26	100.000	372	0	0	1	372	1	372	0.0	763
5_26	3_27	100.000	290	0	0	1	290	1	290	0.0	564
5_27	3_461	99.533	428	2	0	1	428	1	428	0.0	850
5_28	3_258	99.824	567	1	0	1	567	1	567	0.0	1142
5_28	3_274	28.049	246	157	9	14	247	18	255	1.55e-12	63.9
5_28	3_274	46.154	39	21	0	503	541	409	447	1.47e-05	42.0
5_28	3_561	27.338	139	98	2	110	245	146	284	3.01e-10	57.0
5_28	3_561	46.809	47	22	1	489	535	440	483	4.13e-08	50.1
5_29	3_29	100.000	413	0	0	1	413	1	413	0.0	841
5_30	3_30	100.000	177	0	0	1	177	1	177	2.10e-130	358
5_31	3_262	99.699	332	1	0	1	332	1	332	0.0	661
5_32	3_31	100.000	111	0	0	1	111	1	111	2.65e-77	218
5_33	3_465	98.370	184	3	0	1	184	1	184	3.03e-133	365
5_34	3_32	100.000	211	0	0	1	211	1	211	2.51e-155	424
5_35	3_33	100.000	291	0	0	1	291	1	291	0.0	559
5_35	3_548	32.381	105	65	3	37	139	74	174	5.88e-06	42.0
5_36	3_34	100.000	239	0	0	1	239	1	239	6.80e-175	475
5_37	3_35	100.000	300	0	0	1	300	1	300	0.0	602
5_37	3_263	34.188	234	133	6	22	254	19	232	3.37e-35	123
5_37	3_233	35.897	156	87	5	130	276	204	355	2.39e-19	82.4
5_37	3_233	25.962	104	55	3	21	123	24	106	4.84e-05	38.9
5_37	3_246	27.854	219	136	3	22	240	21	217	1.19e-18	78.2
5_37	3_292	28.638	213	121	8	23	232	17	201	3.38e-17	76.6
5_37	3_316	39.091	110	66	1	140	248	600	709	9.91e-17	75.1
5_37	3_316	38.462	39	23	1	10	48	12	49	0.001	35.0
5_37	3_206	26.778	239	140	7	27	248	147	367	3.30e-16	73.2
5_37	3_267	36.641	131	75	3	136	260	258	386	5.87e-16	72.4
5_37	3_391	28.169	213	128	6	24	236	18	205	1.57e-15	71.2
5_37	3_73	29.464	224	131	5	22	239	22	224	2.77e-15	70.5
5_37	3_73	21.127	213	161	4	26	236	277	484	1.18e-05	40.8
5_37	3_390	25.714	210	125	6	23	229	17	198	1.01e-14	68.9
5_37	3_323	25.000	236	140	7	14	237	13	223	2.20e-14	67.8
5_37	3_323	28.054	221	130	8	27	236	287	489	9.57e-14	65.9
5_37	3_285	29.327	208	109	8	21	217	78	258	4.23e-13	63.2
5_37	3_297	25.806	155	88	3	152	279	501	655	9.41e-13	63.2
5_37	3_297	30.952	84	39	3	22	105	53	117	4.60e-06	42.4
5_37	3_485	25.723	311	162	12	27	298	27	307	1.20e-12	62.4
5_37	3_317	25.726	241	156	7	20	250	27	254	7.49e-11	56.6
5_37	3_288	31.646	79	53	1	158	235	153	231	2.44e-10	54.7
5_37	3_266	25.714	210	124	7	26	219	20	213	6.59e-08	48.1
5_37	3_229	32.051	78	50	1	145	219	820	897	4.05e-07	45.8
5_37	3_229	28.090	89	62	1	136	222	470	558	1.22e-06	44.3
5_37	3_406	22.527	182	118	4	37	218	364	522	1.67e-05	40.4
5_37	3_516	24.390	205	117	6	22	219	339	512	3.75e-05	39.3
5_38	3_264	99.688	320	1	0	1	320	1	320	0.0	626
5_39	3_295	99.558	226	1	0	1	226	1	226	1.27e-170	463
5_40	3_37	100.000	280	0	0	1	280	1	280	0.0	562
5_41	3_38	100.000	269	0	0	1	269	1	269	0.0	537
5_41	3_480	26.568	271	164	13	4	258	3	254	5.40e-07	44.7
5_41	3_129	24.074	270	159	9	1	246	1	248	2.84e-06	42.0
5_41	3_219	32.203	59	40	0	188	246	183	241	1.11e-04	37.4
5_41	3_455	25.368	272	165	12	1	246	15	274	2.04e-04	36.6
5_41	3_183	32.877	73	43	1	180	246	186	258	2.65e-04	36.2
5_42	3_491	99.631	271	1	0	1	271	1	271	0.0	534
5_43	3_350	99.878	821	1	0	1	821	1	821	0.0	1661
5_43	3_375	22.437	517	375	10	10	510	6	512	1.74e-31	125
5_44	3_39	100.000	114	0	0	1	114	1	114	6.47e-84	235
5_45	3_40	100.000	169	0	0	1	169	1	169	2.22e-121	334
5_46	3_41	100.000	163	0	0	1	163	1	163	1.69e-119	329
5_47	3_42	100.000	639	0	0	1	639	1	639	0.0	1304
5_47	3_367	44.288	639	333	9	5	635	3	626	2.11e-170	496
5_48	3_342	99.068	322	3	0	1	322	1	322	0.0	647
5_49	3_43	100.000	171	0	0	1	171	1	171	3.91e-123	339
5_50	3_340	99.465	374	2	0	1	374	1	374	0.0	770
5_51	3_339	99.701	334	1	0	1	334	1	334	0.0	679
5_52	3_539	100.000	154	0	0	128	281	1	154	1.38e-109	308
5_52	3_529	98.485	66	1	0	1	66	1	66	6.18e-40	128
5_53	3_336	99.798	494	1	0	1	494	1	494	0.0	962
5_54	3_44	100.000	231	0	0	1	231	1	231	6.76e-170	462
5_55	3_334	99.640	278	1	0	1	278	1	278	0.0	539
5_55	3_93	27.350	117	73	3	110	226	48	152	1.73e-06	42.7
5_55	3_93	34.127	126	50	5	139	262	24	118	2.73e-06	42.0
5_55	3_93	33.333	93	52	3	121	213	35	117	3.33e-05	38.9
5_56	3_333	99.429	175	1	0	1	175	1	175	3.23e-125	344
5_57	3_46	100.000	236	0	0	1	236	1	236	8.82e-176	477
5_58	3_47	100.000	186	0	0	1	186	1	186	1.37e-132	364
5_59	3_48	100.000	144	0	0	1	144	1	144	5.78e-108	298
5_60	3_237	99.548	221	1	0	1	221	1	221	6.91e-161	438
5_61	3_49	100.000	204	0	0	1	204	1	204	2.17e-151	413
5_62	3_50	100.000	872	0	0	1	872	1	872	0.0	1763
5_63	3_51	100.000	402	0	0	1	402	1	402	0.0	818
5_63	3_157	27.083	288	181	10	20	301	8	272	2.97e-16	75.1
5_63	3_269	32.099	162	90	3	21	182	116	257	1.81e-13	66.2
5_63	3_158	34.091	132	84	3	16	145	8	138	2.96e-13	65.9
5_64	3_510	99.275	138	1	0	319	456	1	138	3.14e-92	270
5_64	3_238	100.000	108	0	0	1	108	1	108	1.14e-73	223
5_65	3_53	100.000	316	0	0	1	316	1	316	0.0	632
5_66	3_57	100.000	73	0	0	1	73	1	73	5.55e-53	154
5_67	3_58	100.000	201	0	0	1	201	1	201	2.33e-148	405
5_67	3_248	38.509	161	94	3	3	162	4	160	1.00e-27	99.0
5_68	3_59	100.000	271	0	0	1	271	1	271	0.0	552
5_69	3_61	100.000	110	0	0	1	110	1	110	2.10e-78	221
5_70	3_63	100.000	220	0	0	1	220	1	220	9.85e-158	430
5_71	3_268	99.606	254	1	0	1	254	1	254	0.0	522
5_72	3_436	99.512	205	1	0	1	205	1	205	3.24e-153	417
5_73	3_66	100.000	144	0	0	1	144	1	144	6.33e-107	296
5_74	3_438	99.204	377	3	0	1	377	1	377	0.0	755
5_75	3_270	99.838	617	1	0	1	617	1	617	0.0	1241
5_76	3_69	100.000	118	0	0	1	118	1	118	4.13e-79	223
5_77	3_272	99.593	246	1	0	1	246	1	246	4.67e-179	486
5_78	3_70	100.000	97	0	0	1	97	1	97	2.02e-67	192
5_79	3_72	100.000	184	0	0	1	184	1	184	1.26e-136	374
5_80	3_73	100.000	508	0	0	1	508	1	508	0.0	1011
5_80	3_323	30.469	512	327	14	12	505	11	511	4.49e-54	185
5_80	3_246	34.498	229	125	6	26	245	25	237	1.08e-23	94.7
5_80	3_246	32.051	78	53	0	407	484	136	213	7.97e-07	44.7
5_80	3_390	32.673	202	122	5	12	211	6	195	8.78e-16	74.7
5_80	3_292	29.630	216	130	6	8	217	2	201	1.69e-13	67.4
5_80	3_292	24.229	227	142	7	261	482	2	203	8.80e-04	36.2
5_80	3_35	29.464	224	131	5	22	224	22	239	2.53e-13	65.1
5_80	3_35	21.127	213	161	4	277	484	26	236	2.48e-04	37.4
5_80	3_391	29.524	210	134	5	12	221	10	205	1.13e-12	64.7
5_80	3_391	28.326	233	135	9	261	487	2	208	4.90e-09	53.1
5_80	3_263	32.143	196	124	6	31	223	28	217	1.02e-11	60.1
5_80	3_266	26.271	236	145	9	8	221	2	230	6.07e-10	55.8
5_80	3_266	32.432	74	47	2	149	222	453	523	3.19e-04	37.4
5_80	3_285	25.405	185	119	6	26	201	83	257	9.95e-09	51.2
5_80	3_285	23.387	248	159	10	244	487	59	279	1.13e-05	41.6
5_80	3_206	28.444	225	127	11	23	224	145	358	1.81e-08	50.8
5_80	3_206	25.106	235	140	8	278	493	147	364	1.22e-05	42.0
5_80	3_405	31.694	183	103	8	26	201	355	522	2.49e-08	50.8
5_80	3_297	30.476	105	70	1	7	111	38	139	3.54e-08	50.4
5_80	3_297	25.974	77	56	1	407	482	508	584	4.65e-04	37.0
5_80	3_485	28.030	132	86	4	356	484	146	271	2.65e-07	47.0
5_80	3_551	31.034	145	86	3	40	180	21	155	2.67e-07	45.8
5_80	3_233	30.488	82	54	2	407	486	232	312	3.94e-07	46.6
5_80	3_233	28.333	60	43	0	8	67	11	70	4.28e-04	37.0
5_80	3_288	23.148	216	153	7	14	220	20	231	1.91e-06	43.9
5_80	3_288	24.180	244	146	10	277	503	30	251	2.59e-04	37.4
5_80	3_316	25.532	94	63	2	398	487	610	700	6.04e-06	43.1
5_80	3_267	25.954	131	94	2	357	484	229	359	1.33e-05	42.0
5_80	3_406	25.568	176	111	6	36	205	363	524	3.57e-05	40.4
5_80	3_385	25.000	184	124	4	27	208	346	517	3.53e-04	37.4
5_80	3_317	25.000	236	148	10	273	493	28	249	3.89e-04	37.0
5_80	3_516	43.182	44	25	0	26	69	343	386	6.50e-04	36.6
5_81	3_75	100.000	184	0	0	1	184	1	184	6.11e-138	377
5_82	3_76	100.000	89	0	0	1	89	1	89	2.36e-60	174
5_83	3_77	100.000	165	0	0	1	165	1	165	6.37e-118	325
5_84	3_78	100.000	1411	0	0	1	1411	1	1411	0.0	2888
5_85	3_496	98.561	139	2	0	1	139	1	139	3.16e-98	273
5_86	3_79	100.000	534	0	0	1	534	1	534	0.0	1088
5_87	3_80	100.000	214	0	0	1	214	1	214	2.72e-154	421
5_88	3_82	100.000	120	0	0	1	120	1	120	5.75e-85	238
5_89	3_83	100.000	227	0	0	1	227	1	227	1.93e-169	461
5_90	3_84	100.000	87	0	0	1	87	1	87	1.77e-62	179
5_91	3_86	100.000	753	0	0	1	753	1	753	0.0	1524
5_92	3_88	100.000	109	0	0	1	109	1	109	1.15e-79	224
5_93	3_89	100.000	155	0	0	1	155	1	155	8.10e-113	311
5_94	3_90	100.000	64	0	0	1	64	1	64	6.80e-43	127
5_95	3_91	100.000	116	0	0	1	116	1	116	4.07e-83	233
5_96	3_92	100.000	478	0	0	1	478	1	478	0.0	968
5_97	3_95	100.000	356	0	0	1	356	1	356	0.0	721
5_98	3_97	100.000	84	0	0	1	84	1	84	2.19e-57	166
5_99	3_521	99.296	284	2	0	1	284	1	284	0.0	570
5_99	3_261	37.143	105	61	3	37	141	22	121	4.24e-14	65.5
5_100	3_98	100.000	369	0	0	1	369	1	369	0.0	745
5_101	3_99	100.000	489	0	0	1	489	1	489	0.0	965
5_102	3_471	99.446	361	2	0	1	361	1	361	0.0	731
5_103	3_411	99.778	450	1	0	1	450	1	450	0.0	899
5_104	3_103	100.000	216	0	0	1	216	1	216	1.04e-156	427
5_104	3_554	25.654	191	131	5	28	214	54	237	6.26e-10	52.0
5_105	3_104	100.000	193	0	0	1	193	1	193	2.85e-139	381
5_106	3_413	98.925	186	2	0	1	186	1	186	6.27e-136	372
5_106	3_101	26.772	127	68	4	46	151	81	203	2.14e-04	35.4
5_107	3_545	98.889	180	2	0	34	213	1	180	1.05e-130	360
5_108	3_414	99.317	293	2	0	1	293	1	293	0.0	582
5_108	3_156	29.530	149	90	6	9	152	5	143	3.11e-09	52.0
5_108	3_156	26.220	164	110	4	9	162	173	335	2.82e-06	42.7
5_108	3_130	37.705	61	35	1	5	65	218	275	4.09e-05	39.3
5_108	3_172	39.344	61	33	3	10	69	19	76	2.42e-04	35.8
5_109	3_105	100.000	131	0	0	1	131	1	131	2.97e-94	263
5_110	3_106	100.000	150	0	0	1	150	1	150	1.60e-109	303
5_111	3_446	99.853	679	1	0	2	680	1	679	0.0	1342
5_111	3_406	27.719	285	184	6	358	634	225	495	3.46e-14	70.1
5_111	3_385	32.184	174	95	8	495	660	352	510	8.92e-11	59.3
5_111	3_391	31.285	179	100	8	500	670	32	195	5.23e-10	57.0
5_111	3_246	29.630	189	109	7	501	679	38	212	7.30e-10	54.7
5_111	3_405	31.138	167	94	7	502	660	369	522	7.34e-10	56.2
5_111	3_551	30.496	141	90	3	502	640	21	155	2.00e-09	52.4
5_111	3_516	28.042	189	107	7	463	638	317	489	7.26e-09	53.1
5_111	3_285	29.167	168	103	8	502	660	97	257	4.09e-08	50.1
5_111	3_390	24.479	192	131	5	491	678	23	204	2.46e-07	48.1
5_111	3_263	25.359	209	123	8	464	661	11	197	3.60e-07	46.6
5_111	3_323	22.353	170	119	4	500	660	37	202	4.82e-05	40.8
5_111	3_292	24.510	204	131	6	469	670	13	195	1.19e-04	39.7
5_111	3_288	28.814	177	108	5	498	660	40	212	3.46e-04	37.4
5_111	3_485	45.588	68	27	4	466	525	4	69	5.11e-04	37.4
5_111	3_266	25.126	199	105	10	500	667	32	217	5.94e-04	37.4
5_112	3_282	99.582	239	1	0	1	239	1	239	3.37e-175	476
5_113	3_107	100.000	332	0	0	1	332	1	332	0.0	667
5_114	3_108	100.000	134	0	0	1	134	1	134	3.30e-97	270
5_115	3_109	100.000	137	0	0	1	137	1	137	1.88e-97	271
5_116	3_110	100.000	37	0	0	1	37	1	37	1.08e-20	70.1
5_117	3_111	100.000	75	0	0	1	75	1	75	3.27e-53	154
5_118	3_112	100.000	250	0	0	1	250	1	250	0.0	511
5_118	3_17	27.451	204	135	5	3	203	121	314	1.63e-15	69.7
5_119	3_421	99.441	179	1	0	1	179	1	179	1.80e-129	355
5_120	3_114	100.000	131	0	0	1	131	1	131	2.20e-94	263
5_121	3_115	100.000	61	0	0	1	61	1	61	5.55e-42	125
5_122	3_116	100.000	181	0	0	1	181	1	181	5.17e-135	370
5_123	3_117	100.000	122	0	0	1	122	1	122	1.02e-84	238
5_124	3_118	100.000	121	0	0	1	121	1	121	1.57e-81	229
5_125	3_119	100.000	136	0	0	1	136	1	136	9.06e-100	277
5_126	3_120	100.000	227	0	0	1	227	1	227	2.12e-167	455
5_127	3_121	100.000	173	0	0	1	173	1	173	1.75e-125	345
5_128	3_122	100.000	90	0	0	1	90	1	90	1.44e-65	187
5_129	3_123	100.000	282	0	0	1	282	1	282	0.0	566
5_130	3_124	100.000	163	0	0	1	163	1	163	1.57e-116	322
5_131	3_277	99.533	214	1	0	1	214	1	214	1.33e-156	427
5_132	3_125	100.000	233	0	0	1	233	1	233	3.99e-170	462
5_133	3_126	100.000	106	0	0	1	106	1	106	6.73e-75	212
5_134	3_276	99.512	205	1	0	1	205	1	205	4.06e-150	410
5_135	3_128	100.000	184	0	0	1	184	1	184	1.66e-136	374
5_136	3_561	99.796	489	1	0	1	489	2	490	0.0	979
5_136	3_258	27.500	160	109	3	145	300	110	266	6.28e-12	62.0
5_136	3_258	46.809	47	22	1	439	482	489	535	4.30e-08	50.1
5_136	3_274	23.176	466	288	19	51	483	14	442	1.32e-10	57.8
5_137	3_129	100.000	276	0	0	1	276	1	276	0.0	566
5_137	3_455	26.894	264	165	9	5	249	21	275	8.49e-14	64.7
5_137	3_219	23.529	272	197	8	2	272	4	265	4.46e-11	56.6
5_137	3_38	24.074	270	159	9	1	248	1	246	2.91e-06	42.0
5_137	3_183	27.397	73	51	1	2	72	7	79	4.81e-05	38.5
5_137	3_480	25.877	228	143	10	7	224	8	219	4.92e-04	35.4
5_138	3_130	100.000	442	0	0	1	442	1	442	0.0	874
5_138	3_156	35.897	156	83	4	218	368	172	315	3.60e-20	87.0
5_138	3_156	29.032	124	83	4	220	341	6	126	3.78e-06	43.1
5_138	3_414	37.705	61	35	1	218	275	5	65	5.80e-05	39.3
5_139	3_133	100.000	321	0	0	1	321	1	321	0.0	634
5_139	3_318	32.877	219	139	5	106	317	160	377	2.27e-20	85.5
5_140	3_267	99.774	443	1	0	1	443	1	443	0.0	890
5_140	3_316	37.349	249	138	4	204	437	531	776	4.93e-43	156
5_140	3_316	39.175	97	55	2	61	156	22	115	8.99e-13	64.7
5_140	3_206	45.082	122	66	1	273	394	269	389	1.39e-28	112
5_140	3_206	35.185	108	53	4	59	156	139	239	1.73e-11	60.1
5_140	3_317	37.500	136	83	1	252	385	131	266	1.96e-23	95.5
5_140	3_317	29.630	135	70	5	32	157	7	125	5.15e-09	52.0
5_140	3_233	26.786	392	248	11	43	417	10	379	3.69e-23	95.9
5_140	3_297	38.298	94	57	1	274	366	501	594	5.73e-17	77.8
5_140	3_297	29.688	128	75	3	38	165	33	145	4.23e-10	56.2
5_140	3_288	34.711	121	77	2	251	371	126	244	5.28e-16	72.4
5_140	3_35	36.719	128	73	3	261	386	139	260	2.17e-15	71.2
5_140	3_485	33.333	90	60	0	282	371	194	283	8.54e-15	70.1
5_140	3_285	42.857	84	47	1	276	359	194	276	1.07e-14	69.3
5_140	3_285	31.481	108	69	2	42	147	59	163	1.27e-06	44.3
5_140	3_246	32.353	102	68	1	278	379	133	233	3.40e-12	60.8
5_140	3_263	32.500	120	77	3	244	363	104	219	4.00e-12	60.8
5_140	3_323	36.634	101	54	3	264	360	129	223	7.81e-11	58.2
5_140	3_323	35.443	79	50	1	281	359	412	489	3.69e-07	46.6
5_140	3_323	41.071	56	29	1	43	98	6	57	5.30e-06	42.7
5_140	3_391	35.556	90	52	3	281	367	129	215	3.97e-08	49.7
5_140	3_390	25.191	131	91	3	223	351	72	197	8.13e-08	48.9
5_140	3_292	29.600	125	78	5	267	390	115	230	2.14e-07	47.8
5_140	3_73	25.954	131	94	2	229	359	357	484	1.16e-05	42.0
5_140	3_405	38.983	59	33	1	281	339	467	522	4.58e-05	40.0
5_140	3_516	29.412	85	53	2	30	111	308	388	1.50e-04	38.5
5_140	3_406	27.132	129	76	4	23	138	302	425	5.09e-04	36.6
5_140	3_229	26.984	189	115	7	240	424	450	619	6.48e-04	36.6
5_141	3_431	99.723	361	1	0	1	361	1	361	0.0	717
5_142	3_134	100.000	259	0	0	1	259	1	259	0.0	515
5_143	3_433	99.008	504	5	0	1	504	1	504	0.0	970
5_143	3_483	25.901	444	264	16	10	403	51	479	3.62e-21	91.3
5_144	3_135	100.000	91	0	0	1	91	1	91	6.68e-61	175
5_144	3_2	28.571	91	61	3	1	88	3	92	8.78e-07	38.5
5_145	3_136	100.000	98	0	0	1	98	1	98	9.65e-67	191
5_146	3_137	100.000	207	0	0	1	207	1	207	5.30e-147	402
5_147	3_554	100.000	206	0	0	1	206	37	242	8.19e-151	413
5_147	3_103	25.654	191	131	5	18	201	28	214	4.37e-10	52.0
5_148	3_138	100.000	62	0	0	1	62	1	62	1.17e-40	122
5_149	3_139	100.000	97	0	0	1	97	1	97	7.20e-67	191
5_150	3_140	100.000	439	0	0	1	439	1	439	0.0	875
5_151	3_371	99.333	150	1	0	1	150	1	150	1.24e-104	290
5_151	3_329	38.158	76	46	1	67	142	26	100	2.20e-10	49.7
5_152	3_141	100.000	336	0	0	1	336	1	336	0.0	687
5_153	3_143	100.000	337	0	0	1	337	1	337	0.0	672
5_154	3_144	100.000	240	0	0	1	240	1	240	3.07e-178	484
5_155	3_145	100.000	419	0	0	1	419	1	419	0.0	828
5_155	3_286	35.433	127	57	2	160	261	6	132	1.48e-14	69.3
5_155	3_156	25.112	223	154	7	159	375	173	388	1.94e-04	37.7
5_155	3_514	35.000	60	27	2	159	214	113	164	6.50e-04	35.8
5_156	3_146	100.000	141	0	0	1	141	1	141	1.21e-99	277
5_157	3_147	100.000	242	0	0	1	242	1	242	8.50e-173	470
5_158	3_148	100.000	102	0	0	1	102	1	102	1.55e-71	203
5_159	3_150	100.000	187	0	0	1	187	1	187	4.39e-132	363
5_160	3_363	99.638	276	1	0	1	276	1	276	0.0	542
5_161	3_362	99.788	471	1	0	1	471	1	471	0.0	951
5_161	3_182	37.168	452	279	4	7	456	2	450	3.00e-104	313
5_161	3_364	27.027	370	259	7	44	408	58	421	1.34e-26	107
5_161	3_308	22.712	295	216	6	63	348	49	340	4.49e-08	49.7
5_162	3_359	99.611	257	1	0	1	257	1	257	0.0	514
5_163	3_355	99.020	102	1	0	1	102	1	102	5.28e-69	196
5_164	3_154	100.000	376	0	0	1	376	1	376	0.0	775
5_165	3_155	100.000	227	0	0	1	227	1	227	8.88e-170	461
5_166	3_156	100.000	437	0	0	1	437	1	437	0.0	877
5_166	3_130	35.897	156	83	4	172	315	218	368	3.79e-20	86.7
5_166	3_130	29.032	124	83	4	6	126	220	341	3.42e-06	43.5
5_166	3_414	29.530	149	90	6	5	143	9	152	4.65e-09	52.0
5_166	3_414	35.593	59	38	0	173	231	9	67	4.18e-06	42.7
5_166	3_172	40.741	54	29	1	6	59	19	69	4.96e-06	41.6
5_166	3_172	28.415	183	118	5	157	338	5	175	6.57e-06	41.2
5_166	3_157	28.108	185	98	8	174	341	10	176	4.52e-05	40.0
5_166	3_514	33.846	65	33	4	5	65	113	171	2.65e-04	37.0
5_167	3_157	100.000	598	0	0	1	598	1	598	0.0	1210
5_167	3_158	36.898	187	106	4	2	183	6	185	1.17e-24	103
5_167	3_158	23.009	226	143	9	165	370	266	480	7.26e-07	46.6
5_167	3_158	22.599	177	118	5	322	480	509	684	3.26e-06	44.3
5_167	3_269	30.093	216	126	7	10	217	117	315	7.14e-17	78.6
5_167	3_51	27.083	288	181	10	8	272	20	301	4.42e-16	75.1
5_167	3_156	28.108	185	98	8	10	176	174	341	6.19e-05	40.0
5_168	3_354	99.690	323	1	0	1	323	1	323	0.0	657
5_169	3_158	100.000	694	0	0	1	694	1	694	0.0	1425
5_169	3_157	36.898	187	106	4	6	185	2	183	1.36e-24	103
5_169	3_157	23.009	226	143	9	266	480	165	370	8.42e-07	46.6
5_169	3_157	22.599	177	118	5	509	684	322	480	3.78e-06	44.3
5_169	3_269	37.008	127	62	2	13	139	116	224	9.08e-14	68.9
5_169	3_51	34.091	132	84	3	8	138	16	145	5.11e-13	65.9
5_170	3_159	100.000	141	0	0	1	141	1	141	5.93e-104	288
5_171	3_160	100.000	457	0	0	1	457	1	457	0.0	936
5_171	3_322	26.351	148	100	5	159	302	335	477	1.26e-04	38.5
5_171	3_547	28.916	83	53	1	106	188	16	92	7.28e-04	34.3
5_172	3_161	100.000	427	0	0	1	427	1	427	0.0	847
5_173	3_162	100.000	93	0	0	1	93	1	93	4.75e-68	193
5_174	3_163	100.000	259	0	0	1	259	1	259	0.0	514
5_175	3_164	100.000	144	0	0	1	144	1	144	8.22e-108	298
5_176	3_165	100.000	132	0	0	1	132	1	132	6.72e-95	264
5_177	3_397	99.310	145	1	0	1	145	1	145	2.90e-102	284
5_178	3_167	100.000	229	0	0	1	229	1	229	5.08e-169	459
5_178	3_470	29.252	147	97	3	82	226	111	252	9.41e-09	48.9
5_179	3_168	100.000	181	0	0	1	181	1	181	1.19e-134	369
5_180	3_169	100.000	46	0	0	1	46	1	46	2.30e-29	92.4
5_181	3_170	100.000	195	0	0	1	195	1	195	2.42e-144	394
5_182	3_171	100.000	249	0	0	1	249	1	249	0.0	500
5_183	3_402	99.592	245	1	0	1	245	1	245	2.48e-176	479
5_184	3_173	100.000	457	0	0	1	457	1	457	0.0	937
5_185	3_175	100.000	316	0	0	1	316	1	316	0.0	625
5_186	3_246	99.580	238	1	0	1	238	1	238	6.51e-175	475
5_186	3_73	35.349	215	114	6	25	223	26	231	5.71e-24	94.4
5_186	3_73	32.051	78	53	0	136	213	407	484	3.41e-07	45.1
5_186	3_35	40.000	85	51	0	133	217	156	240	7.32e-17	72.8
5_186	3_206	28.444	225	136	8	22	223	143	365	9.41e-17	73.6
5_186	3_263	27.805	205	136	6	22	218	20	220	2.09e-15	68.6
5_186	3_323	25.676	222	145	6	5	212	6	221	4.27e-14	65.5
5_186	3_323	25.446	224	142	7	22	225	283	501	2.98e-09	51.2
5_186	3_267	32.353	102	68	1	133	233	278	379	1.86e-12	60.8
5_186	3_267	31.915	47	32	0	22	68	63	109	0.001	34.3
5_186	3_485	33.571	140	82	4	90	221	143	279	2.06e-12	60.5
5_186	3_316	30.108	93	64	1	133	224	616	708	6.37e-12	59.3
5_186	3_316	40.426	47	28	0	21	67	23	69	1.84e-07	45.8
5_186	3_297	32.292	96	63	2	127	221	500	594	1.66e-11	58.2
5_186	3_297	30.556	72	46	3	21	89	53	123	3.25e-04	35.8
5_186	3_391	29.596	223	136	8	8	221	4	214	4.00e-11	57.0
5_186	3_233	31.313	99	67	1	136	233	232	330	1.81e-10	54.7
5_186	3_446	29.630	189	109	7	38	212	500	678	1.81e-10	55.1
5_186	3_317	24.783	230	150	7	22	230	30	257	2.22e-10	54.3
5_186	3_551	31.544	149	93	4	24	167	6	150	3.23e-10	52.8
5_186	3_516	28.646	192	103	6	22	197	340	513	1.27e-09	52.4
5_186	3_405	31.522	184	108	8	24	198	354	528	2.04e-09	51.6
5_186	3_285	24.272	206	141	6	25	220	83	283	2.11e-09	51.2
5_186	3_292	27.000	200	123	7	22	211	17	203	8.76e-09	50.1
5_186	3_406	25.943	212	129	9	8	205	336	533	6.68e-07	44.3
5_186	3_390	27.174	184	109	7	24	196	19	188	6.73e-07	44.3
5_186	3_266	21.397	229	162	8	5	226	319	536	6.81e-07	43.9
5_186	3_266	22.363	237	149	6	5	213	1	230	1.08e-05	40.4
5_186	3_288	26.582	79	57	1	135	212	153	231	3.06e-06	41.6
5_186	3_385	25.414	181	122	5	22	197	342	514	3.95e-06	41.6
5_187	3_181	100.000	202	0	0	1	202	1	202	1.49e-145	398
5_188	3_312	99.795	487	1	0	1	487	1	487	0.0	968
5_189	3_311	99.567	231	1	0	1	231	1	231	3.39e-161	440
5_190	3_182	100.000	457	0	0	1	457	1	457	0.0	926
5_190	3_362	37.168	452	279	4	2	450	7	456	1.81e-104	314
5_190	3_364	24.291	247	181	5	15	260	37	278	7.31e-08	48.9
5_190	3_308	22.819	298	203	11	119	402	116	400	3.33e-06	43.5
5_191	3_377	99.701	335	1	0	1	335	1	335	0.0	675
5_191	3_376	41.538	325	177	7	7	325	7	324	1.55e-71	220
5_191	3_283	27.195	353	208	16	9	326	325	663	5.42e-13	64.3
5_192	3_185	100.000	120	0	0	1	120	1	120	6.08e-85	238
5_193	3_186	100.000	77	0	0	1	77	1	77	1.94e-49	145
5_194	3_187	100.000	90	0	0	1	90	1	90	1.25e-61	177
5_195	3_188	100.000	156	0	0	1	156	1	156	1.34e-117	323
5_196	3_189	100.000	126	0	0	1	126	1	126	2.42e-88	247
5_197	3_190	100.000	174	0	0	1	174	1	174	6.36e-126	346
5_198	3_242	99.359	156	1	0	1	156	1	156	3.84e-112	310
5_199	3_191	100.000	147	0	0	1	147	1	147	3.00e-106	294
5_200	3_192	100.000	87	0	0	1	87	1	87	2.03e-61	176
5_201	3_193	100.000	321	0	0	1	321	1	321	0.0	642
5_201	3_526	22.892	249	168	11	57	298	29	260	2.32e-05	39.7
5_202	3_195	100.000	326	0	0	1	326	1	326	0.0	649
5_203	3_464	99.029	103	1	0	1	103	1	103	2.63e-69	197
5_204	3_196	100.000	93	0	0	1	93	1	93	6.69e-61	175
5_205	3_197	100.000	278	0	0	1	278	1	278	0.0	552
5_206	3_198	100.000	64	0	0	1	64	1	64	8.26e-41	122
5_207	3_199	100.000	216	0	0	1	216	1	216	3.72e-157	429
5_208	3_200	100.000	136	0	0	1	136	1	136	5.57e-92	257
5_209	3_201	100.000	174	0	0	1	174	1	174	1.52e-130	358
5_210	3_202	100.000	146	0	0	1	146	1	146	2.57e-102	284
5_211	3_203	100.000	127	0	0	1	127	1	127	1.90e-87	245
5_212	3_416	99.346	153	1	0	1	153	1	153	1.93e-107	298
5_213	3_204	100.000	143	0	0	1	143	1	143	1.82e-100	279
5_214	3_206	100.000	469	0	0	1	469	1	469	0.0	967
5_214	3_317	40.361	332	194	3	116	447	5	332	1.97e-74	233
5_214	3_316	44.737	114	63	0	273	386	615	728	2.66e-30	119
5_214	3_316	31.579	95	60	2	153	247	34	123	2.76e-07	47.4
5_214	3_267	45.082	122	66	1	269	389	273	394	1.39e-28	112
5_214	3_267	35.185	108	53	4	139	239	59	156	1.61e-11	60.5
5_214	3_263	26.800	250	159	8	122	370	3	229	1.78e-18	80.1
5_214	3_246	28.444	225	136	8	143	365	22	223	3.84e-16	72.4
5_214	3_233	32.520	123	71	3	247	357	190	312	7.27e-15	70.9
5_214	3_297	32.432	111	74	1	274	384	505	614	7.44e-15	71.2
5_214	3_285	30.769	195	114	7	146	336	81	258	3.10e-14	67.8
5_214	3_35	27.350	234	147	5	146	367	26	248	6.90e-14	66.6
5_214	3_485	23.448	145	108	2	244	388	162	303	1.66e-11	60.1
5_214	3_323	25.424	236	134	10	143	363	22	230	1.74e-09	54.3
5_214	3_323	25.581	258	148	8	115	355	259	489	4.06e-08	49.7
5_214	3_288	26.033	242	156	9	122	354	4	231	3.27e-09	52.0
5_214	3_391	25.688	218	138	7	142	359	16	209	1.19e-08	51.6
5_214	3_73	28.444	225	127	11	145	358	23	224	2.35e-08	50.4
5_214	3_73	24.483	290	175	11	99	364	224	493	1.26e-05	42.0
5_214	3_292	25.561	223	120	8	141	356	15	198	4.75e-08	49.7
5_214	3_390	25.592	211	123	8	142	347	16	197	4.63e-06	43.5
5_214	3_266	23.913	184	111	6	142	308	16	187	1.07e-04	38.9
5_214	3_229	29.897	97	57	4	277	364	834	928	1.87e-04	38.1
5_215	3_207	100.000	151	0	0	1	151	1	151	1.08e-108	301
5_215	3_1	32.500	120	78	2	15	132	22	140	7.37e-11	52.0
5_216	3_211	100.000	285	0	0	1	285	1	285	0.0	558
5_217	3_212	100.000	266	0	0	1	266	1	266	0.0	511
5_218	3_213	100.000	190	0	0	1	190	1	190	3.90e-143	391
5_219	3_283	99.850	665	1	0	1	665	1	665	0.0	1345
5_219	3_376	23.235	340	194	13	321	637	1	296	1.46e-09	54.3
5_219	3_377	28.452	239	134	10	325	557	9	216	1.51e-08	51.2
5_220	3_215	100.000	331	0	0	1	331	1	331	0.0	660
5_221	3_216	100.000	203	0	0	1	203	1	203	6.98e-147	401
5_222	3_217	100.000	149	0	0	1	149	1	149	1.72e-111	308
5_223	3_218	100.000	112	0	0	1	112	1	112	2.66e-78	221
5_224	3_219	100.000	267	0	0	1	267	1	267	0.0	541
5_224	3_455	26.502	283	175	9	3	260	19	293	4.48e-16	71.2
5_224	3_480	32.895	228	137	8	1	219	1	221	3.48e-15	69.3
5_224	3_129	23.529	272	197	8	4	265	2	272	4.32e-11	56.6
5_224	3_183	22.968	283	187	11	2	263	5	277	1.51e-08	48.9
5_224	3_38	32.203	59	40	0	183	241	188	246	1.10e-04	37.4
5_225	3_220	100.000	90	0	0	1	90	1	90	1.88e-57	166
5_226	3_221	100.000	221	0	0	1	221	1	221	2.68e-164	447
5_227	3_222	100.000	219	0	0	1	219	1	219	3.24e-160	436
5_228	3_223	100.000	70	0	0	1	70	1	70	3.04e-44	131
5_229	3_345	99.855	692	1	0	1	692	1	692	0.0	1370
5_230	3_224	100.000	95	0	0	1	95	1	95	2.40e-67	192
5_231	3_225	100.000	699	0	0	1	699	1	699	0.0	1417
5_231	3_489	25.878	769	431	26	16	692	6	727	2.31e-44	164
5_232	3_226	100.000	181	0	0	1	181	1	181	7.99e-131	359
5_233	3_227	100.000	90	0	0	1	90	1	90	9.29e-62	177
5_235	3_228	100.000	232	0	0	1	232	1	232	5.72e-171	465
5_236	3_230	100.000	305	0	0	1	305	1	305	0.0	620
5_236	3_322	24.419	344	193	13	4	298	157	482	1.40e-04	37.7
5_237	3_231	100.000	242	0	0	1	242	1	242	1.65e-178	484
5_238	3_232	100.000	142	0	0	1	142	1	142	9.71e-99	275
5_239	3_341	99.809	524	1	0	1	524	1	524	0.0	1019
5_239	3_498	24.301	465	302	18	9	462	4	429	1.85e-13	67.0
5_240	3_233	100.000	444	0	0	1	444	1	444	0.0	887
5_240	3_485	30.725	345	183	9	8	341	5	304	4.04e-38	137
5_240	3_297	38.624	189	111	4	205	390	481	667	3.81e-35	133
5_240	3_297	47.423	97	51	0	11	107	39	135	6.94e-23	96.3
5_240	3_267	26.786	392	248	11	10	379	43	417	4.10e-23	95.9
5_240	3_316	32.117	137	92	1	199	334	585	721	2.86e-20	88.2
5_240	3_316	40.541	37	22	0	20	56	18	54	6.03e-04	36.6
5_240	3_35	35.616	146	81	5	214	355	140	276	2.40e-17	77.0
5_240	3_35	25.962	104	55	3	24	106	21	123	8.94e-05	38.5
5_240	3_206	32.520	123	71	3	190	312	247	357	5.56e-15	71.2
5_240	3_263	34.545	110	71	1	212	321	118	226	4.46e-13	63.9
5_240	3_263	26.050	119	79	3	22	137	16	128	1.80e-05	40.8
5_240	3_285	36.170	94	54	2	24	111	78	171	9.07e-12	60.5
5_240	3_285	36.585	82	51	1	230	311	197	277	4.88e-10	55.1
5_240	3_323	30.147	136	88	4	202	333	112	244	2.06e-11	60.1
5_240	3_323	28.431	102	68	3	10	106	6	107	3.06e-08	50.1
5_240	3_323	25.287	87	64	1	224	310	404	489	3.76e-05	40.0
5_240	3_246	31.313	99	67	1	232	330	136	233	3.63e-10	54.7
5_240	3_292	32.990	97	63	1	10	106	1	95	6.76e-10	55.5
5_240	3_317	28.030	132	92	1	204	332	131	262	8.47e-10	54.7
5_240	3_288	31.313	99	68	0	211	309	133	231	5.03e-09	51.6
5_240	3_390	32.394	142	92	3	211	351	107	245	9.43e-09	52.0
5_240	3_390	32.955	88	57	1	16	103	7	92	1.03e-08	52.0
5_240	3_391	31.915	94	62	1	10	103	1	92	1.13e-08	51.6
5_240	3_391	39.535	86	46	3	229	312	126	207	2.25e-08	50.4
5_240	3_516	36.232	69	44	0	10	78	324	392	1.58e-07	47.8
5_240	3_516	32.710	107	55	3	193	293	419	514	6.66e-06	42.7
5_240	3_73	30.488	82	54	2	232	312	407	486	3.44e-07	46.6
5_240	3_73	28.333	60	43	0	11	70	8	67	3.74e-04	37.0
5_240	3_405	30.769	78	53	1	1	77	327	404	5.39e-06	43.1
5_240	3_405	35.294	68	41	1	229	296	464	528	4.84e-05	40.0
5_240	3_266	31.765	85	54	1	226	310	150	230	1.61e-05	41.6
5_240	3_266	27.586	58	42	0	10	67	1	58	2.07e-05	41.2
5_240	3_385	32.787	61	41	0	11	71	327	387	3.24e-05	40.4
5_240	3_229	38.667	75	43	2	224	296	485	558	1.14e-04	38.9
5_240	3_551	36.471	85	48	3	185	263	66	150	1.17e-04	37.7
5_241	3_234	100.000	286	0	0	1	286	1	286	0.0	555
5_241	3_335	25.150	167	115	4	75	237	73	233	6.32e-05	38.1
5_242	3_335	99.270	274	2	0	1	274	1	274	0.0	536
5_242	3_234	25.150	167	115	4	73	233	75	237	5.49e-05	38.1
5_243	3_332	99.351	308	2	0	1	308	1	308	0.0	578
5_244	3_236	100.000	856	0	0	1	856	1	856	0.0	1721
5_244	3_368	35.543	709	429	12	50	746	6	698	4.41e-130	405
5_244	3_368	25.000	132	88	5	727	854	582	706	3.67e-04	38.5
5_245	3_239	100.000	297	0	0	1	297	1	297	0.0	599
5_246	3_323	99.609	512	2	0	1	512	1	512	0.0	1015
5_246	3_73	30.469	512	327	14	11	511	12	505	2.30e-54	186
5_246	3_292	23.938	259	169	9	6	263	1	232	1.39e-14	70.9
5_246	3_292	23.301	206	140	4	282	487	16	203	1.37e-06	45.4
5_246	3_285	25.108	231	157	8	6	228	60	282	5.85e-14	67.4
5_246	3_285	30.263	76	53	0	412	487	199	274	1.92e-04	37.7
5_246	3_390	25.592	211	143	5	6	215	1	198	8.62e-14	68.6
5_246	3_390	26.531	196	126	5	277	472	11	188	9.29e-11	58.5
5_246	3_246	25.676	222	145	6	6	221	5	212	1.02e-13	65.5
5_246	3_246	25.446	224	142	7	283	501	22	225	7.99e-09	50.8
5_246	3_391	28.194	227	133	7	282	505	16	215	2.34e-13	67.0
5_246	3_391	25.688	218	140	7	20	235	15	212	2.58e-13	66.6
5_246	3_35	24.576	236	141	7	13	223	14	237	3.39e-12	62.0
5_246	3_35	27.027	222	133	8	286	489	26	236	4.34e-12	61.6
5_246	3_263	27.273	220	125	10	21	225	19	218	3.95e-12	61.2
5_246	3_263	25.541	231	157	8	264	492	1	218	6.38e-06	42.4
5_246	3_288	24.464	233	160	7	22	245	27	252	1.52e-11	59.3
5_246	3_288	21.875	224	167	5	267	487	12	230	1.33e-07	47.4
5_246	3_233	30.147	136	88	4	112	244	202	333	8.00e-11	58.5
5_246	3_233	28.431	102	68	3	6	107	10	106	3.52e-08	50.1
5_246	3_233	25.287	87	64	1	404	489	224	310	4.41e-05	40.0
5_246	3_267	36.634	101	54	3	129	223	264	360	8.49e-11	58.2
5_246	3_267	35.443	79	50	1	412	489	281	359	3.95e-07	46.6
5_246	3_267	41.071	56	29	1	6	57	43	98	6.13e-06	42.7
5_246	3_297	34.409	93	54	2	402	490	498	587	1.53e-10	58.2
5_246	3_297	29.213	89	58	2	133	220	500	584	8.43e-08	49.3
5_246	3_297	29.348	92	54	4	16	104	48	131	7.87e-07	46.2
5_246	3_516	29.545	220	114	7	2	206	320	513	2.10e-10	57.4
5_246	3_485	23.333	270	154	9	28	246	29	296	9.70e-10	54.7
5_246	3_485	32.609	92	57	2	399	489	184	271	9.99e-07	45.4
5_246	3_206	25.424	236	134	10	22	230	143	363	1.17e-09	54.7
5_246	3_206	25.296	253	145	8	262	487	118	353	4.71e-08	49.7
5_246	3_316	30.097	103	62	3	129	225	602	700	4.75e-08	50.1
5_246	3_316	27.723	101	72	1	410	509	617	717	1.47e-05	42.0
5_246	3_266	24.599	187	125	4	6	176	1	187	4.82e-07	46.6
5_246	3_317	26.267	217	134	9	32	230	40	248	4.30e-06	43.1
5_246	3_317	33.333	81	53	1	410	489	160	240	6.19e-05	39.7
5_246	3_551	25.000	160	108	5	22	179	4	153	5.50e-06	42.0
5_246	3_446	22.353	170	119	4	37	202	499	659	2.78e-05	41.2
5_246	3_406	26.230	183	118	8	37	215	365	534	5.64e-04	36.6
5_246	3_229	27.184	103	72	1	373	472	795	897	7.25e-04	36.6
5_247	3_52	99.761	419	1	0	1	419	1	419	0.0	846
5_248	3_241	100.000	184	0	0	1	184	1	184	4.62e-136	372
5_249	3_243	100.000	218	0	0	1	218	1	218	5.91e-162	441
5_250	3_244	100.000	241	0	0	1	241	1	241	0.0	490
5_251	3_245	100.000	246	0	0	1	246	1	246	0.0	499
5_252	3_250	100.000	166	0	0	1	166	1	166	3.64e-117	323
5_253	3_251	100.000	76	0	0	1	76	1	76	2.73e-50	147
5_254	3_252	100.000	600	0	0	1	600	1	600	0.0	1198
5_255	3_360	99.855	691	1	0	1	691	1	691	0.0	1389
5_256	3_254	100.000	120	0	0	1	120	1	120	4.23e-85	238
5_257	3_142	99.856	694	1	0	1	694	1	694	0.0	1389
5_258	3_6	98.765	81	1	0	1	81	1	81	4.68e-57	165
5_259	3_8	99.701	335	1	0	1	335	1	335	0.0	662
5_260	3_15	99.843	638	1	0	1	638	1	638	0.0	1249
5_261	3_256	100.000	160	0	0	1	160	1	160	9.69e-114	314
5_262	3_384	99.528	212	1	0	1	212	1	212	5.53e-148	405
5_263	3_257	100.000	222	0	0	1	222	1	222	5.78e-163	444
5_264	3_456	98.824	170	2	0	1	170	1	170	3.68e-121	334
5_265	3_462	99.753	1216	3	0	1	1216	1	1216	0.0	2392
5_266	3_261	100.000	266	0	0	1	266	1	266	0.0	526
5_266	3_521	37.143	105	61	3	22	121	37	141	3.25e-14	65.9
5_267	3_263	100.000	272	0	0	1	272	1	272	0.0	542
5_267	3_35	34.188	234	133	6	19	232	22	254	2.71e-34	120
5_267	3_405	35.204	196	109	5	16	205	348	531	2.35e-19	82.0
5_267	3_206	26.800	250	159	8	3	229	122	370	7.27e-19	80.5
5_267	3_317	31.330	233	127	7	19	227	29	252	1.11e-18	79.3
5_267	3_285	28.636	220	132	4	19	225	79	286	1.56e-18	78.2
5_267	3_246	27.805	205	136	6	20	220	22	218	2.63e-15	68.2
5_267	3_316	36.275	102	64	1	127	227	608	709	2.64e-15	70.1
5_267	3_316	33.333	75	43	3	23	91	27	100	2.53e-04	36.6
5_267	3_406	30.189	212	132	8	2	208	334	534	2.14e-14	67.4
5_267	3_516	32.057	209	122	8	1	204	324	517	3.48e-14	66.6
5_267	3_391	31.081	222	129	11	1	215	1	205	8.88e-14	65.5
5_267	3_233	34.545	110	71	1	118	226	212	321	2.73e-13	63.9
5_267	3_233	26.050	119	79	3	16	128	22	137	1.10e-05	40.8
5_267	3_385	32.353	204	117	11	2	200	327	514	2.87e-13	63.9
5_267	3_297	31.776	107	72	1	116	221	486	592	3.35e-13	63.9
5_267	3_297	31.915	94	55	3	16	106	50	137	3.90e-06	42.4
5_267	3_266	27.778	198	108	5	16	185	13	203	1.10e-12	62.0
5_267	3_323	27.273	220	125	10	19	218	21	225	2.02e-12	61.2
5_267	3_323	25.541	231	157	8	1	218	264	492	3.27e-06	42.4
5_267	3_267	32.500	120	77	3	104	219	244	363	2.46e-12	60.8
5_267	3_73	32.143	196	124	6	28	217	31	223	5.44e-12	60.1
5_267	3_485	24.221	289	161	9	2	236	8	292	3.53e-11	57.4
5_267	3_288	26.848	257	156	9	1	240	9	250	1.73e-08	48.5
5_267	3_390	23.618	199	141	6	16	212	13	202	3.26e-08	48.9
5_267	3_292	27.149	221	125	10	1	208	1	198	7.37e-08	47.8
5_267	3_229	29.801	151	85	7	90	224	783	928	1.15e-07	47.0
5_267	3_446	24.757	206	130	7	2	197	470	660	1.34e-07	47.0
5_267	3_551	32.867	143	73	7	37	169	21	150	1.41e-06	42.4
5_268	3_266	100.000	538	0	0	1	538	1	538	0.0	1101
5_268	3_391	25.641	234	141	6	1	230	1	205	1.10e-12	64.7
5_268	3_391	28.571	210	133	8	319	519	1	202	1.13e-09	55.1
5_268	3_263	27.778	198	108	5	13	203	16	185	2.17e-12	62.0
5_268	3_390	22.993	274	175	5	1	272	1	240	5.84e-11	59.3
5_268	3_390	24.645	211	138	8	319	518	1	201	5.33e-06	43.5
5_268	3_516	28.342	187	110	5	1	187	324	486	1.88e-10	57.4
5_268	3_73	26.271	236	145	9	2	230	8	221	6.43e-10	55.8
5_268	3_73	32.432	74	47	2	453	523	149	222	3.37e-04	37.4
5_268	3_405	23.853	218	133	6	1	213	336	525	5.92e-09	52.8
5_268	3_406	44.898	49	27	0	13	61	346	394	9.07e-08	48.9
5_268	3_323	24.599	187	125	4	1	187	6	176	5.28e-07	46.6
5_268	3_297	35.088	57	37	0	2	58	39	95	6.71e-07	46.2
5_268	3_297	23.810	84	60	1	152	231	504	587	3.44e-05	40.8
5_268	3_35	24.286	210	127	6	20	213	26	219	9.01e-07	45.1
5_268	3_246	21.397	229	162	8	319	536	5	226	1.39e-06	44.3
5_268	3_246	22.363	237	149	6	1	230	5	213	2.40e-05	40.4
5_268	3_292	26.027	219	131	9	319	521	1	204	6.54e-06	43.1
5_268	3_292	20.851	235	133	6	1	219	1	198	8.32e-06	42.7
5_268	3_385	35.185	54	35	0	10	63	335	388	7.81e-06	42.7
5_268	3_233	31.765	85	54	1	150	230	226	310	1.95e-05	41.6
5_268	3_233	27.586	58	42	0	1	58	10	67	2.51e-05	41.2
5_268	3_288	22.511	231	149	6	320	525	10	235	4.46e-05	39.7
5_268	3_288	21.577	241	139	6	14	233	24	235	2.06e-04	37.7
5_268	3_206	23.913	184	111	6	16	187	142	308	1.06e-04	39.3
5_268	3_485	27.174	92	64	1	443	534	188	276	3.43e-04	37.4
5_268	3_446	25.126	199	105	10	32	217	499	666	4.82e-04	37.0
5_268	3_316	28.169	71	47	1	449	515	620	690	6.41e-04	37.0
5_269	3_425	99.856	695	1	0	1	695	1	695	0.0	1375
5_270	3_269	100.000	599	0	0	1	599	1	599	0.0	1221
5_270	3_157	30.093	216	126	7	117	315	10	217	6.05e-17	78.6
5_270	3_158	37.008	127	62	2	116	224	13	139	7.97e-14	68.9
5_270	3_51	32.099	162	90	3	116	257	21	182	2.47e-13	66.6
5_271	3_271	100.000	327	0	0	1	327	1	327	0.0	660
5_272	3_273	100.000	826	0	0	1	826	1	826	0.0	1676
5_272	3_435	28.413	630	325	21	29	613	34	582	5.30e-49	177
5_273	3_93	99.620	263	1	0	1	263	1	263	0.0	503
5_273	3_334	27.350	117	73	3	48	152	110	226	1.48e-06	42.7
5_273	3_334	31.092	119	70	4	35	141	121	239	2.72e-05	38.9
5_274	3_275	100.000	467	0	0	1	467	1	467	0.0	955
5_275	3_278	100.000	107	0	0	1	107	1	107	2.31e-72	205
5_276	3_418	99.528	212	1	0	1	212	1	212	1.71e-156	426
5_277	3_280	100.000	120	0	0	1	120	1	120	5.17e-88	246
5_278	3_281	100.000	236	0	0	1	236	1	236	1.75e-172	469
5_278	3_298	33.088	136	64	8	4	113	16	150	6.52e-06	40.8
5_279	3_417	99.738	381	1	0	1	381	1	381	0.0	752
5_280	3_412	99.298	285	2	0	1	285	1	285	0.0	566
5_281	3_284	100.000	410	0	0	1	410	1	410	0.0	811
5_282	3_399	99.559	227	1	0	1	227	1	227	4.85e-163	444
5_283	3_285	100.000	307	0	0	1	307	1	307	0.0	616
5_283	3_292	32.735	223	133	7	60	279	1	209	1.14e-24	99.0
5_283	3_391	30.732	205	122	6	79	277	16	206	9.72e-21	87.0
5_283	3_390	29.442	197	127	5	79	273	16	202	2.41e-19	83.2
5_283	3_263	28.636	220	132	4	79	286	19	225	1.96e-18	78.2
5_283	3_317	28.972	214	133	6	58	258	14	221	1.19e-15	71.2
5_283	3_267	42.857	84	47	1	194	276	276	359	6.08e-15	69.3
5_283	3_267	31.481	108	69	2	59	163	42	147	1.04e-06	44.3
5_283	3_206	31.282	195	113	8	81	258	146	336	1.84e-14	68.2
5_283	3_323	25.108	231	157	8	60	282	6	228	3.64e-14	67.4
5_283	3_323	30.263	76	53	0	199	274	412	487	1.03e-04	38.1
5_283	3_485	24.779	226	119	3	84	258	27	252	7.13e-14	65.9
5_283	3_316	31.000	100	68	1	188	286	608	707	1.33e-13	65.9
5_283	3_288	25.472	212	146	4	56	258	5	213	4.42e-13	62.8
5_283	3_35	27.885	208	112	7	78	258	21	217	3.73e-12	60.5
5_283	3_233	36.170	94	54	2	78	171	24	111	4.95e-12	60.5
5_283	3_233	36.585	82	51	1	197	277	230	311	3.76e-10	54.7
5_283	3_297	34.146	82	53	1	194	274	503	584	8.19e-10	53.9
5_283	3_297	31.707	82	46	2	84	163	58	131	6.48e-08	48.1
5_283	3_246	24.272	206	141	6	83	283	25	220	2.24e-09	51.6
5_283	3_551	26.708	161	104	4	78	233	2	153	2.47e-09	50.8
5_283	3_73	25.405	185	119	6	83	257	26	201	6.35e-09	51.2
5_283	3_73	23.387	248	159	10	59	279	244	487	8.36e-06	41.6
5_283	3_446	29.167	168	103	8	97	257	501	659	1.67e-08	50.1
5_283	3_406	31.527	203	114	11	79	271	349	536	2.36e-08	49.3
5_283	3_405	25.510	196	125	7	79	267	351	532	6.25e-08	48.1
5_283	3_385	29.570	186	108	8	79	257	341	510	8.21e-08	47.8
5_283	3_516	25.405	185	120	5	79	258	339	510	1.98e-07	46.6
5_284	3_478	99.737	380	1	0	1	380	1	380	0.0	773
5_285	3_60	99.387	163	1	0	1	163	1	163	2.96e-118	326
5_286	3_288	100.000	256	0	0	1	256	1	256	0.0	509
5_286	3_267	34.711	121	77	2	126	244	251	371	2.24e-16	72.8
5_286	3_485	26.071	280	162	5	8	244	6	283	3.76e-16	72.0
5_286	3_285	27.358	212	142	4	5	213	56	258	1.21e-15	69.7
5_286	3_316	30.508	118	73	2	134	250	598	707	3.47e-14	66.6
5_286	3_390	27.136	199	126	4	28	225	18	198	2.88e-13	63.9
5_286	3_323	24.359	234	159	11	27	252	22	245	2.93e-12	60.5
5_286	3_323	22.566	226	163	6	12	230	267	487	5.65e-09	50.8
5_286	3_206	25.203	246	153	8	4	231	122	354	1.90e-11	58.2
5_286	3_263	27.237	257	155	9	9	250	1	240	6.75e-11	55.8
5_286	3_35	25.806	217	145	9	27	231	23	235	8.58e-11	55.5
5_286	3_391	25.664	226	139	7	24	245	14	214	2.03e-10	55.1
5_286	3_297	33.766	77	51	0	154	230	508	584	2.70e-09	51.6
5_286	3_297	29.885	87	55	2	27	112	54	135	1.80e-04	37.0
5_286	3_233	31.313	99	68	0	133	231	211	309	2.77e-09	51.6
5_286	3_317	27.083	240	148	10	6	231	13	239	1.50e-08	49.3
5_286	3_292	23.188	207	138	6	23	227	13	200	3.37e-08	48.5
5_286	3_73	24.074	216	151	7	20	231	14	220	4.96e-08	47.8
5_286	3_73	24.180	244	146	10	30	251	277	503	1.76e-05	40.0
5_286	3_405	26.699	206	131	7	9	212	336	523	7.69e-08	47.4
5_286	3_246	22.831	219	137	7	22	231	17	212	2.41e-06	42.0
5_286	3_266	22.271	229	152	6	10	235	320	525	3.00e-06	42.4
5_286	3_266	21.992	241	138	8	24	235	14	233	2.75e-05	39.3
5_286	3_446	28.333	180	105	7	40	212	497	659	3.16e-05	39.3
5_286	3_516	21.053	209	141	7	9	214	324	511	2.69e-04	36.2
5_286	3_229	28.889	90	53	4	136	218	815	900	3.42e-04	36.2
5_286	3_406	24.312	218	127	10	8	214	332	522	3.72e-04	35.8
5_287	3_289	100.000	158	0	0	1	158	1	158	1.01e-115	319
5_288	3_294	100.000	350	0	0	1	350	1	350	0.0	716
5_289	3_1	99.371	159	1	0	1	159	1	159	1.37e-116	321
5_289	3_207	32.500	120	78	2	22	140	15	132	6.85e-11	52.4
5_290	3_297	100.000	725	0	0	1	725	1	725	0.0	1470
5_290	3_233	38.624	189	111	4	481	667	205	390	6.22e-35	133
5_290	3_233	47.423	97	51	0	39	135	11	107	1.13e-22	96.3
5_290	3_485	40.146	137	82	0	481	617	166	302	3.77e-31	120
5_290	3_485	30.088	113	70	2	38	150	7	110	3.45e-11	60.1
5_290	3_316	25.735	136	99	2	481	614	591	726	2.69e-17	80.5
5_290	3_316	28.049	164	100	5	42	204	12	158	2.59e-07	48.5
5_290	3_267	38.298	94	57	1	501	594	274	366	9.38e-17	77.8
5_290	3_267	29.688	128	75	3	33	145	38	165	7.42e-10	56.2
5_290	3_206	32.432	111	74	1	505	614	274	384	1.72e-14	70.9
5_290	3_263	31.776	107	72	1	486	592	116	221	8.94e-13	63.9
5_290	3_263	31.915	94	55	3	50	137	16	106	1.04e-05	42.4
5_290	3_35	25.806	155	88	3	501	655	152	279	2.45e-12	62.8
5_290	3_35	30.952	84	39	3	53	117	22	105	1.18e-05	42.4
5_290	3_246	32.292	96	63	2	500	594	127	221	5.65e-11	57.8
5_290	3_323	34.409	93	54	2	498	587	402	490	2.33e-10	57.8
5_290	3_323	26.496	117	78	4	500	611	133	246	7.18e-08	50.1
5_290	3_323	29.348	92	54	4	48	131	16	104	1.19e-06	45.8
5_290	3_391	32.967	91	59	1	498	588	119	207	1.13e-09	55.8
5_290	3_391	33.333	99	58	3	39	134	2	95	5.95e-07	47.0
5_290	3_390	31.897	116	70	2	474	589	102	208	1.51e-09	55.5
5_290	3_390	32.673	101	60	2	39	136	2	97	2.48e-07	48.5
5_290	3_285	34.146	82	53	1	503	584	194	274	2.29e-09	53.9
5_290	3_285	31.707	82	46	2	58	131	84	163	2.15e-07	47.8
5_290	3_317	29.358	109	76	1	505	612	159	267	1.08e-08	52.0
5_290	3_317	25.899	139	83	6	30	151	4	139	4.32e-04	37.4
5_290	3_288	33.766	77	51	0	508	584	154	230	1.33e-08	51.2
5_290	3_292	30.357	112	75	2	39	149	2	111	3.02e-08	51.2
5_290	3_292	31.081	74	49	1	508	581	129	200	1.48e-05	42.7
5_290	3_73	30.476	105	70	1	38	139	7	111	5.06e-08	50.4
5_290	3_73	25.974	77	56	1	508	584	407	482	6.64e-04	37.0
5_290	3_516	34.247	73	48	0	36	108	322	394	4.93e-07	47.4
5_290	3_516	28.788	132	78	6	448	572	393	515	5.78e-05	40.4
5_290	3_266	35.088	57	37	0	39	95	2	58	9.04e-07	46.2
5_290	3_266	23.810	84	60	1	504	587	152	231	4.64e-05	40.8
5_290	3_405	27.778	90	61	2	493	581	452	538	1.34e-06	45.8
5_290	3_551	38.298	47	29	0	493	539	104	150	1.13e-05	41.6
5_290	3_406	33.333	66	43	1	36	100	331	396	2.67e-05	41.6
5_290	3_385	25.301	83	59	1	36	115	324	406	2.60e-04	38.5
5_291	3_318	100.000	385	0	0	1	385	1	385	0.0	767
5_291	3_133	32.877	219	139	5	160	377	106	317	2.11e-21	88.6
5_291	3_132	24.000	225	145	7	175	384	151	364	5.30e-04	36.2
5_292	3_319	100.000	351	0	0	1	351	1	351	0.0	685
5_292	3_132	27.358	318	207	7	6	316	61	361	8.38e-23	92.8
5_293	3_325	100.000	607	0	0	1	607	1	607	0.0	1221
5_294	3_330	100.000	429	0	0	1	429	1	429	0.0	864
5_295	3_344	100.000	88	0	0	1	88	1	88	6.72e-60	172
5_296	3_352	100.000	232	0	0	1	232	1	232	6.22e-174	472
5_297	3_353	100.000	452	0	0	1	452	1	452	0.0	884
5_298	3_370	100.000	204	0	0	1	204	1	204	1.30e-143	393
5_299	3_390	100.000	772	0	0	1	772	1	772	0.0	1506
5_299	3_391	48.402	438	198	9	1	416	1	432	3.83e-108	339
5_299	3_391	45.736	129	70	0	644	772	518	646	6.68e-23	98.6
5_299	3_292	30.788	812	476	21	1	772	1	766	3.93e-87	286
5_299	3_285	29.442	197	127	5	16	202	79	273	5.79e-19	83.2
5_299	3_73	32.673	202	122	5	6	195	12	211	1.33e-15	74.7
5_299	3_323	25.592	211	143	5	1	198	6	215	1.23e-13	68.6
5_299	3_323	26.531	196	126	5	11	188	277	472	1.38e-10	58.5
5_299	3_35	25.000	208	129	5	17	198	23	229	1.36e-13	67.0
5_299	3_405	26.415	212	137	7	1	201	336	539	8.13e-12	62.8
5_299	3_288	27.451	204	119	8	18	198	28	225	8.79e-12	60.8
5_299	3_406	31.373	204	111	9	13	200	346	536	3.43e-11	60.8
5_299	3_385	30.882	204	134	4	2	201	327	527	3.77e-11	60.5
5_299	3_266	22.993	274	175	5	1	240	1	272	8.38e-11	59.3
5_299	3_266	24.645	211	138	8	1	201	319	518	7.65e-06	43.5
5_299	3_485	30.986	142	89	5	59	197	128	263	1.49e-09	55.1
5_299	3_485	52.778	36	17	0	21	56	27	62	5.22e-05	40.4
5_299	3_297	31.897	116	70	2	102	208	474	589	1.61e-09	55.5
5_299	3_297	32.673	101	60	2	2	97	39	136	2.64e-07	48.5
5_299	3_516	28.866	194	127	6	1	188	324	512	9.92e-09	52.8
5_299	3_233	32.394	142	92	3	107	245	211	351	1.64e-08	52.0
5_299	3_233	32.955	88	57	1	7	92	16	103	1.79e-08	52.0
5_299	3_263	23.618	199	141	6	13	202	16	212	9.24e-08	48.9
5_299	3_267	25.191	131	91	3	72	197	223	351	1.32e-07	48.9
5_299	3_446	24.479	192	131	5	23	204	490	677	2.72e-07	48.1
5_299	3_229	38.144	97	51	4	110	200	815	908	6.24e-07	47.4
5_299	3_229	28.571	147	88	6	64	193	416	562	1.49e-04	39.7
5_299	3_316	27.957	93	65	1	108	198	598	690	7.98e-07	47.0
5_299	3_246	27.174	184	109	7	19	188	24	196	2.33e-06	44.3
5_299	3_206	25.592	211	123	8	16	197	142	347	5.59e-06	43.9
5_299	3_551	27.684	177	117	5	16	185	3	175	1.48e-05	41.2
5_299	3_317	30.682	88	57	2	114	197	145	232	1.98e-04	38.5
5_300	3_391	100.000	650	0	0	1	650	1	650	0.0	1263
5_300	3_390	48.402	438	198	9	1	432	1	416	5.07e-108	338
5_300	3_390	39.344	183	105	1	470	646	590	772	7.38e-31	123
5_300	3_292	39.823	452	246	10	1	438	1	440	2.31e-89	289
5_300	3_292	29.348	184	126	2	467	646	583	766	2.70e-16	77.0
5_300	3_285	30.732	205	122	6	16	206	79	277	2.10e-20	87.0
5_300	3_406	32.558	215	117	9	2	200	334	536	3.82e-15	72.8
5_300	3_405	29.717	212	130	8	1	201	336	539	4.38e-15	72.8
5_300	3_35	28.169	213	128	6	18	205	24	236	3.57e-14	68.2
5_300	3_263	31.081	222	129	11	1	205	1	215	1.88e-13	65.9
5_300	3_323	28.194	227	133	7	16	215	282	505	2.77e-13	67.0
5_300	3_323	26.190	210	138	7	15	209	20	227	3.42e-13	66.6
5_300	3_73	29.524	210	134	5	10	205	12	221	1.57e-12	64.7
5_300	3_73	28.326	233	135	9	2	208	261	487	7.02e-09	52.8
5_300	3_266	25.641	234	141	6	1	205	1	230	1.72e-12	64.7
5_300	3_266	28.571	210	133	8	1	202	319	519	1.79e-09	54.7
5_300	3_516	28.365	208	110	6	1	188	324	512	7.75e-11	59.3
5_300	3_246	28.814	236	143	8	4	222	8	235	8.59e-11	57.4
5_300	3_446	31.285	179	100	8	32	195	499	669	5.79e-10	56.6
5_300	3_297	32.967	91	59	1	119	207	498	588	9.98e-10	55.8
5_300	3_297	33.333	99	58	3	2	95	39	134	5.71e-07	47.0
5_300	3_485	29.333	150	99	3	60	207	129	273	1.63e-09	54.7
5_300	3_485	43.636	55	31	0	2	56	8	62	1.21e-05	42.4
5_300	3_288	26.407	231	131	10	14	214	24	245	5.70e-09	52.0
5_300	3_316	34.940	83	52	1	127	207	617	699	6.32e-09	53.5
5_300	3_206	25.688	218	138	7	16	209	142	359	1.27e-08	52.0
5_300	3_233	31.915	94	62	1	1	92	10	103	1.65e-08	51.6
5_300	3_233	39.535	86	46	3	126	207	229	312	3.23e-08	50.8
5_300	3_385	29.167	216	137	9	2	209	327	534	5.57e-08	50.1
5_300	3_267	32.692	104	64	3	115	215	267	367	6.36e-08	49.7
5_300	3_551	29.677	155	98	4	16	163	3	153	4.14e-06	42.7
5_300	3_317	32.941	85	55	1	127	209	160	244	2.51e-05	41.2
5_300	3_229	36.905	84	44	4	121	198	826	906	1.29e-04	39.3
5_301	3_394	100.000	979	0	0	1	979	1	979	0.0	1930
5_302	3_415	100.000	398	0	0	1	398	1	398	0.0	811
5_303	3_423	100.000	297	0	0	1	297	1	297	0.0	578
5_304	3_427	100.000	344	0	0	1	344	1	344	0.0	682
5_304	3_381	24.606	317	175	11	64	333	46	345	2.28e-05	40.0
5_305	3_430	100.000	142	0	0	1	142	1	142	5.86e-104	288
5_306	3_432	100.000	490	0	0	1	490	1	490	0.0	961
5_307	3_443	100.000	569	0	0	1	569	1	569	0.0	1102
5_307	3_74	30.556	216	124	4	79	285	18	216	9.41e-12	60.8
5_308	3_450	100.000	256	0	0	1	256	1	256	0.0	510
5_309	3_453	100.000	564	0	0	1	564	1	564	0.0	1104
5_309	3_301	31.670	461	251	12	95	533	214	632	3.71e-52	184
5_309	3_522	31.614	446	261	9	99	533	96	508	1.19e-51	179
5_309	3_497	31.183	465	254	14	97	533	116	542	9.17e-50	175
5_309	3_540	30.260	423	247	9	118	533	243	624	4.67e-47	169
5_309	3_302	30.496	423	234	11	131	540	144	519	7.43e-44	159
5_310	3_459	100.000	188	0	0	1	188	1	188	6.44e-139	380
5_311	3_463	100.000	696	0	0	1	696	1	696	0.0	1387
5_312	3_468	100.000	145	0	0	1	145	1	145	1.93e-102	284
5_313	3_469	100.000	270	0	0	1	270	1	270	0.0	546
5_314	3_472	100.000	720	0	0	1	720	1	720	0.0	1484
5_315	3_373	99.785	465	1	0	1	465	1	465	0.0	927
5_316	3_441	99.827	579	1	0	1	579	1	579	0.0	1177
5_317	3_19	99.634	273	1	0	1	273	1	273	0.0	562
5_318	3_36	98.462	65	1	0	1	65	1	65	3.25e-44	131
5_319	3_320	99.681	939	3	0	1	939	1	939	0.0	1898
5_320	3_308	99.609	511	2	0	1	511	1	511	0.0	1042
5_320	3_364	43.385	325	173	6	105	423	125	444	2.14e-74	239
5_320	3_362	22.712	295	216	6	49	340	63	348	3.95e-08	50.1
5_320	3_182	22.819	298	203	11	116	400	119	402	3.75e-06	43.5
5_321	3_248	98.969	194	2	0	1	194	1	194	3.78e-142	389
5_321	3_58	37.888	161	95	3	4	160	3	162	1.81e-27	98.2
5_322	3_166	99.849	662	1	0	1	662	1	662	0.0	1330
5_323	3_398	99.352	463	3	0	1	463	1	463	0.0	932
5_324	3_420	99.174	121	1	0	1	121	1	121	1.05e-87	245
5_325	3_422	99.547	883	4	0	1	883	1	883	0.0	1778
5_326	3_429	99.776	892	2	0	1	892	1	892	0.0	1800
5_327	3_64	99.740	384	1	0	1	384	1	384	0.0	766
5_328	3_65	99.275	276	2	0	1	276	1	276	0.0	546
5_328	3_5	36.255	251	125	6	1	233	1	234	2.71e-31	112
5_329	3_81	99.842	632	1	0	1	632	1	632	0.0	1285
5_330	3_475	99.492	197	1	0	1	197	1	197	1.32e-133	367
5_331	3_367	99.844	641	1	0	1	641	1	641	0.0	1284
5_331	3_42	44.131	639	334	9	3	626	5	635	6.84e-168	489
5_332	3_366	99.005	402	4	0	1	402	1	402	0.0	793
5_333	3_365	97.143	385	11	0	1	385	1	385	0.0	730
5_334	3_149	98.883	179	2	0	1	179	1	179	5.56e-126	347
5_335	3_364	99.606	507	2	0	1	507	1	507	0.0	1009
5_335	3_308	43.077	325	174	6	125	444	105	423	5.26e-74	238
5_335	3_362	26.486	370	261	7	58	421	44	408	3.83e-25	102
5_335	3_182	21.687	332	250	6	37	363	15	341	3.39e-07	47.0
5_336	3_151	99.379	161	1	0	1	161	1	161	6.20e-117	322
5_337	3_361	99.344	305	2	0	1	305	1	305	0.0	601
5_338	3_152	99.773	440	1	0	1	440	1	440	0.0	875
5_338	3_9	36.269	193	110	4	101	283	125	314	1.95e-26	103
5_339	3_153	99.780	455	1	0	1	455	1	455	0.0	927
5_340	3_358	99.275	276	2	0	1	276	1	276	0.0	561
5_341	3_357	99.517	414	2	0	1	414	1	414	0.0	825
5_342	3_356	99.432	1585	9	0	1	1585	1	1585	0.0	3116
5_342	3_210	26.006	323	185	12	917	1223	623	907	4.74e-14	72.0
5_342	3_210	37.383	107	59	3	281	385	297	397	1.18e-05	44.3
5_343	3_253	99.807	517	1	0	1	517	1	517	0.0	1006
5_344	3_351	99.600	999	2	1	1	999	1	997	0.0	2007
5_345	3_249	99.160	238	2	0	1	238	1	238	5.19e-172	468
5_346	3_229	99.789	947	2	0	1	947	1	947	0.0	1932
5_346	3_263	29.801	151	85	7	783	928	90	224	3.84e-07	47.0
5_346	3_390	39.130	92	47	4	820	908	115	200	6.91e-07	47.4
5_346	3_390	28.571	147	88	6	416	562	64	193	1.61e-04	39.7
5_346	3_35	32.051	78	50	1	820	897	145	219	1.34e-06	45.8
5_346	3_35	30.000	80	54	1	479	558	145	222	5.91e-06	43.5
5_346	3_292	36.585	82	43	4	834	912	129	204	1.77e-05	42.7
5_346	3_391	36.905	84	44	4	826	906	121	198	1.76e-04	39.7
5_346	3_267	25.168	298	194	12	628	907	63	349	1.87e-04	39.3
5_346	3_316	33.333	102	63	3	476	574	602	701	2.01e-04	39.3
5_346	3_233	38.667	75	43	2	485	558	224	296	2.28e-04	38.9
5_346	3_206	29.897	97	57	4	834	928	277	364	3.91e-04	38.1
5_346	3_317	29.825	114	68	5	833	943	161	265	4.93e-04	37.7
5_346	3_323	24.211	190	121	8	481	655	129	310	5.65e-04	37.7
5_347	3_349	99.158	475	4	0	4	478	7	481	0.0	913
5_348	3_348	99.387	326	2	0	1	326	1	326	0.0	648
5_349	3_347	99.540	1086	5	0	1	1086	1	1086	0.0	2128
5_349	3_343	24.222	450	279	15	23	431	12	440	1.13e-08	53.5
5_349	3_490	24.947	469	294	15	18	451	14	459	1.33e-07	50.1
5_349	3_387	22.624	221	146	6	31	226	14	234	5.98e-05	41.6
5_349	3_508	22.944	462	296	16	16	430	5	453	1.39e-04	40.4
5_349	3_482	27.523	218	136	8	62	260	30	244	1.84e-04	39.7
5_350	3_346	99.171	965	8	0	1	965	1	965	0.0	1890
5_350	3_388	23.247	271	155	11	65	297	63	318	3.48e-08	52.0
5_350	3_513	26.286	175	110	5	24	191	12	174	1.82e-04	39.7
5_351	3_343	96.037	1085	20	4	1	1084	1	1063	0.0	2024
5_351	3_490	27.331	1083	650	35	1	1034	6	1000	6.92e-81	280
5_351	3_387	31.988	322	208	5	4	322	1	314	2.71e-43	166
5_351	3_387	25.589	297	178	9	521	777	723	1016	2.42e-14	72.0
5_351	3_387	35.965	114	69	4	357	468	472	583	2.66e-10	58.9
5_351	3_508	24.412	553	309	20	6	496	4	509	2.38e-14	72.4
5_351	3_482	24.682	393	234	13	26	394	7	361	4.44e-13	67.8
5_351	3_347	23.414	457	274	16	12	440	23	431	1.97e-08	52.8
5_352	3_338	99.637	1376	5	0	1	1376	1	1376	0.0	2696
5_352	3_326	67.888	1392	424	6	1	1376	1	1385	0.0	1836
5_353	3_337	99.155	355	3	0	1	355	1	355	0.0	681
5_354	3_45	99.825	571	1	0	1	571	1	571	0.0	1147
5_355	3_235	99.552	446	2	0	1	446	1	446	0.0	889
5_356	3_331	98.781	1477	11	1	1	1470	1	1477	0.0	2951
5_356	3_439	22.222	720	356	26	789	1426	188	785	2.25e-17	82.4
5_357	3_329	97.248	109	3	0	1	109	1	109	2.28e-73	208
5_357	3_371	32.812	64	42	1	38	100	79	142	4.34e-06	38.1
5_358	3_328	99.138	232	2	0	1	232	1	232	1.73e-162	443
5_359	3_327	99.697	1982	6	0	1	1982	1	1982	0.0	3866
5_359	3_544	30.460	870	556	19	45	884	8	858	2.98e-94	323
5_359	3_517	35.516	397	209	11	60	425	37	417	1.32e-54	196
5_360	3_326	99.206	1386	5	1	1	1380	1	1386	0.0	2715
5_360	3_338	68.103	1392	415	6	1	1379	1	1376	0.0	1816
5_361	3_324	99.512	205	1	0	1	205	1	205	2.50e-143	393
5_362	3_240	99.760	416	1	0	1	416	1	416	0.0	796
5_363	3_54	99.751	402	1	0	1	402	1	402	0.0	804
5_364	3_322	99.673	611	2	0	1	611	1	611	0.0	1224
5_364	3_541	29.717	212	145	4	402	609	9	220	5.47e-28	107
5_364	3_531	31.343	134	90	1	167	300	4	135	1.41e-16	71.6
5_364	3_547	29.592	98	61	2	291	385	21	113	7.53e-09	48.9
5_364	3_230	24.566	346	194	13	155	482	2	298	6.50e-08	48.9
5_364	3_160	28.704	216	131	10	277	477	95	302	1.06e-04	39.3
5_365	3_55	99.673	306	1	0	1	306	1	306	0.0	607
5_366	3_321	99.231	780	3	1	1	777	1	780	0.0	1553
5_366	3_445	37.973	661	341	19	109	743	7	624	1.53e-121	374
5_366	3_409	28.529	333	193	12	301	602	306	624	5.05e-27	111
5_367	3_317	99.427	349	2	0	1	349	1	349	0.0	711
5_367	3_206	39.940	333	194	3	5	332	116	447	8.91e-78	241
5_367	3_316	36.646	161	82	3	118	266	571	723	1.46e-29	114
5_367	3_267	37.500	136	83	1	131	266	252	385	7.31e-28	107
5_367	3_267	29.630	135	70	5	7	125	32	157	3.55e-09	52.4
5_367	3_263	31.330	233	127	7	29	252	19	227	3.36e-23	92.4
5_367	3_285	28.972	214	133	6	14	221	58	258	1.01e-18	80.1
5_367	3_246	24.783	230	150	7	30	257	22	230	8.34e-14	65.1
5_367	3_35	33.043	115	74	2	140	254	139	250	9.41e-14	65.5
5_367	3_233	30.357	112	75	1	131	242	204	312	2.77e-13	65.1
5_367	3_288	38.462	78	48	0	162	239	154	231	2.03e-12	61.2
5_367	3_297	28.440	109	77	1	159	267	505	612	1.69e-11	59.7
5_367	3_297	25.899	139	83	6	4	139	30	151	2.29e-04	37.4
5_367	3_485	26.984	126	88	2	142	267	176	297	1.85e-11	59.3
5_367	3_405	29.612	206	115	11	29	228	351	532	1.12e-08	50.8
5_367	3_323	26.267	217	134	9	40	248	32	230	3.67e-08	49.3
5_367	3_323	33.333	81	53	1	160	240	410	489	6.01e-07	45.4
5_367	3_391	32.941	85	55	1	160	244	127	209	1.71e-07	47.4
5_367	3_292	24.880	209	125	7	29	232	16	197	1.93e-07	47.0
5_367	3_229	30.702	114	67	5	161	265	833	943	3.64e-07	46.2
5_367	3_390	26.549	113	77	3	145	255	114	222	7.64e-07	45.1
5_367	3_516	26.341	205	122	8	29	228	339	519	2.00e-06	43.9
5_367	3_73	25.000	236	148	10	28	249	273	493	4.86e-06	42.4
5_367	3_385	26.857	175	106	8	49	223	361	513	3.40e-04	36.6
5_367	3_266	27.143	70	47	2	163	232	449	514	3.47e-04	36.6
5_368	3_316	97.938	776	15	1	1	775	1	776	0.0	1494
5_368	3_267	37.751	249	137	4	530	775	204	437	2.37e-43	157
5_368	3_267	39.175	97	55	2	22	115	61	156	1.63e-12	64.7
5_368	3_206	45.536	112	61	0	614	725	273	384	6.22e-30	118
5_368	3_206	31.250	96	61	2	33	123	152	247	6.72e-07	47.0
5_368	3_317	37.037	162	82	3	570	723	118	267	9.08e-26	103
5_368	3_233	32.117	137	92	1	584	720	199	334	4.61e-20	88.2
5_368	3_297	25.735	136	99	2	590	725	481	614	2.53e-17	80.9
5_368	3_297	28.049	164	100	5	12	158	42	204	2.31e-07	48.5
5_368	3_35	39.091	110	66	1	599	708	140	248	2.42e-16	75.1
5_368	3_485	37.363	91	57	0	619	709	194	284	3.14e-15	72.8
5_368	3_263	36.275	102	64	1	607	708	127	227	6.66e-15	70.5
5_368	3_263	33.333	75	43	3	27	100	23	91	7.33e-04	36.6
5_368	3_288	30.508	118	73	2	597	706	134	250	1.55e-13	65.9
5_368	3_285	31.000	100	68	1	607	706	188	286	3.88e-13	65.5
5_368	3_246	30.108	93	64	1	615	707	133	224	2.15e-11	59.3
5_368	3_246	40.426	47	28	0	23	69	21	67	7.65e-07	45.4
5_368	3_391	34.940	83	52	1	616	698	127	207	6.74e-09	53.5
5_368	3_323	30.097	103	62	3	601	699	129	225	6.71e-08	50.1
5_368	3_323	27.723	101	72	1	616	716	410	509	2.01e-05	42.0
5_368	3_292	30.476	105	65	2	618	722	129	225	4.71e-07	47.8
5_368	3_405	38.983	59	33	1	618	676	467	522	7.11e-07	47.0
5_368	3_390	27.957	93	65	1	597	689	108	198	7.23e-07	47.0
5_368	3_73	25.532	94	63	2	609	699	398	487	8.38e-06	43.5
5_368	3_406	36.508	63	34	2	38	96	364	424	1.14e-04	39.7
5_368	3_229	33.333	102	63	3	601	700	476	574	1.38e-04	39.7
5_368	3_516	37.313	67	38	2	612	678	449	511	0.001	37.0
5_368	3_266	28.169	71	47	1	619	689	449	515	0.001	37.0
5_369	3_315	99.549	443	2	0	1	443	1	443	0.0	883
5_370	3_314	99.298	1425	9	1	1	1425	1	1424	0.0	2846
5_371	3_313	98.689	305	4	0	1	305	1	305	0.0	602
5_372	3_180	99.753	405	1	0	1	405	1	405	0.0	808
5_374	3_310	99.431	527	3	0	1	527	1	527	0.0	1020
5_375	3_309	99.325	741	5	0	1	741	1	741	0.0	1484
5_376	3_183	99.346	306	2	0	1	306	1	306	0.0	627
5_376	3_455	26.897	290	174	9	10	278	21	293	9.24e-21	85.1
5_376	3_219	22.581	279	186	10	9	277	5	263	1.17e-07	46.6
5_376	3_480	23.019	265	163	8	12	261	8	246	1.81e-06	43.5
5_376	3_129	27.397	73	51	1	7	79	2	72	3.93e-05	38.9
5_376	3_38	32.877	73	43	1	186	258	180	246	1.70e-04	37.0
5_377	3_307	99.723	361	1	0	1	361	1	361	0.0	734
5_378	3_306	99.654	578	2	0	1	578	1	578	0.0	1157
5_379	3_305	98.684	304	4	0	1	304	1	304	0.0	587
5_379	3_100	21.908	283	199	6	31	300	36	309	2.03e-12	61.2
5_380	3_304	99.433	705	4	0	1	705	1	705	0.0	1379
5_381	3_303	89.851	335	3	4	1	323	1	316	0.0	546
5_382	3_174	99.005	201	2	0	1	201	1	201	4.40e-148	404
5_383	3_302	99.638	553	2	0	1	553	1	553	0.0	1131
5_383	3_301	65.605	471	139	6	80	533	189	653	0.0	600
5_383	3_301	42.500	120	41	6	4	111	1	104	5.42e-14	68.9
5_383	3_540	39.794	485	270	6	44	513	148	625	2.28e-107	330
5_383	3_522	35.785	503	257	20	46	512	36	508	2.58e-74	240
5_383	3_497	32.545	550	296	17	18	514	17	544	3.58e-74	240
5_383	3_453	30.496	423	234	11	144	519	131	540	2.01e-44	160
5_384	3_301	98.187	662	10	1	1	662	1	660	0.0	1311
5_384	3_302	66.242	471	136	6	191	655	80	533	0.0	606
5_384	3_302	42.500	120	41	6	1	104	4	111	6.50e-14	68.9
5_384	3_540	43.091	427	224	5	211	635	216	625	3.35e-105	328
5_384	3_522	39.362	470	235	15	190	634	64	508	2.59e-80	259
5_384	3_497	34.989	463	244	11	206	636	107	544	2.43e-73	241
5_384	3_453	32.104	461	249	12	216	634	95	533	1.20e-53	188
5_385	3_172	98.864	176	2	0	1	176	1	176	4.40e-129	354
5_385	3_156	40.741	54	29	1	19	69	6	59	2.41e-06	41.2
5_385	3_156	28.415	183	118	5	5	175	157	338	3.28e-06	40.8
5_385	3_414	39.344	61	33	3	19	76	10	69	1.55e-04	35.8
5_386	3_300	91.168	736	61	4	1	736	2830	3561	0.0	1307
5_387	3_299	94.854	3770	176	7	1	3763	1	3759	0.0	7005
5_387	3_300	24.335	263	144	12	346	572	496	739	1.86e-05	45.1
5_387	3_300	25.651	269	146	10	2796	3038	2610	2850	3.00e-04	41.2
5_388	3_56	99.567	231	1	0	1	231	1	231	4.60e-170	462
5_389	3_298	99.000	300	3	0	1	300	1	300	0.0	600
5_389	3_4	32.707	266	148	14	25	283	23	264	1.80e-24	95.1
5_389	3_281	33.088	136	64	8	16	150	4	113	1.05e-05	40.4
5_390	3_247	98.621	145	2	0	1	145	1	145	5.00e-104	288
5_391	3_477	100.000	1460	0	0	1193	2652	1	1460	0.0	2888
5_392	3_286	99.455	367	2	0	1	367	1	367	0.0	743
5_392	3_145	35.433	127	57	2	6	132	160	261	9.76e-15	69.3
5_393	3_479	98.387	186	3	0	1	186	1	186	8.04e-138	377
5_394	3_287	98.462	260	4	0	1	260	1	260	0.0	514
5_395	3_542	98.944	284	3	0	40	323	1	284	0.0	552
5_396	3_480	99.776	447	1	0	1	447	1	447	0.0	882
5_396	3_219	31.878	229	138	9	1	221	1	219	8.83e-17	74.7
5_396	3_38	27.675	271	161	14	3	254	4	258	2.57e-08	49.3
5_396	3_183	22.305	269	160	7	8	246	12	261	2.55e-06	43.5
5_397	3_481	99.846	648	1	0	1	648	1	648	0.0	1276
5_398	3_522	100.000	510	0	0	27	536	1	510	0.0	1019
5_398	3_497	64.000	550	178	8	1	536	1	544	0.0	668
5_398	3_301	38.912	478	226	15	90	534	188	632	8.52e-80	258
5_398	3_302	34.926	544	279	22	17	534	18	512	8.84e-74	239
5_398	3_540	36.548	394	221	9	151	535	252	625	3.35e-60	204
5_398	3_453	31.614	446	261	9	122	534	99	533	2.09e-51	179
5_399	3_497	99.816	544	1	0	1	544	1	544	0.0	1092
5_399	3_522	62.023	524	179	8	27	544	1	510	0.0	612
5_399	3_302	32.727	550	295	17	17	544	18	514	1.09e-74	242
5_399	3_301	34.773	463	245	11	107	544	204	634	5.82e-73	240
5_399	3_540	32.374	417	230	12	144	543	244	625	1.87e-51	181
5_399	3_453	31.183	465	254	14	116	542	97	533	7.54e-50	175
5_400	3_498	99.237	524	4	0	1	524	1	524	0.0	1007
5_400	3_341	24.915	293	190	10	4	273	9	294	6.07e-14	68.6
5_401	3_62	99.197	249	2	0	1	249	1	249	8.29e-177	481
5_402	3_556	99.604	505	2	0	6	510	1	505	0.0	1031
5_403	3_499	99.292	565	4	0	1	565	1	565	0.0	1092
5_404	3_290	98.382	309	5	0	1	309	1	309	0.0	591
5_405	3_500	97.333	75	2	0	1	75	1	75	3.74e-50	147
5_405	3_476	78.689	61	13	0	3	63	8	68	1.86e-29	103
5_405	3_502	71.667	60	17	0	3	62	8	67	1.47e-26	91.7
5_405	3_393	68.293	41	13	0	22	62	45	85	1.14e-15	64.3
5_405	3_176	43.284	67	31	2	9	75	14	73	1.12e-09	47.4
5_406	3_476	98.883	806	8	1	1	806	1	805	0.0	1588
5_406	3_447	77.740	593	122	5	220	804	2	592	0.0	895
5_406	3_393	46.676	752	364	13	27	771	45	766	0.0	611
5_406	3_502	73.661	224	58	1	1	224	1	223	2.54e-115	344
5_406	3_176	33.820	822	453	27	1	775	1	778	5.86e-105	336
5_406	3_500	80.328	61	12	0	8	68	3	63	1.35e-28	103
5_407	3_474	99.203	627	5	0	1	627	1	627	0.0	1238
5_408	3_85	99.688	321	1	0	1	321	1	321	0.0	641
5_408	3_548	41.379	58	30	1	8	65	13	66	1.42e-07	47.4
5_409	3_473	99.789	475	1	0	1	475	1	475	0.0	922
5_410	3_274	98.886	449	5	0	1	449	1	449	0.0	916
5_410	3_258	28.163	245	158	8	18	255	14	247	9.86e-13	64.3
5_410	3_258	46.154	39	21	0	409	447	503	541	1.13e-05	42.0
5_410	3_561	23.176	466	288	19	14	442	52	484	2.58e-09	53.5
5_411	3_87	99.522	418	2	0	1	418	1	418	0.0	849
5_412	3_94	97.802	91	2	0	1	91	1	91	1.14e-61	177
5_413	3_96	98.990	99	1	0	1	99	1	99	3.06e-68	194
5_414	3_100	99.683	315	1	0	1	315	1	315	0.0	625
5_414	3_305	22.261	283	198	6	36	309	31	300	2.86e-13	63.9
5_415	3_101	99.587	242	1	0	1	242	1	242	5.12e-175	476
5_415	3_413	26.772	127	68	4	81	203	46	151	3.00e-04	35.0
5_416	3_470	99.603	252	1	0	1	252	1	252	0.0	496
5_416	3_167	29.932	147	96	3	111	252	82	226	6.23e-09	49.7
5_417	3_102	99.074	216	2	0	1	216	1	216	1.95e-145	399
5_418	3_410	99.265	408	3	0	4	411	1	408	0.0	810
5_419	3_419	99.154	473	4	0	1	473	1	473	0.0	919
5_420	3_113	99.320	147	1	0	1	147	1	147	2.38e-106	295
5_421	3_279	99.228	259	2	0	1	259	1	259	0.0	516
5_422	3_127	99.559	227	1	0	1	227	1	227	3.79e-167	455
5_423	3_205	100.000	145	0	0	1	145	1	145	1.05e-106	295
5_424	3_424	99.718	709	2	0	1	709	1	709	0.0	1423
5_425	3_426	98.413	63	1	0	1	63	1	63	1.37e-41	124
5_426	3_428	99.557	2033	9	0	1	2033	1	2033	0.0	4078
5_427	3_132	99.727	366	1	0	1	366	1	366	0.0	722
5_427	3_319	27.358	318	207	7	61	361	6	316	9.27e-23	92.8
5_428	3_447	93.980	598	31	1	1	598	1	593	0.0	1096
5_428	3_476	77.926	598	116	5	2	597	220	803	0.0	917
5_428	3_393	43.310	568	279	14	2	563	236	766	7.29e-129	392
5_428	3_176	32.237	608	322	19	3	568	220	779	8.27e-59	205
5_429	3_448	98.969	194	2	0	1	194	1	194	9.82e-141	385
5_430	3_449	98.934	469	5	0	1	469	1	469	0.0	926
5_431	3_451	98.833	514	6	0	1	514	1	514	0.0	1030
5_431	3_369	26.490	151	100	3	2	141	50	200	1.68e-09	54.7
5_431	3_369	34.426	61	35	2	294	349	574	634	2.48e-05	41.2
5_431	3_396	34.444	90	58	1	3	91	29	118	4.45e-08	50.1
5_431	3_396	33.000	100	59	3	264	355	513	612	9.50e-08	48.9
5_431	3_382	24.084	191	113	4	3	161	32	222	1.37e-07	48.5
5_432	3_454	99.583	240	1	0	1	240	1	240	0.0	502
5_433	3_455	99.322	295	2	0	1	295	1	295	0.0	591
5_433	3_183	26.897	290	174	9	21	293	10	278	1.19e-20	84.7
5_433	3_219	26.148	283	176	9	19	293	3	260	1.31e-15	70.1
5_433	3_129	26.792	265	164	10	21	275	5	249	2.53e-13	63.5
5_433	3_38	25.368	272	165	12	15	274	1	246	1.82e-04	36.6
5_434	3_457	99.550	666	3	0	1	666	1	666	0.0	1338
5_434	3_409	64.198	81	29	0	232	312	196	276	7.18e-26	107
5_435	3_458	99.837	615	1	0	1	615	1	615	0.0	1266
5_436	3_460	99.538	865	4	0	1	865	1	865	0.0	1709
5_437	3_259	99.886	880	1	0	1	880	1	880	0.0	1779
5_438	3_28	99.614	259	1	0	1	259	1	259	0.0	526
5_439	3_260	99.779	452	1	0	1	452	1	452	0.0	919
5_440	3_466	99.855	690	1	0	1	690	1	690	0.0	1372
5_441	3_265	99.369	317	2	0	1	317	1	317	0.0	640
5_442	3_467	99.426	871	5	0	1	871	1	871	0.0	1707
5_443	3_435	99.832	594	1	0	1	594	1	594	0.0	1189
5_443	3_273	28.413	630	325	21	34	582	29	613	2.00e-44	164
5_444	3_437	99.270	274	2	0	1	274	1	274	0.0	558
5_445	3_67	99.556	225	1	0	1	225	1	225	1.07e-162	443
5_446	3_68	99.659	293	1	0	1	293	1	293	0.0	577
5_447	3_439	98.984	984	7	2	1	981	1	984	0.0	1956
5_447	3_331	22.670	719	354	27	188	785	796	1433	1.06e-17	83.2
5_448	3_208	99.115	113	1	0	1	113	1	113	3.95e-81	228
5_449	3_209	97.917	96	2	0	1	96	1	96	2.36e-67	192
5_450	3_440	99.850	666	1	0	1	666	1	666	0.0	1350
5_451	3_210	99.906	1065	0	1	1	1064	1	1065	0.0	2130
5_451	3_356	26.625	323	183	13	622	906	917	1223	7.94e-14	70.5
5_451	3_356	37.383	107	59	3	296	396	281	385	5.01e-10	58.2
5_452	3_71	99.802	505	1	0	1	505	1	505	0.0	1028
5_453	3_442	99.567	462	2	0	1	462	1	462	0.0	929
5_454	3_74	99.670	303	1	0	1	303	1	303	0.0	575
5_454	3_443	31.050	219	119	5	18	216	79	285	1.49e-11	59.3
5_455	3_444	99.387	815	5	0	1	815	1	815	0.0	1667
5_455	3_408	28.571	616	326	22	249	802	246	809	2.09e-45	169
5_456	3_383	99.423	520	3	0	1	520	1	520	0.0	1009
5_457	3_382	99.392	823	5	0	1	823	1	823	0.0	1650
5_457	3_369	24.291	741	451	18	18	668	34	754	9.22e-49	180
5_457	3_396	22.781	338	192	11	393	679	398	717	5.68e-14	70.1
5_457	3_396	27.174	184	113	4	6	186	3	168	1.04e-08	53.1
5_457	3_451	24.084	191	113	4	32	222	3	161	1.49e-07	49.3
5_458	3_380	99.617	783	3	0	1	783	1	783	0.0	1558
5_459	3_12	99.784	463	1	0	1	463	1	463	0.0	922
5_460	3_375	99.703	673	2	0	1	673	1	673	0.0	1345
5_460	3_350	22.437	517	375	10	6	512	10	510	7.89e-32	126
5_461	3_7	98.008	251	5	0	1	251	1	251	1.85e-177	483
5_462	3_374	99.625	534	2	0	1	534	1	534	0.0	1055
5_463	3_255	99.097	443	4	0	1	443	1	443	0.0	866
5_464	3_372	97.026	269	8	0	1	269	65	333	0.0	518
5_465	3_369	99.887	886	1	0	1	886	1	886	0.0	1802
5_465	3_382	24.069	698	428	16	34	711	18	633	1.19e-46	174
5_465	3_396	22.941	340	205	10	440	753	393	701	9.57e-15	72.8
5_465	3_396	23.563	174	120	3	27	199	8	169	6.81e-09	53.9
5_465	3_451	26.490	151	100	3	50	200	2	141	2.78e-09	54.7
5_465	3_451	34.426	61	35	2	574	634	294	349	4.58e-05	41.2
5_466	3_368	99.863	729	1	0	1	729	122	850	0.0	1436
5_466	3_236	31.535	593	378	12	1	577	166	746	4.07e-77	260
5_466	3_236	25.191	131	87	5	461	584	727	853	3.50e-04	38.1
5_467	3_395	99.020	408	4	0	1	408	1	408	0.0	816
5_468	3_393	96.025	805	29	1	1	805	1	802	0.0	1538
5_468	3_476	46.056	786	389	13	45	805	27	802	0.0	611
5_468	3_447	42.685	581	298	12	236	786	2	577	4.28e-128	390
5_468	3_176	34.976	832	421	30	1	768	1	776	2.77e-107	342
5_468	3_502	52.479	242	94	3	1	240	1	223	5.71e-76	241
5_468	3_500	70.732	41	12	0	45	85	22	62	4.50e-15	65.5
5_469	3_392	97.857	560	10	1	1	558	1	560	0.0	1107
5_469	3_523	81.250	96	18	0	120	215	9	104	1.13e-50	164
5_469	3_557	68.142	113	34	1	120	232	20	130	2.65e-49	162
5_469	3_560	41.724	290	131	12	191	451	1	281	5.10e-48	163
5_469	3_501	33.911	404	207	11	203	553	1	397	8.15e-48	166
5_469	3_492	51.969	127	54	3	392	516	1	122	2.27e-37	130
5_469	3_559	36.013	311	136	10	191	451	1	298	3.17e-37	134
5_469	3_534	49.206	126	58	2	433	557	1	121	9.56e-33	116
5_469	3_194	44.444	108	53	3	6	106	7	114	1.34e-19	79.7
5_470	3_17	99.709	344	1	0	1	344	1	344	0.0	702
5_470	3_112	27.451	204	135	5	121	314	3	203	2.12e-15	69.7
5_471	3_389	99.395	496	3	0	1	496	1	496	0.0	970
5_471	3_507	27.500	400	246	14	122	489	181	568	3.89e-23	97.1
5_472	3_388	98.639	1176	13	1	1	1173	1	1176	0.0	2324
5_472	3_513	32.576	264	156	5	7	261	5	255	3.56e-29	120
5_472	3_513	26.978	278	150	12	711	972	534	774	3.01e-11	62.0
5_472	3_555	31.855	248	152	8	10	252	13	248	1.81e-23	101
5_472	3_509	29.560	159	99	4	6	161	2	150	3.96e-11	62.0
5_472	3_487	22.938	388	251	14	7	383	2	352	9.93e-06	43.9
5_472	3_346	39.474	38	23	0	281	318	260	297	4.23e-04	38.9
5_473	3_387	98.602	1216	14	1	1	1213	1	1216	0.0	2393
5_473	3_343	28.680	394	227	7	1	386	4	351	3.27e-43	166
5_473	3_343	27.273	286	165	8	720	1001	521	767	8.07e-17	80.5
5_473	3_490	33.566	286	180	5	3	285	11	289	2.60e-35	140
5_473	3_490	30.928	291	137	10	737	1015	545	783	2.87e-23	101
5_473	3_490	32.231	121	72	5	477	594	361	474	1.85e-05	43.1
5_473	3_482	25.306	245	154	5	10	249	1	221	1.55e-14	72.8
5_473	3_508	26.556	241	150	8	1	234	1	221	1.32e-10	60.5
5_473	3_508	24.122	427	242	21	722	1101	592	983	1.49e-05	43.5
5_473	3_347	22.134	253	167	8	14	265	31	254	8.25e-05	41.2
5_474	3_396	99.494	790	4	0	1	790	1	790	0.0	1601
5_474	3_369	22.647	340	206	10	393	701	440	753	4.41e-14	70.5
5_474	3_369	23.563	174	120	3	8	169	27	199	6.12e-09	53.9
5_474	3_382	24.103	195	101	6	398	592	393	540	4.76e-12	63.9
5_474	3_382	27.174	184	113	4	3	168	6	186	1.33e-08	52.8
5_474	3_451	34.444	90	58	1	29	118	3	91	6.90e-08	50.1
5_474	3_451	33.000	100	59	3	513	612	264	355	1.69e-07	48.9
5_475	3_214	99.752	404	1	0	1	404	1	404	0.0	813
5_476	3_400	99.074	324	3	0	1	324	1	324	0.0	637
5_477	3_401	99.471	946	5	0	1	946	1	946	0.0	1853
5_478	3_403	99.571	700	3	0	1	700	1	700	0.0	1415
5_479	3_404	98.797	582	7	0	1	582	1	582	0.0	1166
5_479	3_408	35.354	99	52	5	484	582	724	810	7.70e-04	36.6
5_480	3_405	99.814	539	1	0	1	539	1	539	0.0	1048
5_480	3_551	61.905	189	72	0	351	539	3	191	4.69e-63	200
5_480	3_516	28.705	533	354	10	7	533	8	520	9.56e-49	171
5_480	3_385	31.604	212	135	3	331	538	321	526	1.24e-30	120
5_480	3_406	38.462	221	128	7	322	538	320	536	1.71e-29	116
5_480	3_263	34.694	196	110	5	348	531	16	205	6.42e-19	81.6
5_480	3_391	29.717	212	130	8	336	539	1	201	4.60e-15	72.4
5_480	3_292	29.897	194	126	6	336	525	1	188	4.63e-13	66.2
5_480	3_390	26.415	212	137	7	336	539	1	201	6.87e-12	62.4
5_480	3_446	31.138	167	94	7	369	522	501	659	5.33e-10	56.2
5_480	3_246	31.522	184	108	8	354	528	24	198	2.97e-09	52.4
5_480	3_266	23.853	218	133	6	336	525	1	213	8.47e-09	52.4
5_480	3_73	31.148	183	104	8	355	522	26	201	4.49e-08	50.1
5_480	3_285	25.510	196	125	7	351	532	79	267	1.02e-07	48.1
5_480	3_316	38.983	59	33	1	467	522	619	677	6.14e-07	46.6
5_480	3_297	27.778	90	61	2	452	538	493	581	1.25e-06	45.4
5_480	3_485	29.412	85	52	2	441	522	172	251	4.59e-06	43.1
5_480	3_233	30.769	78	53	1	327	404	1	77	9.25e-06	42.4
5_480	3_233	35.294	68	41	1	464	528	229	296	6.75e-05	39.7
5_480	3_317	28.641	206	117	11	351	532	29	228	1.62e-05	41.6
5_480	3_288	26.699	206	131	7	336	523	9	212	2.66e-05	40.4
5_480	3_267	38.983	59	33	1	467	522	281	339	5.82e-05	40.0
5_480	3_323	23.037	191	123	6	352	525	22	205	8.69e-04	36.2
5_481	3_406	99.254	536	4	0	1	536	1	536	0.0	1014
5_481	3_385	31.445	512	325	9	35	536	31	526	1.36e-54	187
5_481	3_405	38.914	221	127	7	320	536	322	538	5.59e-30	118
5_481	3_516	35.407	209	123	6	328	531	319	520	1.15e-23	99.0
5_481	3_551	37.500	192	112	3	349	536	3	190	3.94e-16	71.6
5_481	3_391	32.558	215	117	9	334	536	2	200	2.81e-15	73.2
5_481	3_263	30.189	212	132	8	334	534	2	208	4.41e-14	67.4
5_481	3_446	31.551	187	110	5	319	495	455	633	4.88e-14	69.3
5_481	3_390	31.373	204	111	9	346	536	13	200	2.24e-11	60.8
5_481	3_285	31.527	203	114	11	349	536	79	271	2.54e-08	50.1
5_481	3_266	44.898	49	27	0	346	394	13	61	8.73e-08	48.9
5_481	3_292	28.505	214	123	10	334	534	2	198	6.84e-07	46.2
5_481	3_246	27.273	209	130	9	336	533	8	205	3.41e-06	43.1
5_481	3_73	26.136	176	110	6	363	524	36	205	1.70e-05	41.6
5_481	3_297	33.333	66	43	1	331	396	36	100	2.60e-05	41.2
5_481	3_316	36.508	63	34	2	364	424	38	96	8.50e-05	39.7
5_481	3_485	38.000	100	46	5	327	415	1	95	1.49e-04	38.5
5_481	3_267	27.132	129	76	4	302	425	23	138	5.90e-04	36.6
5_481	3_35	22.527	182	118	4	364	522	37	218	6.25e-04	36.2
5_481	3_323	26.230	183	118	8	365	534	37	215	7.71e-04	36.2
5_482	3_408	99.275	828	6	0	1	828	1	828	0.0	1666
5_482	3_444	26.122	869	487	34	15	809	15	802	4.20e-43	162
5_483	3_409	98.677	756	10	0	5	760	1	756	0.0	1518
5_483	3_445	30.240	334	204	9	309	640	202	508	1.26e-33	132
5_483	3_445	49.367	79	13	3	5	64	1	71	1.59e-10	58.5
5_483	3_321	28.829	333	192	12	310	628	304	605	2.58e-27	112
5_483	3_457	64.198	81	29	0	200	280	232	312	2.36e-25	106
5_484	3_484	99.516	620	3	0	1	620	1	620	0.0	1242
5_485	3_485	99.482	386	2	0	1	386	1	386	0.0	757
5_485	3_233	32.059	340	185	10	5	304	8	341	1.75e-38	138
5_485	3_297	40.146	137	82	0	166	302	481	617	2.04e-31	120
5_485	3_297	30.088	113	70	2	7	110	38	150	1.64e-11	60.1
5_485	3_316	37.363	91	57	0	194	284	620	710	1.44e-15	72.8
5_485	3_267	33.333	90	60	0	194	283	282	371	7.51e-15	70.1
5_485	3_288	25.357	280	164	5	6	283	8	244	3.05e-14	66.6
5_485	3_285	24.779	226	119	3	27	252	84	258	4.87e-14	66.6
5_485	3_246	32.143	140	84	3	143	279	90	221	8.90e-12	59.3
5_485	3_206	23.404	141	104	2	164	303	251	388	1.40e-11	60.1
5_485	3_263	24.221	289	161	9	8	292	2	236	3.76e-11	57.8
5_485	3_35	25.402	311	163	12	27	307	27	298	6.67e-11	57.4
5_485	3_317	27.778	126	87	2	176	297	142	267	1.07e-10	57.0
5_485	3_390	31.818	132	85	4	134	263	69	197	4.55e-10	55.8
5_485	3_390	52.778	36	17	0	27	62	21	56	2.37e-05	40.8
5_485	3_391	29.851	134	91	2	141	273	76	207	2.28e-09	53.5
5_485	3_391	43.636	55	31	0	8	62	2	56	6.01e-06	42.7
5_485	3_323	22.963	270	155	9	29	296	28	246	3.45e-09	52.8
5_485	3_323	32.609	92	57	2	184	271	399	489	7.28e-07	45.4
5_485	3_292	34.483	87	53	2	183	268	119	202	1.05e-08	51.2
5_485	3_292	31.579	95	58	3	8	95	2	96	7.38e-04	35.8
5_485	3_73	28.788	132	85	4	146	271	356	484	8.45e-08	48.1
5_485	3_405	29.412	85	52	2	172	251	441	522	3.15e-06	43.5
5_485	3_406	38.000	100	46	5	1	95	327	415	8.50e-05	38.9
5_485	3_266	27.174	92	64	1	188	276	443	534	2.40e-04	37.4
5_485	3_446	45.588	68	27	4	4	69	465	524	2.61e-04	37.4
5_485	3_516	50.000	46	23	0	8	53	325	370	3.83e-04	36.6
5_486	3_292	99.347	766	1	1	1	762	1	766	0.0	1495
5_486	3_390	30.693	808	478	19	1	762	1	772	1.13e-92	301
5_486	3_391	39.823	452	246	10	1	440	1	438	1.21e-89	290
5_486	3_391	33.588	131	87	0	632	762	516	646	1.70e-15	74.7
5_486	3_285	32.735	223	133	7	1	209	60	279	4.23e-24	98.2
5_486	3_35	27.488	211	126	7	17	201	23	232	5.14e-15	71.2
5_486	3_323	24.324	259	168	9	1	232	6	263	3.33e-14	70.1
5_486	3_323	23.301	206	140	4	16	203	282	487	2.71e-06	45.1
5_486	3_405	30.412	194	125	6	1	188	336	525	2.94e-13	67.4
5_486	3_73	29.630	216	130	6	2	201	8	217	3.68e-13	67.0
5_486	3_233	32.990	97	63	1	1	95	10	106	1.38e-09	55.5
5_486	3_516	27.230	213	130	7	1	199	324	525	2.87e-09	54.7
5_486	3_385	28.704	216	129	8	2	204	327	530	7.48e-09	53.1
5_486	3_538	25.823	395	232	18	302	655	86	460	1.21e-08	52.4
5_486	3_485	34.483	87	53	2	119	202	183	268	2.01e-08	51.6
5_486	3_551	33.557	149	76	7	34	171	21	157	2.89e-08	49.3
5_486	3_246	27.000	200	123	7	17	203	22	211	3.55e-08	49.7
5_486	3_297	30.357	112	75	2	2	111	39	149	3.79e-08	51.2
5_486	3_297	31.081	74	49	1	129	200	508	581	1.80e-05	42.4
5_486	3_206	25.561	223	120	8	15	198	141	356	1.16e-07	49.3
5_486	3_263	27.149	221	125	10	1	198	1	208	2.08e-07	47.8
5_486	3_288	29.545	88	59	2	115	200	141	227	4.53e-07	46.6
5_486	3_267	29.600	125	78	5	115	230	267	390	4.81e-07	47.4
5_486	3_316	30.476	105	65	2	129	225	619	723	6.79e-07	47.0
5_486	3_406	28.505	214	123	10	2	198	334	534	7.90e-07	46.6
5_486	3_317	24.880	209	125	7	16	197	29	232	1.51e-05	42.4
5_486	3_266	20.851	235	133	6	1	198	1	219	1.63e-05	42.4
5_486	3_266	26.027	219	131	9	1	204	319	521	1.64e-05	42.4
5_486	3_229	36.585	82	43	4	129	204	834	912	1.80e-05	42.4
5_486	3_446	24.638	207	127	6	13	195	468	669	1.01e-04	40.0
5_487	3_3	99.091	110	1	0	1	110	1	110	3.05e-79	223
5_488	3_291	100.000	312	0	0	168	479	1	312	0.0	627
5_488	3_558	99.408	169	1	0	1	169	1	169	1.21e-122	350
5_488	3_441	24.129	373	214	16	38	359	197	551	6.21e-04	36.6
5_489	3_555	98.328	658	11	0	1	658	1	658	0.0	1278
5_489	3_513	29.037	706	446	15	1	661	1	696	2.86e-69	239
5_489	3_388	32.258	248	151	8	13	248	10	252	1.20e-24	104
5_489	3_509	27.500	160	102	7	8	159	3	156	4.88e-08	50.8
5_490	3_490	99.312	1018	7	0	1	1018	1	1018	0.0	1968
5_490	3_343	26.764	1091	677	33	6	1015	1	1050	9.07e-81	279
5_490	3_387	33.217	286	181	5	11	289	3	285	3.95e-35	139
5_490	3_387	30.928	291	137	10	545	783	740	1018	2.16e-23	101
5_490	3_387	32.231	121	72	5	361	474	477	594	1.89e-05	43.1
5_490	3_482	27.500	240	152	8	18	255	1	220	6.76e-11	60.8
5_490	3_508	22.015	804	468	33	11	699	2	761	1.79e-09	56.2
5_490	3_347	25.112	446	278	14	14	436	18	430	9.13e-08	50.4
5_491	3_296	99.861	719	1	0	1	719	1	719	0.0	1429
5_492	3_489	98.520	743	4	1	1	736	1	743	0.0	1453
5_492	3_225	26.260	754	440	25	6	720	16	692	7.44e-45	166
5_493	3_487	99.678	931	3	0	1	931	1	931	0.0	1838
5_493	3_513	27.523	218	124	7	9	225	17	201	2.81e-08	52.0
5_493	3_388	22.938	388	251	14	2	352	7	383	5.52e-06	44.7
5_493	3_509	30.864	162	92	7	60	208	55	209	1.79e-05	43.1
5_494	3_494	99.174	121	1	0	1	121	1	121	4.38e-79	223
5_495	3_495	99.918	1217	1	0	1	1217	1	1217	0.0	2490
5_496	3_434	97.393	422	11	0	1	422	1	422	0.0	833
5_497	3_502	98.611	216	3	0	1	216	1	216	2.48e-157	429
5_497	3_476	73.733	217	56	1	1	216	1	217	1.08e-110	330
5_497	3_393	51.915	235	92	3	1	216	1	233	3.79e-73	231
5_497	3_176	35.780	218	136	4	1	216	1	216	1.78e-38	135
5_497	3_500	70.492	61	18	0	8	68	3	63	3.08e-26	92.0
5_498	3_435	42.647	68	33	2	22	83	312	379	1.17e-09	47.8
5_498	3_273	50.943	53	26	0	31	83	381	433	6.67e-09	45.4
5_499	3_285	92.208	77	6	0	1	77	76	152	1.22e-46	145
5_499	3_233	39.189	74	39	1	3	76	24	91	3.71e-11	51.6
5_499	3_297	38.028	71	32	3	9	76	58	119	1.33e-07	41.6
5_499	3_516	38.000	50	31	0	4	53	339	388	3.66e-07	40.4
5_499	3_263	34.722	72	43	2	4	75	19	86	6.85e-07	39.7
5_499	3_391	28.378	74	45	2	4	77	16	81	1.45e-06	38.5
5_499	3_390	29.730	74	44	2	4	77	16	81	2.65e-06	38.1
5_499	3_551	32.000	75	48	2	3	77	2	73	4.45e-06	37.0
5_499	3_292	28.378	74	45	1	4	77	16	81	5.12e-06	37.0
5_499	3_405	31.915	47	32	0	4	50	351	397	5.89e-06	37.0
5_499	3_267	36.000	75	45	1	3	74	61	135	9.61e-06	36.2
5_499	3_446	42.857	42	23	1	22	63	501	541	1.17e-05	36.2
5_499	3_323	41.176	34	20	0	5	38	22	55	1.46e-05	35.8
5_499	3_406	39.583	48	27	2	4	50	349	395	4.20e-05	34.7
5_499	3_385	31.169	77	46	2	4	75	341	415	8.53e-05	33.5
5_501	3_503	100.000	55	0	0	1	55	1	55	5.47e-35	107
5_502	3_504	100.000	288	0	0	1	288	1	288	0.0	563
5_503	3_511	98.253	229	4	0	1	229	1	229	1.11e-164	449
5_504	3_505	100.000	396	0	0	1	396	1	396	0.0	807
5_505	3_515	99.698	331	1	0	1	331	1	331	0.0	665
5_506	3_514	99.620	263	1	0	1	263	1	263	0.0	511
5_506	3_156	33.846	65	33	4	113	171	5	65	1.71e-04	37.0
5_506	3_145	35.000	60	27	2	113	164	159	214	3.35e-04	35.8
5_507	3_513	97.230	1083	15	4	1	1082	1	1069	0.0	2098
5_507	3_555	29.275	690	432	15	1	680	1	644	1.44e-69	240
5_507	3_388	29.765	383	217	11	5	344	7	380	7.37e-31	125
5_507	3_388	25.063	399	209	17	445	769	584	966	3.27e-07	48.9
5_507	3_509	29.677	155	101	3	13	161	10	162	1.66e-13	69.3
5_507	3_487	28.959	221	117	9	17	201	9	225	4.77e-08	51.6
5_508	3_512	97.842	417	5	1	1	417	1	413	0.0	781
5_509	3_509	96.283	1372	26	3	1	1365	1	1354	0.0	2625
5_509	3_513	29.677	155	101	3	10	162	13	161	1.05e-12	67.4
5_509	3_388	28.931	159	100	4	2	150	6	161	8.28e-11	61.2
5_509	3_555	26.923	156	100	7	7	156	12	159	9.04e-07	47.8
5_509	3_487	30.864	162	92	7	55	209	60	208	2.85e-05	42.7
5_509	3_303	34.737	95	54	6	466	554	125	217	2.16e-04	39.3
5_510	3_508	98.629	1824	22	3	1	1822	1	1823	0.0	3606
5_510	3_343	24.774	553	307	20	4	509	6	496	3.80e-14	72.4
5_510	3_387	26.556	241	150	8	1	221	1	234	6.57e-11	62.0
5_510	3_387	22.188	658	375	28	403	982	506	1104	8.81e-04	38.5
5_510	3_490	21.059	793	488	29	2	760	11	699	2.11e-08	53.5
5_510	3_482	27.004	237	148	7	13	239	3	224	9.68e-08	51.2
5_510	3_347	22.707	458	302	16	5	453	16	430	2.66e-04	40.0
5_511	3_507	98.785	576	6	1	1	575	1	576	0.0	1116
5_511	3_389	28.000	400	244	15	180	567	122	489	5.29e-23	97.1
5_512	3_300	94.658	2808	144	5	1	2805	1	2805	0.0	5190
5_512	3_299	24.335	263	144	12	496	739	346	572	7.50e-05	42.7
5_513	3_506	99.612	516	2	0	1	516	1	516	0.0	1028
5_514	3_517	98.969	582	6	0	1	582	1	582	0.0	1147
5_514	3_327	35.768	397	208	11	37	417	60	425	1.01e-55	198
5_514	3_544	30.357	392	214	10	37	409	23	374	2.04e-39	149
5_515	3_482	99.542	873	4	0	34	906	1	873	0.0	1734
5_515	3_387	24.800	250	164	5	24	254	5	249	4.57e-15	74.3
5_515	3_343	24.257	404	242	14	31	394	15	394	1.36e-13	69.3
5_515	3_490	26.562	256	167	7	11	253	8	255	2.14e-10	58.9
5_515	3_347	25.755	629	373	27	12	593	4	585	3.19e-10	58.5
5_515	3_508	27.572	243	151	7	30	257	7	239	4.06e-09	55.1
5_516	3_519	96.604	589	19	1	1	588	1	589	0.0	1128
5_517	3_523	99.020	102	1	0	1	102	3	104	1.27e-71	203
5_517	3_557	76.042	96	21	1	7	102	20	113	1.00e-50	151
5_517	3_392	81.250	96	18	0	7	102	122	217	2.74e-44	145
5_517	3_560	100.000	25	0	0	78	102	1	25	1.40e-11	53.9
5_517	3_559	100.000	25	0	0	78	102	1	25	2.22e-11	53.1
5_518	3_524	100.000	277	0	0	1	277	1	277	0.0	544
5_519	3_536	99.454	183	1	0	1	183	1	183	1.64e-124	343
5_520	3_525	100.000	86	0	0	1	86	1	86	1.31e-59	171
5_521	3_546	98.431	255	4	0	1	255	1	255	1.09e-176	481
5_522	3_526	100.000	278	0	0	1	278	1	278	0.0	536
5_522	3_193	24.364	275	181	13	5	260	32	298	1.75e-09	52.0
5_523	3_543	99.676	309	1	0	1	309	1	309	0.0	585
5_523	3_0	25.083	303	205	10	22	304	36	336	1.32e-09	52.8
5_524	3_528	100.000	40	0	0	1	40	1	40	7.74e-22	73.2
5_525	3_537	99.831	591	1	0	1	591	1	591	0.0	1168
5_526	3_531	100.000	142	0	0	1	142	1	142	1.19e-101	282
5_526	3_322	31.111	135	91	1	4	136	167	301	3.18e-17	71.6
5_527	3_533	100.000	154	0	0	1	154	1	154	4.63e-108	299
5_528	3_540	97.293	628	3	2	1	614	1	628	0.0	1206
5_528	3_302	38.969	485	274	6	134	611	44	513	1.92e-107	330
5_528	3_301	43.326	427	223	5	202	611	209	633	1.04e-106	331
5_528	3_522	36.181	398	217	10	238	611	125	509	5.68e-60	203
5_528	3_497	32.374	417	230	12	230	611	144	543	2.62e-51	180
5_528	3_453	30.496	423	246	10	229	610	118	533	2.48e-47	169
5_529	3_527	99.677	620	2	0	1	620	1	620	0.0	1247
5_530	3_538	99.018	509	5	0	1	509	68	576	0.0	984
5_530	3_292	27.476	313	174	16	19	315	302	577	1.05e-08	52.0
5_531	3_530	99.275	138	1	0	1	138	222	359	1.42e-97	280
5_532	3_535	99.197	249	2	0	1	249	29	277	8.47e-180	489
5_533	3_532	99.745	392	1	0	1	392	1	392	0.0	789
5_534	3_131	100.000	37	0	0	1	37	1	37	1.42e-22	75.9
5_535	3_445	99.230	649	5	0	5	653	1	649	0.0	1295
5_535	3_321	38.333	660	343	20	11	628	109	746	4.65e-128	391
5_535	3_409	30.240	334	204	9	206	512	305	636	2.44e-34	134
5_536	3_488	99.254	134	1	0	1	134	1	134	2.14e-96	275
5_537	3_550	100.000	201	0	0	1	201	1	201	2.30e-142	390
5_538	3_368	100.000	123	0	0	1	123	1	123	6.20e-86	262
5_538	3_236	56.780	118	51	0	6	123	50	167	8.27e-45	149
5_539	3_553	99.177	486	4	0	1	486	1	486	0.0	959
5_540	3_552	99.471	378	2	0	1	378	1	378	0.0	728
5_541	3_544	99.466	936	5	0	1	936	1	936	0.0	1809
5_541	3_327	30.460	870	556	19	8	858	45	884	3.35e-90	310
5_541	3_517	30.151	398	207	11	23	374	37	409	1.52e-39	150
5_542	3_549	99.894	945	1	0	1	945	1	945	0.0	1895
5_543	3_548	99.447	723	1	1	1	723	1	720	0.0	1419
5_543	3_85	42.857	56	28	1	13	64	8	63	2.82e-07	47.4
5_543	3_33	32.381	105	65	3	74	174	37	139	2.22e-05	41.2
5_544	3_541	96.347	219	8	0	121	339	2	220	1.44e-156	432
5_544	3_547	95.614	114	3	1	1	112	1	114	9.74e-71	211
5_544	3_322	30.576	278	189	4	62	339	336	609	6.36e-40	143
5_544	3_230	26.582	158	97	6	56	203	150	298	2.98e-05	39.7
5_545	3_516	98.190	221	4	0	1	221	313	533	6.82e-153	430
5_545	3_405	39.614	207	122	3	4	208	328	533	7.38e-37	130
5_545	3_385	35.922	206	121	5	8	208	322	521	1.24e-24	95.9
5_545	3_406	34.450	209	125	6	7	208	328	531	3.07e-23	92.0
5_545	3_551	36.567	134	83	2	45	177	21	153	2.32e-18	74.7
5_545	3_263	32.536	209	121	9	12	205	1	204	1.09e-16	71.6
5_545	3_323	29.954	217	111	7	11	201	5	206	5.51e-12	58.9
5_545	3_266	27.041	196	101	5	12	174	1	187	4.04e-11	56.6
5_545	3_266	21.965	173	113	7	12	174	319	479	8.37e-04	34.3
5_545	3_391	28.365	208	110	6	12	200	1	188	4.96e-11	56.2
5_545	3_292	27.230	213	130	7	12	213	1	199	1.01e-09	52.4
5_545	3_246	27.604	192	105	6	28	201	22	197	1.09e-09	51.6
5_545	3_446	27.717	184	120	5	6	181	463	641	2.92e-09	50.8
5_545	3_285	25.683	183	122	4	27	198	79	258	3.29e-09	50.4
5_545	3_390	28.351	194	128	6	12	200	1	188	1.22e-08	49.3
5_545	3_233	36.232	69	44	0	12	80	10	78	2.87e-08	47.8
5_545	3_233	33.645	107	54	3	107	202	193	293	7.20e-07	43.5
5_545	3_297	32.877	73	49	0	10	82	36	108	2.30e-07	45.4
5_545	3_297	27.000	200	123	10	15	203	385	572	7.87e-06	40.8
5_545	3_267	28.689	122	83	1	6	123	37	158	1.83e-05	39.3
5_545	3_317	25.714	210	117	9	27	207	29	228	6.25e-05	37.7
5_545	3_485	50.000	46	23	0	13	58	8	53	1.50e-04	36.6
5_545	3_485	36.170	47	30	0	141	187	191	237	7.12e-04	34.7
5_545	3_73	28.492	179	117	6	31	199	26	203	1.75e-04	36.6
5_545	3_316	36.765	68	39	2	137	200	613	680	2.05e-04	36.2
5_545	3_288	20.856	187	128	6	13	182	10	193	4.29e-04	35.0
5_546	3_407	94.737	76	4	0	2	77	474	549	4.00e-44	143
5_547	3_488	98.837	172	2	0	1	172	151	322	5.27e-123	344
5_548	3_559	100.000	294	0	0	1	294	1	294	0.0	595
5_548	3_560	36.102	313	145	15	1	294	1	277	2.49e-38	131
5_548	3_392	36.156	307	133	11	1	294	193	449	5.53e-34	124
5_548	3_501	76.471	51	12	0	243	293	245	295	7.78e-22	89.4
5_548	3_501	48.718	39	20	0	13	51	1	39	1.64e-06	43.5
5_548	3_492	70.909	55	15	1	241	294	3	57	4.99e-20	80.1
5_548	3_557	68.293	41	13	0	1	41	89	129	1.24e-11	55.8
5_548	3_523	100.000	25	0	0	1	25	80	104	7.18e-11	53.1
5_549	3_560	98.917	277	3	0	1	277	1	277	0.0	559
5_549	3_392	40.909	286	131	12	1	277	193	449	7.90e-45	154
5_549	3_559	36.102	313	145	15	1	277	1	294	3.92e-38	131
5_549	3_501	31.494	308	156	11	13	277	1	296	1.44e-27	104
5_549	3_492	71.698	53	15	0	225	277	5	57	2.96e-22	85.9
5_549	3_557	72.500	40	10	1	1	39	89	128	5.24e-13	59.7
5_549	3_523	100.000	25	0	0	1	25	80	104	4.24e-11	53.5
5_551	3_562	100.000	153	0	0	1	153	1	153	4.30e-113	312
5_552	3_564	100.000	339	0	0	1	339	1	339	0.0	698
