5_0	0_3	100.000	336	0	0	1	336	1	336	0.0	660
5_0	0_549	27.228	202	137	6	36	235	22	215	8.24e-13	62.8
5_1	0_7	100.000	96	0	0	1	96	1	96	9.19e-66	188
5_2	0_8	100.000	589	0	0	1	589	1	589	0.0	1146
5_2	0_333	26.087	460	272	17	51	492	10	419	1.46e-21	92.8
5_3	0_13	100.000	188	0	0	1	188	1	188	2.33e-134	369
5_4	0_15	100.000	290	0	0	1	290	1	290	0.0	578
5_4	0_168	32.331	266	149	14	23	264	25	283	3.91e-24	94.4
5_5	0_16	100.000	287	0	0	1	287	1	287	0.0	577
5_5	0_195	35.827	254	122	7	1	234	1	233	4.20e-33	117
5_6	0_22	100.000	333	0	0	1	333	1	333	0.0	664
5_6	0_368	34.375	192	115	3	125	314	101	283	3.89e-25	99.8
5_7	0_23	100.000	189	0	0	1	189	1	189	2.97e-140	384
5_8	0_24	100.000	324	0	0	1	324	1	324	0.0	664
5_8	0_26	41.702	235	129	4	7	237	7	237	9.89e-45	148
5_8	0_570	23.504	234	152	8	78	296	7	228	2.90e-09	51.6
5_8	0_25	44.737	76	41	1	245	320	13	87	3.18e-05	37.4
5_9	0_27	100.000	152	0	0	1	152	1	152	1.22e-110	306
5_10	0_28	100.000	619	0	0	1	619	1	619	0.0	1249
5_11	0_29	100.000	378	0	0	1	378	1	378	0.0	754
5_12	0_31	100.000	47	0	0	1	47	1	47	3.69e-30	94.7
5_13	0_32	100.000	609	0	0	1	609	1	609	0.0	1218
5_14	0_34	100.000	353	0	0	1	353	1	353	0.0	699
5_14	0_323	27.129	317	167	15	46	345	64	333	4.32e-07	45.4
5_15	0_37	100.000	321	0	0	1	321	1	321	0.0	623
5_16	0_45	100.000	50	0	0	1	50	1	50	3.91e-32	99.8
5_16	0_408	35.556	45	26	1	6	50	5	46	1.51e-04	30.0
5_17	0_54	100.000	146	0	0	1	146	1	146	2.38e-105	292
5_18	0_55	100.000	295	0	0	1	295	1	295	0.0	590
5_19	0_56	100.000	337	0	0	1	337	1	337	0.0	685
5_20	0_59	100.000	289	0	0	1	289	1	289	0.0	559
5_21	0_60	100.000	225	0	0	1	225	1	225	3.19e-168	457
5_22	0_61	100.000	173	0	0	1	173	1	173	8.60e-127	348
5_23	0_64	100.000	298	0	0	1	298	1	298	0.0	603
5_24	0_68	100.000	408	0	0	1	408	1	408	0.0	825
5_25	0_69	100.000	372	0	0	1	372	1	372	0.0	763
5_26	0_70	100.000	290	0	0	1	290	1	290	0.0	564
5_27	0_73	100.000	428	0	0	1	428	1	428	0.0	854
5_28	0_74	100.000	567	0	0	1	567	1	567	0.0	1145
5_28	0_482	28.049	246	157	9	14	247	18	255	1.29e-12	64.3
5_28	0_482	46.154	39	21	0	503	541	409	447	1.47e-05	42.0
5_28	0_317	27.338	139	98	2	110	245	145	283	2.92e-10	57.0
5_28	0_317	46.809	47	22	1	489	535	439	482	4.42e-08	50.1
5_29	0_79	100.000	413	0	0	1	413	1	413	0.0	841
5_30	0_80	100.000	177	0	0	1	177	1	177	2.14e-130	358
5_31	0_82	100.000	332	0	0	1	332	1	332	0.0	660
5_32	0_83	100.000	111	0	0	1	111	1	111	2.69e-77	218
5_33	0_84	100.000	184	0	0	1	184	1	184	5.42e-135	370
5_34	0_85	100.000	211	0	0	1	211	1	211	2.55e-155	424
5_35	0_86	100.000	291	0	0	1	291	1	291	0.0	559
5_35	0_552	32.381	105	65	3	37	139	74	174	5.88e-06	42.0
5_36	0_87	100.000	239	0	0	1	239	1	239	6.92e-175	475
5_37	0_89	100.000	300	0	0	1	300	1	300	0.0	602
5_37	0_88	34.188	234	133	6	22	254	19	232	9.50e-35	122
5_37	0_131	35.897	156	87	5	130	276	204	355	3.75e-19	81.6
5_37	0_131	25.962	104	55	3	21	123	24	106	5.06e-05	38.9
5_37	0_424	27.854	219	136	3	22	240	21	217	1.25e-18	78.2
5_37	0_473	28.638	213	121	8	23	232	17	201	3.53e-17	76.3
5_37	0_164	39.091	110	66	1	140	248	599	708	1.11e-16	75.1
5_37	0_164	38.462	39	23	1	10	48	12	49	0.001	35.0
5_37	0_326	36.641	131	75	3	136	260	258	386	5.97e-16	72.4
5_37	0_48	28.169	213	128	6	24	236	18	205	1.54e-15	71.2
5_37	0_216	29.464	224	131	5	22	239	22	224	2.82e-15	70.5
5_37	0_216	21.127	213	161	4	26	236	277	484	1.20e-05	40.8
5_37	0_47	25.714	210	125	6	23	229	17	198	9.95e-15	68.9
5_37	0_459	25.000	236	140	7	14	237	13	223	2.08e-14	67.8
5_37	0_459	28.054	221	130	8	27	236	287	489	9.82e-14	65.9
5_37	0_173	29.327	208	109	8	21	217	78	258	3.40e-13	63.5
5_37	0_11	25.723	311	162	12	27	298	27	307	7.22e-13	62.8
5_37	0_2	25.806	155	88	3	152	279	501	655	9.93e-13	63.2
5_37	0_2	30.952	84	39	3	22	105	53	117	4.76e-06	42.4
5_37	0_163	27.197	239	155	8	20	250	27	254	8.82e-11	56.6
5_37	0_188	31.646	79	53	1	158	235	153	231	2.53e-10	54.3
5_37	0_320	25.714	210	124	7	26	219	20	213	7.52e-08	47.8
5_37	0_104	32.051	78	50	1	145	219	820	897	4.16e-07	45.8
5_37	0_104	28.090	89	62	1	136	222	470	558	1.25e-06	44.3
5_37	0_417	22.527	182	118	4	37	218	364	522	1.36e-05	40.8
5_37	0_40	24.878	205	116	6	22	219	339	512	2.45e-05	40.0
5_38	0_90	100.000	320	0	0	1	320	1	320	0.0	627
5_39	0_97	100.000	226	0	0	1	226	1	226	3.39e-171	465
5_40	0_100	100.000	280	0	0	1	280	1	280	0.0	562
5_41	0_101	100.000	269	0	0	1	269	1	269	0.0	537
5_41	0_181	26.568	271	164	13	4	258	3	254	6.12e-07	44.7
5_41	0_318	24.074	270	159	9	1	246	1	248	2.89e-06	42.0
5_41	0_506	32.203	59	40	0	188	246	183	241	1.13e-04	37.4
5_41	0_66	25.368	272	165	12	1	246	15	274	2.27e-04	36.2
5_41	0_443	32.877	73	43	1	180	246	186	258	2.70e-04	36.2
5_42	0_102	100.000	271	0	0	1	271	1	271	0.0	534
5_43	0_105	100.000	821	0	0	1	821	1	821	0.0	1663
5_43	0_21	22.437	517	375	10	10	510	6	512	1.11e-31	126
5_44	0_106	100.000	114	0	0	1	114	1	114	6.58e-84	235
5_45	0_108	100.000	169	0	0	1	169	1	169	2.26e-121	334
5_46	0_109	100.000	163	0	0	1	163	1	163	1.72e-119	329
5_47	0_117	100.000	639	0	0	1	639	1	639	0.0	1304
5_47	0_449	44.288	639	333	9	5	635	3	626	2.57e-170	495
5_48	0_118	100.000	322	0	0	1	322	1	322	0.0	652
5_49	0_120	100.000	171	0	0	1	171	1	171	3.98e-123	339
5_50	0_121	100.000	374	0	0	1	374	1	374	0.0	776
5_51	0_122	100.000	334	0	0	1	334	1	334	0.0	680
5_52	0_127	100.000	281	0	0	1	281	1	281	0.0	560
5_53	0_128	100.000	494	0	0	1	494	1	494	0.0	963
5_54	0_129	100.000	231	0	0	1	231	1	231	6.87e-170	462
5_55	0_135	100.000	278	0	0	1	278	1	278	0.0	541
5_55	0_253	27.350	117	73	3	110	226	48	152	1.76e-06	42.7
5_55	0_253	34.127	126	50	5	139	262	24	118	2.78e-06	42.0
5_55	0_253	33.333	93	52	3	121	213	35	117	3.38e-05	38.9
5_56	0_136	100.000	175	0	0	1	175	1	175	9.92e-126	346
5_57	0_137	100.000	236	0	0	1	236	1	236	8.98e-176	477
5_58	0_138	100.000	186	0	0	1	186	1	186	1.40e-132	364
5_59	0_141	100.000	144	0	0	1	144	1	144	5.88e-108	298
5_60	0_143	100.000	221	0	0	1	221	1	221	5.33e-162	441
5_61	0_144	100.000	204	0	0	1	204	1	204	2.20e-151	413
5_62	0_146	100.000	872	0	0	1	872	1	872	0.0	1763
5_63	0_147	100.000	402	0	0	1	402	1	402	0.0	818
5_63	0_382	27.083	288	181	10	20	301	8	272	3.02e-16	75.1
5_63	0_203	32.099	162	90	3	21	182	116	257	2.00e-13	66.2
5_63	0_384	34.091	132	84	3	16	145	8	138	3.01e-13	65.9
5_64	0_150	100.000	456	0	0	1	456	1	456	0.0	911
5_65	0_155	100.000	316	0	0	1	316	1	316	0.0	632
5_66	0_169	100.000	73	0	0	1	73	1	73	5.65e-53	154
5_67	0_170	100.000	201	0	0	1	201	1	201	2.37e-148	405
5_67	0_171	38.509	161	94	3	3	162	4	160	6.31e-28	99.4
5_68	0_175	100.000	271	0	0	1	271	1	271	0.0	552
5_69	0_183	100.000	110	0	0	1	110	1	110	2.14e-78	221
5_70	0_191	100.000	220	0	0	1	220	1	220	1.00e-157	430
5_71	0_197	100.000	254	0	0	1	254	1	254	0.0	522
5_72	0_198	100.000	205	0	0	1	205	1	205	1.16e-153	419
5_73	0_199	100.000	144	0	0	1	144	1	144	6.44e-107	296
5_74	0_560	99.727	366	1	0	12	377	1	366	0.0	737
5_75	0_204	100.000	617	0	0	1	617	1	617	0.0	1243
5_76	0_208	100.000	118	0	0	1	118	1	118	4.20e-79	223
5_77	0_211	100.000	246	0	0	1	246	1	246	7.20e-180	488
5_78	0_212	100.000	97	0	0	1	97	1	97	2.05e-67	192
5_79	0_215	100.000	184	0	0	1	184	1	184	1.29e-136	374
5_80	0_216	100.000	508	0	0	1	508	1	508	0.0	1011
5_80	0_459	30.392	510	327	13	12	504	11	509	4.81e-54	185
5_80	0_424	35.349	215	114	6	26	231	25	223	1.24e-23	94.4
5_80	0_424	32.051	78	53	0	407	484	136	213	7.40e-07	45.1
5_80	0_47	32.673	202	122	5	12	211	6	195	9.50e-16	74.7
5_80	0_473	29.630	216	130	6	8	217	2	201	1.78e-13	67.4
5_80	0_473	24.229	227	142	7	261	482	2	203	0.001	36.2
5_80	0_89	29.464	224	131	5	22	224	22	239	2.57e-13	65.1
5_80	0_89	21.127	213	161	4	277	484	26	236	2.52e-04	37.4
5_80	0_48	29.524	210	134	5	12	221	10	205	1.21e-12	64.7
5_80	0_48	28.326	233	135	9	261	487	2	208	4.94e-09	53.1
5_80	0_88	32.143	196	124	6	31	223	28	217	7.69e-12	60.5
5_80	0_320	26.271	236	145	9	8	221	2	230	3.30e-10	56.6
5_80	0_320	32.432	74	47	2	149	222	453	523	3.21e-04	37.7
5_80	0_173	25.405	185	119	6	26	201	83	257	1.00e-08	51.2
5_80	0_173	23.636	220	146	8	272	487	78	279	1.80e-05	41.2
5_80	0_2	30.476	105	70	1	7	111	38	139	3.73e-08	50.4
5_80	0_2	25.974	77	56	1	407	482	508	584	4.85e-04	37.0
5_80	0_416	31.148	183	104	8	26	201	355	522	3.95e-08	50.1
5_80	0_11	28.788	132	85	4	356	484	146	271	1.12e-07	48.1
5_80	0_131	27.723	101	70	2	407	505	232	331	3.06e-07	47.0
5_80	0_131	28.333	60	43	0	8	67	11	70	4.43e-04	37.0
5_80	0_188	23.148	216	153	7	14	220	20	231	6.24e-07	45.4
5_80	0_188	24.180	244	146	10	277	503	30	251	2.28e-04	37.4
5_80	0_164	25.532	94	63	2	398	487	609	699	5.49e-06	43.5
5_80	0_417	26.136	176	110	6	36	205	363	524	1.20e-05	42.0
5_80	0_326	25.954	131	94	2	357	484	229	359	1.35e-05	42.0
5_80	0_41	25.000	184	124	4	27	208	346	517	3.29e-04	37.4
5_80	0_163	25.000	236	148	10	273	493	28	249	3.85e-04	37.0
5_80	0_40	43.182	44	25	0	26	69	343	386	6.73e-04	36.6
5_81	0_219	100.000	184	0	0	1	184	1	184	6.22e-138	377
5_82	0_220	100.000	89	0	0	1	89	1	89	2.40e-60	174
5_83	0_224	100.000	165	0	0	1	165	1	165	6.48e-118	325
5_84	0_227	100.000	1411	0	0	1	1411	1	1411	0.0	2888
5_85	0_228	100.000	139	0	0	1	139	1	139	1.66e-99	276
5_86	0_232	100.000	534	0	0	1	534	1	534	0.0	1088
5_87	0_234	100.000	214	0	0	1	214	1	214	2.76e-154	421
5_88	0_236	100.000	120	0	0	1	120	1	120	5.85e-85	238
5_89	0_237	100.000	227	0	0	1	227	1	227	1.97e-169	461
5_90	0_238	100.000	87	0	0	1	87	1	87	1.81e-62	179
5_91	0_242	100.000	753	0	0	1	753	1	753	0.0	1524
5_92	0_245	100.000	109	0	0	1	109	1	109	1.17e-79	224
5_93	0_246	100.000	155	0	0	1	155	1	155	8.24e-113	311
5_94	0_248	100.000	64	0	0	1	64	1	64	6.91e-43	127
5_95	0_249	100.000	116	0	0	1	116	1	116	4.14e-83	233
5_96	0_252	100.000	478	0	0	1	478	1	478	0.0	968
5_97	0_255	100.000	356	0	0	1	356	1	356	0.0	721
5_98	0_257	100.000	84	0	0	1	84	1	84	2.22e-57	166
5_99	0_258	100.000	284	0	0	1	284	1	284	0.0	576
5_99	0_81	37.143	105	61	3	37	141	22	121	1.34e-13	63.9
5_100	0_259	100.000	369	0	0	1	369	1	369	0.0	745
5_101	0_260	100.000	489	0	0	1	489	1	489	0.0	965
5_102	0_262	100.000	361	0	0	1	361	1	361	0.0	734
5_103	0_268	100.000	450	0	0	1	450	1	450	0.0	899
5_104	0_269	100.000	216	0	0	1	216	1	216	1.06e-156	427
5_104	0_337	25.654	191	131	5	28	214	18	201	4.59e-10	52.0
5_105	0_271	100.000	193	0	0	1	193	1	193	2.90e-139	381
5_106	0_272	100.000	186	0	0	1	186	1	186	6.95e-137	375
5_106	0_263	26.772	127	68	4	46	151	81	203	2.17e-04	35.4
5_107	0_273	100.000	213	0	0	1	213	1	213	4.75e-158	431
5_108	0_274	100.000	293	0	0	1	293	1	293	0.0	586
5_108	0_380	29.530	149	90	6	9	152	5	143	3.17e-09	52.0
5_108	0_380	26.220	164	110	4	9	162	173	335	2.87e-06	42.7
5_108	0_319	37.705	61	35	1	5	65	218	275	4.16e-05	39.3
5_108	0_418	39.344	61	33	3	10	69	19	76	2.46e-04	35.8
5_109	0_275	100.000	131	0	0	1	131	1	131	3.02e-94	263
5_110	0_276	100.000	150	0	0	1	150	1	150	1.63e-109	303
5_111	0_277	100.000	680	0	0	1	680	1	680	0.0	1347
5_111	0_417	28.070	285	183	6	358	634	225	495	8.36e-15	72.0
5_111	0_41	32.184	174	95	8	495	660	352	510	1.10e-10	58.9
5_111	0_48	31.285	179	100	8	500	670	32	195	5.90e-10	56.6
5_111	0_416	31.138	167	94	7	502	660	369	522	5.91e-10	56.6
5_111	0_424	29.630	189	109	7	501	679	38	212	7.02e-10	54.7
5_111	0_40	28.042	189	107	7	463	638	317	489	9.08e-09	52.8
5_111	0_173	29.167	168	103	8	502	660	97	257	4.09e-08	50.1
5_111	0_47	24.479	192	131	5	491	678	23	204	2.31e-07	48.5
5_111	0_88	25.118	211	125	8	464	663	11	199	3.23e-07	47.0
5_111	0_459	22.353	170	119	4	500	660	37	202	4.70e-05	40.8
5_111	0_473	24.510	204	131	6	469	670	13	195	1.20e-04	39.7
5_111	0_188	28.814	177	108	5	498	660	40	212	3.08e-04	37.4
5_111	0_11	45.588	68	27	4	466	525	4	69	5.34e-04	37.4
5_112	0_280	100.000	239	0	0	1	239	1	239	7.71e-176	478
5_113	0_284	100.000	332	0	0	1	332	1	332	0.0	667
5_114	0_285	100.000	134	0	0	1	134	1	134	3.36e-97	270
5_115	0_286	100.000	137	0	0	1	137	1	137	1.91e-97	271
5_116	0_287	100.000	37	0	0	1	37	1	37	1.10e-20	70.1
5_117	0_288	100.000	75	0	0	1	75	1	75	3.33e-53	154
5_118	0_289	100.000	250	0	0	1	250	1	250	0.0	511
5_118	0_44	27.451	204	135	5	3	203	121	314	1.66e-15	69.7
5_119	0_295	100.000	179	0	0	1	179	1	179	4.22e-130	357
5_120	0_296	100.000	131	0	0	1	131	1	131	2.24e-94	263
5_121	0_297	100.000	61	0	0	1	61	1	61	5.64e-42	125
5_122	0_298	100.000	181	0	0	1	181	1	181	5.25e-135	370
5_123	0_300	100.000	122	0	0	1	122	1	122	1.04e-84	238
5_124	0_301	100.000	121	0	0	1	121	1	121	1.60e-81	229
5_125	0_302	100.000	136	0	0	1	136	1	136	9.22e-100	277
5_126	0_303	100.000	227	0	0	1	227	1	227	2.15e-167	455
5_127	0_304	100.000	173	0	0	1	173	1	173	1.78e-125	345
5_128	0_305	100.000	90	0	0	1	90	1	90	1.46e-65	187
5_129	0_306	100.000	282	0	0	1	282	1	282	0.0	566
5_130	0_307	100.000	163	0	0	1	163	1	163	1.60e-116	322
5_131	0_308	100.000	214	0	0	1	214	1	214	2.84e-157	429
5_132	0_309	100.000	233	0	0	1	233	1	233	4.06e-170	462
5_133	0_310	100.000	106	0	0	1	106	1	106	6.84e-75	212
5_134	0_311	100.000	205	0	0	1	205	1	205	1.61e-150	411
5_135	0_314	100.000	184	0	0	1	184	1	184	1.69e-136	374
5_136	0_317	100.000	489	0	0	1	489	1	489	0.0	983
5_136	0_74	27.500	160	109	3	145	300	110	266	7.16e-12	62.0
5_136	0_74	46.809	47	22	1	439	482	489	535	4.08e-08	50.1
5_136	0_482	23.176	466	288	19	51	483	14	442	1.24e-10	57.8
5_137	0_318	100.000	276	0	0	1	276	1	276	0.0	566
5_137	0_66	27.170	265	163	10	5	249	21	275	8.32e-14	64.7
5_137	0_506	23.529	272	197	8	2	272	4	265	4.54e-11	56.6
5_137	0_101	24.074	270	159	9	1	248	1	246	2.96e-06	42.0
5_137	0_443	27.397	73	51	1	2	72	7	79	4.90e-05	38.5
5_137	0_181	25.877	228	143	10	7	224	8	219	4.66e-04	35.8
5_138	0_319	100.000	442	0	0	1	442	1	442	0.0	874
5_138	0_380	35.897	156	83	4	218	368	172	315	3.66e-20	87.0
5_138	0_380	29.032	124	83	4	220	341	6	126	3.84e-06	43.1
5_138	0_274	37.705	61	35	1	218	275	5	65	6.17e-05	39.3
5_139	0_325	100.000	321	0	0	1	321	1	321	0.0	634
5_139	0_162	32.877	219	139	5	106	317	160	377	2.12e-20	85.5
5_140	0_326	100.000	443	0	0	1	443	1	443	0.0	891
5_140	0_164	37.751	249	137	4	204	437	530	775	1.10e-43	158
5_140	0_164	39.175	97	55	2	61	156	22	115	8.90e-13	64.7
5_140	0_131	27.041	392	247	11	43	417	10	379	8.44e-24	97.8
5_140	0_163	37.500	136	83	1	252	385	131	266	1.90e-23	95.5
5_140	0_163	29.630	135	70	5	32	157	7	125	5.19e-09	52.0
5_140	0_2	38.298	94	57	1	274	366	501	594	5.67e-17	77.8
5_140	0_2	29.688	128	75	3	38	165	33	145	4.38e-10	56.2
5_140	0_188	34.711	121	77	2	251	371	126	244	5.79e-16	72.0
5_140	0_89	36.719	128	73	3	261	386	139	260	2.21e-15	71.2
5_140	0_11	33.333	90	60	0	282	371	194	283	8.77e-15	70.1
5_140	0_173	42.857	84	47	1	276	359	194	276	1.02e-14	69.3
5_140	0_173	31.481	108	69	2	42	147	59	163	1.45e-06	44.3
5_140	0_88	32.500	120	77	3	244	363	104	219	1.91e-12	62.0
5_140	0_424	32.353	102	68	1	278	379	133	233	3.55e-12	60.8
5_140	0_459	36.634	101	54	3	264	360	129	223	7.09e-11	58.5
5_140	0_459	35.443	79	50	1	281	359	412	489	3.44e-07	46.6
5_140	0_459	41.071	56	29	1	43	98	6	57	5.21e-06	43.1
5_140	0_48	32.692	104	64	3	267	367	115	215	3.80e-08	50.1
5_140	0_47	25.191	131	91	3	223	351	72	197	9.18e-08	48.9
5_140	0_473	29.600	125	78	5	267	390	115	230	2.22e-07	47.4
5_140	0_216	25.954	131	94	2	229	359	357	484	1.18e-05	42.0
5_140	0_416	38.983	59	33	1	281	339	467	522	4.54e-05	40.0
5_140	0_40	29.412	85	53	2	30	111	308	388	1.55e-04	38.1
5_140	0_417	27.132	129	76	4	23	138	302	425	4.88e-04	36.6
5_140	0_104	26.984	189	115	7	240	424	450	619	5.60e-04	36.6
5_141	0_330	100.000	361	0	0	1	361	1	361	0.0	718
5_142	0_332	100.000	259	0	0	1	259	1	259	0.0	515
5_143	0_333	100.000	504	0	0	1	504	1	504	0.0	979
5_143	0_8	25.901	444	264	16	10	403	51	479	3.75e-21	91.3
5_144	0_334	100.000	91	0	0	1	91	1	91	6.79e-61	175
5_144	0_7	28.571	91	61	3	1	88	3	92	8.93e-07	38.5
5_145	0_335	100.000	98	0	0	1	98	1	98	9.82e-67	191
5_146	0_336	100.000	207	0	0	1	207	1	207	5.39e-147	402
5_147	0_337	100.000	209	0	0	1	209	1	209	2.37e-153	418
5_147	0_269	25.654	191	131	5	18	201	28	214	4.44e-10	52.0
5_148	0_338	100.000	62	0	0	1	62	1	62	1.19e-40	122
5_149	0_339	100.000	97	0	0	1	97	1	97	7.33e-67	191
5_150	0_340	100.000	439	0	0	1	439	1	439	0.0	875
5_151	0_344	100.000	150	0	0	1	150	1	150	1.64e-105	293
5_151	0_536	35.526	76	48	1	67	142	26	100	5.23e-08	43.5
5_152	0_348	100.000	336	0	0	1	336	1	336	0.0	687
5_153	0_351	100.000	337	0	0	1	337	1	337	0.0	672
5_154	0_352	100.000	240	0	0	1	240	1	240	3.13e-178	484
5_155	0_353	100.000	419	0	0	1	419	1	419	0.0	828
5_155	0_176	36.220	127	56	2	160	261	6	132	6.39e-15	70.1
5_155	0_380	25.112	223	154	7	159	375	173	388	1.97e-04	37.7
5_155	0_547	35.000	60	27	2	159	214	113	164	6.49e-04	35.8
5_156	0_356	100.000	141	0	0	1	141	1	141	1.23e-99	277
5_157	0_358	100.000	242	0	0	1	242	1	242	8.64e-173	470
5_158	0_359	100.000	102	0	0	1	102	1	102	1.58e-71	203
5_159	0_361	100.000	187	0	0	1	187	1	187	4.47e-132	363
5_160	0_363	100.000	276	0	0	1	276	1	276	0.0	544
5_161	0_364	100.000	471	0	0	1	471	1	471	0.0	953
5_161	0_442	37.168	452	279	4	7	456	2	450	3.05e-104	313
5_161	0_362	27.027	370	259	7	44	408	58	421	2.78e-26	106
5_161	0_441	22.712	295	216	6	63	348	49	340	4.61e-08	49.7
5_162	0_371	100.000	257	0	0	1	257	1	257	0.0	518
5_163	0_376	100.000	102	0	0	1	102	1	102	5.01e-70	199
5_164	0_378	100.000	376	0	0	1	376	1	376	0.0	775
5_165	0_379	100.000	227	0	0	1	227	1	227	9.03e-170	461
5_166	0_380	100.000	437	0	0	1	437	1	437	0.0	877
5_166	0_319	35.897	156	83	4	172	315	218	368	3.86e-20	86.7
5_166	0_319	29.032	124	83	4	6	126	220	341	3.48e-06	43.5
5_166	0_274	29.530	149	90	6	5	143	9	152	4.73e-09	52.0
5_166	0_274	26.220	164	110	4	173	335	9	162	4.28e-06	42.7
5_166	0_418	40.741	54	29	1	6	59	19	69	5.04e-06	41.6
5_166	0_418	28.415	183	118	5	157	338	5	175	6.68e-06	41.2
5_166	0_382	28.108	185	98	8	174	341	10	176	4.60e-05	40.0
5_166	0_547	33.846	65	33	4	5	65	113	171	2.74e-04	37.0
5_167	0_382	100.000	598	0	0	1	598	1	598	0.0	1210
5_167	0_384	36.898	187	106	4	2	183	6	185	1.19e-24	103
5_167	0_384	23.009	226	143	9	165	370	266	480	7.38e-07	46.6
5_167	0_384	22.599	177	118	5	322	480	509	684	3.32e-06	44.3
5_167	0_203	30.093	216	126	7	10	217	117	315	7.32e-17	78.6
5_167	0_147	27.083	288	181	10	8	272	20	301	4.50e-16	75.1
5_167	0_380	28.108	185	98	8	10	176	174	341	6.30e-05	40.0
5_168	0_383	100.000	323	0	0	1	323	1	323	0.0	657
5_169	0_384	100.000	694	0	0	1	694	1	694	0.0	1425
5_169	0_382	36.898	187	106	4	6	185	2	183	1.38e-24	103
5_169	0_382	23.009	226	143	9	266	480	165	370	8.56e-07	46.6
5_169	0_382	22.599	177	118	5	509	684	322	480	3.85e-06	44.3
5_169	0_203	37.008	127	62	2	13	139	116	224	9.39e-14	68.9
5_169	0_147	34.091	132	84	3	8	138	16	145	5.20e-13	65.9
5_170	0_385	100.000	141	0	0	1	141	1	141	6.03e-104	288
5_171	0_388	100.000	457	0	0	1	457	1	457	0.0	936
5_171	0_578	23.729	295	197	10	106	396	16	286	6.98e-08	48.5
5_172	0_389	100.000	427	0	0	1	427	1	427	0.0	847
5_173	0_392	100.000	93	0	0	1	93	1	93	4.83e-68	193
5_174	0_397	100.000	259	0	0	1	259	1	259	0.0	514
5_175	0_398	100.000	144	0	0	1	144	1	144	8.36e-108	298
5_176	0_399	100.000	132	0	0	1	132	1	132	6.84e-95	264
5_177	0_403	100.000	145	0	0	1	145	1	145	1.40e-102	285
5_178	0_406	100.000	229	0	0	1	229	1	229	5.17e-169	459
5_178	0_534	29.932	147	96	3	82	226	111	252	5.29e-09	49.7
5_179	0_407	100.000	181	0	0	1	181	1	181	1.21e-134	369
5_180	0_408	100.000	46	0	0	1	46	1	46	2.34e-29	92.4
5_181	0_411	100.000	195	0	0	1	195	1	195	2.47e-144	394
5_182	0_412	100.000	249	0	0	1	249	1	249	0.0	500
5_183	0_413	100.000	245	0	0	1	245	1	245	7.80e-177	481
5_184	0_420	100.000	457	0	0	1	457	1	457	0.0	937
5_185	0_422	100.000	316	0	0	1	316	1	316	0.0	625
5_186	0_424	100.000	238	0	0	1	238	1	238	3.27e-176	479
5_186	0_216	35.349	215	114	6	25	223	26	231	5.80e-24	94.4
5_186	0_216	32.051	78	53	0	136	213	407	484	3.47e-07	45.1
5_186	0_89	40.000	85	51	0	133	217	156	240	7.45e-17	72.8
5_186	0_88	27.805	205	136	6	22	218	20	220	1.68e-15	68.6
5_186	0_459	25.676	222	145	6	5	212	6	221	4.55e-14	65.5
5_186	0_459	25.446	224	142	7	22	225	283	501	3.14e-09	51.2
5_186	0_326	32.353	102	68	1	133	233	278	379	1.91e-12	60.8
5_186	0_326	31.915	47	32	0	22	68	63	109	0.001	34.3
5_186	0_11	32.143	140	84	3	90	221	143	279	5.28e-12	59.3
5_186	0_164	30.108	93	64	1	133	224	615	707	5.90e-12	59.3
5_186	0_164	40.426	47	28	0	21	67	23	69	1.92e-07	45.8
5_186	0_2	32.292	96	63	2	127	221	500	594	1.67e-11	58.2
5_186	0_2	30.556	72	46	3	21	89	53	123	3.28e-04	35.8
5_186	0_48	29.596	223	136	8	8	221	4	214	3.81e-11	57.0
5_186	0_277	29.630	189	109	7	38	212	501	679	1.90e-10	55.1
5_186	0_131	31.313	99	67	1	136	233	232	330	2.02e-10	54.7
5_186	0_163	24.783	230	150	7	22	230	30	257	2.75e-10	53.9
5_186	0_416	32.065	184	107	8	24	198	354	528	4.17e-10	53.9
5_186	0_173	23.913	230	153	7	1	220	66	283	7.09e-10	52.8
5_186	0_40	28.646	192	103	6	22	197	340	513	9.27e-10	52.8
5_186	0_473	27.000	200	123	7	22	211	17	203	9.15e-09	50.1
5_186	0_47	27.174	184	109	7	24	196	19	188	6.37e-07	44.3
5_186	0_320	21.397	229	162	8	5	226	319	536	7.18e-07	43.9
5_186	0_320	22.363	237	149	6	5	213	1	230	1.05e-05	40.4
5_186	0_417	27.273	209	130	9	8	205	336	533	9.25e-07	43.5
5_186	0_188	26.582	79	57	1	135	212	153	231	3.32e-06	41.6
5_186	0_41	25.414	181	122	5	22	197	342	514	3.88e-06	42.0
5_187	0_435	100.000	202	0	0	1	202	1	202	1.52e-145	398
5_188	0_436	100.000	487	0	0	1	487	1	487	0.0	968
5_189	0_437	100.000	231	0	0	1	231	1	231	1.48e-161	441
5_190	0_442	100.000	457	0	0	1	457	1	457	0.0	926
5_190	0_364	37.168	452	279	4	2	450	7	456	2.96e-104	313
5_190	0_362	21.988	332	249	6	15	341	37	363	7.37e-08	48.9
5_190	0_441	22.819	298	203	11	119	402	116	400	3.66e-06	43.5
5_191	0_26	99.550	222	1	0	1	222	1	222	3.15e-151	419
5_191	0_24	41.846	325	176	7	7	325	7	324	3.34e-72	222
5_191	0_25	100.000	101	0	0	235	335	1	101	6.03e-68	203
5_191	0_570	28.205	273	145	12	80	326	7	254	4.88e-11	57.0
5_192	0_448	100.000	120	0	0	1	120	1	120	6.18e-85	238
5_193	0_450	100.000	77	0	0	1	77	1	77	1.97e-49	145
5_194	0_451	100.000	90	0	0	1	90	1	90	1.27e-61	177
5_195	0_452	100.000	156	0	0	1	156	1	156	1.36e-117	323
5_196	0_453	100.000	126	0	0	1	126	1	126	2.46e-88	247
5_197	0_454	100.000	174	0	0	1	174	1	174	6.47e-126	346
5_198	0_463	100.000	156	0	0	1	156	1	156	3.20e-113	313
5_199	0_465	100.000	147	0	0	1	147	1	147	3.05e-106	294
5_200	0_467	100.000	87	0	0	1	87	1	87	2.07e-61	176
5_201	0_474	100.000	321	0	0	1	321	1	321	0.0	642
5_202	0_477	100.000	326	0	0	1	326	1	326	0.0	649
5_203	0_479	100.000	103	0	0	1	103	1	103	4.43e-70	199
5_204	0_480	100.000	93	0	0	1	93	1	93	6.80e-61	175
5_205	0_481	100.000	278	0	0	1	278	1	278	0.0	552
5_206	0_483	100.000	64	0	0	1	64	1	64	8.40e-41	122
5_207	0_250	99.020	102	1	0	115	216	1	102	7.51e-69	201
5_207	0_251	100.000	88	0	0	1	88	1	88	6.23e-61	181
5_208	0_484	100.000	136	0	0	1	136	1	136	5.67e-92	257
5_209	0_485	100.000	174	0	0	1	174	1	174	1.54e-130	358
5_210	0_486	100.000	146	0	0	1	146	1	146	2.61e-102	284
5_211	0_487	100.000	127	0	0	1	127	1	127	1.93e-87	245
5_212	0_488	100.000	153	0	0	1	153	1	153	3.96e-108	300
5_213	0_489	100.000	143	0	0	1	143	1	143	1.85e-100	279
5_214	0_163	40.240	333	193	3	116	447	5	332	1.90e-74	233
5_214	0_164	44.737	114	63	0	273	386	614	727	2.54e-30	119
5_214	0_164	31.579	95	60	2	153	247	34	123	2.78e-07	47.4
5_214	0_326	45.082	122	66	1	269	389	273	394	1.39e-28	112
5_214	0_326	35.185	108	53	4	139	239	59	156	1.62e-11	60.5
5_214	0_88	26.800	250	159	8	122	370	3	229	2.64e-18	79.3
5_214	0_424	28.444	225	136	8	143	365	22	223	3.17e-16	72.8
5_214	0_131	32.520	123	71	3	247	357	190	312	7.20e-15	70.9
5_214	0_2	32.432	111	74	1	274	384	505	614	7.77e-15	71.2
5_214	0_173	30.645	186	110	6	153	336	90	258	5.57e-14	67.0
5_214	0_89	27.350	234	147	5	146	367	26	248	7.02e-14	66.6
5_214	0_11	23.448	145	108	2	244	388	162	303	1.98e-11	60.1
5_214	0_459	25.424	236	134	10	143	363	22	230	1.72e-09	54.3
5_214	0_459	25.194	258	149	8	115	355	259	489	6.16e-08	49.3
5_214	0_188	26.033	242	156	9	122	354	4	231	3.71e-09	52.0
5_214	0_48	25.688	218	138	7	142	359	16	209	1.32e-08	51.6
5_214	0_216	28.444	225	127	11	145	358	23	224	2.39e-08	50.4
5_214	0_216	24.483	290	175	11	99	364	224	493	1.28e-05	42.0
5_214	0_473	25.561	223	120	8	141	356	15	198	4.47e-08	50.1
5_214	0_47	25.592	211	123	8	142	347	16	197	5.22e-06	43.1
5_214	0_320	23.913	184	111	6	142	308	16	187	8.80e-05	39.3
5_214	0_104	29.897	97	57	4	277	364	834	928	1.94e-04	38.1
5_215	0_491	100.000	151	0	0	1	151	1	151	1.10e-108	301
5_215	0_6	32.500	120	78	2	15	132	22	140	7.49e-11	52.0
5_216	0_214	99.647	283	1	0	1	283	1	283	0.0	552
5_217	0_494	100.000	266	0	0	1	266	1	266	0.0	511
5_218	0_497	100.000	190	0	0	1	190	1	190	3.96e-143	391
5_219	0_402	100.000	369	0	0	1	369	1	369	0.0	743
5_219	0_570	99.609	256	1	0	410	665	1	256	0.0	523
5_219	0_26	28.452	239	134	10	325	557	9	216	5.84e-09	51.6
5_219	0_24	22.941	340	195	13	321	637	1	296	6.29e-09	52.4
5_220	0_499	100.000	331	0	0	1	331	1	331	0.0	660
5_221	0_500	100.000	203	0	0	1	203	1	203	7.10e-147	401
5_222	0_503	100.000	149	0	0	1	149	1	149	1.75e-111	308
5_223	0_505	100.000	112	0	0	1	112	1	112	2.71e-78	221
5_224	0_506	100.000	267	0	0	1	267	1	267	0.0	541
5_224	0_66	26.502	283	175	9	3	260	19	293	4.93e-16	70.9
5_224	0_181	32.895	228	137	8	1	219	1	221	3.54e-15	69.3
5_224	0_318	23.529	272	197	8	4	265	2	272	4.39e-11	56.6
5_224	0_443	22.968	283	187	11	2	263	5	277	1.54e-08	48.9
5_224	0_101	32.203	59	40	0	183	241	188	246	1.12e-04	37.4
5_225	0_509	100.000	90	0	0	1	90	1	90	1.91e-57	166
5_226	0_510	100.000	221	0	0	1	221	1	221	2.72e-164	447
5_227	0_511	100.000	219	0	0	1	219	1	219	3.30e-160	436
5_228	0_512	100.000	70	0	0	1	70	1	70	3.09e-44	131
5_229	0_522	100.000	692	0	0	1	692	1	692	0.0	1372
5_230	0_525	100.000	95	0	0	1	95	1	95	2.44e-67	192
5_231	0_0	99.857	699	1	0	1	699	1	699	0.0	1414
5_231	0_475	25.878	769	431	26	16	692	6	727	1.74e-44	165
5_232	0_532	100.000	181	0	0	1	181	1	181	8.12e-131	359
5_233	0_528	98.718	78	1	0	13	90	1	78	1.41e-51	151
5_234	0_538	100.000	51	0	0	1	51	1	51	8.44e-34	103
5_235	0_540	100.000	232	0	0	1	232	1	232	5.82e-171	465
5_236	0_455	99.344	305	2	0	1	305	1	305	0.0	617
5_236	0_157	24.855	346	193	13	2	298	155	482	2.35e-05	40.0
5_236	0_578	26.582	158	97	5	150	298	56	203	1.04e-04	37.7
5_237	0_113	99.587	242	1	0	1	242	1	242	7.37e-178	483
5_238	0_456	99.296	142	1	0	1	142	1	142	3.49e-98	273
5_239	0_119	99.427	524	3	0	1	524	1	524	0.0	1014
5_239	0_469	24.301	465	302	18	9	462	4	429	1.98e-13	67.0
5_240	0_131	99.550	444	2	0	1	444	1	444	0.0	885
5_240	0_11	32.059	340	185	10	8	341	5	304	4.98e-38	137
5_240	0_2	38.624	189	111	4	205	390	481	667	4.02e-35	132
5_240	0_2	47.423	97	51	0	11	107	39	135	7.52e-23	95.9
5_240	0_326	26.786	392	248	11	10	379	43	417	3.76e-23	95.9
5_240	0_164	32.117	137	92	1	199	334	584	720	2.59e-20	88.2
5_240	0_164	40.541	37	22	0	20	56	18	54	6.13e-04	36.6
5_240	0_89	35.616	146	81	5	214	355	140	276	2.44e-17	77.0
5_240	0_89	25.962	104	55	3	24	106	21	123	9.10e-05	38.5
5_240	0_88	34.545	110	71	1	212	321	118	226	1.03e-12	62.8
5_240	0_88	26.050	119	79	3	22	137	16	128	1.82e-05	40.8
5_240	0_173	36.170	94	54	2	24	111	78	171	6.47e-12	60.8
5_240	0_173	36.585	82	51	1	230	311	197	277	4.79e-10	55.1
5_240	0_459	30.147	136	88	4	202	333	112	244	6.70e-11	58.5
5_240	0_459	28.431	102	68	3	10	106	6	107	2.98e-08	50.1
5_240	0_459	25.287	87	64	1	224	310	404	489	3.89e-05	40.0
5_240	0_424	31.313	99	67	1	232	330	136	233	3.43e-10	54.7
5_240	0_473	32.990	97	63	1	10	106	1	95	7.06e-10	55.5
5_240	0_163	28.030	132	92	1	204	332	131	262	8.09e-10	54.7
5_240	0_188	31.313	99	68	0	211	309	133	231	5.82e-09	51.2
5_240	0_47	32.394	142	92	3	211	351	107	245	1.05e-08	51.6
5_240	0_47	32.955	88	57	1	16	103	7	92	1.06e-08	51.6
5_240	0_48	31.915	94	62	1	10	103	1	92	1.12e-08	51.6
5_240	0_48	39.535	86	46	3	229	312	126	207	2.30e-08	50.4
5_240	0_40	36.232	69	44	0	10	78	324	392	1.61e-07	47.8
5_240	0_40	33.645	107	54	3	193	293	419	514	4.66e-06	43.1
5_240	0_216	30.488	82	54	2	232	312	407	486	3.50e-07	46.6
5_240	0_216	28.333	60	43	0	11	70	8	67	3.81e-04	37.0
5_240	0_416	30.769	78	53	1	1	77	327	404	6.52e-06	42.7
5_240	0_416	35.294	68	41	1	229	296	464	528	5.01e-05	40.0
5_240	0_320	31.765	85	54	1	226	310	150	230	1.17e-05	42.0
5_240	0_320	27.586	58	42	0	10	67	1	58	2.25e-05	40.8
5_240	0_41	32.787	61	41	0	11	71	327	387	3.38e-05	40.4
5_240	0_104	38.667	75	43	2	224	296	485	558	1.18e-04	38.9
5_241	0_132	99.650	286	1	0	1	286	1	286	0.0	554
5_241	0_133	24.551	167	116	4	75	237	73	233	1.75e-04	36.6
5_242	0_133	99.635	274	1	0	1	274	1	274	0.0	538
5_242	0_132	25.749	167	114	4	73	233	75	237	3.82e-05	38.9
5_243	0_139	99.675	308	1	0	1	308	1	308	0.0	579
5_244	0_142	99.766	856	2	0	1	856	1	856	0.0	1718
5_244	0_347	35.361	707	433	11	50	746	6	698	4.83e-130	405
5_244	0_347	25.000	132	88	5	727	854	582	706	3.64e-04	38.5
5_245	0_151	99.663	297	1	0	1	297	1	297	0.0	598
5_246	0_459	99.805	512	1	0	1	512	1	512	0.0	1016
5_246	0_216	30.469	512	327	14	11	511	12	505	2.34e-54	186
5_246	0_473	23.938	259	169	9	6	263	1	232	1.34e-14	70.9
5_246	0_473	23.301	206	140	4	282	487	16	203	1.28e-06	45.4
5_246	0_173	25.108	231	157	8	6	228	60	282	5.48e-14	67.4
5_246	0_173	30.263	76	53	0	412	487	199	274	1.99e-04	37.7
5_246	0_47	25.592	211	143	5	6	215	1	198	9.15e-14	68.2
5_246	0_47	26.531	196	126	5	277	472	11	188	1.01e-10	58.5
5_246	0_424	25.676	222	145	6	6	221	5	212	1.01e-13	65.5
5_246	0_424	25.446	224	142	7	283	501	22	225	7.08e-09	51.2
5_246	0_48	28.194	227	133	7	282	505	16	215	2.44e-13	67.0
5_246	0_48	25.688	218	140	7	20	235	15	212	2.53e-13	66.6
5_246	0_89	24.576	236	141	7	13	223	14	237	3.45e-12	62.0
5_246	0_89	27.027	222	133	8	286	489	26	236	4.41e-12	61.6
5_246	0_188	24.893	233	159	7	22	245	27	252	5.05e-12	60.8
5_246	0_188	21.875	224	167	5	267	487	12	230	1.40e-07	47.4
5_246	0_88	26.818	220	126	10	21	225	19	218	2.62e-11	58.9
5_246	0_88	25.541	231	157	8	264	492	1	218	5.01e-06	42.7
5_246	0_131	30.147	136	88	4	112	244	202	333	7.01e-11	58.5
5_246	0_131	28.431	102	68	3	6	107	10	106	3.43e-08	50.1
5_246	0_131	25.287	87	64	1	404	489	224	310	4.05e-05	40.4
5_246	0_326	36.634	101	54	3	129	223	264	360	9.02e-11	58.2
5_246	0_326	35.443	79	50	1	412	489	281	359	4.08e-07	46.6
5_246	0_326	41.071	56	29	1	6	57	43	98	6.18e-06	43.1
5_246	0_2	34.409	93	54	2	402	490	498	587	1.55e-10	58.2
5_246	0_2	29.213	89	58	2	133	220	500	584	8.29e-08	49.3
5_246	0_2	29.348	92	54	4	16	104	48	131	8.14e-07	46.2
5_246	0_40	30.000	220	113	7	2	206	320	513	1.57e-10	57.8
5_246	0_11	23.333	270	154	9	28	246	29	296	9.78e-10	54.7
5_246	0_11	32.609	92	57	2	399	489	184	271	1.06e-06	45.4
5_246	0_164	30.097	103	62	3	129	225	601	699	4.43e-08	50.1
5_246	0_164	27.723	101	72	1	410	509	616	716	1.38e-05	42.0
5_246	0_320	24.378	201	108	6	6	176	1	187	5.53e-07	46.6
5_246	0_163	26.267	217	134	9	32	230	40	248	5.54e-06	42.7
5_246	0_163	33.333	81	53	1	410	489	160	240	6.14e-05	39.7
5_246	0_277	22.353	170	119	4	37	202	500	660	2.71e-05	41.2
5_246	0_417	26.230	183	118	8	37	215	365	534	6.41e-04	36.6
5_246	0_104	27.184	103	72	1	373	472	795	897	7.25e-04	36.6
5_247	0_154	99.761	419	1	0	1	419	1	419	0.0	846
5_248	0_439	99.457	184	1	0	1	184	1	184	2.43e-135	371
5_249	0_445	99.541	218	1	0	1	218	1	218	7.91e-162	441
5_250	0_446	99.585	241	1	0	1	241	1	241	1.05e-180	490
5_251	0_447	99.593	246	1	0	1	246	1	246	0.0	497
5_251	0_520	100.000	90	0	0	1	90	1	90	1.35e-60	181
5_252	0_386	99.398	166	1	0	1	166	1	166	1.38e-116	322
5_253	0_381	98.684	76	1	0	1	76	1	76	5.05e-49	144
5_254	0_377	99.833	600	1	0	1	600	1	600	0.0	1197
5_255	0_370	99.711	691	2	0	1	691	1	691	0.0	1388
5_256	0_354	99.167	120	1	0	1	120	1	120	3.87e-84	236
5_257	0_350	99.856	694	1	0	1	694	1	694	0.0	1389
5_258	0_17	98.765	81	1	0	1	81	1	81	4.76e-57	165
5_259	0_20	99.701	335	1	0	1	335	1	335	0.0	662
5_260	0_36	99.843	638	1	0	1	638	1	638	0.0	1249
5_261	0_504	99.375	160	1	0	1	160	1	160	5.34e-113	312
5_262	0_39	99.528	212	1	0	1	212	1	212	8.07e-148	405
5_263	0_63	99.550	222	1	0	1	222	1	222	1.61e-162	442
5_264	0_67	99.412	170	1	0	1	170	1	170	1.56e-121	335
5_265	0_75	99.918	1216	1	0	1	1216	1	1216	0.0	2396
5_265	0_230	26.623	154	99	6	1054	1202	7	151	0.001	36.2
5_266	0_81	99.624	266	1	0	1	266	1	266	0.0	523
5_266	0_258	37.143	105	61	3	22	121	37	141	4.04e-14	65.5
5_267	0_88	99.632	272	1	0	1	272	1	272	0.0	541
5_267	0_89	34.188	234	133	6	19	232	22	254	2.76e-34	120
5_267	0_416	34.694	196	110	5	16	205	348	531	3.36e-19	81.6
5_267	0_163	31.330	233	127	7	19	227	29	252	1.10e-18	79.3
5_267	0_173	28.636	220	132	4	19	225	79	286	1.58e-18	78.2
5_267	0_164	36.275	102	64	1	127	227	607	708	2.42e-15	70.5
5_267	0_164	33.333	75	43	3	23	91	27	100	2.78e-04	36.6
5_267	0_424	27.805	205	136	6	20	220	22	218	2.43e-15	68.6
5_267	0_417	30.189	212	132	8	2	208	334	534	1.39e-14	67.8
5_267	0_40	32.075	212	118	6	1	204	324	517	2.21e-14	67.4
5_267	0_48	31.081	222	129	11	1	215	1	205	9.46e-14	65.5
5_267	0_131	34.545	110	71	1	118	226	212	321	2.61e-13	63.9
5_267	0_131	26.050	119	79	3	16	128	22	137	1.12e-05	40.8
5_267	0_41	32.353	204	117	11	2	200	327	514	2.98e-13	63.9
5_267	0_2	31.776	107	72	1	116	221	486	592	3.17e-13	63.9
5_267	0_2	31.915	94	55	3	16	106	50	137	3.93e-06	42.4
5_267	0_320	27.778	198	108	5	16	185	13	203	1.40e-12	62.0
5_267	0_459	27.273	220	125	10	19	218	21	225	2.02e-12	61.2
5_267	0_459	25.541	231	157	8	1	218	264	492	3.36e-06	42.4
5_267	0_326	32.500	120	77	3	104	219	244	363	2.50e-12	60.8
5_267	0_216	32.143	196	124	6	28	217	31	223	5.53e-12	60.1
5_267	0_11	24.221	289	161	9	2	236	8	292	3.18e-11	57.4
5_267	0_188	26.848	257	156	9	1	240	9	250	1.53e-08	48.9
5_267	0_47	23.618	199	141	6	16	212	13	202	3.20e-08	48.9
5_267	0_473	27.149	221	125	10	1	208	1	198	7.63e-08	47.8
5_267	0_104	29.801	151	85	7	90	224	783	928	1.16e-07	47.0
5_267	0_277	24.757	206	130	7	2	197	471	661	1.56e-07	46.6
5_268	0_320	99.814	538	1	0	1	538	1	538	0.0	1097
5_268	0_48	25.641	234	141	6	1	230	1	205	1.18e-12	64.7
5_268	0_48	28.571	210	133	8	319	519	1	202	1.10e-09	55.5
5_268	0_88	27.778	198	108	5	13	203	16	185	2.03e-12	62.4
5_268	0_47	22.993	274	175	5	1	272	1	240	6.42e-11	59.3
5_268	0_47	24.645	211	138	8	319	518	1	201	6.01e-06	43.5
5_268	0_40	28.342	187	110	5	1	187	324	486	2.51e-10	57.4
5_268	0_216	26.271	236	145	9	2	230	8	221	6.54e-10	55.8
5_268	0_216	32.432	74	47	2	453	523	149	222	3.43e-04	37.4
5_268	0_416	23.853	218	133	6	1	213	336	525	7.61e-09	52.4
5_268	0_417	44.898	49	27	0	13	61	346	394	9.23e-08	48.9
5_268	0_459	24.064	187	126	4	1	187	6	176	5.24e-07	46.6
5_268	0_2	35.088	57	37	0	2	58	39	95	6.94e-07	46.2
5_268	0_2	23.810	84	60	1	152	231	504	587	3.59e-05	40.8
5_268	0_89	24.286	210	127	6	20	213	26	219	9.17e-07	45.1
5_268	0_424	21.397	229	162	8	319	536	5	226	1.57e-06	43.9
5_268	0_424	22.363	237	149	6	1	230	5	213	2.48e-05	40.4
5_268	0_473	26.027	219	131	9	319	521	1	204	7.12e-06	43.1
5_268	0_473	20.851	235	133	6	1	219	1	198	8.98e-06	42.7
5_268	0_41	35.185	54	35	0	10	63	335	388	8.09e-06	42.7
5_268	0_131	31.765	85	54	1	150	230	226	310	1.88e-05	41.6
5_268	0_131	27.586	58	42	0	1	58	10	67	2.64e-05	41.2
5_268	0_188	22.078	231	150	6	320	525	10	235	4.07e-05	40.0
5_268	0_188	20.732	246	135	6	14	233	24	235	1.85e-04	37.7
5_268	0_11	27.174	92	64	1	443	534	188	276	3.23e-04	37.4
5_268	0_277	25.126	199	105	10	32	217	500	667	4.74e-04	37.4
5_268	0_164	28.169	71	47	1	449	515	619	689	6.99e-04	36.6
5_269	0_321	99.568	695	3	0	1	695	1	695	0.0	1373
5_270	0_203	99.833	599	1	0	1	599	1	599	0.0	1219
5_270	0_382	30.093	216	126	7	117	315	10	217	6.16e-17	78.6
5_270	0_384	37.008	127	62	2	116	224	13	139	8.11e-14	68.9
5_270	0_147	32.099	162	90	3	116	257	21	182	2.51e-13	66.6
5_271	0_207	99.388	327	2	0	1	327	1	327	0.0	658
5_272	0_221	99.879	826	1	0	1	826	1	826	0.0	1673
5_272	0_196	28.413	630	325	21	29	613	34	582	5.19e-49	177
5_273	0_253	99.620	263	1	0	1	263	1	263	0.0	503
5_273	0_135	27.350	117	73	3	48	152	110	226	1.54e-06	42.7
5_273	0_135	34.127	126	50	5	24	118	139	262	2.38e-06	42.4
5_273	0_135	33.333	93	52	3	35	117	121	213	3.03e-05	38.9
5_274	0_264	99.786	467	1	0	1	467	1	467	0.0	954
5_275	0_299	99.065	107	1	0	1	107	1	107	3.97e-72	205
5_276	0_290	99.057	212	2	0	1	212	1	212	8.91e-156	425
5_277	0_283	98.333	120	2	0	1	120	1	120	1.86e-86	242
5_278	0_282	99.576	236	1	0	1	236	1	236	2.03e-171	466
5_278	0_168	33.088	136	64	8	4	113	16	150	6.45e-06	40.8
5_279	0_281	99.475	381	2	0	1	381	1	381	0.0	750
5_280	0_270	99.298	285	2	0	1	285	1	285	0.0	568
5_281	0_404	99.756	410	1	0	1	410	1	410	0.0	808
5_282	0_405	99.559	227	1	0	1	227	1	227	1.25e-163	446
5_283	0_173	99.674	307	1	0	1	307	1	307	0.0	615
5_283	0_473	32.735	223	133	7	60	279	1	209	1.19e-24	99.0
5_283	0_48	30.732	205	122	6	79	277	16	206	9.80e-21	87.0
5_283	0_47	29.442	197	127	5	79	273	16	202	2.62e-19	82.8
5_283	0_88	28.636	220	132	4	79	286	19	225	2.45e-18	77.8
5_283	0_163	28.972	214	133	6	58	258	14	221	1.27e-15	70.9
5_283	0_326	42.857	84	47	1	194	276	276	359	6.02e-15	69.3
5_283	0_326	31.481	108	69	2	59	163	42	147	9.98e-07	44.3
5_283	0_459	25.108	231	157	8	60	282	6	228	3.70e-14	67.4
5_283	0_459	30.263	76	53	0	199	274	412	487	1.10e-04	38.1
5_283	0_11	24.779	226	119	3	84	258	27	252	7.12e-14	65.9
5_283	0_164	31.000	100	68	1	188	286	607	706	1.18e-13	65.9
5_283	0_188	25.472	212	146	4	56	258	5	213	1.66e-13	63.9
5_283	0_89	27.885	208	112	7	78	258	21	217	3.80e-12	60.5
5_283	0_131	36.170	94	54	2	78	171	24	111	5.03e-12	60.5
5_283	0_131	36.585	82	51	1	197	277	230	311	3.90e-10	54.7
5_283	0_2	34.146	82	53	1	194	274	503	584	8.40e-10	53.9
5_283	0_2	31.707	82	46	2	84	163	58	131	6.71e-08	48.1
5_283	0_424	24.272	206	141	6	83	283	25	220	2.22e-09	51.6
5_283	0_216	25.405	185	119	6	83	257	26	201	6.46e-09	51.2
5_283	0_216	23.387	248	159	10	59	279	244	487	8.50e-06	41.6
5_283	0_417	31.527	203	114	11	79	271	349	536	1.47e-08	50.1
5_283	0_277	29.167	168	103	8	97	257	502	660	1.72e-08	50.1
5_283	0_41	29.570	186	108	8	79	257	341	510	9.29e-08	47.8
5_283	0_416	25.510	196	125	7	79	267	351	532	9.32e-08	47.8
5_283	0_40	25.405	185	120	5	79	258	339	510	2.56e-07	46.2
5_284	0_174	99.737	380	1	0	1	380	1	380	0.0	772
5_285	0_178	99.387	163	1	0	1	163	1	163	3.01e-118	326
5_286	0_188	99.609	256	1	0	1	256	1	256	0.0	507
5_286	0_326	34.711	121	77	2	126	244	251	371	2.27e-16	72.8
5_286	0_173	27.358	212	142	4	5	213	56	258	7.97e-16	70.5
5_286	0_11	25.714	280	163	5	8	244	6	283	2.61e-15	69.3
5_286	0_164	30.508	118	73	2	134	250	597	706	3.50e-14	66.6
5_286	0_47	27.136	199	126	4	28	225	18	198	3.19e-13	63.5
5_286	0_459	24.138	232	162	10	27	252	22	245	3.07e-12	60.5
5_286	0_459	22.566	226	163	6	12	230	267	487	6.47e-09	50.4
5_286	0_89	25.806	217	145	9	27	231	23	235	8.73e-11	55.5
5_286	0_48	25.664	226	139	7	24	245	14	214	2.04e-10	55.1
5_286	0_88	26.794	209	139	6	9	214	1	198	2.82e-10	53.9
5_286	0_131	31.313	99	68	0	133	231	211	309	2.67e-09	51.6
5_286	0_2	33.766	77	51	0	154	230	508	584	2.77e-09	51.6
5_286	0_2	29.885	87	55	2	27	112	54	135	1.86e-04	37.0
5_286	0_163	27.801	241	145	11	6	231	13	239	1.24e-08	49.3
5_286	0_473	23.188	207	138	6	23	227	13	200	3.24e-08	48.5
5_286	0_216	24.074	216	151	7	20	231	14	220	5.04e-08	47.8
5_286	0_216	24.180	244	146	10	30	251	277	503	1.79e-05	40.0
5_286	0_416	26.699	206	131	7	9	212	336	523	6.07e-08	47.8
5_286	0_424	22.831	219	137	7	22	231	17	212	2.23e-06	42.0
5_286	0_320	22.271	229	152	6	10	235	320	525	3.03e-06	42.4
5_286	0_320	21.992	241	138	8	24	235	14	233	3.90e-05	38.9
5_286	0_277	28.333	180	105	7	40	212	498	660	3.15e-05	39.3
5_286	0_417	24.312	218	127	10	8	214	332	522	2.08e-04	36.6
5_286	0_40	21.053	209	141	7	9	214	324	511	2.21e-04	36.6
5_286	0_104	28.889	90	53	4	136	218	815	900	3.45e-04	36.2
5_287	0_471	99.367	158	1	0	1	158	1	158	1.78e-114	316
5_288	0_9	99.714	350	1	0	1	350	1	350	0.0	715
5_289	0_6	99.371	159	1	0	1	159	1	159	1.39e-116	321
5_289	0_491	32.500	120	78	2	22	140	15	132	6.97e-11	52.4
5_290	0_2	99.862	725	1	0	1	725	1	725	0.0	1468
5_290	0_131	37.766	188	114	2	481	667	205	390	7.56e-35	132
5_290	0_131	47.423	97	51	0	39	135	11	107	1.23e-22	95.9
5_290	0_11	40.146	137	82	0	481	617	166	302	3.83e-31	120
5_290	0_11	30.088	113	70	2	38	150	7	110	3.45e-11	60.1
5_290	0_164	25.735	136	99	2	481	614	590	725	2.34e-17	80.9
5_290	0_164	28.049	164	100	5	42	204	12	158	2.57e-07	48.5
5_290	0_326	38.298	94	57	1	501	594	274	366	9.54e-17	77.8
5_290	0_326	29.688	128	75	3	33	145	38	165	7.04e-10	56.2
5_290	0_88	31.776	107	72	1	486	592	116	221	7.92e-13	63.9
5_290	0_88	31.915	94	55	3	50	137	16	106	1.02e-05	42.4
5_290	0_89	25.806	155	88	3	501	655	152	279	2.49e-12	62.8
5_290	0_89	30.952	84	39	3	53	117	22	105	1.20e-05	42.4
5_290	0_424	32.292	96	63	2	500	594	127	221	5.14e-11	58.2
5_290	0_459	34.409	93	54	2	498	587	402	490	2.17e-10	58.2
5_290	0_459	29.213	89	58	2	500	584	133	220	1.19e-07	49.3
5_290	0_459	29.348	92	54	4	48	131	16	104	1.09e-06	46.2
5_290	0_48	32.967	91	59	1	498	588	119	207	1.08e-09	55.8
5_290	0_48	33.333	99	58	3	39	134	2	95	5.85e-07	47.0
5_290	0_47	31.897	116	70	2	474	589	102	208	1.66e-09	55.5
5_290	0_47	32.673	101	60	2	39	136	2	97	2.75e-07	48.1
5_290	0_173	34.146	82	53	1	503	584	194	274	2.37e-09	53.9
5_290	0_173	31.707	82	46	2	58	131	84	163	2.28e-07	47.8
5_290	0_163	29.358	109	76	1	505	612	159	267	1.02e-08	52.0
5_290	0_163	25.899	139	83	6	30	151	4	139	4.47e-04	37.4
5_290	0_188	33.766	77	51	0	508	584	154	230	1.33e-08	51.2
5_290	0_473	30.357	112	75	2	39	149	2	111	3.15e-08	51.2
5_290	0_473	31.081	74	49	1	508	581	129	200	1.52e-05	42.7
5_290	0_216	30.476	105	70	1	38	139	7	111	5.14e-08	50.4
5_290	0_216	25.974	77	56	1	508	584	407	482	6.75e-04	37.0
5_290	0_40	34.247	73	48	0	36	108	322	394	4.93e-07	47.4
5_290	0_40	29.008	131	79	6	448	572	393	515	8.66e-05	40.0
5_290	0_320	35.088	57	37	0	39	95	2	58	9.44e-07	46.2
5_290	0_320	28.788	66	43	1	504	569	152	213	5.10e-05	40.8
5_290	0_416	27.778	90	61	2	493	581	452	538	1.42e-06	45.8
5_290	0_417	33.333	66	43	1	36	100	331	396	2.65e-05	41.6
5_290	0_41	25.301	83	59	1	36	115	324	406	2.56e-04	38.5
5_291	0_162	99.740	385	1	0	1	385	1	385	0.0	767
5_291	0_325	32.877	219	139	5	160	377	106	317	2.15e-21	88.6
5_291	0_324	24.000	225	145	7	175	384	151	364	5.40e-04	36.2
5_292	0_161	99.715	351	1	0	1	351	1	351	0.0	684
5_292	0_324	27.358	318	207	7	6	316	61	361	8.53e-23	92.8
5_293	0_458	99.835	607	1	0	1	607	1	607	0.0	1220
5_294	0_140	99.767	429	1	0	1	429	1	429	0.0	862
5_295	0_114	98.864	88	1	0	1	88	1	88	3.11e-59	171
5_296	0_390	99.569	232	1	0	1	232	1	232	3.07e-173	471
5_297	0_387	99.779	452	1	0	1	452	1	452	0.0	881
5_298	0_345	99.510	204	1	0	1	204	1	204	5.99e-143	392
5_299	0_47	99.741	772	2	0	1	772	1	772	0.0	1503
5_299	0_48	48.630	438	197	9	1	416	1	432	8.17e-109	341
5_299	0_48	45.736	129	70	0	644	772	518	646	6.85e-23	98.2
5_299	0_473	30.788	812	476	21	1	772	1	766	5.55e-87	286
5_299	0_173	29.442	197	127	5	16	202	79	273	4.38e-19	83.6
5_299	0_216	32.673	202	122	5	6	195	12	211	1.36e-15	74.7
5_299	0_459	25.592	211	143	5	1	198	6	215	1.22e-13	68.6
5_299	0_459	26.531	196	126	5	11	188	277	472	1.39e-10	58.9
5_299	0_89	25.000	208	129	5	17	198	23	229	1.38e-13	67.0
5_299	0_416	26.887	212	136	7	1	201	336	539	3.16e-12	63.9
5_299	0_188	27.586	203	118	8	19	198	29	225	9.99e-12	60.5
5_299	0_417	31.373	204	111	9	13	200	346	536	2.69e-11	61.2
5_299	0_41	30.882	204	134	4	2	201	327	527	3.83e-11	60.5
5_299	0_320	22.993	274	175	5	1	240	1	272	9.45e-11	59.3
5_299	0_320	24.645	211	138	8	1	201	319	518	8.41e-06	43.5
5_299	0_2	31.897	116	70	2	102	208	474	589	1.61e-09	55.5
5_299	0_2	32.673	101	60	2	2	97	39	136	2.62e-07	48.5
5_299	0_11	30.986	142	89	5	59	197	128	263	1.97e-09	54.7
5_299	0_11	52.778	36	17	0	21	56	27	62	5.22e-05	40.4
5_299	0_40	28.351	194	128	6	1	188	324	512	1.46e-08	52.4
5_299	0_131	32.955	88	57	1	7	92	16	103	1.82e-08	52.0
5_299	0_131	32.394	142	92	3	107	245	211	351	2.05e-08	51.6
5_299	0_88	23.618	199	141	6	13	202	16	212	5.23e-08	49.7
5_299	0_326	25.191	131	91	3	72	197	223	351	1.44e-07	48.9
5_299	0_277	24.479	192	131	5	23	204	491	678	3.22e-07	48.1
5_299	0_104	38.144	97	51	4	110	200	815	908	6.24e-07	47.4
5_299	0_104	28.571	147	88	6	64	193	416	562	1.46e-04	39.7
5_299	0_164	27.957	93	65	1	108	198	597	689	7.02e-07	47.0
5_299	0_424	27.174	184	109	7	19	188	24	196	2.22e-06	44.3
5_299	0_163	30.682	88	57	2	114	197	145	232	1.92e-04	38.9
5_300	0_48	99.846	650	1	0	1	650	1	650	0.0	1260
5_300	0_47	48.630	438	197	9	1	432	1	416	1.27e-108	340
5_300	0_47	39.344	183	105	1	470	646	590	772	8.58e-31	123
5_300	0_473	39.823	452	246	10	1	438	1	440	2.40e-89	289
5_300	0_473	29.348	184	126	2	467	646	583	766	2.70e-16	77.0
5_300	0_173	30.732	205	122	6	16	206	79	277	2.09e-20	87.0
5_300	0_416	30.189	212	129	8	1	201	336	539	1.77e-15	73.9
5_300	0_417	32.558	215	117	9	2	200	334	536	3.09e-15	73.2
5_300	0_89	28.169	213	128	6	18	205	24	236	3.63e-14	68.2
5_300	0_88	31.081	222	129	11	1	205	1	215	1.24e-13	66.2
5_300	0_459	28.194	227	133	7	16	215	282	505	2.84e-13	67.0
5_300	0_459	25.688	218	140	7	15	212	20	235	2.94e-13	67.0
5_300	0_216	29.524	210	134	5	10	205	12	221	1.60e-12	64.7
5_300	0_216	28.326	233	135	9	2	208	261	487	7.14e-09	52.8
5_300	0_320	25.641	234	141	6	1	205	1	230	1.95e-12	64.3
5_300	0_320	28.571	210	133	8	1	202	319	519	2.06e-09	54.7
5_300	0_40	28.365	208	110	6	1	188	324	512	9.30e-11	58.9
5_300	0_424	29.596	223	136	8	4	214	8	221	9.76e-11	57.0
5_300	0_277	31.285	179	100	8	32	195	500	670	5.64e-10	56.6
5_300	0_2	32.967	91	59	1	119	207	498	588	9.98e-10	55.8
5_300	0_2	33.333	99	58	3	2	95	39	134	5.86e-07	47.0
5_300	0_11	29.333	150	99	3	60	207	129	273	2.04e-09	54.3
5_300	0_11	43.636	55	31	0	2	56	8	62	1.21e-05	42.4
5_300	0_164	34.940	83	52	1	127	207	616	698	5.70e-09	53.5
5_300	0_188	26.141	241	139	10	14	224	24	255	6.90e-09	51.6
5_300	0_131	31.915	94	62	1	1	92	10	103	1.67e-08	51.6
5_300	0_131	37.374	99	56	3	126	220	229	325	2.84e-08	50.8
5_300	0_326	32.692	104	64	3	115	215	267	367	6.35e-08	49.7
5_300	0_41	29.167	216	137	9	2	209	327	534	6.91e-08	49.7
5_300	0_163	32.941	85	55	1	127	209	160	244	2.66e-05	41.2
5_300	0_104	36.905	84	44	4	121	198	826	906	1.29e-04	39.3
5_301	0_395	99.898	979	1	0	1	979	1	979	0.0	1929
5_302	0_278	99.749	398	1	0	1	398	1	398	0.0	810
5_303	0_315	99.327	297	2	0	1	297	1	297	0.0	576
5_304	0_323	99.709	344	1	0	1	344	1	344	0.0	679
5_304	0_34	24.308	325	166	12	64	333	46	345	1.72e-05	40.4
5_305	0_329	99.296	142	1	0	1	142	1	142	4.90e-103	286
5_306	0_331	99.796	490	1	0	1	490	1	490	0.0	959
5_307	0_217	99.649	569	2	0	1	569	1	569	0.0	1099
5_307	0_218	30.556	216	124	4	79	285	18	216	9.57e-12	60.8
5_308	0_57	99.219	256	2	0	1	256	1	256	0.0	507
5_309	0_62	99.823	564	1	0	1	564	1	564	0.0	1103
5_309	0_419	31.670	461	251	12	95	533	214	632	5.14e-52	183
5_309	0_468	31.614	446	261	9	99	533	122	534	2.04e-51	179
5_309	0_349	30.496	423	246	10	118	533	237	618	9.46e-48	171
5_309	0_184	33.144	353	187	10	200	533	2	324	4.03e-45	157
5_309	0_529	30.496	423	234	11	131	540	141	516	5.67e-44	159
5_310	0_71	99.468	188	1	0	1	188	1	188	3.40e-138	378
5_311	0_521	99.569	696	3	0	1	696	1	696	0.0	1381
5_312	0_94	98.621	145	2	0	1	145	1	145	1.67e-101	282
5_313	0_266	99.630	270	1	0	1	270	1	270	0.0	545
5_314	0_247	99.861	720	1	0	1	720	1	720	0.0	1483
5_315	0_341	99.785	465	1	0	1	465	1	465	0.0	927
5_316	0_206	99.655	579	2	0	1	579	1	579	0.0	1175
5_316	0_507	23.592	373	216	15	197	551	38	359	7.63e-04	36.6
5_317	0_46	99.634	273	1	0	1	273	1	273	0.0	562
5_318	0_99	98.462	65	1	0	1	65	1	65	3.31e-44	131
5_319	0_160	99.787	939	2	0	1	939	1	939	0.0	1900
5_320	0_441	99.804	511	1	0	1	511	1	511	0.0	1045
5_320	0_362	43.385	325	173	6	105	423	125	444	2.66e-74	238
5_320	0_364	22.712	295	216	6	49	340	63	348	5.70e-08	49.3
5_320	0_442	22.819	298	203	11	116	400	119	402	3.82e-06	43.5
5_321	0_171	98.454	194	3	0	1	194	1	194	6.09e-142	388
5_321	0_170	37.888	161	95	3	4	160	3	162	1.84e-27	98.2
5_322	0_400	99.849	662	1	0	1	662	1	662	0.0	1330
5_323	0_513	99.568	463	2	0	1	463	1	463	0.0	931
5_324	0_294	99.174	121	1	0	1	121	1	121	8.81e-87	243
5_325	0_313	99.773	883	2	0	1	883	1	883	0.0	1782
5_326	0_328	99.888	892	1	0	1	892	1	892	0.0	1800
5_327	0_194	99.740	384	1	0	1	384	1	384	0.0	766
5_328	0_195	99.275	276	2	0	1	276	1	276	0.0	546
5_328	0_16	36.255	251	125	6	1	233	1	234	2.75e-31	112
5_329	0_235	99.842	632	1	0	1	632	1	632	0.0	1285
5_330	0_233	98.477	197	3	0	1	197	1	197	9.14e-133	365
5_331	0_449	99.844	641	1	0	1	641	1	641	0.0	1285
5_331	0_117	44.131	639	334	9	3	626	5	635	6.96e-168	489
5_332	0_355	99.313	291	2	0	1	291	1	291	0.0	577
5_332	0_564	98.864	88	1	0	315	402	1	88	2.51e-55	172
5_333	0_357	97.143	385	11	0	1	385	1	385	0.0	729
5_334	0_360	98.883	179	2	0	1	179	1	179	5.65e-126	347
5_335	0_362	99.606	507	2	0	1	507	1	507	0.0	1010
5_335	0_441	43.077	325	174	6	125	444	105	423	4.61e-74	238
5_335	0_364	26.757	370	260	7	58	421	44	408	1.57e-25	103
5_335	0_442	21.687	332	250	6	37	363	15	341	3.45e-07	47.0
5_336	0_365	99.379	161	1	0	1	161	1	161	6.31e-117	322
5_337	0_367	99.672	305	1	0	1	305	1	305	0.0	605
5_338	0_368	99.773	440	1	0	1	440	1	440	0.0	875
5_338	0_22	36.269	193	110	4	101	283	125	314	1.98e-26	103
5_339	0_369	99.780	455	1	0	1	455	1	455	0.0	927
5_340	0_372	99.638	276	1	0	1	276	1	276	0.0	562
5_341	0_373	99.758	414	1	0	1	414	1	414	0.0	827
5_342	0_374	99.621	1585	6	0	1	1585	1	1585	0.0	3122
5_342	0_210	26.006	323	185	12	917	1223	417	701	5.22e-14	71.6
5_342	0_210	37.383	107	59	3	281	385	91	191	1.08e-05	44.3
5_343	0_375	99.613	517	2	0	1	517	1	517	0.0	1003
5_344	0_391	99.600	999	4	0	1	999	1	999	0.0	2013
5_345	0_103	98.739	238	3	0	1	238	1	238	4.89e-171	466
5_346	0_104	99.683	947	3	0	1	947	1	947	0.0	1930
5_346	0_88	29.801	151	85	7	783	928	90	224	2.78e-07	47.8
5_346	0_47	39.130	92	47	4	820	908	115	200	7.03e-07	47.4
5_346	0_47	28.571	147	88	6	416	562	64	193	1.61e-04	39.7
5_346	0_89	32.051	78	50	1	820	897	145	219	1.36e-06	45.8
5_346	0_89	30.000	80	54	1	479	558	145	222	6.01e-06	43.5
5_346	0_473	36.585	82	43	4	834	912	129	204	1.74e-05	42.7
5_346	0_48	36.905	84	44	4	826	906	121	198	1.76e-04	39.7
5_346	0_164	33.333	102	63	3	476	574	601	700	1.78e-04	39.7
5_346	0_326	25.168	298	194	12	628	907	63	349	2.18e-04	38.9
5_346	0_131	38.667	75	43	2	485	558	224	296	2.26e-04	38.9
5_346	0_163	29.825	114	68	5	833	943	161	265	5.23e-04	37.7
5_347	0_107	82.600	500	44	5	1	478	1	479	0.0	761
5_348	0_110	99.693	326	1	0	1	326	1	326	0.0	650
5_349	0_111	99.724	1086	3	0	1	1086	1	1086	0.0	2132
5_349	0_116	24.000	450	280	15	23	431	12	440	1.28e-07	50.1
5_349	0_96	24.947	469	294	15	18	451	14	459	1.32e-07	50.1
5_349	0_42	22.624	221	146	6	31	226	14	234	5.98e-05	41.6
5_349	0_5	27.523	218	136	8	62	260	30	244	1.67e-04	40.0
5_349	0_461	22.727	462	297	16	16	430	5	453	0.001	37.7
5_350	0_112	99.689	965	3	0	1	965	1	965	0.0	1903
5_350	0_43	23.247	271	155	11	65	297	63	318	3.30e-08	52.0
5_350	0_115	26.286	175	110	5	24	191	12	174	1.92e-04	39.7
5_351	0_116	96.402	1084	17	3	1	1084	1	1062	0.0	2061
5_351	0_96	27.281	1074	645	34	1	1026	6	991	5.92e-81	280
5_351	0_42	28.680	394	227	7	4	351	1	386	2.01e-43	166
5_351	0_42	25.589	297	178	9	521	777	721	1014	1.16e-14	73.2
5_351	0_42	35.965	114	69	4	357	468	472	583	2.75e-10	58.9
5_351	0_461	24.412	553	309	20	6	496	4	509	1.19e-14	73.6
5_351	0_5	24.936	393	233	13	26	394	7	361	1.08e-13	70.1
5_351	0_111	24.222	450	279	15	12	440	23	431	1.92e-08	52.8
5_352	0_123	99.709	1376	4	0	1	1376	1	1376	0.0	2697
5_352	0_149	67.888	1392	424	6	1	1376	1	1385	0.0	1837
5_353	0_124	93.846	325	20	0	31	355	58	382	0.0	564
5_353	0_126	52.036	221	103	2	137	354	1	221	5.00e-65	201
5_354	0_134	99.825	571	1	0	1	571	1	571	0.0	1147
5_355	0_457	99.776	446	1	0	1	446	1	446	0.0	891
5_356	0_202	22.222	720	356	26	789	1426	188	785	1.85e-17	82.8
5_357	0_536	95.413	109	5	0	1	109	1	109	3.07e-71	202
5_357	0_344	32.812	64	42	1	38	100	79	142	4.20e-06	38.1
5_358	0_145	99.569	232	1	0	1	232	1	232	4.23e-164	447
5_359	0_148	99.395	1985	9	1	1	1982	1	1985	0.0	3852
5_359	0_501	35.516	397	209	11	60	425	37	417	1.28e-54	196
5_359	0_568	28.943	577	368	14	337	884	5	568	2.16e-49	182
5_359	0_567	34.247	292	183	6	45	333	10	295	6.33e-39	142
5_360	0_149	99.278	1386	4	1	1	1380	1	1386	0.0	2713
5_360	0_123	67.960	1392	417	6	1	1379	1	1376	0.0	1809
5_361	0_152	99.512	205	1	0	1	205	1	205	8.22e-144	394
5_362	0_153	99.760	416	1	0	1	416	1	416	0.0	797
5_363	0_156	99.751	402	1	0	1	402	1	402	0.0	804
5_364	0_157	99.673	611	2	0	1	611	1	611	0.0	1221
5_364	0_578	31.399	293	194	4	285	574	15	303	2.73e-42	149
5_364	0_193	29.600	125	86	1	176	300	2	124	3.60e-14	64.7
5_364	0_455	24.277	346	195	13	155	482	2	298	8.12e-08	48.9
5_364	0_388	28.704	216	131	10	277	477	95	302	1.08e-04	39.3
5_365	0_158	99.673	306	1	0	1	306	1	306	0.0	607
5_366	0_580	96.667	690	6	1	88	777	1	673	0.0	1337
5_366	0_223	37.598	766	396	24	1	743	1	707	1.84e-138	421
5_366	0_159	100.000	85	0	0	1	85	1	85	3.07e-52	171
5_366	0_229	28.829	333	192	12	301	602	389	707	4.99e-27	112
5_366	0_229	30.814	172	92	5	1	170	1	147	1.11e-06	46.6
5_367	0_163	99.713	349	1	0	1	349	1	349	0.0	712
5_367	0_164	36.646	161	82	3	118	266	570	722	1.59e-29	114
5_367	0_326	37.500	136	83	1	131	266	252	385	6.48e-28	108
5_367	0_326	29.630	135	70	5	7	125	32	157	3.36e-09	52.4
5_367	0_88	31.330	233	127	7	29	252	19	227	4.90e-23	91.7
5_367	0_173	28.972	214	133	6	14	221	58	258	9.20e-19	80.5
5_367	0_89	33.043	115	74	2	140	254	139	250	9.57e-14	65.5
5_367	0_424	24.783	230	150	7	30	257	22	230	9.60e-14	64.7
5_367	0_131	30.357	112	75	1	131	242	204	312	2.77e-13	65.1
5_367	0_188	38.462	78	48	0	162	239	154	231	2.34e-12	60.8
5_367	0_2	28.440	109	77	1	159	267	505	612	1.70e-11	59.7
5_367	0_2	25.899	139	83	6	4	139	30	151	2.41e-04	37.4
5_367	0_11	26.984	126	88	2	142	267	176	297	1.85e-11	59.3
5_367	0_416	28.780	205	118	10	29	228	351	532	6.29e-09	51.6
5_367	0_459	26.267	217	134	9	40	248	32	230	3.93e-08	49.3
5_367	0_459	33.333	81	53	1	160	240	410	489	6.34e-07	45.4
5_367	0_48	32.941	85	55	1	160	244	127	209	1.67e-07	47.4
5_367	0_473	24.880	209	125	7	29	232	16	197	1.99e-07	47.0
5_367	0_104	30.702	114	67	5	161	265	833	943	3.80e-07	46.2
5_367	0_47	26.549	113	77	3	145	255	114	222	8.26e-07	45.1
5_367	0_40	26.341	205	122	8	29	228	339	519	2.13e-06	43.5
5_367	0_216	25.000	236	148	10	28	249	273	493	4.95e-06	42.4
5_367	0_320	27.143	70	47	2	163	232	449	514	3.56e-04	36.6
5_367	0_41	26.857	175	106	8	49	223	361	513	3.78e-04	36.6
5_368	0_164	99.742	775	2	0	1	775	1	775	0.0	1527
5_368	0_326	37.751	249	137	4	530	775	204	437	2.22e-43	157
5_368	0_326	39.175	97	55	2	22	115	61	156	1.63e-12	64.7
5_368	0_163	37.267	161	81	3	570	722	118	266	9.49e-26	103
5_368	0_131	32.847	137	91	1	584	720	199	334	3.22e-20	89.0
5_368	0_2	25.735	136	99	2	590	725	481	614	2.51e-17	80.9
5_368	0_2	28.049	164	100	5	12	158	42	204	2.48e-07	48.5
5_368	0_89	39.091	110	66	1	599	708	140	248	2.46e-16	75.1
5_368	0_11	37.363	91	57	0	619	709	194	284	3.22e-15	72.8
5_368	0_88	36.275	102	64	1	607	708	127	227	1.12e-14	69.7
5_368	0_88	33.333	75	43	3	27	100	23	91	7.59e-04	36.6
5_368	0_188	30.508	118	73	2	597	706	134	250	1.78e-13	65.9
5_368	0_173	31.000	100	68	1	607	706	188	286	3.60e-13	65.9
5_368	0_424	30.108	93	64	1	615	707	133	224	1.99e-11	59.3
5_368	0_424	40.426	47	28	0	23	69	21	67	6.49e-07	45.8
5_368	0_48	34.940	83	52	1	616	698	127	207	6.51e-09	53.5
5_368	0_459	30.097	103	62	3	601	699	129	225	6.65e-08	50.1
5_368	0_459	27.723	101	72	1	616	716	410	509	2.06e-05	42.0
5_368	0_473	30.476	105	65	2	618	722	129	225	4.67e-07	47.8
5_368	0_416	38.983	59	33	1	618	676	467	522	7.11e-07	47.0
5_368	0_47	27.957	93	65	1	597	689	108	198	7.94e-07	47.0
5_368	0_216	25.532	94	63	2	609	699	398	487	8.53e-06	43.5
5_368	0_417	36.508	63	34	2	38	96	364	424	1.11e-04	39.7
5_368	0_104	33.333	102	63	3	601	700	476	574	1.43e-04	39.7
5_368	0_40	37.313	67	38	2	612	678	449	511	0.001	36.6
5_368	0_320	28.169	71	47	1	619	689	449	515	0.001	36.6
5_369	0_165	99.549	443	2	0	1	443	1	443	0.0	884
5_370	0_432	99.368	1425	9	0	1	1425	1	1425	0.0	2854
5_371	0_462	99.672	305	1	0	1	305	1	305	0.0	608
5_372	0_433	99.753	405	1	0	1	405	1	405	0.0	808
5_373	0_434	98.966	870	8	1	1	870	1	869	0.0	1753
5_374	0_438	99.620	527	2	0	1	527	1	527	0.0	1020
5_375	0_440	99.055	741	7	0	1	741	1	741	0.0	1482
5_376	0_443	99.346	306	2	0	1	306	1	306	0.0	627
5_376	0_66	26.552	290	175	9	10	278	21	293	4.27e-20	83.2
5_376	0_506	22.581	279	186	10	9	277	5	263	1.19e-07	46.6
5_376	0_181	23.019	265	163	8	12	261	8	246	1.89e-06	43.5
5_376	0_318	27.397	73	51	1	7	79	2	72	4.00e-05	38.9
5_376	0_101	32.877	73	43	1	186	258	180	246	1.73e-04	37.0
5_377	0_444	99.446	361	2	0	1	361	1	361	0.0	731
5_378	0_426	99.827	578	1	0	1	578	1	578	0.0	1160
5_379	0_425	99.013	304	3	0	1	304	1	304	0.0	589
5_379	0_261	21.908	283	199	6	31	300	36	309	2.06e-12	61.2
5_380	0_423	99.149	705	6	0	1	705	1	705	0.0	1374
5_381	0_464	97.523	323	1	1	1	323	1	316	0.0	622
5_382	0_421	99.005	201	2	0	1	201	1	201	4.47e-148	404
5_383	0_529	99.273	550	4	0	4	553	1	550	0.0	1120
5_383	0_419	65.605	471	139	6	80	533	189	653	0.0	600
5_383	0_419	42.500	120	41	6	4	111	1	104	3.79e-14	69.7
5_383	0_349	39.175	485	273	5	44	513	142	619	6.19e-107	328
5_383	0_468	35.110	544	278	22	18	512	17	534	1.39e-74	241
5_383	0_184	33.333	336	181	7	209	514	4	326	6.45e-54	181
5_383	0_62	30.496	423	234	11	144	519	131	540	2.30e-44	160
5_383	0_185	30.000	210	116	9	8	195	6	206	6.11e-12	60.1
5_384	0_419	97.885	662	12	1	1	662	1	660	0.0	1311
5_384	0_529	66.453	468	134	6	194	655	80	530	0.0	604
5_384	0_529	43.333	120	40	6	1	104	1	108	9.82e-14	68.6
5_384	0_349	43.326	427	223	5	211	635	210	619	6.45e-106	329
5_384	0_468	39.362	470	235	15	190	634	90	534	3.05e-80	259
5_384	0_184	35.735	347	172	7	317	636	4	326	6.36e-59	196
5_384	0_62	32.104	461	249	12	216	634	95	533	1.30e-53	188
5_384	0_185	39.655	58	33	2	239	295	143	199	4.83e-06	42.7
5_385	0_418	98.864	176	2	0	1	176	1	176	4.47e-129	354
5_385	0_380	40.741	54	29	1	19	69	6	59	2.45e-06	41.2
5_385	0_380	28.415	183	118	5	5	175	157	338	3.34e-06	40.8
5_385	0_274	39.344	61	33	3	19	76	10	69	1.82e-04	35.4
5_386	0_166	89.069	741	72	7	1	736	2630	3366	0.0	1263
5_387	0_533	94.620	3792	169	7	1	3763	1	3786	0.0	7011
5_387	0_166	24.335	263	144	12	346	572	302	545	4.85e-05	43.9
5_388	0_167	99.567	231	1	0	1	231	1	231	4.68e-170	462
5_389	0_168	99.333	300	2	0	1	300	1	300	0.0	601
5_389	0_15	32.707	266	148	14	25	283	23	264	1.84e-24	95.1
5_389	0_282	33.088	136	64	8	16	150	4	113	1.03e-05	40.4
5_390	0_466	97.931	145	3	0	1	145	1	145	4.76e-104	288
5_391	0_172	99.887	2652	3	0	1	2652	1	2652	0.0	5242
5_392	0_176	98.910	367	4	0	1	367	1	367	0.0	738
5_392	0_353	35.433	127	57	2	6	132	160	261	9.92e-15	69.3
5_393	0_177	98.387	186	3	0	1	186	1	186	1.20e-137	377
5_394	0_179	98.462	260	4	0	1	260	1	260	0.0	516
5_395	0_180	99.690	323	1	0	1	323	1	323	0.0	634
5_396	0_181	99.553	447	2	0	1	447	1	447	0.0	880
5_396	0_506	31.878	229	138	9	1	221	1	219	8.98e-17	74.7
5_396	0_101	27.675	271	161	14	3	254	4	258	2.62e-08	49.3
5_396	0_443	22.305	269	160	7	8	246	12	261	2.59e-06	43.5
5_397	0_182	99.715	701	2	0	1	701	1	701	0.0	1382
5_398	0_468	99.813	536	1	0	1	536	1	536	0.0	1073
5_398	0_184	65.644	326	103	4	218	536	3	326	1.63e-145	416
5_398	0_419	38.912	478	226	15	90	534	188	632	1.20e-79	257
5_398	0_185	62.069	203	67	3	1	197	1	199	2.08e-75	233
5_398	0_529	35.110	544	278	22	17	534	15	509	1.06e-74	241
5_398	0_349	33.150	546	301	19	18	535	110	619	1.49e-61	208
5_398	0_62	31.614	446	261	9	122	534	99	533	1.98e-51	179
5_399	0_468	63.818	550	179	8	1	544	1	536	0.0	665
5_399	0_184	99.693	326	1	0	219	544	1	326	0.0	664
5_399	0_185	100.000	204	0	0	1	204	1	204	4.89e-141	401
5_399	0_529	32.079	558	301	17	7	544	12	511	2.37e-74	241
5_399	0_419	34.773	463	245	11	107	544	204	634	1.49e-72	239
5_399	0_349	30.275	545	293	20	48	543	113	619	1.06e-51	181
5_399	0_62	31.183	465	254	14	116	542	97	533	9.85e-50	175
5_400	0_469	99.427	524	3	0	1	524	1	524	0.0	1009
5_400	0_119	24.915	293	190	10	4	273	9	294	5.75e-14	68.6
5_401	0_186	99.197	249	2	0	1	249	1	249	8.43e-177	481
5_402	0_470	99.804	510	1	0	1	510	1	510	0.0	1045
5_403	0_189	99.646	565	2	0	1	565	1	565	0.0	1096
5_404	0_472	99.353	309	2	0	1	309	1	309	0.0	595
5_405	0_190	98.667	75	1	0	1	75	1	75	2.56e-50	147
5_405	0_51	78.689	61	13	0	3	63	8	68	1.72e-29	103
5_405	0_50	68.293	41	13	0	22	62	45	85	1.21e-15	64.3
5_405	0_427	43.284	67	31	2	9	75	14	73	1.14e-09	47.4
5_406	0_51	99.627	804	3	0	1	804	1	804	0.0	1600
5_406	0_50	45.547	786	394	12	27	803	45	805	0.0	597
5_406	0_427	33.820	822	453	27	1	775	1	778	5.96e-105	336
5_406	0_190	78.689	61	13	0	8	68	3	63	1.49e-28	103
5_407	0_239	99.522	627	3	0	1	627	405	1031	0.0	1251
5_408	0_240	99.688	321	1	0	1	321	1	321	0.0	641
5_408	0_552	42.857	56	28	1	8	63	13	64	1.42e-07	47.4
5_409	0_241	99.789	475	1	0	1	475	1	475	0.0	921
5_410	0_482	99.109	449	4	0	1	449	1	449	0.0	918
5_410	0_74	28.049	246	157	9	18	255	14	247	1.03e-12	64.3
5_410	0_74	46.154	39	21	0	409	447	503	541	1.15e-05	42.0
5_410	0_317	23.176	466	288	19	14	442	51	483	2.53e-09	53.5
5_411	0_244	99.522	418	2	0	1	418	1	418	0.0	849
5_412	0_254	97.802	91	2	0	1	91	1	91	1.16e-61	177
5_413	0_256	98.990	99	1	0	1	99	1	99	3.11e-68	194
5_414	0_261	99.683	315	1	0	1	315	1	315	0.0	625
5_414	0_425	21.908	283	199	6	36	309	31	300	1.31e-12	62.0
5_415	0_263	99.587	242	1	0	1	242	1	242	5.21e-175	476
5_415	0_272	26.772	127	68	4	81	203	46	151	2.83e-04	35.4
5_416	0_534	99.603	252	1	0	1	252	1	252	0.0	493
5_416	0_406	29.932	147	96	3	111	252	82	226	6.33e-09	49.7
5_417	0_265	99.074	216	2	0	1	216	1	216	1.99e-145	399
5_418	0_267	99.513	411	2	0	1	411	1	411	0.0	818
5_419	0_291	99.366	473	3	0	1	473	1	473	0.0	920
5_420	0_292	99.320	147	1	0	1	147	1	147	2.42e-106	295
5_421	0_293	98.842	259	3	0	1	259	1	259	0.0	514
5_422	0_312	99.559	227	1	0	1	227	1	227	3.85e-167	455
5_423	0_490	100.000	145	0	0	1	145	1	145	1.07e-106	295
5_424	0_316	99.859	709	1	0	1	709	1	709	0.0	1424
5_425	0_526	96.296	54	2	0	1	54	1	54	6.15e-33	103
5_426	0_327	99.459	2033	11	0	1	2033	1	2033	0.0	4071
5_427	0_324	99.727	366	1	0	1	366	1	366	0.0	722
5_427	0_161	27.358	318	207	7	61	361	6	316	1.56e-22	92.0
5_428	0_51	77.500	600	118	6	2	598	220	805	0.0	909
5_428	0_50	43.463	566	281	13	2	563	236	766	5.40e-124	380
5_428	0_427	32.237	608	322	19	3	568	220	779	8.41e-59	205
5_429	0_52	98.454	194	3	0	1	194	1	194	3.38e-140	384
5_430	0_53	98.507	469	7	0	1	469	1	469	0.0	924
5_431	0_58	99.416	514	3	0	1	514	1	514	0.0	1035
5_431	0_346	26.490	151	100	3	2	141	50	200	1.74e-09	54.7
5_431	0_346	34.426	61	35	2	294	349	574	634	2.54e-05	41.2
5_431	0_401	34.444	90	58	1	3	91	29	118	4.45e-08	50.1
5_431	0_401	33.000	100	59	3	264	355	513	612	9.18e-08	49.3
5_431	0_35	24.084	191	113	4	3	161	32	222	8.74e-08	49.3
5_432	0_65	99.167	240	2	0	1	240	1	240	0.0	499
5_433	0_66	99.661	295	1	0	1	295	1	295	0.0	593
5_433	0_443	26.897	290	174	9	21	293	10	278	1.21e-20	84.7
5_433	0_506	26.148	283	176	9	19	293	3	260	1.33e-15	70.1
5_433	0_318	26.792	265	164	10	21	275	5	249	2.58e-13	63.5
5_433	0_101	25.368	272	165	12	15	274	1	246	1.85e-04	36.6
5_434	0_478	99.550	666	3	0	1	666	1	666	0.0	1338
5_434	0_229	64.198	81	29	0	232	312	279	359	7.16e-26	107
5_435	0_508	99.837	615	1	0	1	615	1	615	0.0	1264
5_436	0_72	99.653	865	3	0	1	865	1	865	0.0	1709
5_437	0_76	99.773	880	2	0	1	880	1	880	0.0	1777
5_438	0_77	99.614	259	1	0	1	259	1	259	0.0	526
5_439	0_78	100.000	451	0	0	1	451	1	451	0.0	917
5_440	0_91	99.710	690	2	0	1	690	1	690	0.0	1372
5_441	0_92	99.685	317	1	0	1	317	1	317	0.0	641
5_442	0_93	99.541	871	4	0	1	871	1	871	0.0	1712
5_443	0_196	99.663	594	2	0	1	594	1	594	0.0	1187
5_443	0_221	28.413	630	325	21	34	582	29	613	1.90e-44	164
5_444	0_200	99.635	274	1	0	1	274	1	274	0.0	558
5_445	0_559	99.451	182	1	0	44	225	1	182	1.05e-128	356
5_446	0_201	99.659	293	1	0	1	293	1	293	0.0	577
5_447	0_202	99.694	981	3	0	1	981	1	981	0.0	1973
5_448	0_492	99.115	113	1	0	1	113	1	113	4.02e-81	228
5_449	0_493	97.917	96	2	0	1	96	1	96	2.40e-67	192
5_450	0_205	99.700	666	2	0	1	666	1	666	0.0	1349
5_451	0_210	99.767	859	1	1	207	1064	1	859	0.0	1716
5_451	0_209	100.000	202	0	0	1	202	1	202	2.17e-138	409
5_451	0_374	26.625	323	183	13	622	906	917	1223	7.36e-14	70.9
5_451	0_374	37.383	107	59	3	296	396	281	385	4.80e-10	58.2
5_452	0_213	99.802	505	1	0	1	505	1	505	0.0	1028
5_453	0_495	99.134	462	4	0	1	462	1	462	0.0	924
5_454	0_218	99.670	303	1	0	1	303	1	303	0.0	575
5_454	0_217	31.050	219	119	5	18	216	79	285	9.89e-12	59.7
5_455	0_222	99.511	818	2	1	1	816	1	818	0.0	1668
5_455	0_496	28.734	616	325	23	249	802	246	809	1.68e-45	170
5_456	0_38	99.423	520	3	0	1	520	1	520	0.0	1008
5_457	0_35	99.757	823	2	0	1	823	1	823	0.0	1654
5_457	0_346	24.291	741	451	18	18	668	34	754	1.18e-48	180
5_457	0_401	22.781	338	192	11	393	679	398	717	1.12e-13	69.3
5_457	0_401	27.174	184	113	4	6	186	3	168	9.96e-09	53.1
5_457	0_58	23.560	191	114	4	32	222	3	161	3.58e-07	47.8
5_458	0_33	99.745	783	2	0	1	783	1	783	0.0	1560
5_459	0_30	99.784	463	1	0	1	463	1	463	0.0	922
5_460	0_21	99.851	673	1	0	1	673	1	673	0.0	1347
5_460	0_105	22.437	517	375	10	6	512	10	510	5.73e-32	127
5_461	0_19	98.008	251	5	0	1	251	1	251	1.88e-177	483
5_462	0_18	99.813	534	1	0	1	534	1	534	0.0	1057
5_463	0_342	99.774	443	1	0	1	443	1	443	0.0	872
5_464	0_343	99.628	269	1	0	1	269	65	333	0.0	531
5_465	0_346	99.887	886	1	0	1	886	1	886	0.0	1801
5_465	0_35	24.212	698	427	16	34	711	18	633	2.54e-47	176
5_465	0_401	22.941	340	205	10	440	753	393	701	1.49e-14	72.4
5_465	0_401	23.563	174	120	3	27	199	8	169	6.81e-09	53.9
5_465	0_58	25.828	151	101	3	50	200	2	141	3.76e-09	54.3
5_465	0_58	34.426	61	35	2	574	634	294	349	4.62e-05	41.2
5_466	0_347	100.000	729	0	0	1	729	122	850	0.0	1438
5_466	0_142	31.703	593	377	12	1	577	166	746	9.52e-78	262
5_466	0_142	25.191	131	87	5	461	584	727	853	3.72e-04	38.1
5_467	0_396	99.510	408	2	0	1	408	1	408	0.0	819
5_468	0_50	96.770	805	26	0	1	805	1	805	0.0	1558
5_468	0_51	45.616	787	392	13	45	805	27	803	0.0	606
5_468	0_427	34.976	832	421	30	1	768	1	776	2.81e-107	342
5_468	0_190	68.293	41	13	0	45	85	22	62	9.41e-15	64.7
5_469	0_49	98.387	558	7	1	1	558	1	556	0.0	1106
5_469	0_542	50.654	535	216	15	53	557	10	526	2.48e-148	432
5_469	0_514	49.206	567	224	15	5	516	8	565	6.19e-147	431
5_469	0_577	45.979	485	194	14	124	557	1	468	2.62e-110	332
5_469	0_535	43.387	431	186	14	120	516	12	418	6.89e-100	305
5_469	0_583	69.512	82	25	0	27	108	25	106	3.06e-32	115
5_470	0_44	99.709	344	1	0	1	344	1	344	0.0	702
5_470	0_289	27.451	204	135	5	121	314	3	203	2.16e-15	69.7
5_471	0_531	98.790	496	6	0	1	496	1	496	0.0	963
5_471	0_572	28.000	400	244	15	122	489	194	581	3.07e-23	97.4
5_472	0_43	99.062	1173	11	0	1	1173	1	1173	0.0	2331
5_472	0_115	32.576	264	156	5	7	261	5	255	3.05e-29	120
5_472	0_115	26.087	276	153	12	711	971	534	773	4.57e-10	58.2
5_472	0_95	32.258	248	151	8	10	252	13	248	7.52e-24	103
5_472	0_95	26.070	257	163	11	722	970	496	733	7.60e-04	38.1
5_472	0_460	29.560	159	99	4	6	161	2	150	3.65e-11	62.0
5_472	0_4	22.938	388	251	14	7	383	2	352	1.04e-05	43.9
5_472	0_112	39.474	38	23	0	281	318	260	297	4.34e-04	38.9
5_473	0_42	98.684	1216	11	2	1	1213	1	1214	0.0	2392
5_473	0_116	28.426	394	228	7	1	386	4	351	2.18e-42	163
5_473	0_116	27.273	286	165	8	720	1001	521	767	5.99e-17	80.9
5_473	0_116	35.088	114	70	4	472	583	357	468	4.41e-10	58.5
5_473	0_96	33.217	286	181	5	3	285	11	289	3.79e-35	139
5_473	0_96	30.928	291	137	10	737	1015	545	783	2.94e-23	101
5_473	0_96	32.231	121	72	5	477	594	361	474	1.82e-05	43.5
5_473	0_5	25.714	245	153	5	10	249	1	221	3.62e-15	75.1
5_473	0_461	26.556	241	150	8	1	234	1	221	1.22e-10	60.5
5_473	0_461	23.684	418	255	18	722	1101	592	983	1.88e-05	43.5
5_473	0_111	22.624	221	146	6	14	234	31	226	9.37e-05	41.2
5_474	0_401	99.620	790	3	0	1	790	1	790	0.0	1604
5_474	0_346	22.647	340	206	10	393	701	440	753	4.68e-14	70.5
5_474	0_346	23.563	174	120	3	8	169	27	199	6.44e-09	53.9
5_474	0_35	24.103	195	101	6	398	592	393	540	4.59e-12	63.9
5_474	0_35	27.174	184	113	4	3	168	6	186	9.16e-09	53.1
5_474	0_58	34.444	90	58	1	29	118	3	91	4.52e-08	50.8
5_474	0_58	33.000	100	59	3	513	612	264	355	1.52e-07	48.9
5_475	0_498	99.752	404	1	0	1	404	1	404	0.0	813
5_476	0_409	99.691	324	1	0	1	324	1	324	0.0	641
5_477	0_410	99.894	946	1	0	1	946	1	946	0.0	1863
5_478	0_414	99.857	700	1	0	1	700	1	700	0.0	1419
5_479	0_415	99.485	582	3	0	1	582	1	582	0.0	1176
5_479	0_496	35.354	99	52	5	484	582	724	810	6.16e-04	37.0
5_480	0_416	99.629	539	2	0	1	539	1	539	0.0	1045
5_480	0_40	28.893	533	353	10	7	533	8	520	2.71e-49	173
5_480	0_41	31.604	212	135	3	331	538	321	526	2.18e-30	119
5_480	0_417	38.914	221	127	7	322	538	320	536	6.05e-30	118
5_480	0_88	34.694	196	110	5	348	531	16	205	1.07e-18	80.9
5_480	0_48	29.717	212	130	8	336	539	1	201	4.84e-15	72.4
5_480	0_473	29.897	194	126	6	336	525	1	188	4.84e-13	66.2
5_480	0_47	26.415	212	137	7	336	539	1	201	6.41e-12	62.4
5_480	0_277	31.138	167	94	7	369	522	502	660	5.72e-10	56.2
5_480	0_424	31.522	184	108	8	354	528	24	198	2.81e-09	52.4
5_480	0_320	23.853	218	133	6	336	525	1	213	7.18e-09	52.4
5_480	0_216	31.148	183	104	8	355	522	26	201	4.57e-08	50.1
5_480	0_173	25.510	196	125	7	351	532	79	267	7.21e-08	48.5
5_480	0_164	38.983	59	33	1	467	522	618	676	5.98e-07	46.6
5_480	0_2	27.778	90	61	2	452	538	493	581	1.25e-06	45.4
5_480	0_11	29.412	85	52	2	441	522	172	251	4.55e-06	43.5
5_480	0_163	29.126	206	116	11	351	532	29	228	6.44e-06	42.7
5_480	0_131	30.769	78	53	1	327	404	1	77	9.33e-06	42.4
5_480	0_131	35.294	68	41	1	464	528	229	296	6.81e-05	39.7
5_480	0_326	38.983	59	33	1	467	522	281	339	5.87e-05	40.0
5_480	0_188	26.214	206	132	7	336	523	9	212	9.73e-05	38.5
5_480	0_459	23.037	191	123	6	352	525	22	205	8.91e-04	36.2
5_481	0_417	99.627	536	2	0	1	536	1	536	0.0	1016
5_481	0_41	31.445	512	325	9	35	536	31	526	2.26e-54	187
5_481	0_416	38.914	221	127	7	320	536	322	538	5.64e-30	118
5_481	0_40	35.407	209	123	6	328	531	319	520	1.23e-23	99.0
5_481	0_48	32.558	215	117	9	334	536	2	200	2.71e-15	73.2
5_481	0_88	30.189	212	132	8	334	534	2	208	2.82e-14	67.8
5_481	0_277	31.551	187	110	5	319	495	456	634	5.42e-14	68.9
5_481	0_47	31.373	204	111	9	346	536	13	200	2.09e-11	60.8
5_481	0_173	31.527	203	114	11	349	536	79	271	3.01e-08	50.1
5_481	0_320	44.898	49	27	0	346	394	13	61	8.73e-08	48.9
5_481	0_473	28.505	214	123	10	334	534	2	198	7.08e-07	46.2
5_481	0_424	27.273	209	130	9	336	533	8	205	2.81e-06	43.1
5_481	0_216	26.136	176	110	6	363	524	36	205	1.73e-05	41.6
5_481	0_2	33.333	66	43	1	331	396	36	100	2.67e-05	41.2
5_481	0_164	36.508	63	34	2	364	424	38	96	7.80e-05	39.7
5_481	0_11	38.000	100	46	5	327	415	1	95	1.59e-04	38.5
5_481	0_89	22.527	182	118	4	364	522	37	218	6.35e-04	36.2
5_481	0_326	27.132	129	76	4	302	425	23	138	6.43e-04	36.6
5_481	0_459	26.230	183	118	8	365	534	37	215	8.05e-04	36.2
5_482	0_496	99.396	828	5	0	1	828	1	828	0.0	1669
5_482	0_222	28.479	618	326	21	246	809	249	804	1.91e-45	170
5_483	0_229	98.684	760	10	0	1	760	80	839	0.0	1524
5_483	0_223	31.138	334	201	9	309	640	285	591	1.49e-34	135
5_483	0_223	54.545	77	20	3	1	64	80	154	8.00e-12	63.2
5_483	0_580	28.829	333	192	12	310	628	197	498	1.74e-27	112
5_483	0_478	64.198	81	29	0	200	280	232	312	2.44e-25	106
5_484	0_10	99.194	620	5	0	1	620	1	620	0.0	1238
5_485	0_11	99.741	386	1	0	1	386	1	386	0.0	758
5_485	0_131	31.304	345	181	10	5	304	8	341	2.58e-38	137
5_485	0_2	40.146	137	82	0	166	302	481	617	1.91e-31	120
5_485	0_2	30.088	113	70	2	7	110	38	150	1.62e-11	60.1
5_485	0_164	37.363	91	57	0	194	284	619	709	1.48e-15	72.8
5_485	0_326	33.333	90	60	0	194	283	282	371	7.43e-15	70.1
5_485	0_188	25.357	280	164	5	6	283	8	244	2.19e-14	67.0
5_485	0_173	24.779	226	119	3	27	252	84	258	5.29e-14	66.6
5_485	0_424	32.143	140	84	3	143	279	90	221	9.06e-12	59.3
5_485	0_89	25.402	311	163	12	27	307	27	298	6.79e-11	57.4
5_485	0_163	27.778	126	87	2	176	297	142	267	1.08e-10	57.0
5_485	0_88	23.875	289	162	9	8	292	2	236	2.07e-10	55.5
5_485	0_47	31.818	132	85	4	134	263	69	197	4.43e-10	55.8
5_485	0_47	52.778	36	17	0	27	62	21	56	2.37e-05	40.8
5_485	0_48	29.851	134	91	2	141	273	76	207	2.22e-09	53.5
5_485	0_48	43.636	55	31	0	8	62	2	56	6.27e-06	42.4
5_485	0_459	22.963	270	155	9	29	296	28	246	7.49e-09	51.6
5_485	0_459	32.609	92	57	2	184	271	399	489	7.66e-07	45.4
5_485	0_473	34.483	87	53	2	183	268	119	202	1.05e-08	51.6
5_485	0_473	31.579	95	58	3	8	95	2	96	7.44e-04	35.8
5_485	0_216	28.788	132	85	4	146	271	356	484	8.60e-08	48.1
5_485	0_416	29.412	85	52	2	172	251	441	522	3.26e-06	43.5
5_485	0_417	38.000	100	46	5	1	95	327	415	9.27e-05	38.9
5_485	0_320	27.174	92	64	1	188	276	443	534	2.50e-04	37.4
5_485	0_277	45.588	68	27	4	4	69	466	525	2.66e-04	37.4
5_485	0_40	50.000	46	23	0	8	53	325	370	4.25e-04	36.6
5_486	0_473	99.478	766	0	1	1	762	1	766	0.0	1497
5_486	0_47	30.655	809	477	19	1	762	1	772	2.08e-92	300
5_486	0_48	40.044	452	245	10	1	440	1	438	3.28e-90	291
5_486	0_48	33.588	131	87	0	632	762	516	646	1.76e-15	74.7
5_486	0_173	32.735	223	133	7	1	209	60	279	3.91e-24	98.6
5_486	0_89	27.488	211	126	7	17	201	23	232	5.23e-15	71.2
5_486	0_459	23.938	259	169	9	1	232	6	263	2.37e-14	70.9
5_486	0_459	23.301	206	140	4	16	203	282	487	2.55e-06	45.1
5_486	0_216	29.630	216	130	6	2	201	8	217	3.74e-13	67.0
5_486	0_416	29.897	194	126	6	1	188	336	525	4.23e-13	67.0
5_486	0_131	32.990	97	63	1	1	95	10	106	1.34e-09	55.5
5_486	0_40	27.230	213	130	7	1	199	324	525	2.99e-09	54.3
5_486	0_41	28.708	209	138	6	2	204	327	530	8.81e-09	53.1
5_486	0_11	34.483	87	53	2	119	202	183	268	2.08e-08	51.6
5_486	0_554	26.263	396	229	16	302	655	86	460	2.15e-08	51.6
5_486	0_424	27.000	200	123	7	17	203	22	211	3.65e-08	49.7
5_486	0_2	30.357	112	75	2	2	111	39	149	3.85e-08	51.2
5_486	0_2	31.081	74	49	1	129	200	508	581	1.80e-05	42.4
5_486	0_88	26.818	220	127	9	1	198	1	208	1.57e-07	48.1
5_486	0_188	29.545	88	59	2	115	200	141	227	4.65e-07	46.6
5_486	0_326	28.800	125	79	4	115	230	267	390	5.43e-07	47.0
5_486	0_164	30.476	105	65	2	129	225	618	722	6.39e-07	47.4
5_486	0_417	28.505	214	123	10	2	198	334	534	6.82e-07	47.0
5_486	0_163	24.880	209	125	7	16	197	29	232	1.44e-05	42.4
5_486	0_320	25.000	212	142	9	1	204	319	521	1.78e-05	42.4
5_486	0_320	20.851	235	133	6	1	198	1	219	1.94e-05	42.4
5_486	0_104	36.585	82	43	4	129	204	834	912	1.79e-05	42.4
5_486	0_277	24.638	207	127	6	13	195	469	670	9.77e-05	40.0
5_487	0_14	99.091	110	1	0	1	110	1	110	3.10e-79	223
5_488	0_507	99.791	479	1	0	1	479	1	479	0.0	971
5_488	0_206	24.129	373	214	16	38	359	197	551	5.13e-04	37.0
5_489	0_95	98.793	663	8	0	1	663	1	663	0.0	1290
5_489	0_115	29.037	706	446	15	1	661	1	696	7.97e-70	241
5_489	0_43	32.258	248	151	8	13	248	10	252	1.31e-24	103
5_489	0_460	27.500	160	102	7	8	159	3	156	5.15e-08	50.8
5_490	0_96	99.509	1018	5	0	1	1018	1	1018	0.0	1970
5_490	0_116	26.544	1085	688	33	6	1015	1	1051	2.31e-78	272
5_490	0_42	33.217	286	181	5	11	289	3	285	3.13e-35	139
5_490	0_42	30.928	291	137	10	545	783	738	1016	1.98e-23	101
5_490	0_42	32.231	121	72	5	361	474	477	594	1.74e-05	43.1
5_490	0_5	27.500	240	152	8	18	255	1	220	5.95e-11	60.8
5_490	0_461	21.820	802	472	31	11	699	2	761	3.10e-09	55.5
5_490	0_111	25.112	446	278	14	14	436	18	430	1.47e-07	50.1
5_491	0_98	99.861	719	1	0	1	719	1	719	0.0	1430
5_492	0_475	98.520	743	4	1	1	736	1	743	0.0	1454
5_492	0_0	26.260	754	440	25	6	720	16	692	1.92e-44	165
5_492	0_192	37.179	78	31	4	190	259	124	191	7.85e-04	37.0
5_493	0_4	99.570	931	4	0	1	931	1	931	0.0	1836
5_493	0_115	27.523	218	124	7	9	225	17	201	2.74e-08	52.0
5_493	0_43	22.680	388	252	14	2	352	7	383	8.73e-06	43.9
5_493	0_460	30.864	162	92	7	60	208	55	209	5.71e-05	41.2
5_494	0_225	98.347	121	2	0	1	121	1	121	1.68e-78	222
5_495	0_226	99.836	1217	2	0	1	1217	1	1217	0.0	2489
5_496	0_515	96.000	425	14	1	1	422	1	425	0.0	819
5_496	0_530	93.939	132	8	0	291	422	1	132	2.16e-86	256
5_497	0_51	73.733	217	56	1	1	216	1	217	7.97e-111	330
5_497	0_50	52.340	235	91	3	1	216	1	233	8.84e-74	233
5_497	0_427	35.780	218	136	4	1	216	1	216	1.81e-38	135
5_497	0_190	70.492	61	18	0	8	68	3	63	1.89e-26	92.4
5_498	0_196	42.647	68	33	2	22	83	312	379	1.20e-09	47.8
5_498	0_221	50.943	53	26	0	31	83	381	433	6.78e-09	45.4
5_499	0_173	90.909	77	7	0	1	77	76	152	5.90e-46	144
5_499	0_131	39.189	74	39	1	3	76	24	91	3.67e-11	51.6
5_499	0_2	38.028	71	32	3	9	76	58	119	1.38e-07	41.6
5_499	0_40	38.000	50	31	0	4	53	339	388	3.80e-07	40.4
5_499	0_88	34.722	72	43	2	4	75	19	86	6.97e-07	39.7
5_499	0_48	28.378	74	45	2	4	77	16	81	1.49e-06	38.5
5_499	0_47	29.730	74	44	2	4	77	16	81	2.73e-06	38.1
5_499	0_473	28.378	74	45	1	4	77	16	81	5.26e-06	37.0
5_499	0_416	31.915	47	32	0	4	50	351	397	8.05e-06	36.6
5_499	0_326	36.000	75	45	1	3	74	61	135	1.03e-05	36.2
5_499	0_277	42.857	42	23	1	22	63	502	542	1.22e-05	36.2
5_499	0_459	41.176	34	20	0	5	38	22	55	1.48e-05	35.8
5_499	0_417	39.583	48	27	2	4	50	349	395	4.23e-05	34.7
5_499	0_41	31.169	77	46	2	4	75	341	415	8.93e-05	33.5
5_501	0_541	100.000	55	0	0	1	55	1	55	5.56e-35	107
5_502	0_544	100.000	288	0	0	1	288	1	288	0.0	563
5_503	0_545	100.000	229	0	0	1	229	1	229	1.50e-167	456
5_504	0_187	99.747	396	1	0	1	396	1	396	0.0	805
5_505	0_366	99.698	331	1	0	1	331	1	331	0.0	664
5_506	0_547	99.240	263	2	0	1	263	1	263	0.0	510
5_506	0_380	33.846	65	33	4	113	171	5	65	1.74e-04	37.0
5_506	0_353	35.000	60	27	2	113	164	159	214	3.41e-04	35.8
5_507	0_115	97.505	1082	13	3	1	1082	1	1068	0.0	2105
5_507	0_95	29.015	1096	656	32	13	1080	17	1018	8.09e-114	372
5_507	0_43	30.026	383	216	11	5	344	7	380	6.41e-31	126
5_507	0_43	24.750	400	209	19	445	769	584	966	7.94e-09	54.3
5_507	0_460	29.677	155	101	3	13	161	10	162	1.37e-13	69.7
5_507	0_4	28.959	221	117	9	17	201	9	225	5.10e-08	51.6
5_508	0_553	98.172	383	3	1	35	417	1	379	0.0	713
5_509	0_460	96.374	1379	31	4	1	1365	1	1374	0.0	2645
5_509	0_115	29.677	155	101	3	10	162	13	161	9.13e-13	67.4
5_509	0_43	29.560	159	99	4	2	150	6	161	5.20e-11	61.6
5_509	0_95	27.564	156	99	7	7	156	12	159	8.81e-08	51.2
5_509	0_4	30.864	162	92	7	55	209	60	208	3.10e-05	42.7
5_510	0_461	98.738	1823	19	2	1	1822	1	1820	0.0	3610
5_510	0_116	24.381	525	296	18	4	486	6	471	2.94e-13	69.7
5_510	0_42	26.556	241	150	8	1	221	1	234	6.14e-11	62.0
5_510	0_42	22.671	644	387	27	403	982	506	1102	4.19e-05	42.7
5_510	0_96	21.564	793	484	32	2	760	11	699	1.23e-08	54.3
5_510	0_5	27.426	237	147	7	13	239	3	224	3.15e-08	53.1
5_510	0_111	22.707	458	302	16	5	453	16	430	3.57e-04	39.7
5_511	0_572	97.284	589	2	1	1	575	1	589	0.0	1120
5_511	0_531	27.250	400	247	14	180	567	122	489	2.25e-22	95.1
5_512	0_166	94.259	2613	140	6	195	2805	1	2605	0.0	4805
5_512	0_517	100.000	154	0	0	1	154	1	154	1.08e-104	327
5_512	0_533	25.660	265	138	13	496	739	346	572	1.26e-04	42.0
5_513	0_548	99.806	516	1	0	1	516	1	516	0.0	1029
5_514	0_501	99.141	582	5	0	1	582	1	582	0.0	1148
5_514	0_148	35.768	397	208	11	37	417	60	425	1.14e-55	198
5_514	0_567	30.137	292	156	8	37	312	25	284	5.92e-31	117
5_514	0_568	35.106	94	38	4	325	409	5	84	1.52e-04	38.9
5_515	0_5	99.201	876	7	0	34	909	1	876	0.0	1734
5_515	0_42	24.800	250	164	5	24	254	5	249	3.99e-15	74.3
5_515	0_116	24.257	404	242	14	31	394	15	394	3.05e-13	68.2
5_515	0_96	26.562	256	167	7	11	253	8	255	1.60e-10	59.3
5_515	0_111	25.755	629	373	27	12	593	4	585	5.01e-10	57.8
5_515	0_461	27.572	243	151	7	30	257	7	239	4.27e-09	54.7
5_516	0_551	95.925	589	23	1	1	588	1	589	0.0	1066
5_517	0_542	100.000	102	0	0	1	102	68	169	3.48e-68	207
5_517	0_514	97.059	102	3	0	1	102	116	217	1.04e-64	200
5_517	0_577	97.826	92	2	0	11	102	1	92	2.43e-59	183
5_517	0_49	80.000	105	18	1	1	102	109	213	9.47e-47	152
5_517	0_535	75.532	94	21	1	9	102	14	105	1.19e-46	150
5_518	0_556	100.000	277	0	0	1	277	1	277	0.0	544
5_519	0_562	100.000	183	0	0	1	183	1	183	1.14e-125	346
5_520	0_565	100.000	86	0	0	1	86	1	86	1.33e-59	171
5_521	0_279	100.000	128	0	0	128	255	1	128	8.97e-90	256
5_522	0_12	98.266	173	3	0	1	173	1	173	9.93e-117	327
5_522	0_550	98.462	65	1	0	214	278	1	65	1.06e-40	130
5_522	0_474	24.364	275	181	13	5	260	32	298	1.78e-09	52.0
5_523	0_549	99.338	302	2	0	1	302	1	302	0.0	570
5_523	0_3	25.083	303	205	10	22	304	36	336	1.34e-09	52.8
5_524	0_574	100.000	40	0	0	1	40	1	40	7.87e-22	73.2
5_525	0_573	99.831	591	1	0	1	591	1	591	0.0	1167
5_526	0_193	98.473	131	2	0	12	142	1	131	4.08e-92	258
5_526	0_157	31.111	135	91	1	4	136	167	301	3.24e-17	71.6
5_527	0_243	100.000	154	0	0	1	154	58	211	5.17e-107	299
5_528	0_349	97.910	622	5	2	1	614	1	622	0.0	1202
5_528	0_529	39.794	485	270	6	134	611	41	510	8.94e-108	330
5_528	0_419	43.091	427	224	5	202	611	209	633	2.59e-105	327
5_528	0_468	36.181	398	217	10	238	611	151	535	7.27e-60	203
5_528	0_62	30.496	423	246	10	229	610	118	533	1.95e-47	170
5_528	0_184	32.733	333	181	9	309	611	6	325	5.67e-40	144
5_529	0_566	99.839	620	1	0	1	620	1	620	0.0	1247
5_530	0_554	98.821	509	6	0	1	509	68	576	0.0	983
5_530	0_473	27.157	313	175	16	19	315	302	577	1.27e-08	52.0
5_531	0_130	98.551	138	2	0	1	138	222	359	2.21e-95	277
5_532	0_555	99.598	249	1	0	1	249	29	277	1.21e-180	492
5_533	0_239	99.490	392	2	0	1	392	1	392	0.0	784
5_534	0_322	100.000	37	0	0	1	37	1	37	1.45e-22	75.9
5_535	0_223	99.387	653	4	0	1	653	80	732	0.0	1308
5_535	0_580	38.160	663	342	21	9	628	2	639	9.02e-127	385
5_535	0_229	30.539	334	203	9	206	512	388	719	1.53e-33	131
5_536	0_1	100.000	134	0	0	1	134	1	134	5.03e-97	277
5_537	0_543	98.913	184	2	0	18	201	1	184	1.10e-127	352
5_538	0_347	100.000	123	0	0	1	123	1	123	6.30e-86	262
5_538	0_142	56.780	118	51	0	6	123	50	167	8.83e-45	149
5_539	0_563	99.588	486	2	0	1	486	1	486	0.0	963
5_540	0_557	98.942	378	4	0	1	378	1	378	0.0	724
5_541	0_568	99.381	646	4	0	291	936	1	646	0.0	1227
5_541	0_567	99.303	287	2	0	1	287	3	289	0.0	574
5_541	0_148	30.460	870	556	19	8	858	45	884	2.91e-90	310
5_541	0_501	30.151	398	207	11	23	374	37	409	1.53e-39	150
5_542	0_561	99.894	945	1	0	1	945	27	971	0.0	1895
5_543	0_552	98.755	723	9	0	1	723	1	723	0.0	1414
5_543	0_240	42.857	56	28	1	13	64	8	63	2.87e-07	47.4
5_543	0_86	32.381	105	65	3	74	174	37	139	2.25e-05	41.2
5_544	0_578	98.007	301	6	0	1	301	1	301	0.0	592
5_544	0_157	30.216	278	190	4	62	339	336	609	6.42e-39	140
5_544	0_558	97.826	46	1	0	256	301	1	46	1.96e-26	94.7
5_544	0_455	25.949	158	98	6	56	203	150	298	1.55e-04	37.4
5_545	0_40	98.643	221	3	0	1	221	313	533	2.81e-153	431
5_545	0_416	39.130	207	123	3	4	208	328	533	2.30e-36	129
5_545	0_41	35.678	199	117	5	8	201	322	514	7.00e-24	93.6
5_545	0_417	34.928	209	124	6	7	208	328	531	1.00e-23	93.2
5_545	0_88	32.536	209	121	9	12	205	1	204	1.50e-16	71.2
5_545	0_459	29.954	217	111	7	11	201	5	206	5.61e-12	58.9
5_545	0_48	28.365	208	110	6	12	200	1	188	4.47e-11	56.6
5_545	0_320	28.342	187	110	5	12	174	1	187	5.59e-11	56.2
5_545	0_320	21.965	173	113	7	12	174	319	479	8.14e-04	34.3
5_545	0_473	27.230	213	130	7	12	213	1	199	1.03e-09	52.4
5_545	0_424	27.604	192	105	6	28	201	22	197	1.22e-09	51.2
5_545	0_277	27.717	184	120	5	6	181	464	642	3.00e-09	50.8
5_545	0_173	25.683	183	122	4	27	198	79	258	3.74e-09	50.4
5_545	0_47	28.351	194	128	6	12	200	1	188	1.24e-08	49.3
5_545	0_131	36.232	69	44	0	12	80	10	78	3.05e-08	47.8
5_545	0_131	33.645	107	54	3	107	202	193	293	7.59e-07	43.5
5_545	0_2	32.877	73	49	0	10	82	36	108	2.38e-07	45.4
5_545	0_2	27.000	200	123	10	15	203	385	572	8.30e-06	40.4
5_545	0_326	28.689	122	83	1	6	123	37	158	1.88e-05	39.3
5_545	0_163	26.190	210	116	9	27	207	29	228	2.42e-05	38.9
5_545	0_11	50.000	46	23	0	13	58	8	53	1.53e-04	36.6
5_545	0_11	36.170	47	30	0	141	187	191	237	7.24e-04	34.7
5_545	0_216	28.492	179	117	6	31	199	26	203	1.78e-04	36.6
5_545	0_164	36.765	68	39	2	137	200	612	679	2.08e-04	36.2
5_545	0_188	20.856	187	128	6	13	182	10	193	2.84e-04	35.4
5_546	0_518	94.667	75	4	0	3	77	5	79	4.80e-47	139
5_547	0_1	98.837	172	2	0	1	172	151	322	4.50e-123	344
5_548	0_577	99.660	294	1	0	1	294	68	361	0.0	593
5_548	0_542	36.422	313	144	15	1	294	145	421	3.86e-36	130
5_548	0_49	35.831	307	134	12	1	294	189	445	5.82e-34	124
5_548	0_514	75.000	52	13	0	243	294	449	500	2.48e-21	88.6
5_548	0_514	60.784	51	20	0	1	51	193	243	7.74e-14	66.2
5_548	0_535	60.870	69	23	2	227	294	288	353	5.48e-19	81.3
5_548	0_535	54.386	57	23	1	1	54	81	137	1.66e-11	58.9
5_549	0_542	98.556	277	4	0	1	277	145	421	0.0	560
5_549	0_535	47.653	277	141	3	1	277	81	353	2.33e-82	250
5_549	0_49	40.909	286	131	12	1	277	189	445	5.63e-45	154
5_549	0_577	36.422	313	144	15	1	277	68	361	4.70e-38	134
5_549	0_514	34.169	319	157	10	1	277	193	500	8.15e-36	129
5_550	0_581	100.000	23	0	0	1	23	1	23	1.34e-12	48.9
5_551	0_582	100.000	153	0	0	1	153	1	153	4.37e-113	312
5_552	0_546	99.705	339	1	0	1	339	1	339	0.0	698
