22_1	5_6	88.288	333	39	0	1	333	1	333	0.0	572
22_1	5_338	34.896	192	114	3	125	314	101	283	2.82e-25	100
22_2	5_193	88.312	77	9	0	1	77	1	77	1.42e-45	135
22_3	5_153	94.955	337	17	0	1	337	1	337	0.0	639
22_4	5_256	67.480	123	37	1	1	123	1	120	1.42e-54	162
22_5	5_158	77.000	100	23	0	1	100	1	100	1.32e-54	160
22_6	5_337	78.878	303	64	0	1	303	1	303	5.97e-175	481
22_7	5_166	81.019	432	82	0	1	432	1	432	0.0	730
22_7	5_138	39.437	142	79	4	172	313	218	352	3.62e-20	86.7
22_7	5_138	30.769	91	61	2	5	94	219	308	3.61e-08	49.7
22_7	5_108	31.507	146	91	5	5	143	9	152	1.14e-09	53.5
22_7	5_108	28.144	167	103	6	173	335	9	162	1.78e-06	43.9
22_7	5_385	42.593	54	28	1	6	59	19	69	6.95e-06	40.8
22_7	5_385	25.595	168	115	4	172	338	17	175	1.83e-04	36.6
22_7	5_167	28.125	128	77	3	214	341	64	176	1.08e-04	38.9
22_7	5_270	25.000	224	123	10	151	352	84	284	1.37e-04	38.5
22_7	5_506	32.911	79	37	5	5	79	113	179	4.44e-04	36.2
22_8	5_195	92.308	156	12	0	1	156	1	156	2.86e-109	303
22_9	5_170	97.059	136	4	0	1	136	1	136	6.85e-99	275
22_10	5_197	84.431	167	26	0	1	167	1	167	1.45e-99	279
22_11	5_222	81.379	145	27	0	5	149	5	149	1.85e-89	252
22_12	5_90	79.070	86	18	0	1	86	1	86	3.96e-49	145
22_13	5_38	88.750	320	36	0	1	320	1	320	0.0	527
22_14	5_37	86.000	300	42	0	1	300	1	300	0.0	518
22_14	5_267	33.333	255	143	7	3	254	2	232	4.05e-36	125
22_14	5_186	28.936	235	141	6	7	241	10	218	1.05e-20	83.6
22_14	5_368	37.273	110	68	1	140	248	599	708	1.03e-16	75.1
22_14	5_240	32.022	178	102	5	131	296	205	375	2.94e-16	73.2
22_14	5_240	32.075	53	36	0	21	73	24	76	3.01e-05	39.7
22_14	5_300	27.350	234	140	7	3	236	2	205	7.73e-16	72.4
22_14	5_486	27.468	233	133	11	3	232	2	201	3.79e-15	70.1
22_14	5_246	24.473	237	140	7	14	237	13	223	7.27e-15	69.3
22_14	5_246	26.818	220	134	8	27	236	287	489	4.82e-12	60.5
22_14	5_80	28.571	224	133	5	22	239	22	224	1.07e-14	68.6
22_14	5_214	26.496	234	137	7	32	248	152	367	1.17e-14	68.6
22_14	5_140	34.074	135	87	2	116	248	237	371	6.29e-14	66.2
22_14	5_299	26.570	207	127	6	23	229	17	198	1.05e-13	65.9
22_14	5_283	30.319	188	109	5	33	217	90	258	4.93e-13	62.8
22_14	5_485	24.918	305	181	9	3	268	8	303	2.37e-12	61.2
22_14	5_367	28.279	244	146	11	20	250	27	254	6.31e-11	57.0
22_14	5_290	24.832	149	85	2	152	273	501	649	9.77e-11	57.0
22_14	5_290	41.860	43	25	0	22	64	53	95	9.17e-06	41.2
22_14	5_286	31.646	79	53	1	158	235	153	231	6.21e-10	53.1
22_14	5_268	24.299	214	122	7	26	219	20	213	1.34e-07	47.0
22_14	5_346	32.051	78	50	1	145	219	820	897	4.48e-07	45.4
22_14	5_346	30.000	80	54	1	145	222	479	558	1.69e-06	43.9
22_14	5_111	27.313	227	115	13	3	216	471	660	1.43e-05	40.8
22_14	5_481	23.626	182	116	5	37	218	364	522	3.73e-05	39.3
22_14	5_545	25.000	208	118	7	22	222	27	203	1.70e-04	36.6
22_15	5_267	87.361	269	34	0	1	269	1	269	1.04e-176	483
22_15	5_37	34.335	233	132	6	20	232	23	254	9.10e-34	119
22_15	5_480	35.714	196	108	5	16	205	348	531	6.50e-20	83.6
22_15	5_283	30.455	220	128	4	19	225	79	286	8.40e-20	82.0
22_15	5_214	28.139	231	146	7	18	229	141	370	4.85e-18	78.2
22_15	5_367	30.952	252	137	9	19	248	29	265	3.03e-17	75.1
22_15	5_545	30.622	209	125	8	1	204	12	205	1.18e-15	68.9
22_15	5_481	30.698	215	127	9	2	208	334	534	2.81e-15	70.1
22_15	5_268	27.111	225	122	7	1	197	1	211	5.65e-15	68.9
22_15	5_186	28.293	205	135	6	20	220	22	218	9.21e-15	66.6
22_15	5_368	34.314	102	66	1	127	227	607	708	2.59e-14	67.4
22_15	5_368	28.378	74	48	1	23	91	27	100	6.21e-05	38.5
22_15	5_246	27.982	218	124	10	20	218	22	225	1.97e-13	64.3
22_15	5_246	27.570	214	138	8	19	218	282	492	5.34e-09	50.8
22_15	5_485	25.606	289	157	9	2	236	8	292	2.40e-13	63.9
22_15	5_300	30.317	221	132	10	1	215	1	205	4.77e-13	63.2
22_15	5_240	38.889	90	54	1	138	226	232	321	5.69e-13	62.8
22_15	5_240	27.778	90	62	2	16	105	22	108	1.20e-04	37.4
22_15	5_290	31.193	109	74	1	114	221	484	592	1.41e-12	62.0
22_15	5_290	32.979	94	54	3	16	106	50	137	6.10e-07	44.7
22_15	5_80	32.653	196	123	6	28	217	31	223	1.93e-12	61.2
22_15	5_140	31.667	120	78	3	104	219	244	363	1.61e-11	58.5
22_15	5_140	30.000	90	53	3	6	87	50	137	2.25e-04	36.6
22_15	5_299	24.623	199	139	6	16	212	13	202	1.98e-09	52.4
22_15	5_286	32.110	109	56	3	138	240	154	250	1.36e-08	48.9
22_15	5_486	26.667	195	109	7	17	198	14	187	1.75e-08	49.7
22_15	5_111	24.402	209	125	7	11	197	464	661	4.78e-08	48.1
22_15	5_499	36.111	72	42	2	19	86	4	75	1.37e-06	40.0
22_15	5_346	34.694	98	50	5	138	224	834	928	1.46e-06	43.5
22_16	5_232	83.146	178	30	0	1	178	1	178	3.77e-101	284
22_17	5_32	70.270	111	33	0	1	111	1	111	2.37e-52	155
22_18	5_203	92.391	92	7	0	1	92	1	92	2.24e-58	170
22_19	5_225	80.899	89	17	0	1	89	1	89	1.78e-45	136
22_22	5_139	95.950	321	13	0	1	321	1	321	0.0	594
22_22	5_291	31.507	219	142	5	106	317	160	377	5.34e-20	84.3
22_23	5_135	84.783	184	28	0	1	184	1	184	2.14e-118	328
22_24	5_423	80.714	140	27	0	1	140	1	140	2.77e-83	236
22_25	5_131	82.710	214	37	0	1	214	1	214	5.57e-120	334
22_26	5_128	96.667	90	3	0	1	90	1	90	5.42e-64	183
22_27	5_126	86.784	227	30	0	1	227	1	227	3.44e-150	412
22_28	5_125	92.647	136	10	0	1	136	1	136	3.51e-95	265
22_29	5_123	95.902	122	5	0	1	122	1	122	3.17e-82	231
22_30	5_275	83.178	107	18	0	1	107	1	107	1.85e-60	175
22_31	5_121	95.082	61	3	0	1	61	1	61	8.55e-40	119
22_32	5_120	91.603	131	11	0	1	131	1	131	5.55e-80	226
22_33	5_324	74.380	121	31	0	1	121	1	121	1.19e-65	189
22_34	5_419	87.104	473	61	0	1	473	1	473	0.0	828
22_35	5_117	80.000	75	15	0	1	75	1	75	2.32e-44	132
22_36	5_115	92.701	137	10	0	1	137	1	137	1.44e-90	254
22_37	5_114	95.522	134	6	0	1	134	1	134	1.62e-82	233
22_38	5_113	83.434	332	55	0	1	332	1	332	0.0	572
22_39	5_278	73.729	236	62	0	1	236	1	236	1.58e-127	355
22_39	5_389	30.818	159	83	9	2	133	14	172	1.51e-05	39.7
22_40	5_279	79.265	381	79	0	1	381	1	381	0.0	593
22_41	5_212	75.163	153	38	0	1	153	1	153	1.17e-78	225
22_42	5_110	74.667	150	38	0	1	150	1	150	4.88e-81	231
22_43	5_107	72.249	209	58	0	1	209	1	209	2.45e-109	308
22_44	5_106	82.796	186	32	0	1	186	1	186	2.97e-115	320
22_45	5_210	61.268	142	52	1	1	139	1	142	2.94e-60	177
22_46	5_313	85.130	269	40	0	1	269	1	269	8.63e-173	473
22_47	5_102	84.722	360	55	0	1	360	1	360	0.0	615
22_48	5_98	90.361	83	8	0	1	83	1	83	2.22e-51	150
22_49	5_207	90.686	204	19	0	1	204	1	204	6.41e-126	350
22_50	5_206	87.500	64	8	0	1	64	1	64	3.41e-36	110
22_51	5_50	91.176	374	33	0	1	374	1	374	0.0	691
22_52	5_295	81.818	88	16	0	1	88	1	88	5.43e-48	142
22_53	5_236	85.902	305	43	0	1	305	1	305	0.0	548
22_53	5_544	27.742	155	99	6	150	298	56	203	6.56e-05	38.5
22_54	5_46	85.890	163	23	0	1	163	1	163	1.31e-103	289
22_55	5_45	83.432	169	28	0	27	195	1	169	2.62e-98	277
22_55	5_8	33.333	69	39	2	61	126	124	188	7.38e-04	33.9
22_56	5_296	86.207	232	32	0	1	232	1	232	2.34e-139	385
22_57	5_200	87.356	87	11	0	1	87	1	87	5.90e-48	142
22_58	5_518	70.545	275	77	2	4	277	3	274	2.66e-126	355
22_59	5_69	85.321	109	16	0	1	109	1	109	2.63e-65	188
22_60	5_286	75.294	255	63	0	1	255	1	255	5.57e-133	371
22_60	5_283	32.447	188	111	6	30	213	83	258	2.66e-20	82.8
22_60	5_246	28.514	249	157	9	15	252	7	245	1.48e-16	73.2
22_60	5_246	22.222	252	185	8	7	251	262	509	8.08e-09	50.1
22_60	5_485	27.018	285	157	7	6	244	4	283	1.90e-16	72.8
22_60	5_140	36.111	108	67	2	126	231	251	358	3.86e-15	68.9
22_60	5_367	29.200	250	147	10	1	231	1	239	1.57e-14	67.0
22_60	5_299	29.126	206	123	7	23	225	13	198	3.75e-13	63.5
22_60	5_368	32.323	99	66	1	134	231	597	695	5.48e-13	62.8
22_60	5_486	26.923	208	129	7	23	227	13	200	2.35e-12	60.8
22_60	5_300	27.907	215	124	8	24	231	14	204	6.38e-12	59.7
22_60	5_37	34.177	79	51	1	153	231	158	235	2.96e-11	57.0
22_60	5_214	25.000	236	124	8	26	231	142	354	3.51e-11	57.4
22_60	5_267	26.984	189	129	5	26	214	19	198	1.26e-10	55.1
22_60	5_480	29.148	223	121	10	1	212	327	523	1.94e-10	55.1
22_60	5_80	26.172	256	149	12	13	246	4	241	1.72e-09	52.4
22_60	5_80	26.852	216	135	8	30	231	277	483	1.18e-06	43.5
22_60	5_290	33.766	77	51	0	154	230	508	584	8.61e-09	50.1
22_60	5_290	28.090	89	58	2	27	114	54	137	6.65e-05	38.1
22_60	5_240	30.275	109	76	0	133	241	211	319	1.37e-08	49.3
22_60	5_481	26.636	214	123	9	10	214	334	522	3.96e-07	45.1
22_60	5_186	27.848	79	56	1	153	231	135	212	8.05e-07	43.5
22_60	5_111	27.273	176	110	7	42	213	500	661	1.28e-05	40.4
22_60	5_545	23.316	193	116	8	14	198	19	187	4.19e-05	38.1
22_60	5_268	24.155	207	129	9	24	212	14	210	9.89e-05	37.7
22_60	5_268	21.212	231	158	4	7	235	317	525	5.37e-04	35.4
22_60	5_346	28.169	71	41	3	154	218	834	900	8.23e-04	35.0
22_61	5_547	61.875	160	61	0	151	310	1	160	2.72e-70	211
22_61	5_536	55.224	134	60	0	1	134	1	134	3.15e-46	148
22_62	5_501	63.636	55	20	0	1	55	1	55	8.67e-21	71.6
22_63	5_289	76.730	159	37	0	1	159	1	159	1.35e-89	253
22_63	5_215	31.915	94	63	1	22	114	15	108	2.68e-10	50.8
22_64	5_487	65.138	109	38	0	1	109	1	109	4.56e-52	154
22_64	5_460	29.885	87	57	2	17	99	577	663	1.43e-05	37.4
22_65	5_17	93.836	146	9	0	1	146	1	146	9.45e-101	280
22_66	5_408	91.456	316	27	0	1	316	1	316	0.0	592
22_66	5_543	41.379	58	30	1	8	65	13	66	9.60e-08	47.8
22_67	5_321	81.959	194	35	0	1	194	1	194	3.98e-118	328
22_67	5_67	34.314	204	120	6	2	194	1	201	1.88e-28	100
22_68	5_389	73.333	300	79	1	1	299	1	300	7.37e-168	463
22_68	5_4	30.855	269	150	12	25	283	23	265	5.37e-24	94.0
22_69	5_388	88.312	231	27	0	1	231	1	231	3.39e-155	425
22_70	5_199	81.944	144	26	0	1	144	1	144	2.67e-87	246
22_71	5_185	66.774	310	98	3	5	310	6	314	4.07e-146	409
22_72	5_376	91.176	306	27	0	1	306	1	306	0.0	571
22_72	5_433	25.517	290	178	8	10	278	21	293	3.22e-18	77.8
22_72	5_224	30.488	82	54	1	199	277	182	263	3.36e-08	48.1
22_72	5_396	24.016	254	174	6	12	261	8	246	1.26e-07	47.0
22_72	5_137	27.397	73	51	1	7	79	2	72	5.11e-05	38.5
22_72	5_137	25.843	89	64	2	198	286	188	274	4.22e-04	35.8
22_72	5_41	32.877	73	43	1	186	258	180	246	1.75e-04	37.0
22_73	5_190	93.217	457	31	0	1	457	1	457	0.0	874
22_73	5_161	36.226	461	281	5	2	455	7	461	1.89e-103	311
22_73	5_335	23.485	264	162	8	15	260	37	278	8.79e-08	48.5
22_73	5_320	22.997	287	198	10	126	402	127	400	2.92e-06	43.9
22_74	5_187	84.653	202	31	0	1	202	1	202	3.29e-125	347
22_76	5_367	82.571	350	60	1	1	350	1	349	0.0	582
22_76	5_214	40.896	335	193	4	3	333	114	447	4.51e-79	244
22_76	5_368	35.714	182	82	5	158	326	614	773	1.16e-30	117
22_76	5_140	36.434	129	80	1	138	266	259	385	1.88e-26	103
22_76	5_140	32.258	124	68	4	9	125	43	157	2.99e-12	61.6
22_76	5_267	28.470	281	164	11	9	277	1	256	7.25e-21	85.9
22_76	5_283	29.439	214	126	6	17	221	61	258	6.43e-18	77.8
22_76	5_186	26.577	222	138	9	30	248	22	221	1.77e-15	69.7
22_76	5_240	30.693	101	70	0	162	262	232	332	4.67e-14	67.4
22_76	5_485	27.559	127	88	2	141	267	175	297	7.01e-14	66.6
22_76	5_290	28.448	116	82	1	152	267	498	612	1.59e-13	66.2
22_76	5_290	30.827	133	75	6	10	142	39	154	4.03e-06	42.7
22_76	5_37	27.706	231	144	7	27	244	20	240	3.06e-13	63.9
22_76	5_286	25.506	247	160	7	1	239	1	231	5.79e-12	59.7
22_76	5_246	26.639	244	149	8	7	238	262	487	2.42e-09	52.8
22_76	5_246	27.419	248	148	11	13	248	3	230	1.62e-08	50.4
22_76	5_80	26.515	264	155	9	2	249	253	493	2.43e-09	52.8
22_76	5_80	25.751	233	113	9	33	241	26	222	3.52e-05	39.7
22_76	5_300	25.112	223	131	6	29	244	16	209	2.00e-08	50.1
22_76	5_486	26.289	194	111	8	47	235	34	200	4.89e-08	48.9
22_76	5_346	36.170	94	49	4	161	245	833	924	5.11e-08	48.9
22_76	5_299	24.138	232	146	8	29	255	16	222	3.99e-07	46.2
22_76	5_545	27.094	203	123	7	29	228	27	207	1.86e-06	42.7
22_76	5_480	25.837	209	119	9	29	228	351	532	5.57e-05	39.3
22_76	5_268	22.353	255	150	10	9	240	1	230	8.47e-05	38.5
22_76	5_268	27.000	100	63	3	133	232	425	514	2.78e-04	37.0
22_77	5_292	80.290	345	68	0	1	345	1	345	0.0	559
22_77	5_427	25.084	299	200	6	23	316	82	361	1.81e-15	71.2
22_78	5_362	94.471	416	23	0	1	416	1	416	0.0	736
22_79	5_63	99.254	402	3	0	1	402	1	402	0.0	812
22_79	5_167	27.431	288	180	10	20	301	8	272	1.22e-16	76.3
22_79	5_169	34.091	132	84	3	16	145	8	138	3.13e-13	65.9
22_79	5_270	32.099	162	90	3	21	182	116	257	3.63e-13	65.5
22_80	5_58	84.946	186	28	0	1	186	1	186	1.33e-112	313
22_81	5_57	92.797	236	17	0	1	236	1	236	1.68e-163	446
22_82	5_145	78.571	98	21	0	1	98	1	98	3.64e-50	149
22_83	5_72	95.122	205	10	0	1	205	1	205	4.33e-148	405
22_84	5_449	79.167	96	20	0	1	96	1	96	1.14e-53	157
22_85	5_228	75.714	70	17	0	1	70	1	70	9.48e-33	103
22_86	5_79	83.152	184	31	0	1	184	1	184	1.47e-116	323
22_87	5_454	91.419	303	26	0	1	303	1	303	0.0	540
22_87	5_307	30.556	216	124	4	18	216	79	285	6.13e-12	60.5
22_88	5_81	86.413	184	25	0	1	184	1	184	4.31e-119	330
22_89	5_82	89.888	89	9	0	1	89	1	89	6.01e-54	157
22_90	5_494	90.909	121	11	0	1	121	1	121	3.69e-64	186
22_91	5_83	83.636	165	27	0	1	165	1	165	4.09e-99	278
22_92	5_476	78.261	322	70	0	1	322	1	322	0.0	518
22_93	5_218	88.889	189	21	0	1	189	1	189	5.35e-127	350
22_94	5_179	79.558	181	37	0	1	181	1	181	3.65e-107	299
22_95	5_282	77.974	227	50	0	1	227	1	227	5.63e-132	366
22_96	5_281	88.780	410	46	0	1	410	1	410	0.0	704
22_97	5_176	92.424	132	10	0	1	132	1	132	6.54e-78	221
22_98	5_16	94.000	50	3	0	1	50	1	50	9.40e-23	76.3
22_98	5_180	35.556	45	26	1	6	50	5	46	1.92e-04	29.6
22_99	5_12	93.617	47	3	0	1	47	1	47	3.03e-28	89.7
22_100	5_258	90.123	81	8	0	1	81	1	81	5.35e-52	152
22_101	5_253	75.000	76	19	0	1	76	1	76	2.91e-39	119
22_102	5_413	87.879	99	12	0	1	99	1	99	3.38e-62	179
22_103	5_414	83.175	315	53	0	1	315	1	315	0.0	534
22_103	5_379	20.470	298	220	4	7	299	1	286	3.05e-12	60.8
22_104	5_302	88.413	397	46	0	1	397	1	397	0.0	727
22_105	5_116	94.595	37	2	0	1	37	1	37	3.62e-19	66.2
22_106	5_238	75.352	142	35	0	1	142	1	142	8.78e-58	171
22_107	5_268	89.552	536	56	0	1	536	1	536	0.0	997
22_107	5_267	26.923	208	97	4	13	203	16	185	2.48e-14	68.2
22_107	5_300	26.383	235	138	7	1	230	1	205	7.16e-13	65.5
22_107	5_300	25.238	210	140	8	319	519	1	202	3.24e-05	40.8
22_107	5_480	27.397	219	124	7	1	213	336	525	9.31e-11	58.5
22_107	5_299	22.628	274	176	6	1	272	1	240	1.55e-10	58.2
22_107	5_299	24.242	231	149	9	319	538	1	216	1.58e-05	42.0
22_107	5_545	27.551	196	100	5	1	187	12	174	2.53e-10	55.1
22_107	5_80	28.085	235	142	9	2	230	8	221	1.88e-09	54.3
22_107	5_80	24.365	197	129	6	333	512	18	211	6.17e-06	43.1
22_107	5_481	28.079	203	113	8	13	210	346	520	4.48e-09	53.1
22_107	5_240	21.311	305	161	7	1	230	10	310	7.19e-08	49.3
22_107	5_486	20.438	274	175	7	1	266	1	239	1.02e-07	48.9
22_107	5_486	25.229	218	140	8	319	528	1	203	6.04e-05	40.0
22_107	5_246	25.106	235	151	7	1	229	6	221	1.56e-07	48.1
22_107	5_246	28.431	102	66	2	142	236	398	499	2.18e-04	38.1
22_107	5_290	29.213	89	54	1	2	81	39	127	2.84e-07	47.8
22_107	5_290	25.000	84	59	1	152	231	504	587	1.09e-05	42.4
22_107	5_186	23.482	247	134	7	1	230	5	213	9.79e-07	44.7
22_107	5_283	22.275	211	118	6	16	211	79	258	1.87e-06	44.3
22_107	5_37	24.286	210	127	6	20	213	26	219	2.22e-06	43.9
22_107	5_214	22.078	231	147	8	16	230	142	355	4.54e-06	43.5
22_107	5_111	25.628	199	104	9	32	217	500	667	5.86e-06	43.1
22_107	5_485	21.654	254	154	8	21	234	27	275	5.96e-06	42.7
22_107	5_485	27.778	90	62	1	443	532	188	274	8.68e-05	39.3
22_107	5_286	23.009	226	154	6	14	233	24	235	2.03e-05	40.8
22_107	5_286	32.099	81	51	1	449	525	155	235	2.23e-04	37.4
22_108	5_427	89.344	366	39	0	1	366	1	366	0.0	653
22_108	5_292	27.760	317	207	6	61	361	6	316	1.56e-24	97.8
22_109	5_93	85.294	136	20	0	14	149	19	154	2.38e-86	244
22_110	5_411	83.453	417	69	0	1	417	1	417	0.0	729
22_111	5_33	72.165	194	44	1	1	194	1	184	1.49e-99	281
22_112	5_88	90.833	120	11	0	1	120	1	120	2.13e-79	224
22_113	5_89	86.175	217	30	0	1	217	1	217	1.69e-133	370
22_115	5_1	93.750	96	6	0	1	96	1	96	1.05e-61	177
22_117	5_21	75.225	222	54	1	1	222	1	221	2.85e-114	321
22_118	5_250	86.307	241	33	0	1	241	1	241	3.70e-158	433
22_119	5_377	83.380	361	60	0	1	361	1	361	0.0	625
22_120	5_320	89.062	512	55	1	1	512	1	511	0.0	949
22_120	5_335	42.424	330	176	7	78	401	101	422	9.66e-74	237
22_120	5_190	22.635	296	206	9	127	409	126	411	2.13e-07	47.8
22_120	5_161	23.841	302	204	9	49	340	63	348	6.61e-07	46.2
22_121	5_240	88.288	444	52	0	1	444	1	444	0.0	786
22_121	5_485	30.484	351	201	10	8	351	5	319	1.03e-36	133
22_121	5_290	37.234	188	115	2	205	390	481	667	1.37e-34	131
22_121	5_290	49.485	97	49	0	11	107	39	135	2.16e-24	100
22_121	5_140	29.819	332	205	11	10	319	43	368	3.00e-26	105
22_121	5_368	31.387	137	93	1	199	334	584	720	8.94e-20	86.7
22_121	5_368	43.243	37	21	0	20	56	18	54	1.57e-04	38.5
22_121	5_37	38.136	118	63	3	214	330	140	248	2.63e-15	70.9
22_121	5_37	30.189	53	37	0	24	76	21	73	2.33e-05	40.4
22_121	5_214	37.805	82	51	0	231	312	276	357	3.83e-15	71.6
22_121	5_267	33.636	110	72	1	212	321	118	226	1.62e-12	62.0
22_121	5_267	28.889	90	61	2	22	108	16	105	1.09e-05	41.2
22_121	5_283	32.090	134	76	4	1	128	63	187	2.10e-12	62.4
22_121	5_283	36.585	82	51	1	230	311	197	277	7.21e-10	54.3
22_121	5_246	26.776	183	124	6	186	364	97	273	8.51e-11	58.2
22_121	5_246	27.451	102	69	3	10	106	6	107	4.61e-07	46.2
22_121	5_246	25.843	89	65	1	222	310	402	489	1.53e-05	41.6
22_121	5_186	31.313	99	67	1	232	330	136	233	3.77e-10	54.7
22_121	5_499	37.838	74	40	1	24	91	3	76	8.04e-10	50.1
22_121	5_367	30.357	112	75	1	204	312	131	242	8.56e-10	54.3
22_121	5_300	35.052	97	55	2	10	103	1	92	1.67e-09	54.3
22_121	5_300	39.535	86	46	3	229	312	126	207	1.66e-08	51.2
22_121	5_486	32.990	97	63	1	10	106	1	95	2.09e-09	53.9
22_121	5_299	34.831	89	50	2	18	103	9	92	4.71e-09	52.8
22_121	5_299	30.986	142	94	3	211	351	107	245	3.02e-08	50.4
22_121	5_286	31.313	99	68	0	211	309	133	231	9.92e-09	50.4
22_121	5_545	36.232	69	44	0	10	78	12	80	3.92e-08	48.5
22_121	5_545	33.645	107	54	3	193	293	107	202	1.32e-06	43.9
22_121	5_80	28.800	125	83	4	190	312	366	486	1.69e-07	47.8
22_121	5_80	29.508	61	43	0	11	71	8	68	7.93e-05	39.3
22_121	5_480	29.487	78	54	1	1	77	327	404	1.02e-05	42.0
22_121	5_480	35.294	68	41	1	229	296	464	528	6.80e-05	39.3
22_121	5_268	27.586	58	42	0	10	67	1	58	1.98e-05	41.2
22_121	5_268	31.765	85	54	1	226	310	150	230	2.59e-05	40.8
22_121	5_346	38.667	75	43	2	224	296	485	558	1.02e-04	38.9
22_122	5_223	75.893	112	27	0	1	112	1	112	1.38e-55	163
22_123	5_152	90.179	336	33	0	1	336	1	336	0.0	634
22_124	5_161	92.569	471	35	0	1	471	1	471	0.0	887
22_124	5_190	36.645	453	280	4	7	456	2	450	7.84e-107	320
22_124	5_335	27.151	372	262	6	41	408	55	421	4.91e-27	108
22_124	5_320	25.339	221	159	5	131	349	125	341	8.66e-09	52.0
22_125	5_336	89.441	161	17	0	1	161	1	161	1.31e-106	296
22_126	5_338	87.045	440	57	0	1	440	1	440	0.0	752
22_126	5_6	36.788	193	109	4	101	283	125	314	2.70e-25	100
22_127	5_340	80.364	275	54	0	1	275	1	275	5.67e-159	438
22_128	5_254	96.500	600	21	0	1	600	1	600	0.0	1160
22_130	5_95	82.759	116	20	0	1	116	1	116	8.85e-71	202
22_131	5_97	90.449	356	34	0	1	356	1	356	0.0	670
22_132	5_105	81.865	193	35	0	5	197	1	193	1.16e-115	322
22_133	5_277	83.333	120	20	0	1	120	1	120	1.00e-75	215
22_134	5_118	83.200	250	42	0	1	250	1	250	5.86e-160	438
22_134	5_470	29.902	204	130	6	3	203	121	314	6.33e-17	73.6
22_135	5_421	83.784	185	30	0	31	215	74	258	8.80e-112	315
22_136	5_422	74.009	227	59	0	1	227	1	227	1.39e-125	350
22_138	5_138	83.258	442	74	0	1	442	1	442	0.0	711
22_138	5_166	36.076	158	80	5	218	368	172	315	3.81e-20	86.7
22_138	5_166	29.545	88	62	0	220	307	6	93	2.76e-07	47.0
22_138	5_108	37.705	61	35	1	218	275	5	65	4.70e-05	39.3
22_139	5_436	85.896	865	122	0	1	865	1	865	0.0	1518
22_140	5_441	83.281	317	53	0	1	317	1	317	0.0	551
22_141	5_87	71.362	213	61	0	1	213	1	213	6.11e-95	271
22_142	5_393	62.766	188	65	4	1	185	1	186	3.17e-81	234
22_144	5_317	31.507	146	94	4	70	209	105	250	5.16e-18	75.1
22_145	5_402	76.471	510	120	0	1	510	1	510	0.0	824
22_146	5_20	77.509	289	65	0	3	291	1	289	3.09e-147	409
22_148	5_310	89.189	185	20	0	1	185	1	185	4.26e-124	342
22_149	5_525	82.741	591	102	0	3	593	1	591	0.0	972
22_150	5_65	84.762	315	48	0	1	315	1	315	0.0	528
22_151	5_59	80.986	142	27	0	1	142	1	142	3.48e-86	243
22_152	5_53	85.223	494	73	0	1	494	1	494	0.0	763
22_153	5_448	77.064	109	25	0	1	109	1	109	2.76e-62	180
22_154	5_180	86.957	46	6	0	1	46	1	46	3.44e-25	82.0
22_154	5_16	35.417	48	28	1	2	46	3	50	3.40e-04	29.3
22_155	5_178	82.096	229	41	0	1	229	1	229	3.66e-142	392
22_155	5_416	30.000	170	86	7	76	226	97	252	1.95e-09	50.8
22_156	5_177	73.793	145	38	0	1	145	1	145	5.17e-73	210
22_157	5_470	84.412	340	53	0	1	340	1	340	0.0	603
22_157	5_118	27.586	203	136	4	121	314	3	203	3.20e-16	72.0
22_158	5_262	66.010	203	69	0	1	203	1	203	3.17e-95	271
22_159	5_261	87.500	160	20	0	1	160	1	160	1.84e-98	276
22_160	5_8	80.189	318	63	0	1	318	1	318	0.0	541
22_160	5_191	41.844	282	157	4	8	285	8	286	7.03e-59	187
22_160	5_219	23.269	361	214	16	1	317	321	662	3.31e-10	55.5
22_161	5_317	30.000	180	122	2	81	256	90	269	8.51e-25	95.1
22_162	5_148	72.881	59	16	0	76	134	1	59	1.45e-25	88.2
22_162	5_550	68.182	22	7	0	138	159	1	22	1.74e-06	37.7
22_163	5_157	85.124	242	36	0	1	242	1	242	8.74e-148	407
22_164	5_335	85.207	507	75	0	1	507	1	507	0.0	863
22_164	5_320	36.034	469	254	11	29	466	4	457	1.33e-77	247
22_164	5_161	27.879	330	227	4	38	365	29	349	3.28e-27	108
22_164	5_190	22.892	332	246	6	37	363	15	341	1.01e-09	55.1
22_165	5_44	66.372	113	34	2	1	109	1	113	1.69e-51	153
22_166	5_133	89.623	106	11	0	1	106	1	106	1.89e-68	195
22_167	5_213	69.014	142	44	0	1	142	1	142	7.90e-68	197
22_172	5_311	26.254	339	239	6	1	337	5	334	8.76e-28	113
22_175	5_39	88.496	226	26	0	1	226	1	226	1.90e-152	417
22_176	5_41	76.952	269	62	0	1	269	1	269	8.04e-152	419
22_176	5_137	27.799	259	153	10	7	246	5	248	4.74e-13	62.4
22_176	5_433	23.466	277	188	9	1	258	15	286	4.22e-08	47.8
22_176	5_224	35.593	59	38	0	188	246	183	241	5.46e-06	41.2
22_176	5_376	28.090	89	58	1	164	246	170	258	5.03e-04	35.4
22_176	5_396	25.092	271	156	10	10	258	9	254	8.10e-04	34.7
22_178	5_201	79.751	321	65	0	1	321	1	321	0.0	540
22_178	5_522	23.684	266	178	11	57	315	29	276	1.10e-07	47.0
22_178	5_0	36.364	44	28	0	185	228	195	238	7.34e-04	35.0
22_179	5_308	83.984	256	41	0	1	256	1	256	1.24e-155	428
22_180	5_186	89.873	237	23	1	1	237	1	236	2.83e-157	431
22_180	5_80	33.784	222	131	6	3	213	5	221	8.14e-22	88.2
22_180	5_80	24.255	235	148	7	2	213	257	484	1.63e-08	48.9
22_180	5_37	38.824	85	52	0	133	217	156	240	1.23e-15	69.3
22_180	5_267	29.469	207	128	8	22	217	20	219	2.96e-15	67.8
22_180	5_214	26.180	233	147	8	22	231	143	373	1.38e-14	67.0
22_180	5_246	27.679	224	138	8	5	212	6	221	5.02e-14	65.5
22_180	5_246	25.943	212	132	7	22	213	283	489	1.23e-08	49.3
22_180	5_300	30.516	213	136	8	5	213	1	205	1.12e-12	61.6
22_180	5_290	31.000	100	67	2	127	225	500	598	8.22e-12	58.9
22_180	5_290	29.885	87	56	4	6	89	39	123	4.79e-05	38.5
22_180	5_140	32.075	106	71	1	133	237	278	383	2.10e-11	57.4
22_180	5_140	31.915	47	32	0	22	68	63	109	4.85e-04	35.0
22_180	5_111	27.551	196	113	6	6	185	471	653	4.25e-11	57.0
22_180	5_485	33.929	112	67	2	106	213	163	271	7.01e-11	55.8
22_180	5_368	29.213	89	62	1	133	220	615	703	1.00e-10	55.8
22_180	5_368	34.483	58	35	1	21	78	23	77	5.19e-07	44.7
22_180	5_240	35.443	79	50	1	136	213	232	310	1.99e-10	54.7
22_180	5_480	31.980	197	112	9	24	209	354	539	2.76e-10	54.3
22_180	5_545	27.941	204	118	8	5	195	12	199	3.82e-10	52.8
22_180	5_283	23.478	230	156	7	5	220	60	283	1.88e-09	51.2
22_180	5_367	25.221	226	136	8	22	221	30	248	2.08e-09	51.2
22_180	5_268	23.048	269	164	7	5	238	1	261	1.32e-08	49.3
22_180	5_268	23.423	222	148	10	5	217	319	527	4.79e-07	44.7
22_180	5_286	22.581	217	140	7	17	212	22	231	4.14e-08	47.0
22_180	5_486	26.728	217	135	9	5	211	1	203	1.35e-07	46.2
22_180	5_481	25.592	211	135	8	6	205	334	533	7.13e-07	43.9
22_180	5_299	27.624	181	110	8	24	195	19	187	1.52e-06	43.1
22_181	5_291	79.481	385	79	0	1	385	1	385	0.0	580
22_181	5_139	31.535	241	149	6	143	377	87	317	1.49e-22	92.0
22_181	5_427	35.294	68	43	1	175	242	151	217	1.52e-04	37.7
22_182	5_7	78.191	188	41	0	1	188	1	188	8.09e-110	306
22_183	5_505	83.699	319	51	1	1	318	1	319	0.0	511
22_184	5_255	67.252	626	193	3	58	676	71	691	0.0	821
22_185	5_167	92.809	598	43	0	1	598	1	598	0.0	1136
22_185	5_169	38.122	181	100	4	2	177	6	179	5.58e-25	104
22_185	5_169	23.810	231	145	8	165	375	266	485	1.16e-08	52.4
22_185	5_169	21.311	183	130	4	322	491	509	690	6.67e-07	46.6
22_185	5_270	30.275	218	127	7	10	219	117	317	6.34e-18	81.6
22_185	5_63	27.931	290	176	13	8	272	20	301	3.69e-15	72.0
22_185	5_166	29.121	182	94	8	10	173	174	338	1.11e-04	39.3
22_186	5_99	79.478	268	55	0	4	271	16	283	1.90e-160	442
22_186	5_266	38.614	101	57	3	29	129	26	121	3.51e-15	68.2
22_187	5_100	86.721	369	47	1	1	367	1	369	0.0	650
22_188	5_101	87.603	484	60	0	1	484	1	484	0.0	860
22_189	5_214	90.000	470	46	1	1	470	1	469	0.0	834
22_189	5_367	40.000	335	195	3	115	448	3	332	6.26e-74	231
22_189	5_368	44.737	114	63	0	274	387	614	727	4.27e-30	118
22_189	5_368	32.039	103	49	3	154	248	34	123	7.51e-08	49.3
22_189	5_140	44.262	122	67	1	270	390	273	394	6.31e-28	110
22_189	5_140	38.235	102	58	3	140	240	59	156	2.47e-11	59.7
22_189	5_267	26.400	250	160	8	123	371	3	229	8.10e-19	80.9
22_189	5_186	28.444	225	136	8	144	366	22	223	4.29e-16	72.4
22_189	5_290	32.432	111	74	1	275	385	505	614	1.31e-14	70.5
22_189	5_240	31.707	123	72	3	248	358	190	312	1.85e-14	69.7
22_189	5_283	31.183	186	109	6	154	337	90	258	1.90e-14	68.6
22_189	5_37	27.119	236	149	5	147	370	26	250	2.62e-14	68.2
22_189	5_485	23.358	137	101	2	252	385	164	299	2.45e-11	59.7
22_189	5_246	25.738	237	132	9	144	364	22	230	7.62e-10	55.1
22_189	5_246	25.600	250	158	8	116	356	259	489	6.94e-08	48.9
22_189	5_286	28.421	95	67	1	261	355	138	231	3.87e-09	52.0
22_189	5_80	26.840	231	123	9	146	359	23	224	6.85e-09	52.4
22_189	5_80	30.682	88	60	1	278	365	407	493	3.87e-05	40.4
22_189	5_300	23.394	218	143	5	143	360	16	209	3.57e-08	50.1
22_189	5_486	25.112	223	121	8	142	357	15	198	5.20e-08	49.7
22_189	5_299	24.645	211	125	8	143	348	16	197	3.46e-05	40.4
22_189	5_346	29.897	97	57	4	278	365	834	928	3.58e-04	37.4
22_189	5_268	23.889	180	116	7	143	309	16	187	0.001	35.8
22_190	5_64	48.596	463	226	4	1	460	1	454	3.60e-138	400
22_191	5_204	87.097	93	12	0	1	93	1	93	1.82e-54	159
22_192	5_34	81.517	211	39	0	1	211	1	211	6.49e-128	354
22_195	5_522	79.783	277	56	0	3	279	2	278	1.18e-143	399
22_195	5_201	24.460	278	190	10	16	277	42	315	2.25e-10	54.7
22_196	5_184	89.278	457	49	0	1	457	1	457	0.0	852
22_197	5_251	79.675	246	50	0	1	246	1	246	1.97e-140	389
22_198	5_365	86.275	306	41	1	1	305	1	306	0.0	528
22_199	5_357	39.252	107	62	3	45	150	3	107	3.82e-21	77.8
22_199	5_151	33.333	138	76	3	27	148	10	147	7.90e-08	43.9
22_200	5_243	64.286	308	110	0	1	308	1	308	2.95e-125	355
22_201	5_530	95.096	469	23	0	1	469	41	509	0.0	838
22_201	5_486	27.068	266	141	15	26	275	345	573	3.27e-05	40.8
22_202	5_141	72.576	361	99	0	1	361	1	361	0.0	532
22_203	5_85	78.417	139	30	0	1	139	1	139	1.87e-79	226
22_204	5_480	50.464	539	264	2	1	536	1	539	2.00e-175	501
22_204	5_545	37.321	209	127	3	324	530	2	208	2.42e-32	118
22_204	5_481	36.667	210	131	2	328	535	327	536	2.67e-26	107
22_204	5_267	34.595	185	112	5	346	522	16	199	1.75e-15	71.2
22_204	5_283	30.052	193	115	9	348	526	78	264	3.29e-10	55.8
22_204	5_111	30.097	206	115	10	331	519	467	660	1.98e-09	54.3
22_204	5_186	27.374	179	116	6	352	522	24	196	2.09e-09	52.8
22_204	5_300	28.426	197	120	6	335	521	2	187	3.31e-09	53.5
22_204	5_268	25.108	231	132	7	337	537	4	223	1.48e-08	51.6
22_204	5_246	29.255	188	114	7	350	522	22	205	5.39e-08	49.7
22_204	5_486	30.000	200	113	8	335	521	2	187	1.04e-07	48.9
22_204	5_80	29.348	184	113	6	351	521	24	203	1.76e-07	48.1
22_204	5_80	26.087	299	185	13	264	536	192	480	9.22e-05	39.3
22_204	5_299	29.808	208	130	9	335	535	2	200	1.83e-07	48.1
22_204	5_485	35.897	78	46	2	462	536	191	267	2.73e-06	43.9
22_204	5_499	37.500	48	30	0	348	395	3	50	3.03e-06	40.0
22_204	5_240	40.541	74	40	3	462	532	230	302	4.89e-06	43.1
22_204	5_240	36.842	57	35	1	346	402	22	77	1.35e-04	38.9
22_204	5_368	32.941	85	49	3	442	522	599	679	2.14e-05	41.6
22_204	5_290	29.870	77	50	2	464	537	508	583	3.18e-05	40.8
22_204	5_346	36.250	80	42	4	463	536	833	909	3.74e-04	37.7
22_205	5_194	90.000	90	9	0	1	90	1	90	2.27e-55	161
22_206	5_412	78.022	91	20	0	1	91	1	91	2.11e-44	134
22_207	5_211	87.402	127	16	0	1	127	1	127	1.20e-68	197
22_208	5_122	85.083	181	27	0	1	181	1	181	1.75e-115	320
22_209	5_249	67.890	218	70	0	1	218	1	218	1.14e-107	303
22_210	5_475	73.580	405	105	2	1	404	1	404	0.0	578
22_211	5_221	70.297	202	60	0	1	202	1	202	7.38e-96	272
22_212	5_456	76.108	519	124	0	1	519	1	519	0.0	734
22_213	5_345	91.597	238	20	0	1	238	1	238	2.68e-151	416
22_214	5_459	87.689	463	57	0	1	463	1	463	0.0	830
22_215	5_10	88.045	619	74	0	1	619	1	619	0.0	1103
22_216	5_9	71.711	152	43	0	1	152	1	152	6.63e-75	215
22_217	5_257	81.124	694	131	0	1	694	1	694	0.0	1167
22_218	5_379	71.854	302	85	0	1	302	1	302	9.03e-154	427
22_218	5_414	23.504	234	169	3	63	286	66	299	2.16e-16	72.8
22_219	5_354	77.933	571	126	0	1	571	1	571	0.0	912
22_220	5_142	93.436	259	17	0	1	259	1	259	5.15e-179	487
22_220	5_42	22.439	205	150	4	20	222	15	212	7.02e-04	34.7
22_221	5_76	81.197	117	22	0	1	117	1	117	4.17e-64	185
22_223	5_156	87.273	110	14	0	1	110	32	141	1.44e-67	194
22_224	5_168	70.245	326	83	4	1	315	1	323	1.85e-159	443
22_225	5_31	84.592	331	51	0	1	331	1	331	0.0	556
22_227	5_235	66.810	232	77	0	56	287	1	232	1.78e-114	324
22_228	5_15	83.801	321	52	0	1	321	1	321	0.0	521
22_229	5_5	83.624	287	47	0	1	287	1	287	5.89e-172	472
22_229	5_328	34.629	283	154	8	1	270	1	265	2.37e-30	110
22_230	5_227	74.886	219	55	0	1	219	1	219	2.99e-120	335
22_231	5_108	82.253	293	52	0	1	293	1	293	1.73e-180	494
22_231	5_166	29.932	147	94	5	8	152	4	143	2.37e-11	58.2
22_231	5_166	29.341	167	106	6	9	165	173	337	2.24e-07	46.2
22_231	5_138	40.984	61	33	1	5	65	218	275	5.55e-06	42.0
22_231	5_385	40.000	55	30	2	10	64	19	70	2.69e-04	35.4
22_231	5_280	34.483	58	32	2	11	64	157	212	8.16e-04	34.7
22_232	5_127	61.500	200	47	2	1	200	1	170	8.81e-74	215
22_233	5_130	72.393	163	43	1	2	164	3	163	2.18e-66	195
22_235	5_410	86.860	449	59	0	1	449	1	449	0.0	825
22_235	5_136	23.266	447	301	15	19	442	56	483	5.86e-11	58.5
22_235	5_28	27.049	244	162	7	18	255	14	247	1.80e-09	53.9
22_235	5_28	35.870	92	50	4	362	447	453	541	1.27e-05	41.6
22_236	5_334	72.316	177	49	0	1	177	1	177	2.40e-87	249
22_237	5_159	66.667	168	56	0	1	168	1	168	3.21e-80	231
22_238	5_339	78.901	455	96	0	1	455	1	455	0.0	740
22_239	5_343	70.213	517	152	1	1	515	1	517	0.0	716
22_240	5_163	80.392	102	20	0	1	102	1	102	5.19e-54	159
22_241	5_348	82.407	324	57	0	1	324	1	324	0.0	539
22_242	5_104	77.209	215	49	0	1	215	1	215	1.94e-121	338
22_242	5_147	28.042	189	129	4	28	214	18	201	2.16e-15	67.0
22_243	5_280	77.193	285	65	0	1	285	1	285	3.65e-165	454
22_244	5_439	85.177	452	67	0	1	452	1	452	0.0	788
22_245	5_392	77.929	367	81	0	1	367	1	367	0.0	597
22_245	5_155	37.008	127	55	2	6	132	160	261	1.31e-15	72.0
22_247	5_299	99.093	772	7	0	1	772	1	772	0.0	1495
22_247	5_300	48.402	438	198	9	1	416	1	432	4.70e-108	339
22_247	5_300	45.736	129	70	0	644	772	518	646	7.76e-23	98.2
22_247	5_486	30.569	808	479	19	1	772	1	762	5.32e-87	286
22_247	5_283	29.442	197	127	5	16	202	79	273	8.98e-19	82.4
22_247	5_80	33.168	202	121	5	6	195	12	211	2.60e-16	77.0
22_247	5_246	26.066	211	142	5	1	198	6	215	1.97e-14	70.9
22_247	5_246	27.041	196	125	5	11	188	277	472	2.28e-11	61.2
22_247	5_37	25.481	208	128	5	17	198	23	229	2.69e-14	68.9
22_247	5_480	26.415	212	137	7	1	201	336	539	7.66e-12	62.8
22_247	5_286	27.451	204	119	8	18	198	28	225	1.12e-11	60.5
22_247	5_481	31.373	204	111	9	13	200	346	536	2.49e-11	61.2
22_247	5_268	22.993	274	175	5	1	240	1	272	9.15e-11	59.3
22_247	5_268	23.810	210	139	7	1	200	319	517	6.23e-06	43.9
22_247	5_290	32.759	116	69	2	102	208	474	589	2.43e-10	58.2
22_247	5_290	32.673	101	60	2	2	97	39	136	2.83e-07	48.1
22_247	5_485	31.818	132	85	4	69	197	134	263	1.47e-09	55.1
22_247	5_485	52.778	36	17	0	21	56	27	62	4.71e-05	40.8
22_247	5_240	33.099	142	91	3	107	245	211	351	2.99e-09	54.3
22_247	5_240	32.955	88	57	1	7	92	16	103	2.02e-08	51.6
22_247	5_545	28.351	194	128	6	1	188	12	200	5.20e-08	48.9
22_247	5_267	23.618	199	141	6	13	202	16	212	1.47e-07	48.1
22_247	5_140	25.191	131	91	3	72	197	223	351	1.91e-07	48.5
22_247	5_346	39.130	92	47	4	115	200	820	908	2.90e-07	48.5
22_247	5_346	29.252	147	87	6	64	193	416	562	2.31e-05	42.0
22_247	5_111	24.479	192	131	5	23	204	491	678	2.91e-07	48.1
22_247	5_186	27.717	184	108	7	19	188	24	196	3.04e-07	47.0
22_247	5_368	27.957	93	65	1	108	198	597	689	7.33e-07	47.0
22_247	5_214	25.592	211	123	8	16	197	142	347	7.00e-06	43.5
22_247	5_499	29.730	74	44	2	16	81	4	77	2.47e-05	38.1
22_247	5_367	26.549	113	77	3	114	222	145	255	2.45e-04	38.5
22_248	5_241	85.159	283	42	0	4	286	4	286	4.45e-166	457
22_248	5_242	26.000	200	126	7	75	268	73	256	9.00e-06	40.8
22_249	5_519	65.405	185	62	1	38	222	1	183	2.17e-65	195
22_250	5_146	71.359	206	59	0	1	206	1	206	6.29e-104	293
22_251	5_147	69.082	207	64	0	10	216	2	208	2.32e-102	290
22_251	5_104	24.645	211	148	6	7	209	7	214	1.78e-09	50.4
22_252	5_270	91.319	599	52	0	1	599	1	599	0.0	1112
22_252	5_167	29.302	215	129	6	117	315	10	217	3.96e-16	75.9
22_252	5_169	37.795	127	61	2	116	224	13	139	8.11e-15	72.0
22_252	5_63	27.801	241	137	8	116	324	21	256	6.40e-13	65.1
22_253	5_317	94.604	278	10	1	1	278	1	273	0.0	535
22_254	5_527	68.831	154	46	1	43	196	3	154	2.57e-73	213
22_255	5_283	85.424	295	43	0	1	295	4	298	0.0	499
22_255	5_499	100.000	77	0	0	73	149	1	77	6.14e-50	155
22_255	5_486	32.895	228	136	7	57	281	1	214	6.92e-25	99.0
22_255	5_300	31.220	205	121	7	76	274	16	206	6.12e-22	90.5
22_255	5_299	30.457	197	125	5	76	270	16	202	8.40e-21	87.0
22_255	5_267	27.982	218	132	4	76	281	19	223	5.49e-17	73.9
22_255	5_246	26.724	232	154	8	57	280	6	229	3.28e-16	73.2
22_255	5_246	25.532	94	70	0	196	289	412	505	6.80e-04	35.4
22_255	5_367	27.500	240	152	8	55	278	14	247	1.24e-15	70.9
22_255	5_140	41.667	84	48	1	191	273	276	359	6.11e-15	69.3
22_255	5_140	32.031	128	71	3	47	160	22	147	6.23e-08	47.8
22_255	5_368	34.653	101	65	1	185	284	607	707	1.60e-14	68.2
22_255	5_214	31.183	186	109	7	87	255	153	336	2.77e-14	67.4
22_255	5_286	27.907	215	143	5	50	255	2	213	2.79e-14	65.9
22_255	5_485	24.797	246	131	5	81	273	27	271	1.39e-12	62.0
22_255	5_37	30.542	203	113	8	75	255	21	217	2.22e-12	60.8
22_255	5_240	33.094	139	76	5	75	210	24	148	6.95e-12	60.1
22_255	5_240	36.585	82	49	2	194	273	230	310	1.28e-09	53.1
22_255	5_545	26.776	183	120	4	76	255	27	198	8.81e-11	55.5
22_255	5_186	22.273	220	160	5	79	295	24	235	1.26e-10	55.1
22_255	5_290	34.940	83	51	2	191	271	503	584	1.30e-09	53.1
22_255	5_290	36.145	83	41	3	81	160	58	131	3.33e-08	48.9
22_255	5_111	27.381	168	106	7	94	254	502	660	2.66e-09	52.4
22_255	5_80	24.402	209	130	8	80	273	26	221	4.23e-09	51.6
22_255	5_80	25.403	248	154	10	56	276	244	487	2.91e-07	45.8
22_255	5_480	23.645	203	120	8	76	264	351	532	1.96e-06	43.1
22_255	5_481	29.064	203	119	12	76	268	349	536	2.75e-06	42.7
22_255	5_268	18.349	218	118	6	76	255	16	211	1.22e-05	40.8
22_255	5_268	22.222	198	135	6	76	269	336	518	2.37e-04	37.0
22_256	5_466	74.038	728	184	1	122	844	1	728	0.0	1075
22_256	5_244	36.429	700	400	10	6	683	50	726	1.45e-133	414
22_256	5_538	93.496	123	8	0	1	123	1	123	6.60e-80	248
22_257	5_154	72.500	240	66	0	30	269	1	240	1.19e-123	347
22_258	5_155	73.684	418	110	0	1	418	1	418	0.0	587
22_258	5_392	33.071	127	60	2	160	261	6	132	2.52e-14	68.6
22_258	5_506	35.000	60	27	2	159	214	113	164	7.99e-04	35.4
22_259	5_160	78.261	276	60	0	1	276	1	276	3.20e-158	436
22_260	5_252	82.530	166	29	0	1	166	1	166	3.58e-98	275
22_261	5_297	82.460	439	77	0	1	439	1	439	0.0	725
22_262	5_274	84.154	467	74	0	1	467	1	467	0.0	819
22_263	5_112	79.325	237	49	0	1	237	1	237	6.24e-136	377
22_264	5_424	88.730	701	79	0	1	701	1	701	0.0	1228
22_266	5_35	67.586	290	94	0	1	290	1	290	1.89e-127	359
22_266	5_543	36.207	58	37	0	82	139	117	174	2.07e-04	37.0
22_267	5_40	67.870	277	89	0	1	277	1	277	7.99e-135	377
22_268	5_86	88.368	533	62	0	1	533	1	533	0.0	981
22_269	5_285	73.134	134	35	1	1	133	1	134	3.49e-68	202
22_270	5_486	80.418	766	146	1	1	766	1	762	0.0	1185
22_270	5_300	39.159	452	249	6	1	440	1	438	4.65e-87	283
22_270	5_300	32.061	131	89	0	636	766	516	646	1.30e-14	72.0
22_270	5_299	30.545	825	461	19	1	766	1	772	1.75e-86	285
22_270	5_283	31.132	212	117	8	16	209	79	279	4.76e-23	95.1
22_270	5_37	28.287	251	141	11	9	225	14	259	9.63e-16	73.2
22_270	5_80	30.806	211	122	6	2	195	8	211	9.17e-15	72.0
22_270	5_246	24.906	265	173	8	1	240	6	269	1.68e-12	64.7
22_270	5_246	24.771	218	122	8	16	203	282	487	4.43e-06	44.3
22_270	5_480	29.187	209	135	8	1	201	336	539	1.22e-11	62.0
22_270	5_545	27.014	211	129	6	1	197	12	211	8.65e-11	57.0
22_270	5_530	36.111	144	73	6	304	439	21	153	7.21e-10	56.2
22_270	5_485	22.878	271	129	6	2	202	8	268	1.65e-09	54.7
22_270	5_240	31.959	97	64	1	1	95	10	106	3.65e-09	53.9
22_270	5_286	30.097	103	65	2	124	224	149	246	1.55e-08	50.8
22_270	5_140	39.535	86	48	3	115	197	267	351	3.33e-08	50.8
22_270	5_214	26.636	214	119	7	15	197	141	347	3.82e-08	50.8
22_270	5_186	27.778	198	118	8	19	202	24	210	9.90e-08	48.1
22_270	5_267	27.404	208	120	9	1	187	1	198	6.27e-07	46.2
22_270	5_368	34.247	73	46	1	128	198	617	689	6.78e-07	47.0
22_270	5_368	28.421	95	55	2	8	89	15	109	5.45e-04	37.7
22_270	5_268	20.332	241	137	7	1	201	1	226	1.25e-06	45.8
22_270	5_268	25.592	211	140	8	1	203	319	520	4.49e-05	40.8
22_270	5_290	31.915	94	60	2	2	92	39	131	1.47e-06	45.8
22_270	5_290	34.483	87	46	4	129	206	508	592	2.19e-05	42.0
22_270	5_346	37.500	80	45	3	129	204	834	912	4.90e-06	44.3
22_270	5_346	32.039	103	60	4	93	190	460	557	8.77e-05	40.4
22_270	5_367	33.333	78	50	1	122	197	155	232	7.41e-06	43.1
22_270	5_481	27.315	216	127	9	2	200	334	536	8.84e-06	43.1
22_270	5_499	31.169	77	44	3	13	81	2	77	3.45e-05	37.7
22_271	5_288	91.143	350	31	0	1	350	1	350	0.0	670
22_272	5_397	78.398	699	151	0	1	699	1	699	0.0	1068
22_273	5_396	69.283	446	137	0	1	446	1	446	0.0	593
22_273	5_224	27.935	247	162	8	4	243	4	241	1.78e-14	67.8
22_273	5_376	31.034	87	58	1	182	266	197	283	1.56e-06	44.3
22_273	5_433	30.769	65	45	0	182	246	213	277	8.43e-05	38.5
22_275	5_18	82.712	295	51	0	1	295	1	295	0.0	502
22_276	5_431	75.977	512	123	0	1	512	1	512	0.0	812
22_276	5_465	25.461	271	152	10	224	476	515	753	5.54e-08	49.7
22_276	5_465	26.429	140	92	3	13	141	61	200	1.11e-07	48.9
22_276	5_474	32.653	98	58	2	266	355	515	612	7.84e-08	49.3
22_276	5_474	35.165	91	56	2	3	91	29	118	3.31e-07	47.4
22_276	5_457	27.068	133	79	4	7	121	36	168	1.35e-06	45.4
22_277	5_25	79.570	372	76	0	1	372	1	372	0.0	620
22_278	5_263	84.234	222	35	0	1	222	1	222	2.39e-138	382
22_279	5_385	67.614	176	57	0	23	198	1	176	8.86e-87	248
22_279	5_166	42.593	54	28	1	41	91	6	59	1.27e-06	42.4
22_279	5_166	41.071	56	30	2	39	91	172	227	2.45e-04	35.4
22_279	5_506	40.816	49	27	2	43	91	116	162	5.17e-04	34.3
22_279	5_108	38.182	55	31	2	41	92	10	64	6.49e-04	34.3
22_280	5_60	86.878	221	29	0	1	221	1	221	1.61e-141	389
22_281	5_305	73.381	139	37	0	1	139	1	139	1.12e-74	214
22_281	5_269	26.316	76	45	4	43	111	49	120	3.15e-05	37.4
22_282	5_143	99.206	504	4	0	1	504	1	504	0.0	971
22_282	5_2	26.126	444	263	16	10	403	51	479	1.36e-21	92.4
22_283	5_144	97.802	91	2	0	1	91	1	91	4.26e-59	171
22_283	5_1	28.571	91	61	3	1	88	3	92	2.39e-06	37.4
22_284	5_215	76.159	151	36	0	1	151	1	151	6.62e-86	243
22_284	5_289	29.167	120	82	2	13	130	20	138	4.96e-10	50.1
22_285	5_175	88.889	144	16	0	1	144	1	144	1.05e-96	270
22_286	5_260	76.609	637	149	0	1	637	1	637	0.0	948
22_287	5_14	62.647	340	123	2	4	343	18	353	3.63e-144	407
22_287	5_304	22.713	317	163	9	36	328	68	326	6.29e-05	38.9
22_288	5_13	83.251	609	102	0	1	609	1	609	0.0	1009
22_293	5_437	43.587	881	486	8	4	881	2	874	0.0	729
22_294	5_137	73.188	276	74	0	1	276	1	276	1.96e-154	427
22_294	5_433	27.132	258	162	9	5	244	21	270	8.93e-15	67.4
22_294	5_224	25.899	278	183	8	2	272	4	265	3.12e-12	60.1
22_294	5_376	23.368	291	189	9	2	272	7	283	8.18e-12	58.9
22_294	5_41	23.846	260	162	8	5	248	7	246	5.66e-09	50.4
22_295	5_169	95.245	694	33	0	1	694	1	694	0.0	1372
22_295	5_167	37.363	182	102	4	11	185	7	183	3.69e-24	101
22_295	5_167	22.034	177	119	5	509	684	322	480	3.45e-06	44.3
22_295	5_167	22.566	226	144	9	266	480	165	370	1.27e-05	42.7
22_295	5_270	37.008	127	62	2	13	139	116	224	6.54e-14	69.3
22_295	5_63	34.091	132	84	3	8	138	16	145	2.78e-13	66.6
22_296	5_164	83.245	376	61	1	1	374	1	376	0.0	590
22_297	5_162	71.984	257	72	0	1	257	1	257	6.17e-140	388
22_298	5_134	83.920	199	32	0	1	199	1	199	3.14e-123	342
22_299	5_48	81.677	322	59	0	1	322	1	322	0.0	552
22_300	5_51	94.012	334	20	0	1	334	1	334	0.0	650
22_301	5_461	78.037	214	38	2	44	248	38	251	3.56e-104	297
22_302	5_259	89.820	334	34	0	1	334	1	334	0.0	574
22_303	5_460	87.816	673	82	0	1	673	1	673	0.0	1216
22_303	5_43	24.432	528	351	17	6	512	10	510	2.87e-31	124
22_304	5_183	68.571	245	77	0	1	245	1	245	2.64e-123	345
22_305	5_378	84.948	578	87	0	1	578	1	578	0.0	1014
22_306	5_395	63.158	323	119	0	1	323	1	323	2.08e-135	382
22_307	5_394	65.900	261	87	1	1	261	1	259	1.59e-125	352
22_308	5_364	84.228	615	93	1	1	615	1	611	0.0	1019
22_308	5_544	29.787	329	223	4	289	613	15	339	7.52e-47	163
22_308	5_526	38.043	92	55	1	171	262	4	93	1.12e-14	66.2
22_308	5_236	24.709	344	196	13	159	486	2	298	5.85e-08	49.3
22_309	5_68	84.151	265	42	0	1	265	1	265	1.06e-170	467
22_310	5_287	70.886	158	46	0	1	158	1	158	1.59e-81	233
22_311	5_403	73.665	562	148	0	1	562	1	562	0.0	796
22_312	5_129	93.617	282	18	0	1	282	1	282	0.0	536
22_313	5_420	83.673	147	24	0	1	147	1	147	2.96e-90	254
22_314	5_406	93.976	249	15	0	1	249	1	249	4.63e-164	469
22_314	5_497	73.148	216	57	1	1	216	1	215	8.75e-116	325
22_314	5_468	59.193	223	89	1	27	249	45	265	1.85e-81	255
22_314	5_405	78.689	61	13	0	8	68	3	63	1.81e-30	103
22_314	5_428	76.667	30	7	0	220	249	2	31	3.95e-08	48.1
22_315	5_272	58.947	190	77	1	8	197	637	825	3.90e-74	233
22_316	5_306	79.550	489	99	1	1	489	1	488	0.0	725
22_316	5_1	33.333	87	55	3	395	479	4	89	7.15e-04	33.9
22_317	5_533	70.341	381	113	0	2	382	12	392	0.0	561
22_318	5_532	41.870	246	136	4	88	329	2	244	6.27e-50	162
22_319	5_271	81.040	327	62	0	1	327	1	327	0.0	507
22_320	5_298	73.057	193	52	0	3	195	5	197	1.75e-102	289
22_321	5_103	79.254	429	89	0	1	429	1	429	0.0	693
22_322	5_73	90.972	144	13	0	1	144	1	144	7.03e-97	270
22_323	5_328	95.652	276	12	0	1	276	1	276	0.0	528
22_323	5_5	36.179	246	132	6	1	233	1	234	4.81e-32	114
22_324	5_70	99.091	220	2	0	1	220	1	220	1.70e-156	427
22_325	5_62	80.800	875	160	2	1	870	1	872	0.0	1432
22_325	5_408	25.698	179	113	6	443	619	35	195	0.001	36.6
22_326	5_468	88.710	806	88	3	1	804	1	805	0.0	1397
22_326	5_406	47.644	764	360	14	45	779	27	779	0.0	626
22_326	5_428	42.958	568	279	13	236	764	2	563	4.06e-127	388
22_326	5_497	52.340	235	91	3	1	233	1	216	1.76e-73	234
22_326	5_405	68.293	41	13	0	45	85	22	62	1.33e-14	64.3
22_327	5_237	81.743	241	44	0	1	241	1	241	1.72e-142	394
22_328	5_357	37.500	80	46	3	63	141	26	102	1.45e-06	39.7
22_328	5_151	36.842	57	35	1	75	131	79	134	2.60e-05	36.6
22_329	5_458	51.034	870	330	18	1	861	1	783	0.0	739
22_330	5_247	89.499	419	44	0	1	419	1	419	0.0	772
22_331	5_294	82.477	428	75	0	1	428	1	428	0.0	733
22_332	5_54	96.104	231	9	0	1	231	1	231	1.30e-161	441
22_333	5_503	35.196	179	108	2	1	173	52	228	1.10e-26	96.3
22_334	5_49	92.982	171	12	0	1	171	1	171	3.07e-115	319
22_335	5_74	66.844	377	123	1	3	377	1	377	0.0	511
22_336	5_191	78.593	327	70	0	1	327	1	327	2.15e-173	479
22_336	5_8	38.585	311	184	4	1	308	1	307	9.64e-67	207
22_336	5_219	24.929	353	216	18	9	326	325	663	4.01e-08	48.9
22_337	5_220	90.030	331	32	1	1	330	1	331	0.0	573
22_338	5_29	81.114	413	78	0	1	413	1	413	0.0	691
22_339	5_30	76.571	175	41	0	3	177	2	176	1.21e-100	283
22_340	5_19	85.460	337	49	0	1	337	1	337	0.0	600
22_341	5_465	84.424	886	138	0	1	886	1	886	0.0	1560
22_341	5_457	24.777	674	406	15	59	711	40	633	3.10e-51	188
22_341	5_474	22.271	229	149	5	447	650	400	624	1.27e-11	62.8
22_341	5_474	23.563	174	120	3	27	199	8	169	1.50e-09	55.8
22_341	5_431	25.714	140	93	3	61	200	13	141	1.73e-08	52.4
22_341	5_431	31.148	61	37	2	574	634	294	349	1.18e-04	40.0
22_342	5_331	85.358	642	93	1	1	642	1	641	0.0	1116
22_342	5_47	43.192	639	341	9	3	627	5	635	7.53e-166	484
22_343	5_332	84.949	392	59	0	1	392	1	392	0.0	651
22_344	5_333	70.984	386	110	2	1	385	1	385	0.0	543
22_345	5_529	63.226	620	205	6	1	609	10	617	0.0	741
22_346	5_341	78.744	414	88	0	1	414	1	414	0.0	657
22_347	5_342	70.050	1586	452	6	1	1566	1	1583	0.0	2149
22_347	5_451	24.528	477	281	21	917	1356	621	1055	2.83e-16	79.0
22_347	5_451	41.892	74	42	1	312	385	324	396	2.42e-05	43.1
22_348	5_541	55.794	932	395	5	26	940	1	932	0.0	964
22_348	5_359	29.314	846	563	19	39	865	51	880	1.37e-76	269
22_348	5_514	31.840	424	241	10	2	397	6	409	1.11e-41	156
22_349	5_165	81.250	224	42	0	1	224	1	224	8.22e-138	380
22_350	5_196	79.839	124	25	0	7	130	3	126	2.31e-69	199
22_351	5_171	89.497	457	48	0	1	457	1	457	0.0	835
22_351	5_544	23.429	350	227	13	106	447	16	332	2.55e-09	53.1
22_351	5_364	26.846	149	100	5	159	303	335	478	1.03e-05	42.0
22_352	5_172	86.651	427	57	0	1	427	1	427	0.0	750
22_353	5_344	82.419	984	159	1	1	970	1	984	0.0	1659
22_355	5_513	74.125	514	132	1	18	530	1	514	0.0	781
22_356	5_398	63.091	550	188	9	1	549	1	536	0.0	679
22_356	5_399	54.270	562	226	10	1	549	1	544	0.0	549
22_356	5_383	34.449	508	276	16	64	551	46	516	1.21e-80	258
22_356	5_384	32.479	585	302	18	32	551	82	638	1.78e-78	254
22_356	5_528	33.995	403	224	11	159	548	238	611	3.66e-58	199
22_356	5_309	32.308	455	255	13	128	547	97	533	3.18e-55	190
22_357	5_399	73.309	547	115	3	1	519	1	544	0.0	800
22_357	5_398	55.415	554	194	8	1	519	1	536	0.0	567
22_357	5_383	31.942	551	292	16	4	519	12	514	5.45e-74	239
22_357	5_384	34.848	462	246	10	83	519	205	636	9.82e-72	236
22_357	5_528	31.961	413	223	10	125	518	238	611	4.63e-51	179
22_357	5_309	31.757	444	238	14	113	517	116	533	1.02e-50	177
22_358	5_400	71.731	520	145	2	1	519	1	519	0.0	712
22_358	5_239	22.075	453	289	16	4	411	9	442	2.63e-09	53.9
22_359	5_401	70.683	249	72	1	1	248	1	249	4.06e-126	353
22_360	5_504	75.318	393	97	0	28	420	3	395	0.0	625
22_361	5_404	73.377	308	82	0	1	308	1	308	3.51e-156	434
22_362	5_290	80.138	725	144	0	1	725	1	725	0.0	1174
22_362	5_240	37.561	205	124	3	471	674	196	397	2.41e-34	131
22_362	5_240	47.423	97	51	0	39	135	11	107	1.40e-22	95.9
22_362	5_485	43.902	123	69	0	495	617	180	302	9.47e-31	119
22_362	5_485	29.204	113	71	1	38	150	7	110	7.79e-11	58.9
22_362	5_368	26.471	136	98	2	481	614	590	725	7.14e-18	82.4
22_362	5_140	39.362	94	56	1	501	594	274	366	9.07e-17	77.8
22_362	5_140	29.412	136	80	4	33	153	38	172	2.98e-10	57.4
22_362	5_214	31.532	111	75	1	505	614	274	384	2.97e-14	70.1
22_362	5_267	33.645	107	70	1	486	592	116	221	1.23e-13	66.6
22_362	5_267	34.021	97	58	4	50	140	16	112	3.36e-06	43.9
22_362	5_37	36.047	86	54	1	501	586	152	236	3.12e-11	59.7
22_362	5_37	41.860	43	25	0	53	95	22	64	9.17e-06	42.7
22_362	5_186	33.333	96	62	2	500	594	127	221	3.77e-11	58.5
22_362	5_186	30.556	72	46	3	53	123	21	89	6.23e-04	36.6
22_362	5_246	35.484	93	53	2	498	587	402	490	1.72e-10	58.2
22_362	5_246	29.787	94	60	3	500	588	133	225	9.07e-08	49.7
22_362	5_246	28.571	91	56	4	48	131	16	104	2.48e-06	45.1
22_362	5_300	35.000	100	62	2	490	588	110	207	2.92e-10	57.8
22_362	5_300	35.417	96	54	3	39	131	2	92	1.54e-07	48.9
22_362	5_299	32.407	108	64	2	474	581	102	200	2.25e-09	55.1
22_362	5_299	33.663	101	59	2	39	136	2	97	7.25e-08	50.1
22_362	5_283	34.146	82	53	1	503	584	194	274	3.47e-09	53.1
22_362	5_283	31.707	82	46	2	58	131	84	163	6.53e-08	49.3
22_362	5_286	33.766	77	51	0	508	584	154	230	2.19e-08	50.4
22_362	5_80	31.959	97	63	1	38	131	7	103	9.19e-08	49.7
22_362	5_80	26.923	234	150	8	471	690	107	333	8.51e-05	40.0
22_362	5_80	25.974	77	56	1	508	584	407	482	7.37e-04	37.0
22_362	5_486	32.258	93	61	1	39	131	2	92	1.03e-07	49.7
22_362	5_486	31.081	74	49	1	508	581	129	200	1.61e-05	42.4
22_362	5_367	27.523	109	78	1	505	612	159	267	2.66e-07	47.8
22_362	5_367	27.273	132	76	6	30	144	4	132	3.77e-05	40.8
22_362	5_545	26.957	115	66	2	36	150	10	106	3.37e-07	46.2
22_362	5_545	29.808	104	63	5	470	572	109	203	2.28e-04	37.7
22_362	5_268	29.630	81	48	1	39	119	2	73	5.17e-07	47.0
22_362	5_268	25.000	84	59	1	504	587	152	231	4.41e-05	40.8
22_362	5_499	51.282	39	19	0	58	96	9	47	7.25e-07	42.4
22_362	5_480	27.778	90	61	2	493	581	452	538	1.65e-06	45.4
22_362	5_480	31.325	83	54	2	39	118	337	419	0.001	36.6
22_362	5_481	33.846	65	42	1	36	99	331	395	2.37e-05	42.0
22_363	5_0	84.226	336	53	0	1	336	1	336	0.0	526
22_363	5_523	25.243	309	208	11	30	332	18	309	1.17e-15	71.2
22_364	5_493	57.261	964	365	13	1	953	1	928	0.0	1012
22_364	5_472	22.995	374	240	12	11	350	20	379	3.00e-07	48.9
22_364	5_507	27.304	293	145	15	8	270	12	266	2.63e-05	42.4
22_364	5_509	29.070	172	104	8	60	219	55	220	1.01e-04	40.4
22_364	5_489	36.154	130	66	7	1	120	1	123	0.001	37.0
22_365	5_2	85.399	589	86	0	1	589	1	589	0.0	962
22_365	5_143	25.652	460	274	16	51	492	10	419	3.50e-20	88.2
22_366	5_484	72.464	621	153	2	1	604	1	620	0.0	909
22_366	5_231	24.498	249	149	10	334	574	474	691	6.29e-05	40.0
22_367	5_3	64.362	188	67	0	1	188	1	188	5.33e-69	203
22_368	5_488	80.167	479	95	0	1	479	1	479	0.0	797
22_368	5_316	25.410	122	82	3	240	359	437	551	0.001	35.8
22_369	5_523	75.728	309	74	1	15	322	1	309	4.09e-165	457
22_369	5_0	27.372	274	187	7	36	299	36	307	1.35e-12	62.0
22_376	5_393	31.008	129	74	5	2	119	1	125	1.06e-08	47.4
22_377	5_394	60.232	259	101	1	18	274	2	260	4.26e-109	311
22_380	5_299	35.145	828	445	17	1	792	1	772	1.16e-122	382
22_380	5_486	32.609	828	456	22	1	792	1	762	2.77e-110	348
22_380	5_300	43.450	458	239	7	1	449	1	447	9.26e-101	320
22_380	5_300	46.565	131	70	0	662	792	516	646	6.15e-22	95.5
22_380	5_283	30.303	198	123	6	16	201	79	273	3.59e-19	83.6
22_380	5_37	31.132	212	118	7	21	205	27	237	9.17e-17	76.3
22_380	5_80	27.941	204	130	5	17	205	21	222	9.52e-13	65.5
22_380	5_80	27.451	102	70	2	128	225	407	508	1.50e-04	39.3
22_380	5_290	38.889	108	57	3	111	213	492	595	1.39e-12	65.5
22_380	5_290	38.554	83	48	1	2	81	39	121	6.83e-09	53.5
22_380	5_246	24.885	217	144	6	1	201	6	219	2.45e-12	64.3
22_380	5_246	28.037	214	122	6	10	199	279	484	3.69e-10	57.4
22_380	5_186	30.808	198	114	7	4	187	8	196	4.98e-12	61.2
22_380	5_286	26.446	242	148	9	1	217	9	245	1.16e-11	60.5
22_380	5_481	30.189	212	125	10	2	199	334	536	3.15e-11	60.8
22_380	5_240	37.755	98	55	3	119	213	225	319	3.91e-11	60.5
22_380	5_240	32.653	98	61	2	1	94	10	106	6.05e-08	50.1
22_380	5_480	29.082	196	124	8	1	187	336	525	6.58e-11	59.7
22_380	5_140	39.130	92	52	3	127	215	280	370	2.35e-10	57.8
22_380	5_485	36.842	95	52	2	124	213	189	280	3.98e-10	57.0
22_380	5_485	40.816	49	29	0	2	50	8	56	1.18e-06	45.8
22_380	5_545	28.241	216	131	9	1	202	12	217	1.08e-09	53.9
22_380	5_111	29.858	211	119	8	2	194	471	670	6.71e-09	53.5
22_380	5_268	23.611	216	135	6	1	188	1	214	7.55e-09	53.1
22_380	5_268	26.829	82	58	1	124	205	444	523	2.28e-05	42.0
22_380	5_368	33.735	83	51	3	127	206	617	698	5.35e-08	50.8
22_380	5_267	25.446	224	147	7	1	208	1	220	6.62e-07	46.2
22_380	5_214	25.818	275	141	10	3	220	122	390	6.89e-07	47.0
22_380	5_367	37.037	81	49	2	128	206	162	242	2.04e-04	38.5
22_382	5_509	42.828	1478	659	31	1	1407	1	1363	0.0	1018
22_382	5_507	25.806	155	107	3	10	162	13	161	5.19e-10	58.5
22_382	5_472	27.564	156	100	4	3	148	7	159	1.88e-09	56.6
22_382	5_489	27.536	138	89	5	3	134	8	140	1.09e-07	50.4
22_382	5_493	32.168	143	88	6	1	134	1	143	1.84e-05	43.5
22_383	5_510	55.503	1917	719	36	1	1878	1	1822	0.0	1934
22_383	5_351	24.857	523	298	20	4	489	6	470	2.79e-14	72.8
22_383	5_490	22.986	509	312	21	2	486	11	463	5.94e-11	62.0
22_383	5_473	24.012	329	207	11	9	310	8	320	3.27e-10	59.7
22_383	5_473	22.030	404	269	15	605	989	725	1101	2.38e-04	40.4
22_383	5_515	26.860	242	151	7	7	238	32	257	4.03e-08	52.8
22_384	5_371	57.288	295	123	3	16	310	10	301	1.80e-118	338
22_385	5_269	30.202	692	395	20	2	635	5	666	1.28e-72	243
22_387	5_372	82.178	404	72	0	1	404	1	404	0.0	678
22_387	5_154	27.103	107	65	3	7	112	10	104	7.43e-04	35.4
22_388	5_373	52.110	948	310	17	1	882	1	870	0.0	874
22_389	5_188	82.305	486	86	0	1	486	2	487	0.0	811
22_390	5_189	69.264	231	71	0	1	231	1	231	2.26e-98	281
22_391	5_224	73.408	267	71	0	1	267	1	267	7.66e-148	409
22_391	5_433	25.455	275	177	8	9	260	24	293	7.05e-17	73.6
22_391	5_396	32.016	253	154	9	1	243	1	245	6.58e-15	68.6
22_391	5_376	34.146	82	51	1	182	263	199	277	4.53e-11	56.6
22_391	5_137	22.101	276	196	8	4	265	2	272	1.43e-08	48.9
22_391	5_41	32.394	71	48	0	183	253	188	258	1.25e-06	43.1
22_392	5_374	65.318	519	167	4	7	512	8	526	0.0	608
22_393	5_248	77.005	187	40	1	1	187	1	184	4.22e-103	289
22_394	5_198	76.923	156	36	0	1	156	1	156	5.78e-87	246
22_395	5_380	64.143	700	235	6	1	686	1	698	0.0	859
22_396	5_381	58.696	322	69	4	1	258	1	322	7.98e-117	332
22_397	5_382	77.000	200	46	0	1	200	1	200	1.12e-112	315
22_397	5_106	29.167	120	77	4	24	142	39	151	2.03e-04	35.4
22_398	5_293	82.702	607	105	0	1	607	1	607	0.0	992
22_399	5_359	61.019	1983	745	8	3	1968	7	1978	0.0	2295
22_399	5_541	28.721	860	557	19	66	892	23	859	2.12e-86	300
22_399	5_514	33.498	406	228	7	62	440	33	423	2.60e-54	196
22_400	5_358	76.293	232	54	1	1	231	1	232	5.22e-122	341
22_401	5_61	68.317	202	64	0	1	202	1	202	2.84e-102	289
22_402	5_244	83.743	855	133	1	1	849	1	855	0.0	1450
22_402	5_466	32.554	599	364	12	160	740	1	577	1.27e-81	272
22_402	5_466	28.319	113	62	3	745	848	483	585	1.63e-06	45.8
22_402	5_538	58.929	112	46	0	50	161	12	123	6.90e-44	149
22_403	5_356	77.106	1472	324	2	5	1468	4	1470	0.0	2320
22_403	5_447	21.941	752	390	27	787	1459	188	821	2.28e-16	79.3
22_404	5_355	73.059	438	118	0	1	438	1	438	0.0	656
22_405	5_55	69.065	278	86	0	1	278	1	278	1.37e-133	374
22_405	5_273	30.208	96	51	3	110	191	48	141	1.13e-06	43.1
22_405	5_273	29.268	123	75	4	121	243	35	145	4.67e-04	35.4
22_406	5_242	88.213	263	31	0	1	263	1	263	1.62e-164	452
22_406	5_241	26.946	167	112	4	73	233	75	237	3.74e-06	42.0
22_407	5_4	71.530	281	80	0	1	281	1	281	5.58e-145	404
22_407	5_389	32.283	254	135	10	38	264	40	283	1.17e-25	98.2
22_408	5_462	76.779	534	124	0	1	534	1	534	0.0	810
22_409	5_11	78.307	378	82	0	1	378	1	378	0.0	603
22_410	5_457	82.482	822	144	0	1	822	1	822	0.0	1391
22_410	5_465	26.152	738	423	22	18	657	34	747	6.41e-50	184
22_410	5_474	22.615	849	456	26	6	720	3	784	2.52e-26	109
22_410	5_431	23.560	191	114	4	32	222	3	161	5.52e-08	50.4
22_410	5_431	20.906	287	168	11	321	582	128	380	0.001	36.6
22_412	5_452	86.535	505	68	0	1	505	1	505	0.0	907
22_413	5_78	86.598	97	13	0	4	100	1	97	3.01e-47	141
22_414	5_77	77.016	248	55	1	1	248	1	246	2.95e-138	383
22_415	5_451	88.346	1064	124	0	3	1066	1	1064	0.0	1842
22_415	5_342	24.806	516	277	24	624	1060	917	1400	2.86e-16	78.6
22_415	5_342	37.383	107	59	3	298	398	281	385	4.95e-11	61.2
22_416	5_316	81.174	579	109	0	1	579	1	579	0.0	991
22_416	5_488	22.739	387	223	14	200	564	42	374	2.91e-04	37.7
22_417	5_75	71.567	619	169	5	1	614	1	617	0.0	847
22_418	5_447	77.120	979	220	2	1	979	1	975	0.0	1557
22_418	5_356	22.099	724	368	23	180	785	781	1426	6.18e-16	77.4
22_418	5_356	28.125	64	46	0	1	64	321	384	5.86e-04	38.1
22_419	5_446	75.000	292	73	0	1	292	1	292	5.75e-164	452
22_420	5_444	85.401	274	40	0	1	274	1	274	1.06e-175	480
22_421	5_71	90.945	254	23	0	1	254	1	254	1.56e-177	483
22_422	5_327	92.969	384	27	0	1	384	1	384	0.0	723
22_423	5_544	93.272	327	22	0	128	454	13	339	0.0	618
22_423	5_526	89.474	133	14	0	14	146	4	136	7.13e-82	244
22_423	5_364	31.373	459	305	6	2	454	155	609	1.81e-68	224
22_423	5_236	25.000	344	186	18	1	318	1	298	1.00e-09	53.9
22_423	5_171	24.324	296	198	9	129	401	104	396	3.59e-05	40.4
22_424	5_474	81.242	789	148	0	1	789	1	789	0.0	1339
22_424	5_457	21.797	679	317	22	3	601	6	550	8.04e-20	89.0
22_424	5_465	24.419	344	195	11	393	701	440	753	1.14e-15	75.5
22_424	5_465	26.437	174	115	5	8	169	27	199	6.22e-10	57.0
22_424	5_431	30.769	104	71	1	29	132	3	105	3.53e-08	50.8
22_424	5_431	31.000	100	61	4	513	612	264	355	7.93e-06	43.5
22_425	5_323	81.857	463	84	0	1	463	1	463	0.0	781
22_426	5_477	70.032	941	282	0	5	945	6	946	0.0	1275
22_427	5_181	91.146	192	17	0	1	192	1	192	1.66e-130	359
22_428	5_182	78.715	249	53	0	1	249	1	249	2.25e-145	401
22_429	5_478	71.067	712	186	5	1	709	1	695	0.0	1035
22_430	5_480	97.403	539	14	0	1	539	1	539	0.0	1024
22_430	5_545	39.130	207	123	3	328	533	4	208	8.80e-36	128
22_430	5_481	38.835	206	119	6	337	538	334	536	2.10e-29	116
22_430	5_267	34.694	196	110	5	348	531	16	205	4.99e-19	82.0
22_430	5_300	30.102	196	123	6	336	525	1	188	6.41e-15	72.0
22_430	5_486	30.732	205	131	7	336	536	1	198	2.80e-13	67.0
22_430	5_299	26.887	212	136	7	336	539	1	201	1.96e-12	64.3
22_430	5_111	31.138	167	94	7	369	522	502	660	5.58e-10	56.2
22_430	5_268	23.853	218	133	6	336	525	1	213	5.64e-09	52.8
22_430	5_186	31.285	179	105	8	354	523	24	193	7.69e-09	51.2
22_430	5_80	31.694	183	103	8	355	522	26	201	2.74e-08	50.4
22_430	5_283	25.510	196	125	7	351	532	79	267	6.85e-08	48.9
22_430	5_368	38.983	59	33	1	467	522	618	676	3.89e-07	47.0
22_430	5_290	27.778	90	61	2	452	538	493	581	1.46e-06	45.4
22_430	5_485	29.412	85	52	2	441	522	172	251	4.14e-06	43.5
22_430	5_367	28.718	195	113	9	351	522	29	220	4.50e-06	43.1
22_430	5_240	33.333	69	45	1	336	404	10	77	2.29e-05	41.2
22_430	5_240	36.364	66	39	1	464	526	229	294	4.91e-05	40.0
22_430	5_286	26.699	206	131	7	336	523	9	212	3.88e-05	40.0
22_430	5_140	38.983	59	33	1	467	522	281	339	4.42e-05	40.4
22_430	5_499	31.915	47	32	0	351	397	4	50	4.70e-05	36.6
22_431	5_481	97.388	536	14	0	1	536	1	536	0.0	991
22_431	5_480	38.318	214	125	5	326	536	329	538	1.85e-29	116
22_431	5_545	34.450	209	125	6	328	531	7	208	1.92e-22	90.5
22_431	5_300	32.836	201	108	8	334	522	2	187	1.19e-15	74.3
22_431	5_111	32.086	187	109	5	319	495	456	634	8.96e-15	71.6
22_431	5_267	30.660	212	131	8	334	534	2	208	1.36e-14	68.9
22_431	5_299	30.392	204	113	9	346	536	13	200	3.20e-11	60.5
22_431	5_283	32.020	203	113	11	349	536	79	271	2.31e-08	50.1
22_431	5_268	44.898	49	27	0	346	394	13	61	8.59e-08	48.9
22_431	5_186	27.751	209	129	9	336	533	8	205	3.18e-07	46.2
22_431	5_37	24.176	182	115	4	364	522	37	218	3.06e-06	43.5
22_431	5_486	28.037	214	124	10	334	534	2	198	7.03e-06	43.1
22_431	5_80	27.326	172	105	6	363	520	36	201	1.94e-05	41.6
22_431	5_290	33.333	66	43	1	331	396	36	100	2.35e-05	41.2
22_431	5_368	36.508	63	34	2	364	424	38	96	6.75e-05	40.0
22_431	5_499	39.583	48	27	2	349	395	4	50	2.97e-04	34.7
22_431	5_246	25.397	189	112	9	365	534	37	215	4.37e-04	37.0
22_431	5_140	27.132	129	76	4	302	425	23	138	4.40e-04	37.0
22_432	5_469	97.414	116	3	0	1	116	1	116	1.49e-73	223
22_433	5_300	97.077	650	19	0	1	650	1	650	0.0	1231
22_433	5_299	48.630	438	197	9	1	432	1	416	4.14e-109	342
22_433	5_299	39.344	183	105	1	470	646	590	772	4.54e-31	124
22_433	5_486	40.044	452	245	10	1	438	1	440	7.00e-89	288
22_433	5_486	30.435	184	124	2	467	646	579	762	9.73e-18	81.6
22_433	5_283	31.220	205	121	7	16	206	79	277	4.26e-21	89.0
22_433	5_481	33.023	215	116	9	2	200	334	536	3.91e-16	76.3
22_433	5_480	29.717	212	130	8	1	201	336	539	1.65e-15	73.9
22_433	5_37	29.108	213	126	6	18	205	24	236	7.51e-15	70.5
22_433	5_246	26.291	213	135	7	20	212	25	235	3.93e-13	66.6
22_433	5_246	28.017	232	137	7	11	215	277	505	3.10e-12	63.5
22_433	5_267	29.864	221	133	10	1	205	1	215	1.14e-12	63.2
22_433	5_80	27.751	209	141	3	7	205	13	221	3.24e-12	63.5
22_433	5_80	29.614	233	132	9	2	208	261	487	4.24e-10	56.6
22_433	5_268	24.359	234	144	6	1	205	1	230	1.99e-11	61.2
22_433	5_268	28.910	211	131	9	1	202	319	519	9.44e-09	52.4
22_433	5_545	28.365	208	110	6	1	188	12	200	4.14e-11	57.8
22_433	5_186	29.612	206	125	7	20	214	25	221	4.56e-10	55.1
22_433	5_111	31.285	179	100	8	32	195	500	670	5.95e-10	56.6
22_433	5_290	32.967	91	59	1	119	207	498	588	1.24e-09	55.5
22_433	5_290	33.333	99	58	3	2	95	39	134	1.89e-07	48.5
22_433	5_485	30.597	134	90	2	76	207	141	273	2.30e-09	53.9
22_433	5_485	43.636	55	31	0	2	56	8	62	2.73e-05	41.2
22_433	5_368	34.940	83	52	1	127	207	616	698	4.72e-09	53.9
22_433	5_286	26.531	245	139	11	8	222	20	253	6.74e-09	51.6
22_433	5_240	39.535	86	46	3	126	207	229	312	2.54e-08	50.8
22_433	5_240	30.851	94	63	1	1	92	10	103	4.78e-08	50.1
22_433	5_140	33.654	104	63	3	115	215	267	367	4.38e-08	50.1
22_433	5_214	23.744	219	143	5	15	209	141	359	4.97e-08	50.1
22_433	5_499	29.730	74	44	2	16	81	4	77	5.59e-06	39.7
22_433	5_367	34.118	85	54	1	127	209	160	244	1.75e-05	41.6
22_433	5_346	38.095	84	43	4	121	198	826	906	8.39e-05	40.0
22_435	5_31	32.588	313	197	8	20	328	15	317	1.13e-43	148
22_437	5_370	26.988	767	436	28	1012	1718	441	1143	1.23e-49	189
22_437	5_370	33.858	127	76	5	1851	1971	1298	1422	5.19e-14	72.4
22_437	5_370	25.703	249	145	11	524	756	155	379	1.04e-04	41.6
22_438	5_317	35.081	248	142	6	8	243	14	254	2.66e-40	136
22_439	5_299	56.960	783	303	9	1	760	1	772	0.0	813
22_439	5_300	52.019	421	179	10	1	408	1	411	3.88e-115	357
22_439	5_300	39.437	142	78	2	626	760	506	646	9.38e-21	91.7
22_439	5_486	29.747	790	497	16	1	760	1	762	3.25e-90	294
22_439	5_283	26.699	206	138	5	16	210	79	282	3.03e-17	77.8
22_439	5_246	23.767	223	137	5	1	200	6	218	4.22e-13	66.6
22_439	5_246	26.415	212	133	9	16	206	282	491	1.13e-09	55.8
22_439	5_80	29.000	200	129	4	7	194	13	211	5.62e-13	66.2
22_439	5_80	27.193	228	131	7	2	201	261	481	1.27e-05	42.7
22_439	5_545	30.808	198	117	8	1	187	12	200	1.74e-12	62.0
22_439	5_481	30.415	217	114	10	2	197	334	534	2.16e-12	64.3
22_439	5_37	25.118	211	126	7	17	198	23	230	2.07e-11	60.1
22_439	5_268	24.464	233	146	5	1	205	1	231	5.96e-11	60.1
22_439	5_268	23.636	220	134	8	1	203	319	521	2.97e-05	41.6
22_439	5_480	24.365	197	132	4	1	187	336	525	1.09e-10	58.9
22_439	5_240	34.000	100	51	3	1	91	10	103	1.33e-09	55.5
22_439	5_240	31.481	108	69	2	122	227	226	330	8.29e-07	46.6
22_439	5_286	25.000	220	125	8	8	199	20	227	3.30e-09	52.8
22_439	5_186	26.106	226	136	7	20	229	25	235	3.32e-09	52.8
22_439	5_485	34.884	86	54	1	121	204	186	271	3.67e-09	53.9
22_439	5_485	34.409	93	55	2	2	94	8	94	8.04e-07	46.2
22_439	5_290	27.869	122	81	2	2	118	39	158	1.11e-07	49.7
22_439	5_290	36.486	74	45	1	128	199	508	581	1.21e-07	49.3
22_439	5_267	26.190	210	140	7	1	197	1	208	1.62e-07	47.8
22_439	5_346	39.024	82	45	3	120	197	826	906	1.04e-06	46.6
22_439	5_346	36.364	77	44	3	121	192	486	562	4.89e-04	37.7
22_439	5_140	24.370	119	87	2	112	227	265	383	2.38e-06	45.1
22_439	5_368	33.333	78	48	2	123	197	613	689	4.62e-06	44.3
22_439	5_499	29.730	74	43	2	16	80	4	77	1.14e-05	38.9
22_439	5_214	23.445	209	131	8	15	196	141	347	1.29e-05	42.7
22_439	5_367	24.272	206	129	6	16	196	29	232	4.63e-05	40.4
22_439	5_111	33.898	59	39	0	127	185	603	661	4.10e-04	38.1
22_439	5_301	30.476	105	63	4	112	207	859	962	7.27e-04	37.4
22_440	5_300	62.080	654	244	2	1	654	1	650	0.0	738
22_440	5_299	44.167	480	232	13	1	461	1	463	6.30e-100	317
22_440	5_299	34.951	206	123	3	455	650	568	772	2.98e-26	108
22_440	5_486	37.691	459	249	11	1	441	1	440	2.47e-83	273
22_440	5_486	40.541	111	62	2	542	650	654	762	5.71e-18	82.4
22_440	5_283	31.863	204	121	5	16	206	79	277	3.75e-20	86.3
22_440	5_37	26.957	230	136	8	20	223	26	249	2.95e-14	68.6
22_440	5_80	26.316	209	144	4	7	205	13	221	1.51e-13	67.8
22_440	5_80	27.615	239	140	9	2	214	261	492	9.58e-10	55.8
22_440	5_480	30.151	199	119	8	1	188	336	525	1.15e-12	65.1
22_440	5_481	29.808	208	128	8	2	198	334	534	1.37e-12	64.7
22_440	5_246	24.031	258	160	7	17	249	22	268	4.96e-12	63.2
22_440	5_246	24.887	221	140	9	11	209	277	493	5.07e-08	50.1
22_440	5_485	34.167	120	69	4	114	225	177	294	1.94e-09	54.3
22_440	5_485	31.008	129	71	5	2	127	8	121	4.62e-06	43.5
22_440	5_267	27.686	242	153	9	1	228	1	234	2.62e-09	53.1
22_440	5_268	22.264	265	170	9	1	234	1	260	2.70e-09	54.3
22_440	5_268	25.238	210	142	6	1	203	319	520	2.38e-08	51.2
22_440	5_545	26.442	208	114	6	1	188	12	200	4.05e-09	52.0
22_440	5_186	28.934	197	121	7	20	205	25	213	4.74e-09	52.0
22_440	5_368	36.905	84	49	3	127	207	616	698	8.39e-09	52.8
22_440	5_290	32.090	134	71	6	89	212	475	598	3.94e-08	50.8
22_440	5_290	34.884	86	48	3	2	82	39	121	1.07e-05	42.7
22_440	5_214	22.727	220	140	7	16	208	142	358	1.24e-07	48.9
22_440	5_140	35.366	82	49	3	129	207	281	361	1.79e-07	48.1
22_440	5_240	36.047	86	53	1	124	207	227	312	2.69e-07	47.8
22_440	5_240	28.866	97	67	1	1	95	10	106	3.18e-07	47.4
22_440	5_286	31.646	79	52	1	128	204	153	231	4.34e-07	46.2
22_440	5_111	25.581	172	101	5	32	186	500	661	6.10e-07	47.0
22_440	5_499	27.027	74	46	2	16	81	4	77	2.58e-05	37.7
22_440	5_367	22.374	219	140	6	16	208	29	243	4.91e-05	40.4
22_440	5_346	30.952	126	77	5	121	240	826	947	5.29e-04	37.4
22_442	5_325	76.444	883	208	0	1	883	1	883	0.0	1367
22_443	5_303	77.104	297	68	0	1	297	1	297	1.86e-160	444
22_444	5_136	82.209	489	86	1	1	488	1	489	0.0	793
22_444	5_410	23.077	455	301	15	51	482	14	442	8.11e-14	67.8
22_444	5_28	27.273	209	136	6	104	299	61	266	1.01e-12	64.7
22_444	5_28	53.191	47	19	1	438	481	489	535	9.62e-10	55.1
22_445	5_304	58.671	346	140	2	1	346	1	343	3.98e-137	389
22_445	5_14	23.333	330	165	11	67	337	46	346	9.79e-07	44.3
22_446	5_140	84.842	442	67	0	1	442	1	442	0.0	769
22_446	5_368	42.268	194	106	3	248	437	584	775	1.00e-44	160
22_446	5_368	41.584	101	47	3	61	156	22	115	2.48e-13	66.6
22_446	5_214	45.217	115	63	0	273	387	269	383	7.55e-28	110
22_446	5_214	35.200	125	65	5	43	156	120	239	8.80e-12	61.2
22_446	5_367	34.545	165	99	2	223	385	109	266	4.83e-24	97.4
22_446	5_367	32.031	128	69	5	40	157	6	125	7.77e-11	57.8
22_446	5_240	27.964	329	215	10	43	368	10	319	1.45e-21	91.3
22_446	5_290	31.746	126	78	1	274	391	501	626	4.44e-17	78.2
22_446	5_290	27.642	123	72	5	37	157	30	137	4.21e-08	49.7
22_446	5_37	35.938	128	74	3	261	386	139	260	1.62e-15	71.6
22_446	5_286	33.929	112	73	1	260	371	134	244	6.09e-15	69.3
22_446	5_485	32.222	90	61	0	282	371	194	283	2.05e-14	68.9
22_446	5_283	36.283	113	71	1	276	388	194	305	2.35e-14	68.2
22_446	5_283	33.945	109	65	3	42	147	59	163	4.77e-08	48.9
22_446	5_186	32.353	102	68	1	278	379	133	233	1.33e-12	62.0
22_446	5_186	29.787	47	33	0	63	109	22	68	4.81e-04	36.2
22_446	5_267	33.036	112	73	2	260	371	118	227	2.42e-12	61.6
22_446	5_246	36.634	101	54	3	264	360	129	223	5.96e-11	58.5
22_446	5_246	35.443	79	50	1	281	359	412	489	4.11e-07	46.6
22_446	5_246	40.678	59	31	1	40	98	3	57	7.56e-07	45.4
22_446	5_300	32.292	96	61	2	267	361	115	207	3.68e-08	50.1
22_446	5_486	33.019	106	62	4	267	366	115	217	5.26e-08	49.7
22_446	5_299	27.907	86	60	1	266	351	114	197	3.58e-07	47.0
22_446	5_499	36.364	77	42	2	61	135	3	74	1.44e-05	38.1
22_446	5_80	29.167	96	62	2	281	376	407	496	2.55e-05	40.8
22_446	5_80	37.778	45	28	0	64	108	24	68	1.26e-04	38.5
22_446	5_480	38.983	59	33	1	281	339	467	522	5.09e-05	39.7
22_446	5_481	25.984	127	80	3	23	138	302	425	1.95e-04	38.1
22_446	5_268	24.138	87	55	2	282	361	449	531	0.001	35.8
22_447	5_426	67.313	2062	630	13	1	2047	1	2033	0.0	2818
22_448	5_326	79.723	794	161	0	1	794	1	794	0.0	1321
22_449	5_329	77.496	631	142	0	1	631	1	631	0.0	985
22_450	5_330	66.839	193	64	0	3	195	2	194	4.98e-88	252
22_451	5_42	79.259	270	56	0	1	270	1	270	1.53e-159	439
22_452	5_205	67.266	278	91	0	1	278	1	278	1.60e-139	389
22_453	5_318	84.127	63	10	0	1	63	1	63	2.54e-36	111
22_454	5_491	68.428	719	224	2	1	717	1	718	0.0	985
22_455	5_490	57.486	1042	407	7	1	1030	1	1018	0.0	1108
22_455	5_351	27.885	1040	661	31	6	987	1	1009	5.36e-80	278
22_455	5_473	28.571	301	206	5	11	304	3	301	4.40e-31	126
22_455	5_473	30.395	329	161	12	505	778	700	1015	6.61e-25	106
22_455	5_510	23.413	504	314	18	10	463	1	482	5.44e-13	67.8
22_455	5_515	28.319	226	144	8	16	236	26	238	8.38e-10	57.0
22_455	5_349	23.632	457	284	17	8	436	11	430	1.14e-05	43.5
22_456	5_489	59.909	661	263	1	1	659	1	661	0.0	755
22_456	5_507	29.185	1117	648	32	1	1010	1	1081	5.34e-109	358
22_456	5_472	30.791	354	204	11	17	332	15	365	1.49e-33	134
22_456	5_472	24.883	213	133	9	537	733	768	969	5.25e-04	38.1
22_456	5_509	26.316	152	96	8	20	159	9	156	6.29e-06	44.7
22_457	5_312	81.379	145	27	0	1	145	1	145	4.64e-84	238
22_458	5_442	73.165	872	233	1	1	872	1	871	0.0	1246
22_459	5_440	70.556	540	155	1	1	540	1	536	0.0	777
22_460	5_36	84.862	218	33	0	4	221	2	219	1.25e-135	376
22_461	5_543	64.609	729	238	8	3	717	1	723	0.0	849
22_461	5_35	35.455	110	64	4	72	176	32	139	2.19e-08	50.8
22_461	5_408	44.643	56	27	1	15	66	8	63	1.39e-07	48.5
22_462	5_266	62.030	266	101	0	1	266	1	266	5.02e-124	349
22_462	5_99	35.849	106	61	4	22	121	37	141	8.26e-12	58.5
22_463	5_311	62.008	737	236	8	1	734	1	696	0.0	741
22_464	5_437	90.000	880	88	0	1	880	1	880	0.0	1610
22_465	5_265	66.256	1218	401	4	1	1210	1	1216	0.0	1581
22_466	5_407	70.635	630	182	1	1	630	1	627	0.0	909
22_467	5_226	81.448	221	41	0	1	221	1	221	1.35e-136	377
22_468	5_409	65.474	475	163	1	1	474	1	475	0.0	571
22_469	5_309	71.813	557	156	1	1	557	1	556	0.0	790
22_469	5_528	33.656	413	225	9	130	534	239	610	3.83e-56	194
22_469	5_399	31.746	441	239	14	117	534	141	542	1.32e-49	174
22_469	5_398	30.769	442	268	8	101	534	123	534	3.64e-49	173
22_469	5_384	28.233	464	269	10	98	539	218	639	7.71e-45	163
22_469	5_383	30.166	421	234	12	132	539	144	517	4.37e-42	153
22_470	5_430	66.242	471	146	2	1	461	1	468	0.0	611
22_471	5_406	41.818	55	13	2	5	54	705	745	9.45e-05	32.3
22_473	5_390	71.724	145	41	0	1	145	1	145	1.00e-78	224
22_474	5_66	82.192	73	13	0	1	73	1	73	5.74e-43	129
22_475	5_67	81.095	201	38	0	1	201	1	201	9.67e-122	338
22_475	5_321	33.000	200	124	4	3	201	4	194	8.06e-24	88.6
22_476	5_391	70.400	2652	782	3	1	2650	1	2651	0.0	3657
22_477	5_284	82.979	376	64	0	1	376	1	376	0.0	651
22_478	5_512	61.361	1602	551	15	10	1587	3	1560	0.0	1917
22_478	5_512	22.029	749	453	26	867	1531	1069	1770	9.33e-16	77.8
22_478	5_512	25.789	190	122	7	938	1111	1687	1873	1.00e-09	57.8
22_478	5_512	25.824	182	109	6	1187	1360	1713	1876	8.19e-06	45.1
22_478	5_387	23.358	274	161	12	121	381	551	788	2.70e-05	43.5
22_479	5_346	89.757	947	97	0	1	947	1	947	0.0	1721
22_479	5_299	38.144	97	51	4	815	908	110	200	5.13e-07	47.8
22_479	5_299	33.333	84	51	3	479	562	115	193	5.43e-04	38.1
22_479	5_267	27.703	148	92	5	783	928	90	224	6.52e-07	46.6
22_479	5_37	32.051	78	50	1	820	897	145	219	1.12e-06	45.8
22_479	5_37	30.000	80	54	1	479	558	145	222	4.34e-06	43.9
22_479	5_140	23.662	355	201	14	631	947	66	388	3.94e-06	44.7
22_479	5_140	27.811	169	101	6	470	619	258	424	1.82e-04	39.3
22_479	5_486	36.585	82	43	4	834	912	129	204	1.66e-05	42.7
22_479	5_368	30.625	160	94	7	412	565	538	686	5.84e-05	41.2
22_479	5_367	31.579	114	66	5	833	943	161	265	6.07e-05	40.4
22_479	5_300	36.905	84	44	4	826	906	121	198	2.22e-04	39.3
22_479	5_246	26.415	106	66	4	806	906	117	215	3.29e-04	38.5
22_479	5_240	36.986	73	43	2	487	558	226	296	7.61e-04	37.4
22_480	5_43	78.752	673	123	3	1	653	1	673	0.0	1096
22_480	5_460	21.942	515	380	11	10	510	6	512	3.65e-31	124
22_481	5_349	58.500	1147	415	9	1	1147	1	1086	0.0	1228
22_481	5_473	24.126	286	184	10	31	287	14	295	3.48e-10	58.5
22_481	5_515	24.605	569	302	29	62	562	63	572	1.84e-09	56.2
22_481	5_490	23.973	438	285	16	23	430	17	436	8.01e-08	50.8
22_481	5_351	23.333	240	141	8	23	226	12	244	1.22e-07	50.4
22_482	5_350	64.718	975	313	11	12	976	12	965	0.0	1108
22_482	5_472	23.398	359	209	16	20	336	22	356	4.04e-10	58.2
22_482	5_507	21.341	328	215	11	67	369	60	369	5.16e-04	38.1
22_483	5_229	82.200	691	123	0	1	691	1	691	0.0	1113
22_483	5_543	26.316	114	54	3	437	532	42	143	7.09e-04	37.0
22_484	5_453	71.520	467	111	3	1	450	1	462	0.0	660
22_485	5_80	86.083	503	70	0	1	503	1	503	0.0	889
22_485	5_246	28.210	514	327	11	12	501	11	506	4.34e-51	176
22_485	5_186	34.466	206	128	3	26	231	25	223	1.13e-23	94.4
22_485	5_186	29.070	86	61	0	407	492	136	221	3.99e-06	42.7
22_485	5_486	30.081	246	146	8	8	243	2	231	4.22e-13	66.2
22_485	5_300	30.583	206	125	7	19	221	15	205	1.37e-12	64.3
22_485	5_300	25.847	236	137	8	261	487	2	208	1.13e-07	48.5
22_485	5_299	30.882	204	119	7	12	211	6	191	3.59e-12	63.2
22_485	5_37	27.354	223	131	7	25	224	25	239	8.02e-12	60.5
22_485	5_37	22.120	217	154	4	277	484	26	236	8.08e-04	35.8
22_485	5_267	29.744	195	130	5	31	223	28	217	3.33e-10	55.5
22_485	5_267	25.962	208	129	10	282	484	28	215	8.00e-04	35.8
22_485	5_214	28.000	225	124	10	23	222	145	356	5.28e-09	52.8
22_485	5_214	25.217	230	154	5	274	493	143	364	4.88e-06	43.1
22_485	5_240	26.316	152	104	5	356	503	182	329	2.06e-08	50.8
22_485	5_480	30.601	183	105	8	26	201	355	522	3.09e-08	50.4
22_485	5_290	31.429	105	69	1	7	111	38	139	1.14e-07	48.5
22_485	5_290	25.000	88	65	1	407	493	508	595	5.52e-04	37.0
22_485	5_268	23.111	225	126	7	8	201	2	210	1.28e-07	48.5
22_485	5_268	32.432	74	47	2	149	222	453	523	5.70e-05	40.0
22_485	5_283	23.810	189	117	7	26	201	83	257	1.43e-07	47.8
22_485	5_283	22.667	225	150	7	272	491	78	283	1.87e-04	37.7
22_485	5_140	34.118	85	55	1	401	484	275	359	1.09e-06	45.4
22_485	5_368	26.882	93	61	2	399	487	610	699	2.24e-06	44.7
22_485	5_368	32.000	75	50	1	149	222	623	697	4.71e-04	37.0
22_485	5_286	22.857	210	139	7	26	220	30	231	5.50e-06	42.4
22_485	5_286	23.904	251	160	9	267	504	20	252	4.00e-05	39.7
22_485	5_481	26.705	176	109	8	36	205	363	524	5.51e-06	43.1
22_485	5_485	25.758	132	89	4	356	484	146	271	9.86e-06	42.0
22_485	5_367	24.138	232	146	8	277	493	33	249	1.51e-04	38.1
22_485	5_545	43.182	44	25	0	26	69	31	74	6.45e-04	35.8
22_486	5_307	75.789	570	137	1	1	570	1	569	0.0	819
22_486	5_454	42.623	61	33	2	227	286	157	216	3.59e-07	46.6
22_487	5_455	74.938	806	200	1	13	818	13	816	0.0	1280
22_487	5_482	27.464	619	331	23	253	808	250	813	7.02e-40	152
22_488	5_535	76.795	599	132	2	99	694	58	652	0.0	931
22_488	5_366	37.616	755	374	22	1	670	1	743	2.19e-139	422
22_488	5_483	26.437	435	282	13	156	554	208	640	2.20e-34	134
22_490	5_84	86.615	1412	188	1	1	1412	1	1411	0.0	2561
22_491	5_495	85.703	1217	173	1	1	1216	1	1217	0.0	2175
22_492	5_174	77.043	257	59	0	1	257	1	257	9.94e-145	400
22_493	5_467	70.343	408	121	0	1	408	1	408	0.0	590
22_494	5_514	56.044	546	225	7	1	540	1	537	0.0	580
22_494	5_359	33.925	451	233	11	3	420	12	430	2.43e-58	207
22_494	5_541	32.987	385	224	11	31	409	18	374	1.71e-41	155
22_495	5_301	80.592	979	190	0	1	979	1	979	0.0	1568
22_496	5_471	36.861	548	265	12	19	557	19	494	1.36e-99	306
22_496	5_511	25.124	605	367	22	2	556	3	571	7.09e-28	112
22_497	5_471	52.976	504	208	14	15	517	15	490	2.89e-156	450
22_497	5_511	28.107	523	326	21	26	519	69	570	1.62e-27	110
22_498	5_472	36.473	1242	654	33	17	1207	15	1172	0.0	643
22_498	5_489	25.410	244	171	6	15	258	16	248	4.34e-16	77.4
22_498	5_507	24.506	253	172	4	6	253	2	240	4.60e-15	74.7
22_499	5_473	43.391	1339	579	29	1	1294	1	1205	0.0	916
22_499	5_351	31.680	363	225	8	13	355	15	374	5.12e-46	175
22_499	5_351	29.148	223	143	4	733	951	525	736	1.99e-15	75.9
22_499	5_490	30.769	299	184	8	3	292	10	294	4.95e-30	123
22_499	5_490	34.973	183	96	6	747	919	546	715	1.77e-17	82.8
22_499	5_515	26.016	246	153	9	10	250	33	254	1.26e-13	70.1
22_499	5_510	27.311	238	150	6	3	235	2	221	4.14e-11	62.0
22_499	5_349	24.434	221	142	7	15	235	31	226	4.84e-07	48.5
22_500	5_326	86.154	65	9	0	1	65	828	892	3.30e-36	122
22_501	5_314	87.083	720	93	0	1	720	1	720	0.0	1310
22_502	5_552	94.985	339	17	0	16	354	1	339	0.0	672
22_508	5_276	70.283	212	63	0	1	212	1	212	2.47e-109	307
22_509	5_119	82.682	179	31	0	1	179	1	179	4.05e-110	306
22_510	5_230	76.842	95	22	0	1	95	1	95	1.91e-50	149
22_511	5_124	71.901	121	34	0	1	121	1	121	1.70e-42	131
22_512	5_132	82.403	233	38	1	1	230	1	233	4.22e-128	356
22_514	5_351	49.577	1065	430	21	4	1022	6	1009	0.0	918
22_514	5_490	29.496	834	519	26	3	805	10	805	2.68e-77	269
22_514	5_473	31.081	296	196	4	4	294	3	295	2.85e-38	149
22_514	5_473	30.366	191	104	7	533	718	738	904	7.92e-13	67.0
22_514	5_510	24.587	545	326	21	1	494	1	511	3.02e-13	68.6
22_514	5_515	25.896	251	164	8	24	267	40	275	5.91e-11	60.8
22_514	5_349	28.112	249	144	10	1	239	13	236	5.09e-10	57.8
22_514	5_509	39.506	81	45	1	779	859	495	571	8.19e-07	47.4
22_514	5_509	66.667	30	10	0	811	840	487	516	9.75e-05	40.8
22_515	5_239	84.733	524	80	0	1	524	1	524	0.0	861
22_515	5_400	22.072	444	298	15	10	442	5	411	1.78e-11	60.8
22_516	5_47	87.011	639	83	0	1	639	1	639	0.0	1129
22_516	5_331	45.101	643	328	10	5	638	3	629	1.31e-176	511
22_517	5_507	44.376	809	388	14	1	786	1	770	0.0	590
22_517	5_489	25.957	705	433	19	13	710	17	639	1.20e-48	178
22_517	5_472	33.058	242	138	7	16	239	14	249	2.26e-30	124
22_517	5_509	29.530	149	96	4	14	155	10	156	1.71e-11	62.8
22_517	5_493	26.316	152	97	5	13	151	9	158	1.10e-05	43.5
22_518	5_109	77.099	131	30	0	1	131	1	131	1.27e-72	208
22_519	5_111	92.047	679	54	0	1	679	2	680	0.0	1224
22_519	5_481	28.179	291	175	7	357	633	225	495	1.30e-13	68.2
22_519	5_186	30.070	143	79	4	500	634	38	167	4.16e-10	55.1
22_519	5_480	31.138	167	94	7	501	659	369	522	5.56e-10	56.6
22_519	5_545	28.804	184	118	5	463	641	6	181	1.28e-09	53.5
22_519	5_300	31.214	173	96	8	499	663	32	189	1.80e-09	55.1
22_519	5_283	27.381	168	106	7	501	659	97	257	6.44e-08	49.3
22_519	5_299	25.137	183	123	5	499	677	32	204	7.92e-07	46.6
22_519	5_267	27.746	173	104	7	499	660	35	197	1.03e-06	45.4
22_519	5_246	22.353	170	119	5	499	659	37	202	5.87e-05	40.4
22_519	5_499	42.857	42	23	1	501	541	22	63	1.02e-04	36.2
22_519	5_485	44.118	68	28	4	465	524	4	69	6.40e-04	37.0
22_521	5_360	71.377	1373	378	5	1	1362	1	1369	0.0	1933
22_521	5_352	68.062	1362	431	3	5	1362	5	1366	0.0	1797
22_523	5_368	73.806	775	202	1	1	774	1	775	0.0	1109
22_523	5_140	41.053	190	110	2	582	771	247	434	2.39e-42	154
22_523	5_140	38.144	97	56	2	22	115	61	156	8.61e-14	68.6
22_523	5_214	44.737	114	63	0	613	726	273	386	2.13e-30	120
22_523	5_214	30.000	100	65	2	29	123	148	247	5.29e-08	50.4
22_523	5_367	33.486	218	99	7	570	758	118	318	4.15e-26	105
22_523	5_367	32.584	89	51	4	24	106	30	115	2.78e-05	41.2
22_523	5_240	30.128	156	106	2	566	719	180	334	1.29e-19	87.0
22_523	5_240	43.243	37	21	0	18	54	20	56	1.66e-04	38.9
22_523	5_290	27.465	142	96	3	583	724	480	614	8.90e-18	82.0
22_523	5_290	30.435	92	53	3	4	95	38	118	4.49e-06	44.3
22_523	5_37	38.182	110	67	1	598	707	140	248	4.30e-16	74.3
22_523	5_37	44.828	29	16	0	21	49	20	48	5.34e-04	37.0
22_523	5_267	35.965	114	71	2	592	705	114	225	1.09e-15	72.8
22_523	5_267	27.143	70	46	1	27	96	23	87	7.53e-04	36.6
22_523	5_485	26.897	290	146	11	430	708	50	284	5.66e-15	72.0
22_523	5_283	31.683	101	68	1	606	706	188	287	1.03e-13	67.4
22_523	5_286	32.143	84	57	0	611	694	148	231	4.36e-13	64.7
22_523	5_186	31.461	89	60	1	614	702	133	220	1.12e-10	57.0
22_523	5_186	40.426	47	28	0	23	69	21	67	3.02e-07	47.0
22_523	5_300	33.735	83	53	1	615	697	127	207	1.49e-08	52.4
22_523	5_246	29.213	89	58	2	614	698	138	225	6.65e-08	50.1
22_523	5_246	29.545	88	61	1	615	702	410	496	1.60e-05	42.4
22_523	5_480	38.983	59	33	1	617	675	467	522	3.48e-07	47.8
22_523	5_486	29.524	105	66	2	617	721	129	225	6.61e-07	47.0
22_523	5_299	27.957	93	65	1	596	688	108	198	2.23e-06	45.4
22_523	5_80	27.059	85	55	2	617	698	407	487	5.79e-06	43.9
22_523	5_80	35.849	53	34	0	15	67	14	66	3.74e-04	38.1
22_523	5_545	37.313	67	38	2	611	677	137	199	5.38e-04	36.6
22_524	5_319	72.718	942	250	3	1	938	1	939	0.0	1400
22_526	5_94	84.375	64	10	0	1	64	1	64	4.69e-36	110
22_527	5_96	90.167	478	47	0	1	478	1	478	0.0	892
22_528	5_366	32.896	763	446	27	1	719	1	741	1.99e-86	284
22_528	5_535	29.848	660	393	24	99	724	9	632	3.90e-53	189
22_528	5_483	28.920	287	179	11	324	594	359	636	3.80e-21	92.8
22_529	5_432	86.250	240	33	0	1	240	1	240	4.56e-164	448
22_530	5_264	75.882	170	41	0	1	170	1	170	2.63e-93	263
22_531	5_434	50.260	384	140	11	251	619	313	660	2.23e-98	310
22_531	5_434	57.513	193	78	1	1	193	1	189	9.74e-63	214
22_532	5_512	44.310	1318	613	32	2	1299	1560	2776	0.0	974
22_532	5_512	28.426	197	124	5	126	318	899	1082	7.80e-11	62.4
22_533	5_483	77.410	726	154	3	115	831	35	759	0.0	1149
22_533	5_535	30.746	335	201	10	380	711	206	512	6.68e-34	133
22_533	5_366	29.664	327	192	12	381	695	301	601	1.08e-28	117
22_533	5_366	40.789	76	42	3	1	75	1	74	4.64e-10	57.4
22_533	5_434	54.321	81	37	0	271	351	232	312	1.10e-18	85.1
22_534	5_482	67.554	826	263	2	1	822	1	825	0.0	1159
22_534	5_455	25.584	856	493	33	21	806	21	802	7.74e-44	165
22_535	5_546	93.421	76	5	0	474	549	2	77	2.75e-33	116
22_536	5_246	93.164	512	35	0	1	512	1	512	0.0	951
22_536	5_80	29.825	513	329	11	11	511	12	505	2.56e-54	185
22_536	5_283	26.407	231	154	8	6	228	60	282	7.96e-16	72.8
22_536	5_283	31.579	76	52	0	412	487	199	274	1.99e-05	40.8
22_536	5_486	25.333	225	153	7	6	228	1	212	1.57e-15	73.9
22_536	5_486	27.488	211	125	8	282	487	16	203	1.85e-07	48.1
22_536	5_299	27.426	237	148	7	6	232	1	223	5.60e-15	72.0
22_536	5_299	28.643	199	118	6	277	472	11	188	6.04e-11	59.3
22_536	5_37	29.596	223	126	9	286	489	26	236	3.84e-14	67.8
22_536	5_37	23.843	281	167	10	21	267	22	289	1.66e-11	59.7
22_536	5_267	27.727	220	126	9	20	225	18	218	5.06e-13	63.9
22_536	5_267	25.926	216	139	8	282	492	19	218	2.04e-08	50.1
22_536	5_300	28.194	227	133	7	282	505	16	215	1.14e-12	64.7
22_536	5_300	26.866	201	130	7	29	227	24	209	2.07e-12	63.9
22_536	5_240	30.061	163	105	5	112	269	202	360	1.99e-12	63.5
22_536	5_240	28.431	102	68	3	6	107	10	106	1.49e-07	48.1
22_536	5_240	27.848	79	56	1	412	489	232	310	1.19e-05	42.0
22_536	5_186	25.243	206	135	5	21	221	21	212	3.53e-12	60.8
22_536	5_186	25.837	209	136	6	283	489	22	213	1.14e-09	53.5
22_536	5_545	29.545	220	114	7	2	206	8	201	4.52e-12	60.5
22_536	5_290	30.000	140	90	5	357	490	450	587	4.69e-11	59.7
22_536	5_290	26.496	117	78	4	133	246	500	611	2.92e-08	50.4
22_536	5_290	28.261	92	55	4	16	104	48	131	1.93e-06	44.7
22_536	5_290	28.070	114	70	5	266	379	40	141	1.41e-04	38.9
22_536	5_140	36.634	101	54	3	129	223	264	360	1.27e-10	57.8
22_536	5_140	36.709	79	49	1	412	489	281	359	6.33e-08	49.3
22_536	5_140	45.946	37	20	0	21	57	62	98	6.25e-05	39.7
22_536	5_286	25.316	237	153	10	22	245	27	252	1.70e-10	56.2
22_536	5_286	22.667	225	164	7	267	487	12	230	9.35e-09	50.8
22_536	5_485	25.830	271	144	12	29	246	30	296	5.57e-10	55.5
22_536	5_485	32.258	93	61	2	399	489	179	271	4.51e-07	46.2
22_536	5_214	26.638	229	128	7	282	487	142	353	7.86e-10	55.5
22_536	5_214	25.316	237	145	11	20	234	141	367	6.57e-09	52.4
22_536	5_368	31.068	103	61	3	129	225	601	699	7.77e-09	52.4
22_536	5_368	28.713	101	71	1	412	511	618	718	4.53e-06	43.5
22_536	5_268	20.543	516	301	17	6	446	1	482	1.05e-06	45.4
22_536	5_268	23.554	242	152	7	276	499	10	236	8.75e-05	39.3
22_536	5_367	26.728	217	133	9	32	230	40	248	3.55e-06	43.5
22_536	5_367	27.679	224	130	11	282	487	29	238	6.95e-05	39.3
22_536	5_480	23.671	207	134	6	6	205	336	525	2.10e-05	41.2
22_536	5_499	35.849	53	32	1	22	74	5	55	2.67e-05	37.4
22_536	5_111	22.951	183	125	5	27	202	487	660	5.83e-05	40.0
22_536	5_346	31.429	105	63	3	371	472	799	897	1.03e-04	39.3
22_536	5_481	26.923	182	118	7	37	215	365	534	1.06e-04	38.9
22_537	5_361	69.268	205	56	1	1	198	1	205	4.86e-90	258
22_538	5_245	87.838	296	36	0	1	296	1	296	0.0	508
22_539	5_503	57.820	211	89	0	63	273	18	228	5.97e-81	239
22_540	5_299	42.269	802	386	21	1	755	1	772	4.51e-169	501
22_540	5_300	48.866	485	232	7	1	476	1	478	5.99e-137	414
22_540	5_300	45.856	181	98	0	575	755	466	646	3.23e-37	142
22_540	5_486	32.371	797	462	17	1	755	1	762	2.40e-103	329
22_540	5_283	34.184	196	116	5	16	200	79	272	2.82e-24	99.0
22_540	5_80	31.771	192	118	4	7	186	13	203	3.73e-16	76.3
22_540	5_246	26.977	215	140	7	1	200	6	218	9.36e-16	75.1
22_540	5_246	25.439	228	146	7	11	217	277	501	1.38e-09	55.5
22_540	5_481	30.476	210	127	8	2	199	334	536	3.99e-14	70.1
22_540	5_480	27.861	201	133	6	1	194	336	531	1.73e-13	68.2
22_540	5_37	26.027	219	126	7	17	204	23	236	2.58e-13	65.9
22_540	5_267	28.972	214	129	7	1	197	1	208	2.56e-10	56.6
22_540	5_290	37.037	81	49	1	121	199	501	581	3.68e-10	57.8
22_540	5_290	34.409	93	58	1	2	91	39	131	7.95e-08	50.1
22_540	5_268	23.984	246	134	8	1	210	1	229	3.69e-10	57.4
22_540	5_268	24.762	210	144	6	1	203	319	521	5.43e-08	50.4
22_540	5_240	34.694	98	59	2	1	94	10	106	9.29e-10	55.8
22_540	5_240	36.145	83	47	3	126	204	230	310	1.60e-05	42.4
22_540	5_186	29.082	196	121	7	20	204	25	213	6.63e-09	51.6
22_540	5_140	32.979	94	59	2	114	204	267	359	8.94e-08	49.7
22_540	5_499	33.784	74	40	2	16	80	4	77	1.11e-07	44.7
22_540	5_368	32.432	74	48	1	126	197	616	689	1.14e-07	49.7
22_540	5_545	25.248	202	123	6	1	187	12	200	5.06e-07	45.8
22_540	5_485	37.838	74	40	2	21	94	27	94	2.08e-06	45.1
22_540	5_485	30.952	84	56	1	123	204	188	271	3.05e-06	44.3
22_540	5_214	23.832	214	122	9	21	197	147	356	2.31e-06	45.1
22_540	5_367	27.885	208	119	8	16	196	29	232	3.56e-06	44.3
22_540	5_286	29.333	75	51	1	127	199	153	227	5.16e-06	43.1
22_540	5_346	33.333	90	55	3	120	205	826	914	2.73e-05	42.0
22_540	5_346	27.152	151	94	6	64	199	417	566	2.86e-04	38.5
22_540	5_111	28.342	187	113	7	2	176	471	648	5.45e-05	40.8
22_540	5_530	26.638	229	109	10	369	547	89	308	1.53e-04	39.3
22_540	5_301	38.158	76	40	3	129	199	879	952	3.81e-04	38.1
22_541	5_299	38.778	802	418	16	1	759	1	772	1.05e-147	446
22_541	5_300	45.902	488	230	11	1	474	1	468	3.27e-112	350
22_541	5_300	48.438	128	62	1	636	759	519	646	2.48e-25	105
22_541	5_486	31.572	795	475	19	1	759	1	762	2.12e-93	303
22_541	5_80	30.531	226	136	6	2	210	8	229	1.53e-17	80.9
22_541	5_283	30.151	199	122	5	16	201	79	273	2.11e-15	72.4
22_541	5_246	26.633	199	133	5	17	202	22	220	1.01e-14	72.0
22_541	5_246	23.767	223	149	7	16	219	282	502	1.37e-05	42.7
22_541	5_481	27.919	197	124	7	14	199	347	536	1.74e-10	58.5
22_541	5_480	27.168	173	108	5	1	162	336	501	9.85e-10	55.8
22_541	5_268	24.352	193	106	4	1	159	1	187	1.27e-09	55.5
22_541	5_268	25.359	209	142	7	1	202	319	520	7.41e-05	40.4
22_541	5_240	31.633	98	62	2	1	94	10	106	2.79e-08	51.2
22_541	5_37	22.326	215	139	6	17	204	23	236	8.49e-08	48.9
22_541	5_485	32.432	111	53	5	21	118	27	128	1.77e-07	48.5
22_541	5_530	28.247	308	164	12	295	555	17	314	1.61e-06	45.4
22_541	5_186	27.368	190	127	7	6	187	10	196	4.11e-06	43.5
22_541	5_499	35.000	60	32	1	16	68	4	63	4.21e-06	40.0
22_541	5_267	25.688	218	145	8	1	204	1	215	2.40e-05	41.2
22_541	5_290	32.258	93	60	1	2	91	39	131	3.54e-05	41.6
22_541	5_545	31.111	90	54	2	1	90	12	93	7.32e-05	39.3
22_542	5_299	43.145	795	407	17	1	773	1	772	0.0	542
22_542	5_300	47.215	413	207	5	1	404	1	411	3.17e-106	334
22_542	5_300	39.153	189	114	1	585	773	459	646	3.31e-26	108
22_542	5_486	33.915	802	461	25	1	773	1	762	5.18e-102	326
22_542	5_283	31.963	219	132	6	1	204	60	276	5.32e-25	100
22_542	5_246	29.435	248	154	7	1	233	6	247	8.73e-22	94.4
22_542	5_246	28.270	237	147	9	4	218	267	502	1.38e-11	62.0
22_542	5_80	31.754	211	129	4	7	204	13	221	7.10e-19	85.1
22_542	5_80	26.316	228	139	8	2	204	261	484	9.88e-05	40.0
22_542	5_481	31.481	216	117	10	2	199	334	536	2.96e-17	80.1
22_542	5_480	28.708	209	135	7	1	200	336	539	3.39e-15	73.6
22_542	5_268	24.082	245	134	6	1	206	1	232	4.91e-15	73.2
22_542	5_268	32.394	71	46	1	129	199	449	517	2.80e-04	38.5
22_542	5_37	26.267	217	128	8	17	204	23	236	8.41e-15	70.5
22_542	5_545	29.146	199	119	6	1	187	12	200	2.98e-12	61.6
22_542	5_240	30.233	172	93	5	1	148	10	178	4.43e-12	63.2
22_542	5_267	28.767	219	137	9	1	204	1	215	1.52e-11	60.1
22_542	5_286	26.087	230	134	8	1	202	9	230	2.85e-10	56.2
22_542	5_290	36.250	80	49	1	128	205	508	587	7.49e-10	56.6
22_542	5_290	34.234	111	69	2	2	109	39	148	2.87e-09	54.7
22_542	5_186	28.837	215	136	8	1	204	5	213	7.84e-10	54.7
22_542	5_214	26.168	214	117	9	21	197	147	356	5.20e-09	53.5
22_542	5_368	33.750	80	51	1	127	204	617	696	8.30e-09	53.1
22_542	5_485	32.039	103	67	2	104	204	170	271	9.18e-09	52.4
22_542	5_485	38.542	96	47	3	2	94	8	94	2.40e-08	51.2
22_542	5_140	33.333	81	50	2	127	204	280	359	8.54e-08	49.7
22_542	5_367	26.636	214	130	6	16	204	29	240	1.68e-06	45.1
22_542	5_499	32.432	74	41	2	16	80	4	77	2.72e-06	40.8
22_542	5_346	34.831	89	52	4	120	203	826	913	5.40e-06	44.3
22_542	5_346	28.571	147	87	6	69	199	422	566	2.82e-05	42.0
22_542	5_111	39.683	63	30	2	127	185	603	661	1.64e-05	42.4
22_542	5_301	40.000	60	32	1	129	184	879	938	1.77e-04	39.3
22_544	5_353	44.847	359	184	4	31	380	2	355	9.36e-80	244
22_546	5_417	75.926	216	52	0	1	216	1	216	5.86e-108	304
22_547	5_209	80.460	174	34	0	1	174	1	174	7.99e-105	293
22_548	5_208	67.857	140	41	1	1	140	1	136	2.11e-55	165
22_549	5_415	80.672	238	46	0	1	238	1	238	4.48e-132	367
22_549	5_106	28.750	80	53	2	81	156	46	125	6.03e-04	34.3
22_550	5_28	76.950	564	130	0	1	564	1	564	0.0	900
22_550	5_410	28.452	239	147	8	14	238	18	246	1.93e-14	70.1
22_550	5_410	32.353	102	64	3	441	541	350	447	5.08e-06	43.5
22_550	5_136	24.670	227	151	9	29	245	67	283	2.00e-07	47.8
22_550	5_136	43.590	39	22	0	497	535	444	482	6.74e-07	46.2
22_551	5_27	70.561	428	126	0	1	428	1	428	0.0	618
22_552	5_24	80.392	408	80	0	1	408	1	408	0.0	687
22_553	5_435	82.602	615	107	0	1	615	1	615	0.0	1061
22_554	5_406	34.825	827	438	29	1	778	1	775	1.19e-108	346
22_554	5_468	35.266	828	424	32	1	776	1	768	7.51e-103	330
22_554	5_428	32.026	612	318	20	220	779	3	568	1.08e-57	202
22_554	5_497	35.780	218	136	4	1	216	1	216	5.78e-38	135
22_554	5_405	43.284	67	31	2	14	73	9	75	1.29e-08	47.4
22_556	5_549	49.466	281	129	6	22	293	1	277	3.66e-85	256
22_556	5_469	39.173	411	206	12	1	394	170	553	8.95e-81	253
22_556	5_548	32.087	321	142	13	22	293	1	294	1.27e-30	114
22_556	5_517	89.130	46	5	0	1	46	57	102	2.91e-22	85.5
22_558	5_217	63.774	265	96	0	1	265	1	265	2.67e-118	334
22_559	5_216	78.322	286	61	1	1	286	1	285	2.29e-160	442
22_560	5_516	43.590	351	181	6	1	342	207	549	7.95e-84	261
22_561	5_496	98.341	422	7	0	1	422	1	422	0.0	841
22_562	5_516	97.652	511	11	1	1	511	79	588	0.0	995
22_564	5_507	46.573	715	345	9	1	708	12	696	0.0	565
22_564	5_489	27.046	721	436	19	2	708	17	661	4.92e-61	211
22_564	5_472	29.121	364	218	8	2	328	15	375	3.71e-28	115
22_564	5_493	24.022	358	214	16	2	325	9	342	1.89e-06	45.4
22_565	5_516	45.429	350	166	7	1	337	207	544	2.40e-86	268
22_566	5_326	86.154	65	9	0	1	65	828	892	6.77e-36	121
22_567	5_363	83.110	373	63	0	1	373	30	402	0.0	631
22_570	5_343	52.747	91	43	0	1	91	13	103	4.06e-26	94.7
22_571	5_326	77.108	83	19	0	1	83	770	852	8.62e-42	139
22_576	5_273	69.962	263	79	0	1	263	1	263	1.58e-131	368
22_576	5_55	32.576	132	79	6	26	150	143	271	8.39e-08	46.6
22_576	5_55	30.400	125	63	5	48	165	110	217	1.68e-07	45.8
22_577	5_502	79.167	288	60	0	1	288	1	288	4.83e-158	437
22_578	5_438	77.606	259	58	0	1	259	1	259	4.33e-157	432
22_580	5_22	60.465	172	66	1	1	172	1	170	1.77e-70	206
22_582	5_492	67.420	752	223	6	1	746	1	736	0.0	984
22_582	5_231	25.699	751	467	23	6	733	16	698	2.67e-48	176
22_583	5_322	86.615	650	87	0	12	661	12	661	0.0	1144
22_585	5_485	73.177	384	103	0	1	384	1	384	0.0	557
22_585	5_240	29.651	344	166	9	18	304	22	346	7.27e-33	122
22_585	5_290	43.902	123	69	0	180	302	495	617	3.80e-31	119
22_585	5_290	32.743	113	67	2	7	110	38	150	2.50e-12	62.8
22_585	5_267	24.913	289	159	7	8	292	2	236	6.42e-15	68.9
22_585	5_368	34.066	91	60	0	194	284	619	709	1.31e-14	70.1
22_585	5_286	27.372	274	148	7	2	270	4	231	7.00e-14	65.9
22_585	5_140	31.111	90	62	0	194	283	282	371	7.88e-14	67.0
22_585	5_283	33.663	101	66	1	171	271	177	276	3.74e-13	63.9
22_585	5_214	24.571	175	122	3	175	343	259	429	4.83e-13	64.7
22_585	5_367	21.908	283	172	6	8	283	12	252	3.16e-11	58.5
22_585	5_186	31.933	119	77	2	156	271	96	213	4.45e-10	54.3
22_585	5_299	33.333	96	61	2	170	264	105	198	9.45e-10	54.7
22_585	5_299	40.000	75	38	3	27	94	21	95	1.54e-07	47.8
22_585	5_37	24.373	279	153	11	8	272	3	237	1.63e-09	53.1
22_585	5_300	57.143	49	21	0	8	56	2	50	1.65e-09	53.9
22_585	5_300	37.500	80	46	2	193	271	129	205	1.60e-08	50.8
22_585	5_486	34.343	99	60	3	172	268	107	202	2.56e-09	53.1
22_585	5_486	30.526	95	59	2	8	95	2	96	3.54e-04	37.0
22_585	5_246	26.545	275	139	12	29	296	28	246	2.95e-09	52.8
22_585	5_246	29.114	79	55	1	193	271	412	489	5.13e-06	42.7
22_585	5_80	25.746	268	153	13	7	271	260	484	1.33e-08	50.8
22_585	5_481	24.906	265	129	10	7	264	333	534	2.42e-06	43.9
22_585	5_480	25.882	85	55	2	172	251	441	522	1.54e-04	38.1
22_585	5_545	45.833	48	26	0	8	55	13	60	3.24e-04	36.2
22_585	5_268	33.333	60	39	1	8	66	2	61	3.29e-04	37.0
22_585	5_155	27.481	131	90	2	27	154	150	278	4.54e-04	36.2
22_585	5_499	48.649	37	18	1	20	56	3	38	5.21e-04	33.5
22_585	5_111	26.432	227	103	11	6	226	469	637	8.37e-04	35.8
22_586	5_231	64.799	696	236	4	10	703	10	698	0.0	921
22_586	5_492	28.297	417	249	13	16	403	6	401	2.75e-35	137
22_586	5_492	31.034	174	111	4	531	697	549	720	1.25e-16	78.2
22_587	5_375	69.681	752	202	5	6	744	3	741	0.0	1038
22_588	5_450	76.355	664	157	0	1	664	1	664	0.0	1055
22_589	5_443	93.266	594	39	1	1	593	1	594	0.0	1110
22_589	5_272	27.846	650	336	21	15	581	14	613	2.47e-44	163
22_589	5_498	42.647	68	33	2	311	378	22	83	8.49e-09	47.8
22_610	5_539	76.371	474	110	1	2	473	13	486	0.0	721
22_611	5_520	66.279	86	29	0	1	86	1	86	1.81e-37	115
22_613	5_64	41.558	77	38	3	1	73	1	74	5.14e-12	54.3
22_614	5_445	73.367	199	53	0	6	204	25	223	4.81e-107	301
22_615	5_219	87.616	646	80	0	1	646	20	665	0.0	1177
22_615	5_8	24.928	349	211	15	306	643	9	317	2.34e-09	53.9
22_615	5_191	27.536	207	117	7	306	509	9	185	1.67e-08	51.2
22_616	5_233	79.167	48	10	0	1	48	43	90	1.94e-23	79.0
22_619	5_347	54.924	528	157	7	6	512	5	472	2.30e-167	477
22_620	5_416	69.323	251	77	0	1	251	2	252	9.40e-127	355
22_620	5_178	24.123	228	159	6	34	251	5	228	1.72e-05	39.3
22_622	5_151	33.028	109	69	1	18	126	43	147	1.94e-12	55.5
22_622	5_357	34.286	70	45	1	44	112	24	93	2.45e-06	38.5
22_623	5_532	51.163	43	21	0	9	51	193	235	3.07e-10	48.1
22_624	5_26	72.509	291	79	1	1	291	1	290	1.35e-151	421
22_626	5_433	66.107	298	98	2	1	298	1	295	1.93e-142	398
22_626	5_224	28.832	274	163	8	22	289	6	253	4.63e-20	82.4
22_626	5_376	24.912	285	184	9	23	295	11	277	1.35e-13	64.7
22_626	5_137	26.493	268	161	12	23	278	6	249	1.28e-12	61.2
22_626	5_41	23.661	224	146	6	59	277	43	246	7.87e-05	37.7
22_626	5_396	22.008	259	180	5	24	280	8	246	6.82e-04	35.4
22_628	5_52	55.872	281	123	1	1	280	1	281	3.93e-108	310
22_631	5_150	85.165	182	27	0	1	182	258	439	2.31e-112	322
22_635	5_265	33.221	596	339	15	198	776	186	739	9.48e-80	281
22_642	5_56	78.161	174	38	0	1	174	1	174	4.35e-98	276
22_643	5_479	96.913	583	17	1	1	583	1	582	0.0	1150
22_645	5_91	79.017	753	158	0	1	753	1	753	0.0	1227
22_648	5_545	66.049	162	55	0	1	162	59	220	1.76e-75	220
22_648	5_480	35.669	157	88	4	1	150	383	533	1.57e-19	79.3
22_648	5_481	30.968	155	96	5	2	150	382	531	1.04e-09	50.8
22_648	5_267	29.825	171	107	5	2	163	52	218	9.92e-08	44.7
22_648	5_111	27.338	139	90	3	7	137	521	656	3.97e-07	43.5
22_648	5_240	32.258	93	53	2	57	145	210	296	4.51e-06	40.0
22_648	5_485	32.836	67	41	1	83	145	191	257	2.44e-05	38.1
22_648	5_486	33.945	109	48	7	72	166	110	208	4.90e-04	34.3
22_648	5_290	34.848	66	37	2	83	144	506	569	7.45e-04	33.9
22_650	5_384	48.308	650	289	8	2	608	5	650	0.0	586
22_650	5_383	53.846	455	183	8	155	602	88	522	1.29e-164	476
22_650	5_528	33.068	629	363	13	1	593	5	611	4.58e-97	304
22_650	5_398	30.706	609	321	16	8	594	7	536	2.27e-70	231
22_650	5_399	29.147	621	323	19	8	594	7	544	6.42e-62	209
22_650	5_309	28.059	474	262	13	166	592	92	533	9.24e-47	168
22_651	5_511	56.604	583	233	8	11	588	7	574	0.0	603
22_651	5_471	25.895	475	290	15	142	581	42	489	3.18e-20	88.6
22_652	5_23	82.770	296	51	0	1	296	1	296	0.0	507
22_653	5_64	55.682	176	78	0	1	176	280	455	9.50e-67	206
22_654	5_64	37.815	238	120	7	1	225	1	223	1.02e-35	126
22_655	5_149	72.165	97	27	0	1	97	1	97	1.43e-48	144
22_656	5_150	83.399	253	42	0	1	253	1	253	4.62e-153	428
22_659	5_503	43.925	214	115	2	21	233	20	229	5.68e-52	163
22_663	5_469	71.154	104	30	0	8	111	5	108	5.11e-44	145
22_666	5_49	100.000	78	0	0	1	78	57	134	1.69e-52	156
22_668	5_28	58.333	84	35	0	4	87	479	562	2.62e-29	103
22_670	5_508	60.577	416	145	4	2	405	9	417	1.09e-146	418
22_671	5_246	36.062	513	303	9	10	507	6	508	3.28e-99	303
22_671	5_80	29.741	501	315	13	15	497	12	493	7.45e-55	187
22_671	5_545	31.754	211	111	9	13	214	15	201	4.12e-17	75.1
22_671	5_186	31.604	212	114	6	26	228	22	211	1.66e-16	73.6
22_671	5_186	27.523	218	130	6	277	488	18	213	2.81e-16	73.2
22_671	5_267	29.439	214	128	7	25	231	19	216	8.47e-16	72.4
22_671	5_267	35.052	97	58	4	411	504	138	232	7.53e-10	54.3
22_671	5_299	25.940	266	161	8	12	272	3	237	9.48e-16	74.7
22_671	5_299	30.588	85	58	1	399	483	117	200	3.30e-07	47.4
22_671	5_486	28.302	212	114	7	20	220	11	195	2.12e-15	73.6
22_671	5_486	33.333	78	51	1	406	483	124	200	7.59e-07	46.2
22_671	5_37	25.322	233	143	7	23	235	20	241	6.22e-15	70.1
22_671	5_37	23.581	229	151	8	281	495	23	241	3.06e-10	55.8
22_671	5_300	27.523	218	140	5	12	228	3	203	7.88e-15	71.6
22_671	5_300	25.926	108	77	2	395	502	113	217	1.49e-08	51.6
22_671	5_140	35.294	102	61	3	411	509	281	380	5.51e-14	68.2
22_671	5_140	31.034	87	59	1	153	238	281	367	1.65e-05	41.6
22_671	5_140	36.667	60	37	1	275	334	57	115	4.33e-04	37.0
22_671	5_268	25.431	232	152	6	12	228	3	228	8.13e-14	68.2
22_671	5_368	34.000	100	65	1	411	509	618	717	1.46e-13	67.8
22_671	5_368	31.884	69	46	1	12	79	9	77	6.40e-05	40.0
22_671	5_368	28.571	77	54	1	157	232	622	698	5.43e-04	37.0
22_671	5_214	27.823	248	154	9	5	232	115	357	2.08e-13	66.6
22_671	5_214	29.412	102	69	2	393	491	257	358	3.56e-09	53.1
22_671	5_367	29.864	221	139	6	23	232	27	242	6.67e-13	64.3
22_671	5_367	31.765	85	57	1	405	488	156	240	2.43e-05	40.8
22_671	5_283	28.700	223	125	10	20	228	72	274	3.69e-12	61.6
22_671	5_283	25.301	83	62	0	409	491	197	279	9.89e-07	45.1
22_671	5_290	33.333	81	53	1	409	488	506	586	4.86e-12	62.8
22_671	5_290	25.253	99	66	1	13	111	41	131	6.24e-08	49.7
22_671	5_290	30.303	99	58	3	151	239	506	603	5.61e-06	43.1
22_671	5_240	25.385	130	95	2	381	509	203	331	9.52e-12	61.2
22_671	5_240	29.825	114	76	2	130	239	209	322	6.89e-11	58.5
22_671	5_240	29.825	114	72	1	1	114	1	106	7.46e-11	58.5
22_671	5_286	26.201	229	149	6	25	244	26	243	6.31e-11	57.4
22_671	5_286	25.571	219	137	7	281	487	27	231	2.99e-09	52.4
22_671	5_480	26.804	194	118	6	25	213	351	525	9.46e-09	52.0
22_671	5_485	26.829	82	59	1	408	488	190	271	3.27e-08	50.1
22_671	5_485	22.420	281	172	9	18	252	15	295	3.04e-07	47.0
22_671	5_481	25.616	203	116	8	25	216	349	527	3.94e-07	47.0
22_671	5_346	29.870	77	50	2	410	483	833	908	1.12e-05	42.4
22_671	5_346	31.250	80	52	1	152	228	833	912	4.42e-04	37.4
22_671	5_111	25.000	200	114	8	26	205	473	656	2.22e-04	38.1
22_672	5_481	55.866	358	158	0	6	363	179	536	4.08e-129	375
22_672	5_480	33.645	214	133	5	154	363	330	538	1.41e-27	108
22_672	5_267	30.374	214	129	7	161	361	2	208	7.23e-15	68.6
22_672	5_545	29.858	211	130	6	156	358	8	208	1.02e-14	67.4
22_672	5_111	29.394	330	189	16	44	348	350	660	4.29e-13	64.7
22_672	5_299	31.553	206	102	10	176	363	16	200	1.66e-11	60.1
22_672	5_300	31.100	209	128	7	161	363	2	200	1.71e-11	59.7
22_672	5_486	26.768	198	118	9	176	361	16	198	3.43e-07	46.6
22_672	5_283	29.612	206	118	12	174	363	77	271	4.13e-07	45.4
22_672	5_186	27.136	199	126	8	163	351	8	197	4.24e-07	45.1
22_672	5_80	26.519	181	123	4	180	351	26	205	5.54e-06	42.4
22_672	5_268	39.130	46	28	0	176	221	16	61	1.75e-05	40.8
22_672	5_246	25.581	215	144	9	161	363	7	217	2.24e-05	40.4
22_672	5_499	40.000	50	28	2	174	222	2	50	2.93e-05	37.0
22_672	5_290	31.818	66	44	1	157	222	35	99	2.48e-04	37.4
22_672	5_214	25.446	224	117	8	163	347	123	335	3.33e-04	36.6
22_672	5_240	28.205	78	47	2	173	250	22	90	6.02e-04	35.8
22_672	5_140	23.853	109	80	1	149	254	32	140	6.74e-04	35.8
22_673	5_551	81.046	153	29	0	63	215	1	153	7.33e-91	258
22_674	5_315	74.224	419	108	0	1	419	47	465	0.0	628
22_675	5_528	52.607	633	265	11	7	626	3	613	0.0	600
22_675	5_384	43.779	434	223	6	209	624	205	635	1.08e-112	347
22_675	5_383	38.958	480	282	6	151	624	39	513	5.25e-108	332
22_675	5_398	33.640	544	295	16	115	623	22	534	1.92e-70	232
22_675	5_399	33.666	401	225	7	252	623	154	542	2.64e-58	200
22_675	5_309	30.496	423	244	9	243	623	119	533	1.89e-45	164
22_676	5_506	61.597	263	101	0	1	263	1	263	4.33e-100	288
22_676	5_166	36.250	80	44	3	115	188	7	85	4.26e-06	42.0
22_676	5_138	32.609	92	55	4	86	172	192	281	8.29e-05	37.7
22_676	5_108	39.189	74	37	4	113	179	7	79	1.36e-04	37.0
22_676	5_392	42.857	35	20	0	110	144	2	36	2.40e-04	36.2
22_677	5_540	77.249	378	86	0	1	378	1	378	0.0	556
22_681	5_469	64.254	456	130	11	1	445	125	558	0.0	536
22_681	5_549	58.123	277	107	2	67	334	1	277	1.94e-109	319
22_681	5_517	80.220	91	18	0	1	91	12	102	1.39e-47	154
22_681	5_548	35.831	307	145	14	67	334	1	294	1.67e-31	117
22_682	5_440	65.333	150	52	0	1	150	537	686	3.88e-63	200
22_683	5_202	74.688	320	80	1	1	320	8	326	1.29e-174	481
22_684	5_362	32.704	159	102	3	264	421	20	174	2.06e-11	60.5
22_684	5_362	26.761	142	104	0	443	584	267	408	4.50e-09	53.1
22_685	5_418	74.321	405	104	0	1	405	7	411	0.0	626
22_686	5_521	72.193	187	40	3	30	216	81	255	1.72e-87	254
22_687	5_387	64.346	1666	528	19	11	1663	12	1624	0.0	2041
22_687	5_387	22.941	1020	565	41	463	1362	950	1868	5.37e-11	62.4
22_687	5_387	28.251	223	128	11	471	670	2864	3077	4.05e-05	42.7
22_687	5_512	30.556	108	72	2	1249	1353	1513	1620	7.62e-04	38.5
22_689	5_537	78.607	201	43	0	1	201	1	201	1.23e-115	322
22_690	5_542	74.544	931	233	3	1	930	18	945	0.0	1413
22_691	5_469	74.713	435	101	3	1	428	125	557	0.0	661
22_691	5_549	40.418	287	131	11	67	323	1	277	1.38e-47	159
22_691	5_517	79.121	91	19	0	1	91	12	102	2.44e-47	153
22_691	5_548	34.106	302	146	10	67	323	1	294	2.78e-32	119
