30_0	8_0	100.000	220	0	0	1	220	1	220	1.17e-157	430
30_1	8_22	100.000	160	0	0	1	160	1	160	2.98e-112	311
30_2	8_489	100.000	227	0	0	1	227	1	227	5.24e-165	449
30_3	8_191	99.438	356	2	0	1	356	1	356	0.0	719
30_4	8_168	99.558	679	3	0	1	679	1	679	0.0	1335
30_4	8_509	24.570	407	263	15	272	655	122	507	2.54e-15	73.9
30_4	8_477	28.179	291	175	7	357	633	225	495	7.64e-14	69.3
30_4	8_648	29.448	326	183	16	349	653	44	343	2.43e-13	66.6
30_4	8_508	31.797	217	112	11	458	659	315	510	3.04e-11	60.8
30_4	8_478	32.143	168	91	7	501	659	369	522	4.53e-11	60.5
30_4	8_342	29.193	161	93	4	500	652	38	185	2.07e-10	56.2
30_4	8_246	32.000	175	92	9	499	663	32	189	5.49e-09	53.9
30_4	8_576	29.861	144	87	6	501	637	94	230	6.55e-09	52.4
30_4	8_475	31.176	170	93	7	499	659	365	519	8.68e-09	53.1
30_4	8_90	25.243	206	129	8	470	660	2	197	2.44e-07	47.4
30_4	8_263	30.814	172	91	6	499	660	32	185	1.15e-06	46.2
30_4	8_238	38.333	60	37	0	601	660	127	186	1.50e-06	45.8
30_4	8_67	27.322	183	105	6	499	671	32	196	2.36e-06	43.9
30_4	8_245	24.590	183	124	5	499	677	32	204	3.62e-06	44.7
30_4	8_585	26.829	205	115	9	470	660	2	185	2.59e-05	42.0
30_4	8_126	25.217	230	125	12	470	666	2	217	4.72e-05	40.8
30_4	8_20	44.000	50	24	1	602	647	127	176	5.85e-05	40.8
30_4	8_383	23.529	170	117	5	499	659	37	202	5.89e-05	40.8
30_4	8_18	38.095	63	31	2	602	660	127	185	8.71e-05	40.4
30_4	8_16	37.931	58	32	1	594	647	119	176	1.21e-04	39.7
30_4	8_89	24.870	193	103	9	497	659	36	216	1.32e-04	38.9
30_4	8_17	42.000	50	25	1	602	647	127	176	2.16e-04	38.9
30_4	8_279	25.568	176	113	6	499	660	42	213	2.71e-04	37.7
30_4	8_239	33.898	59	39	0	602	660	127	185	5.63e-04	37.7
30_5	8_156	99.200	250	2	0	1	250	1	250	0.0	502
30_5	8_503	30.542	203	130	4	3	203	121	314	1.53e-17	75.5
30_6	8_236	97.200	250	7	0	1	250	1	250	1.12e-172	471
30_7	8_369	96.310	542	20	0	1	542	1	542	0.0	1054
30_8	8_503	98.551	345	5	0	1	345	1	345	0.0	695
30_8	8_156	30.542	203	130	4	121	314	3	203	3.12e-17	75.1
30_9	8_25	98.985	197	2	0	1	197	3	199	4.71e-139	381
30_10	8_129	99.860	715	1	0	1	715	1	715	0.0	1437
30_11	8_572	97.260	584	15	1	1	583	1	584	0.0	1150
30_12	8_606	98.380	1975	32	0	1	1975	1	1975	0.0	3877
30_13	8_250	98.291	117	2	0	1	117	1	117	1.45e-80	227
30_14	8_552	94.805	693	36	0	1	693	1	693	0.0	1319
30_14	8_554	97.273	110	3	0	584	693	106	215	5.36e-66	212
30_14	8_554	91.892	111	9	0	1	111	1	111	6.28e-61	198
30_14	8_624	42.169	83	42	3	609	689	1	79	8.50e-14	62.0
30_15	8_609	95.349	559	17	3	1	554	1	555	0.0	1070
30_15	8_274	50.087	573	216	12	1	552	1	524	4.55e-175	500
30_15	8_326	28.458	629	347	19	1	554	1	601	2.65e-68	227
30_15	8_661	34.932	438	242	14	128	550	233	642	2.46e-67	225
30_15	8_558	31.148	427	241	12	163	554	130	538	6.76e-51	178
30_16	8_337	98.693	459	6	0	1	459	1	459	0.0	932
30_17	8_389	98.682	607	8	0	1	607	1	607	0.0	1207
30_18	8_400	99.885	870	1	0	1	870	1	870	0.0	1750
30_19	8_564	98.655	818	11	0	1	818	1	818	0.0	1654
30_19	8_473	26.248	621	341	21	251	808	244	810	5.23e-41	156
30_20	8_473	99.027	822	8	0	1	822	1	822	0.0	1662
30_20	8_564	25.848	619	338	19	244	806	251	804	3.22e-33	132
30_21	8_624	96.250	80	3	0	52	131	1	80	6.08e-53	157
30_21	8_554	44.048	84	41	3	52	131	131	212	2.47e-15	64.7
30_21	8_552	40.476	84	44	3	52	131	609	690	1.48e-13	61.2
30_23	8_619	98.857	175	2	0	1	175	1	175	4.94e-122	337
30_24	8_326	96.248	613	22	1	1	612	1	613	0.0	1204
30_24	8_661	38.215	437	249	5	163	597	226	643	1.66e-99	312
30_24	8_609	29.630	621	337	20	8	600	7	555	1.89e-71	235
30_24	8_274	29.550	467	257	11	165	596	93	522	7.56e-58	198
30_24	8_558	29.372	446	249	11	198	600	116	538	1.47e-48	173
30_25	8_418	96.512	86	3	0	1	86	1	86	1.66e-58	169
30_26	8_664	99.355	930	6	0	46	975	1	930	0.0	1854
