0_0	4_221	99.857	699	1	0	1	699	1	699	0.0	1414
0_0	4_504	25.984	762	432	26	16	692	6	720	1.67e-44	165
0_1	4_505	99.068	322	3	0	1	322	1	322	0.0	648
0_2	4_506	99.862	725	1	0	1	725	1	725	0.0	1468
0_2	4_242	38.624	189	111	4	481	667	205	390	6.66e-35	132
0_2	4_242	47.423	97	51	0	39	135	11	107	1.24e-22	95.9
0_2	4_491	40.146	137	82	0	481	617	166	302	3.81e-31	120
0_2	4_491	30.088	113	70	2	38	150	7	110	3.47e-11	60.1
0_2	4_46	25.735	136	99	2	481	614	590	725	2.34e-17	80.9
0_2	4_46	28.049	164	100	5	42	204	12	158	2.65e-07	48.5
0_2	4_391	38.298	94	57	1	501	594	274	366	9.41e-17	77.8
0_2	4_391	29.688	128	75	3	33	145	38	165	7.72e-10	56.2
0_2	4_201	32.432	111	74	1	505	614	274	384	1.81e-14	70.9
0_2	4_382	31.776	107	72	1	486	592	116	221	8.56e-13	63.9
0_2	4_382	31.915	94	55	3	50	137	16	106	1.06e-05	42.4
0_2	4_383	25.806	155	88	3	501	655	152	279	2.32e-12	63.2
0_2	4_383	32.143	84	38	3	53	117	22	105	2.67e-06	44.3
0_2	4_284	32.292	96	63	2	500	594	127	221	5.41e-11	58.2
0_2	4_263	34.409	93	54	2	498	587	402	490	2.22e-10	58.2
0_2	4_263	29.213	89	58	2	500	584	133	220	1.19e-07	49.3
0_2	4_263	29.348	92	54	4	48	131	16	104	1.17e-06	46.2
0_2	4_354	32.967	91	59	1	498	588	119	207	1.20e-09	55.8
0_2	4_354	33.333	99	58	3	39	134	2	95	8.00e-07	46.6
0_2	4_353	31.897	116	70	2	474	589	102	208	1.43e-09	55.8
0_2	4_353	32.673	101	60	2	39	136	2	97	2.65e-07	48.5
0_2	4_473	34.146	82	53	1	503	584	194	274	2.38e-09	53.9
0_2	4_473	31.707	82	46	2	58	131	84	163	2.17e-07	47.8
0_2	4_271	29.358	109	76	1	505	612	159	267	9.66e-09	52.4
0_2	4_271	25.899	139	83	6	30	151	4	139	4.49e-04	37.4
0_2	4_484	33.766	77	51	0	508	584	154	230	1.34e-08	51.2
0_2	4_489	30.357	112	75	2	39	149	2	111	3.11e-08	51.2
0_2	4_489	31.081	74	49	1	508	581	129	200	1.50e-05	42.7
0_2	4_64	30.476	105	70	1	38	139	7	111	5.40e-08	50.4
0_2	4_64	25.974	77	56	1	508	584	407	482	7.02e-04	37.0
0_2	4_533	34.247	73	48	0	36	108	322	394	6.63e-07	47.0
0_2	4_533	29.545	132	77	7	448	572	393	515	5.96e-05	40.4
0_2	4_389	35.088	57	37	0	39	95	2	58	9.48e-07	46.2
0_2	4_389	23.810	84	60	1	504	587	152	231	4.91e-05	40.8
0_2	4_468	27.778	90	61	2	493	581	452	538	1.43e-06	45.8
0_2	4_469	33.333	66	43	1	36	100	331	396	2.71e-05	41.6
0_2	4_346	25.301	83	59	1	36	115	324	406	2.71e-04	38.5
0_3	4_510	100.000	220	0	0	117	336	1	220	3.59e-156	431
0_3	4_548	25.083	303	205	10	36	336	22	304	9.30e-14	65.5
0_4	4_511	99.678	931	3	0	1	931	1	931	0.0	1839
0_4	4_526	27.523	218	124	7	9	225	17	201	2.62e-08	52.4
0_4	4_349	22.680	388	252	14	2	352	7	383	1.36e-05	43.5
0_4	4_529	30.864	162	92	7	60	208	55	209	2.20e-05	42.7
0_5	4_496	99.427	872	5	0	1	872	1	872	0.0	1731
0_5	4_512	100.000	59	0	0	879	937	1	59	1.50e-35	123
0_5	4_348	25.714	245	153	5	1	221	10	249	6.75e-15	73.9
0_5	4_236	24.936	393	233	13	7	361	26	394	9.58e-14	70.1
0_5	4_497	27.500	240	152	8	1	220	18	255	7.61e-11	60.5
0_5	4_232	25.835	569	339	24	30	560	62	585	6.26e-09	54.3
0_5	4_530	27.426	237	147	7	3	224	13	239	1.60e-08	53.1
0_6	4_495	99.371	159	1	0	1	159	1	159	1.41e-116	321
0_6	4_202	32.500	120	78	2	22	140	15	132	8.00e-11	52.0
0_7	4_0	100.000	96	0	0	1	96	1	96	9.32e-66	188
0_8	4_494	99.830	589	1	0	1	589	1	589	0.0	1145
0_8	4_403	26.087	460	272	17	51	492	10	419	1.99e-21	92.4
0_9	4_493	99.714	350	1	0	1	350	1	350	0.0	715
0_10	4_492	99.516	620	3	0	1	620	1	620	0.0	1243
0_11	4_491	99.741	386	1	0	1	386	1	386	0.0	760
0_11	4_242	32.059	340	185	10	5	304	8	341	4.39e-38	137
0_11	4_506	40.146	137	82	0	166	302	481	617	2.07e-31	120
0_11	4_506	30.088	113	70	2	7	110	38	150	1.86e-11	60.1
0_11	4_46	37.363	91	57	0	194	284	619	709	1.63e-15	72.8
0_11	4_391	33.333	90	60	0	194	283	282	371	7.81e-15	70.1
0_11	4_484	25.357	280	164	5	6	283	8	244	3.27e-14	66.6
0_11	4_473	24.779	226	119	3	27	252	84	258	7.83e-14	66.2
0_11	4_383	26.045	311	161	12	27	307	27	298	2.26e-13	64.7
0_11	4_284	32.143	140	84	3	143	279	90	221	8.68e-12	59.3
0_11	4_201	23.404	141	104	2	164	303	251	388	1.51e-11	60.1
0_11	4_382	24.221	289	161	9	8	292	2	236	4.58e-11	57.4
0_11	4_271	27.778	126	87	2	176	297	142	267	1.10e-10	57.0
0_11	4_263	23.333	270	154	9	29	296	28	246	7.47e-10	54.7
0_11	4_263	32.609	92	57	2	184	271	399	489	8.12e-07	45.4
0_11	4_353	30.986	142	89	5	128	263	59	197	1.15e-09	54.3
0_11	4_353	52.778	36	17	0	27	62	21	56	2.71e-05	40.4
0_11	4_354	28.667	150	100	3	129	273	60	207	1.79e-09	53.9
0_11	4_354	43.636	55	31	0	8	62	2	56	6.70e-06	42.4
0_11	4_489	34.483	87	53	2	183	268	119	202	1.04e-08	51.6
0_11	4_64	28.788	132	85	4	146	271	356	484	8.64e-08	48.1
0_11	4_468	29.412	85	52	2	172	251	441	522	3.19e-06	43.5
0_11	4_469	38.000	100	46	5	1	95	327	415	1.02e-04	38.5
0_11	4_389	27.174	92	64	1	188	276	443	534	2.35e-04	37.4
0_11	4_99	45.588	68	27	4	4	69	466	525	2.94e-04	37.4
0_11	4_533	50.000	46	23	0	8	53	325	370	4.34e-04	36.6
0_12	4_569	97.688	173	4	0	1	173	1	173	2.49e-116	326
0_13	4_490	98.936	188	2	0	1	188	1	188	2.07e-133	366
0_14	4_1	100.000	110	0	0	1	110	1	110	1.62e-79	224
0_15	4_2	100.000	290	0	0	1	290	1	290	0.0	578
0_15	4_292	31.481	270	146	14	23	264	25	283	3.92e-23	91.7
0_16	4_331	99.303	287	2	0	1	287	1	287	0.0	573
0_16	4_54	35.827	254	122	7	1	234	1	233	4.25e-33	117
0_17	4_332	98.765	81	1	0	1	81	1	81	4.83e-57	165
0_18	4_333	99.625	534	2	0	1	534	1	534	0.0	1056
0_19	4_3	100.000	251	0	0	1	251	1	251	0.0	491
0_20	4_334	99.701	335	1	0	1	335	1	335	0.0	662
0_21	4_4	100.000	673	0	0	1	673	1	673	0.0	1349
0_21	4_228	22.437	517	375	10	6	512	10	510	5.56e-32	127
0_22	4_335	99.700	333	1	0	1	333	1	333	0.0	662
0_22	4_311	35.751	193	111	4	125	314	101	283	1.60e-28	109
0_23	4_5	100.000	189	0	0	1	189	1	189	3.01e-140	384
0_24	4_336	99.691	324	1	0	1	324	1	324	0.0	663
0_24	4_574	42.991	214	116	3	7	216	7	218	1.01e-43	145
0_24	4_459	22.941	340	195	13	1	296	321	637	2.94e-09	52.8
0_24	4_6	44.737	76	41	1	245	320	13	87	3.22e-05	37.4
0_25	4_6	100.000	101	0	0	1	101	1	101	3.32e-70	199
0_25	4_336	44.737	76	41	1	13	87	245	320	1.22e-13	59.7
0_26	4_574	100.000	220	0	0	1	220	1	220	1.62e-163	446
0_26	4_336	41.702	235	129	4	7	237	7	237	1.47e-51	165
0_26	4_459	29.289	239	132	10	9	216	325	557	1.45e-12	61.2
0_27	4_7	100.000	152	0	0	1	152	1	152	1.24e-110	306
0_28	4_8	100.000	619	0	0	1	619	1	619	0.0	1249
0_29	4_9	100.000	378	0	0	1	378	1	378	0.0	754
0_30	4_10	100.000	463	0	0	1	463	1	463	0.0	923
0_31	4_11	100.000	47	0	0	1	47	1	47	3.74e-30	94.7
0_32	4_337	99.836	609	1	0	1	609	1	609	0.0	1216
0_33	4_338	99.745	783	2	0	1	783	1	783	0.0	1560
0_34	4_339	99.433	353	2	0	1	353	1	353	0.0	696
0_34	4_126	27.129	317	167	15	46	345	64	333	4.38e-07	45.4
0_35	4_340	99.757	823	2	0	1	823	1	823	0.0	1655
0_35	4_322	24.291	741	451	18	18	668	34	754	7.64e-49	181
0_35	4_458	22.781	338	192	11	393	679	398	717	1.30e-13	68.9
0_35	4_458	27.174	184	113	4	6	186	3	168	8.22e-09	53.5
0_35	4_362	24.084	191	113	4	32	222	3	161	1.15e-07	49.7
0_36	4_341	99.843	638	1	0	1	638	1	638	0.0	1249
0_37	4_342	99.688	321	1	0	1	321	1	321	0.0	622
0_38	4_343	99.038	520	5	0	1	520	1	520	0.0	1006
0_39	4_345	99.528	212	1	0	1	212	1	212	8.18e-148	405
0_40	4_533	99.250	533	4	0	1	533	1	533	0.0	1029
0_40	4_468	29.175	521	347	9	16	520	19	533	3.16e-49	173
0_40	4_346	29.468	526	315	21	20	520	27	521	1.58e-25	104
0_40	4_469	35.407	209	123	6	319	520	328	531	1.05e-23	99.4
0_40	4_382	32.075	212	118	6	324	517	1	204	6.24e-14	67.0
0_40	4_354	27.885	208	111	6	324	512	1	188	7.40e-11	58.9
0_40	4_263	30.000	220	113	7	320	513	2	206	1.76e-10	57.8
0_40	4_389	28.342	187	110	5	324	486	1	187	2.52e-10	57.4
0_40	4_489	27.570	214	128	8	324	525	1	199	1.88e-09	54.7
0_40	4_284	28.646	192	103	6	340	513	22	197	2.49e-09	52.4
0_40	4_99	28.042	189	107	7	317	489	463	638	7.34e-09	52.8
0_40	4_353	28.351	194	128	6	324	512	1	188	8.32e-09	52.8
0_40	4_242	36.232	69	44	0	324	392	10	78	2.41e-07	47.4
0_40	4_242	33.645	107	54	3	419	514	193	293	7.11e-06	42.7
0_40	4_473	25.405	185	120	5	339	510	79	258	4.05e-07	46.2
0_40	4_506	34.247	73	48	0	322	394	36	108	5.27e-07	46.6
0_40	4_506	29.008	131	79	6	393	515	448	572	7.09e-05	40.0
0_40	4_383	25.366	205	115	6	339	512	22	219	1.27e-05	41.6
0_40	4_391	29.412	85	53	2	308	388	30	111	2.03e-04	38.1
0_40	4_491	50.000	46	23	0	325	370	8	53	7.26e-04	36.2
0_40	4_64	43.182	44	25	0	343	386	26	69	7.47e-04	36.6
0_40	4_46	37.313	67	38	2	449	511	612	678	8.59e-04	36.6
0_40	4_271	26.341	205	122	8	339	519	29	228	0.001	35.8
0_41	4_346	99.813	535	1	0	1	535	1	535	0.0	1038
0_41	4_469	31.445	512	325	9	31	526	35	536	1.57e-54	187
0_41	4_468	31.604	212	135	3	321	526	331	538	1.96e-30	119
0_41	4_533	31.606	386	211	17	155	514	155	513	2.76e-25	103
0_41	4_382	32.353	204	117	11	327	514	2	200	7.07e-13	63.5
0_41	4_353	30.882	204	134	4	327	527	2	201	3.49e-11	60.1
0_41	4_99	32.184	174	95	8	352	510	495	660	1.08e-10	58.5
0_41	4_489	29.167	216	128	8	327	530	2	204	8.35e-09	52.8
0_41	4_354	29.167	216	137	9	327	534	2	209	3.15e-08	50.4
0_41	4_473	29.570	186	108	8	341	510	79	257	1.79e-07	47.4
0_41	4_389	35.185	54	35	0	335	388	10	63	9.44e-06	42.7
0_41	4_284	25.414	181	122	5	342	514	22	197	1.76e-05	40.8
0_41	4_242	32.787	61	41	0	327	387	11	71	4.87e-05	40.0
0_41	4_506	25.301	83	59	1	324	406	36	115	3.04e-04	37.7
0_41	4_64	25.532	188	118	5	346	517	27	208	6.00e-04	36.6
0_42	4_348	98.521	1217	11	4	1	1214	1	1213	0.0	2377
0_42	4_236	28.680	394	227	7	1	386	4	351	3.34e-43	166
0_42	4_236	26.923	286	166	8	721	1002	521	767	5.55e-16	77.8
0_42	4_236	36.207	116	66	5	472	583	357	468	5.05e-10	58.2
0_42	4_497	33.566	286	180	5	3	285	11	289	2.50e-35	140
0_42	4_497	31.271	291	136	10	738	1016	545	783	1.40e-23	102
0_42	4_497	32.231	121	72	5	477	594	361	474	1.83e-05	43.5
0_42	4_496	25.714	245	153	5	10	249	1	221	1.24e-14	73.2
0_42	4_530	26.556	241	150	8	1	234	1	221	4.01e-11	62.0
0_42	4_530	22.679	657	371	30	506	1102	403	982	8.55e-06	44.7
0_42	4_232	22.624	221	146	6	14	234	31	226	6.33e-05	41.6
0_43	4_349	98.214	1176	18	1	1	1173	1	1176	0.0	2311
0_43	4_526	32.576	264	156	5	7	261	5	255	2.48e-29	121
0_43	4_526	25.679	405	209	19	584	971	445	774	7.67e-12	64.3
0_43	4_541	32.258	248	151	8	10	252	13	248	3.20e-24	103
0_43	4_529	29.560	159	99	4	6	161	2	150	4.12e-11	62.0
0_43	4_511	22.680	388	252	14	7	383	2	352	1.84e-05	43.1
0_43	4_233	39.474	38	23	0	281	318	260	297	4.52e-04	38.9
0_44	4_351	99.128	344	3	0	1	344	1	344	0.0	699
0_44	4_106	27.451	204	135	5	121	314	3	203	2.32e-15	69.7
0_45	4_12	100.000	50	0	0	1	50	1	50	3.96e-32	99.8
0_45	4_161	35.556	45	26	1	6	50	5	46	1.53e-04	30.0
0_46	4_352	99.634	273	1	0	1	273	1	273	0.0	560
0_47	4_353	99.352	772	5	0	1	772	1	772	0.0	1498
0_47	4_354	48.630	438	197	9	1	416	1	432	1.99e-108	340
0_47	4_354	45.736	129	70	0	644	772	518	646	8.95e-23	98.2
0_47	4_489	30.750	813	475	21	1	772	1	766	1.08e-86	285
0_47	4_473	29.442	197	127	5	16	202	79	273	5.34e-19	83.2
0_47	4_64	32.673	202	122	5	6	195	12	211	1.46e-15	74.7
0_47	4_383	26.190	210	124	6	17	198	23	229	5.55e-15	71.2
0_47	4_263	25.592	211	143	5	1	198	6	215	1.40e-13	68.2
0_47	4_263	26.531	196	126	5	11	188	277	472	1.55e-10	58.5
0_47	4_484	27.451	204	119	8	18	198	28	225	8.50e-12	60.8
0_47	4_468	26.415	212	137	7	1	201	336	539	9.30e-12	62.4
0_47	4_469	31.373	204	111	9	13	200	346	536	2.73e-11	61.2
0_47	4_346	30.882	204	134	4	2	201	327	527	3.24e-11	60.8
0_47	4_389	22.993	274	175	5	1	240	1	272	9.34e-11	59.3
0_47	4_389	24.645	211	138	8	1	201	319	518	8.74e-06	43.5
0_47	4_506	31.897	116	70	2	102	208	474	589	1.79e-09	55.5
0_47	4_506	32.673	101	60	2	2	97	39	136	2.97e-07	48.1
0_47	4_491	30.986	142	89	5	59	197	128	263	2.16e-09	54.7
0_47	4_491	52.778	36	17	0	21	56	27	62	5.29e-05	40.4
0_47	4_533	28.351	194	128	6	1	188	324	512	1.48e-08	52.4
0_47	4_242	32.394	142	92	3	107	245	211	351	1.86e-08	51.6
0_47	4_242	32.955	88	57	1	7	92	16	103	1.88e-08	51.6
0_47	4_382	23.618	199	141	6	13	202	16	212	9.19e-08	48.9
0_47	4_391	25.191	131	91	3	72	197	223	351	1.62e-07	48.9
0_47	4_99	24.479	192	131	5	23	204	491	678	2.85e-07	48.1
0_47	4_227	39.130	92	47	4	115	200	820	908	6.21e-07	47.4
0_47	4_227	28.571	147	88	6	64	193	416	562	1.38e-04	39.7
0_47	4_46	27.957	93	65	1	108	198	597	689	7.30e-07	47.0
0_47	4_284	27.174	184	109	7	19	188	24	196	2.40e-06	44.3
0_47	4_201	25.592	211	123	8	16	197	142	347	6.56e-06	43.5
0_47	4_271	30.682	88	57	2	114	197	145	232	2.17e-04	38.5
0_48	4_354	99.692	650	2	0	1	650	1	650	0.0	1259
0_48	4_353	48.630	438	197	9	1	432	1	416	1.12e-108	340
0_48	4_353	39.344	183	105	1	470	646	590	772	1.33e-30	122
0_48	4_489	40.044	452	245	10	1	438	1	440	4.72e-90	291
0_48	4_489	29.348	184	126	2	467	646	583	766	2.60e-16	77.0
0_48	4_473	30.732	205	122	6	16	206	79	277	2.08e-20	87.0
0_48	4_383	28.638	213	127	6	18	205	24	236	7.05e-16	73.6
0_48	4_469	32.558	215	117	9	2	200	334	536	2.98e-15	73.2
0_48	4_468	29.717	212	130	8	1	201	336	539	4.93e-15	72.8
0_48	4_382	31.081	222	129	11	1	205	1	215	2.03e-13	65.5
0_48	4_263	25.688	218	140	7	15	212	20	235	3.17e-13	67.0
0_48	4_263	28.194	227	133	7	16	215	282	505	3.28e-13	66.6
0_48	4_64	29.524	210	134	5	10	205	12	221	1.62e-12	64.7
0_48	4_64	28.326	233	135	9	2	208	261	487	7.75e-09	52.8
0_48	4_389	25.641	234	141	6	1	205	1	230	1.77e-12	64.7
0_48	4_389	28.571	210	133	8	1	202	319	519	1.95e-09	54.7
0_48	4_533	28.365	208	110	6	1	188	324	512	8.13e-11	59.3
0_48	4_284	28.814	236	143	8	4	222	8	235	9.19e-11	57.0
0_48	4_99	31.285	179	100	8	32	195	500	670	5.97e-10	56.6
0_48	4_506	32.967	91	59	1	119	207	498	588	1.03e-09	55.8
0_48	4_506	33.333	99	58	3	2	95	39	134	5.99e-07	47.0
0_48	4_491	29.333	150	99	3	60	207	129	273	2.13e-09	54.3
0_48	4_491	43.636	55	31	0	2	56	8	62	1.26e-05	42.4
0_48	4_46	34.940	83	52	1	127	207	616	698	5.58e-09	53.5
0_48	4_484	26.141	241	139	10	14	224	24	255	5.62e-09	52.0
0_48	4_201	25.688	218	138	7	16	209	142	359	1.26e-08	52.0
0_48	4_242	31.915	94	62	1	1	92	10	103	1.68e-08	51.6
0_48	4_242	39.535	86	46	3	126	207	229	312	3.33e-08	50.8
0_48	4_346	29.167	216	137	9	2	209	327	534	6.20e-08	50.1
0_48	4_391	32.692	104	64	3	115	215	267	367	6.33e-08	49.7
0_48	4_271	32.941	85	55	1	127	209	160	244	2.70e-05	41.2
0_48	4_227	36.905	84	44	4	121	198	826	906	1.29e-04	39.7
0_49	4_355	97.872	564	4	1	1	556	1	564	0.0	1113
0_49	4_515	43.570	381	154	11	118	449	26	394	7.00e-74	235
0_49	4_542	39.489	352	175	9	183	514	1	334	2.61e-59	196
0_49	4_589	41.724	290	131	12	189	449	1	281	6.46e-48	163
0_49	4_591	84.091	88	14	0	129	216	1	88	3.28e-46	152
0_49	4_590	73.469	98	23	2	110	207	11	105	9.47e-44	146
0_49	4_516	51.471	136	59	3	381	514	1	131	1.05e-38	134
0_49	4_517	51.587	126	59	2	381	504	1	126	8.46e-38	132
0_49	4_518	51.852	81	38	1	35	114	8	88	1.72e-20	81.3
0_50	4_356	96.411	808	26	1	1	805	1	808	0.0	1555
0_50	4_577	47.826	736	338	14	1	713	1	713	0.0	598
0_50	4_513	35.308	827	425	30	1	768	1	776	7.05e-108	344
0_50	4_487	68.293	41	13	0	45	85	22	62	9.73e-15	64.7
0_51	4_577	77.235	716	157	5	1	713	1	713	0.0	1103
0_51	4_356	45.765	791	388	14	27	803	45	808	0.0	600
0_51	4_513	34.946	827	437	29	1	775	1	778	1.69e-107	343
0_51	4_561	79.518	83	16	1	723	805	2	83	1.86e-38	132
0_51	4_487	78.689	61	13	0	8	68	3	63	1.58e-28	103
0_52	4_358	97.423	194	5	0	1	194	1	194	1.53e-138	380
0_53	4_359	98.721	469	6	0	1	469	1	469	0.0	926
0_54	4_13	100.000	146	0	0	1	146	1	146	2.41e-105	292
0_55	4_14	100.000	295	0	0	1	295	1	295	0.0	590
0_56	4_360	99.703	337	1	0	1	337	1	337	0.0	685
0_57	4_361	99.609	256	1	0	1	256	1	256	0.0	509
0_58	4_362	99.611	514	2	0	1	514	1	514	0.0	1039
0_58	4_322	25.828	151	101	3	2	141	50	200	2.12e-09	54.3
0_58	4_322	34.426	61	35	2	294	349	574	634	2.67e-05	41.2
0_58	4_458	34.444	90	58	1	3	91	29	118	3.17e-08	50.4
0_58	4_458	33.000	100	59	3	264	355	513	612	1.02e-07	48.9
0_58	4_340	23.560	191	114	4	3	161	32	222	1.89e-07	48.1
0_59	4_15	100.000	289	0	0	1	289	1	289	0.0	559
0_60	4_16	100.000	225	0	0	1	225	1	225	3.23e-168	457
0_61	4_579	99.422	173	1	0	1	173	1	173	3.25e-126	347
0_62	4_17	100.000	564	0	0	1	564	1	564	0.0	1105
0_62	4_288	31.670	461	251	12	95	533	214	632	2.71e-52	184
0_62	4_587	31.614	446	261	9	99	533	112	524	1.35e-51	180
0_62	4_560	30.260	423	247	9	118	533	235	616	1.92e-47	170
0_62	4_568	32.597	362	201	8	188	533	25	359	2.14e-45	159
0_62	4_287	30.496	423	234	11	131	540	144	519	9.15e-44	158
0_63	4_363	99.550	222	1	0	1	222	1	222	1.63e-162	442
0_64	4_534	99.664	298	1	0	1	298	1	298	0.0	602
0_65	4_364	99.583	240	1	0	1	240	1	240	0.0	501
0_66	4_365	99.661	295	1	0	1	295	1	295	0.0	592
0_66	4_176	26.897	290	174	9	21	293	10	278	1.29e-20	84.7
0_66	4_212	26.502	283	175	9	19	293	3	260	5.52e-16	70.9
0_66	4_123	27.170	265	163	10	21	275	5	249	9.01e-14	64.7
0_66	4_26	25.368	272	165	12	15	274	1	246	2.52e-04	36.2
0_67	4_366	99.412	170	1	0	1	170	1	170	1.58e-121	335
0_68	4_18	100.000	408	0	0	1	408	1	408	0.0	825
0_69	4_368	99.462	372	2	0	1	372	1	372	0.0	760
0_70	4_562	99.310	290	2	0	1	290	1	290	0.0	561
0_71	4_19	100.000	188	0	0	1	188	1	188	7.41e-139	380
0_72	4_370	99.769	865	2	0	1	865	1	865	0.0	1714
0_73	4_371	99.766	428	1	0	1	428	1	428	0.0	852
0_74	4_372	99.824	567	1	0	1	567	1	567	0.0	1142
0_74	4_427	28.049	246	157	9	14	247	18	255	1.60e-12	63.9
0_74	4_427	46.154	39	21	0	503	541	409	447	1.52e-05	42.0
0_74	4_592	27.338	139	98	2	110	245	146	284	3.18e-10	57.0
0_74	4_592	46.809	47	22	1	489	535	440	483	5.82e-08	49.7
0_75	4_373	99.918	1216	1	0	1	1216	1	1216	0.0	2396
0_76	4_374	99.886	880	1	0	1	880	1	880	0.0	1779
0_76	4_401	43.700	881	485	8	2	874	4	881	0.0	731
0_77	4_375	99.614	259	1	0	1	259	1	259	0.0	525
0_78	4_376	99.778	451	1	0	1	451	1	451	0.0	916
0_79	4_20	100.000	413	0	0	1	413	1	413	0.0	841
0_80	4_21	100.000	177	0	0	1	177	1	177	2.17e-130	358
0_81	4_377	99.624	266	1	0	1	266	1	266	0.0	523
0_81	4_537	37.143	105	61	3	22	121	37	141	1.12e-13	64.3
0_82	4_378	99.699	332	1	0	1	332	1	332	0.0	661
0_83	4_22	100.000	111	0	0	1	111	1	111	2.73e-77	218
0_84	4_379	98.370	184	3	0	1	184	1	184	2.96e-131	360
0_85	4_23	100.000	211	0	0	1	211	1	211	2.59e-155	424
0_86	4_380	98.969	291	3	0	1	291	1	291	0.0	554
0_86	4_580	32.381	105	65	3	37	139	74	174	5.96e-06	42.0
0_87	4_381	99.582	239	1	0	1	239	1	239	4.06e-174	473
0_88	4_382	99.632	272	1	0	1	272	1	272	0.0	541
0_88	4_383	34.615	234	132	6	19	232	22	254	1.99e-35	124
0_88	4_468	34.694	196	110	5	16	205	348	531	5.76e-19	80.9
0_88	4_201	26.800	250	159	8	3	229	122	370	1.26e-18	79.7
0_88	4_271	31.330	233	127	7	19	227	29	252	1.48e-18	79.0
0_88	4_473	28.636	220	132	4	19	225	79	286	2.16e-18	78.2
0_88	4_284	27.805	205	136	6	20	220	22	218	2.17e-15	68.6
0_88	4_46	36.275	102	64	1	127	227	607	708	3.98e-15	69.7
0_88	4_46	33.333	75	43	3	23	91	27	100	2.80e-04	36.6
0_88	4_469	30.189	212	132	8	2	208	334	534	8.97e-15	68.6
0_88	4_533	32.057	209	122	8	1	204	324	517	1.86e-14	67.4
0_88	4_354	31.081	222	129	11	1	215	1	205	4.17e-14	66.6
0_88	4_506	31.776	107	72	1	116	221	486	592	3.01e-13	63.9
0_88	4_506	31.915	94	55	3	16	106	50	137	3.88e-06	42.4
0_88	4_346	32.353	204	117	11	2	200	327	514	3.25e-13	63.9
0_88	4_242	34.545	110	71	1	118	226	212	321	6.42e-13	62.8
0_88	4_242	26.050	119	79	3	16	128	22	137	1.13e-05	40.8
0_88	4_389	27.778	198	108	5	16	185	13	203	1.04e-12	62.4
0_88	4_391	32.500	120	77	3	104	219	244	363	1.27e-12	62.0
0_88	4_64	32.143	196	124	6	28	217	31	223	4.18e-12	60.5
0_88	4_263	26.818	220	126	10	19	218	21	225	1.41e-11	58.9
0_88	4_263	25.541	231	157	8	1	218	264	492	2.70e-06	42.7
0_88	4_491	23.875	289	162	9	2	236	8	292	1.92e-10	55.1
0_88	4_353	23.618	199	141	6	16	212	13	202	1.85e-08	49.7
0_88	4_489	26.818	220	127	9	1	208	1	198	5.85e-08	48.1
0_88	4_227	29.801	151	85	7	90	224	783	928	9.08e-08	47.4
0_88	4_484	26.316	209	140	6	1	198	9	214	9.15e-08	46.6
0_88	4_99	24.519	208	132	7	2	199	471	663	1.40e-07	46.6
0_89	4_383	99.333	300	2	0	1	300	1	300	0.0	598
0_89	4_382	34.188	234	133	6	22	254	19	232	3.48e-35	123
0_89	4_242	35.897	156	87	5	130	276	204	355	2.46e-19	82.4
0_89	4_242	25.962	104	55	3	21	123	24	106	4.99e-05	38.9
0_89	4_284	27.854	219	136	3	22	240	21	217	1.23e-18	78.2
0_89	4_489	28.638	213	121	8	23	232	17	201	3.48e-17	76.6
0_89	4_46	39.091	110	66	1	140	248	599	708	1.12e-16	75.1
0_89	4_46	38.462	39	23	1	10	48	12	49	0.001	35.0
0_89	4_201	26.778	239	140	7	27	248	147	367	3.40e-16	73.2
0_89	4_391	36.641	131	75	3	136	260	258	386	6.05e-16	72.4
0_89	4_354	28.169	213	128	6	24	236	18	205	1.17e-15	71.6
0_89	4_64	29.464	224	131	5	22	239	22	224	2.86e-15	70.5
0_89	4_64	21.127	213	161	4	26	236	277	484	1.22e-05	40.8
0_89	4_353	25.714	210	125	6	23	229	17	198	8.87e-15	69.3
0_89	4_263	25.000	236	140	7	14	237	13	223	2.23e-14	67.8
0_89	4_263	28.054	221	130	8	27	236	287	489	1.05e-13	65.9
0_89	4_473	29.327	208	109	8	21	217	78	258	4.36e-13	63.2
0_89	4_491	25.600	250	143	8	27	237	27	272	7.53e-13	62.8
0_89	4_506	25.806	155	88	3	152	279	501	655	9.70e-13	63.2
0_89	4_506	30.952	84	39	3	22	105	53	117	4.74e-06	42.4
0_89	4_271	27.197	239	155	8	20	250	27	254	8.94e-11	56.6
0_89	4_484	31.646	79	53	1	158	235	153	231	2.52e-10	54.7
0_89	4_389	25.714	210	124	7	26	219	20	213	6.79e-08	48.1
0_89	4_227	32.051	78	50	1	145	219	820	897	4.18e-07	45.8
0_89	4_227	28.090	89	62	1	136	222	470	558	1.26e-06	44.3
0_89	4_469	22.527	182	118	4	37	218	364	522	1.47e-05	40.8
0_89	4_533	24.390	205	117	6	22	219	339	512	7.30e-05	38.5
0_90	4_384	99.688	320	1	0	1	320	1	320	0.0	626
0_91	4_385	99.710	690	2	0	1	690	1	690	0.0	1372
0_92	4_386	99.685	317	1	0	1	317	1	317	0.0	641
0_93	4_387	99.656	871	3	0	1	871	1	871	0.0	1711
0_94	4_388	99.310	145	1	0	1	145	1	145	3.89e-102	284
0_95	4_541	99.698	662	2	0	1	662	1	662	0.0	1301
0_95	4_535	99.234	261	2	0	759	1019	1	261	0.0	532
0_95	4_526	28.532	1097	651	30	17	1018	13	1071	8.92e-106	350
0_95	4_349	32.661	248	150	8	13	248	10	252	1.23e-24	105
0_95	4_529	27.564	156	99	7	12	159	7	156	7.38e-08	50.8
0_96	4_497	99.214	1018	8	0	1	1018	1	1018	0.0	1964
0_96	4_236	26.800	1097	679	32	6	1015	1	1060	2.26e-79	275
0_96	4_348	33.217	286	181	5	11	289	3	285	3.48e-35	139
0_96	4_348	30.822	292	137	10	545	783	737	1016	2.20e-23	101
0_96	4_348	32.231	121	72	5	361	474	477	594	1.70e-05	43.1
0_96	4_496	26.667	240	154	7	18	255	1	220	7.27e-11	60.5
0_96	4_530	21.411	794	484	32	11	699	2	760	3.76e-09	55.1
0_96	4_232	25.112	446	278	14	14	436	18	430	1.87e-07	49.7
0_97	4_498	99.558	226	1	0	1	226	1	226	1.31e-170	463
0_98	4_499	99.722	719	2	0	1	719	1	719	0.0	1427
0_99	4_24	100.000	65	0	0	1	65	1	65	1.21e-44	132
0_100	4_25	100.000	280	0	0	1	280	1	280	0.0	562
0_101	4_26	100.000	269	0	0	1	269	1	269	0.0	537
0_101	4_480	25.000	284	152	12	4	258	3	254	9.56e-07	43.9
0_101	4_123	24.074	270	159	9	1	246	1	248	2.92e-06	42.0
0_101	4_365	25.368	272	165	12	1	246	15	274	5.54e-05	38.1
0_101	4_212	32.203	59	40	0	188	246	183	241	1.14e-04	37.4
0_101	4_176	32.877	73	43	1	180	246	186	258	2.74e-04	36.2
0_102	4_501	99.262	271	2	0	1	271	1	271	0.0	532
0_103	4_296	98.739	238	3	0	1	238	1	238	5.30e-171	465
0_104	4_227	99.894	947	1	0	1	947	1	947	0.0	1930
0_104	4_382	29.801	151	85	7	783	928	90	224	3.75e-07	47.4
0_104	4_353	39.130	92	47	4	820	908	115	200	6.94e-07	47.4
0_104	4_353	34.524	84	50	3	479	562	115	193	1.64e-04	39.7
0_104	4_383	32.051	78	50	1	820	897	145	219	1.23e-06	45.8
0_104	4_383	28.090	89	62	1	470	558	136	222	3.68e-06	44.3
0_104	4_489	36.585	82	43	4	834	912	129	204	1.79e-05	42.7
0_104	4_354	36.905	84	44	4	826	906	121	198	1.74e-04	39.7
0_104	4_391	25.168	298	194	12	628	907	63	349	1.80e-04	39.3
0_104	4_391	26.984	189	115	7	450	619	240	424	8.91e-04	37.0
0_104	4_46	33.333	102	63	3	476	574	601	700	1.87e-04	39.7
0_104	4_242	38.667	75	43	2	485	558	224	296	2.33e-04	38.9
0_104	4_201	29.897	97	57	4	834	928	277	364	4.17e-04	38.1
0_104	4_271	29.825	114	68	5	833	943	161	265	5.03e-04	37.7
0_104	4_263	25.263	190	119	8	481	655	129	310	5.87e-04	37.7
0_105	4_228	99.878	821	1	0	1	821	1	821	0.0	1660
0_105	4_4	22.437	517	375	10	10	510	6	512	1.12e-31	126
0_106	4_27	100.000	114	0	0	1	114	1	114	6.67e-84	235
0_107	4_229	85.102	490	40	4	1	479	1	468	0.0	766
0_108	4_28	100.000	169	0	0	1	169	1	169	2.29e-121	334
0_109	4_29	100.000	163	0	0	1	163	1	163	1.74e-119	329
0_110	4_230	99.387	326	2	0	1	326	1	326	0.0	648
0_111	4_232	99.632	1086	4	0	1	1086	1	1086	0.0	2130
0_111	4_236	24.000	450	280	15	23	431	12	440	2.40e-08	52.8
0_111	4_497	24.947	469	294	15	18	451	14	459	1.45e-07	50.1
0_111	4_348	22.624	221	146	6	31	226	14	234	6.65e-05	41.2
0_111	4_496	26.667	255	156	10	25	260	2	244	1.91e-04	39.7
0_111	4_530	22.707	458	302	16	16	430	5	453	2.37e-04	39.7
0_112	4_233	99.793	965	2	0	1	965	1	965	0.0	1906
0_112	4_349	23.247	271	155	11	65	297	63	318	4.10e-08	51.6
0_112	4_526	26.286	175	110	5	24	191	12	174	1.85e-04	39.7
0_113	4_234	99.587	242	1	0	1	242	1	242	7.47e-178	483
0_114	4_30	100.000	88	0	0	1	88	1	88	1.63e-59	171
0_115	4_526	98.322	1073	13	3	1	1068	1	1073	0.0	2108
0_115	4_541	28.754	706	448	14	1	696	1	661	4.31e-71	245
0_115	4_349	29.504	383	218	11	5	344	7	380	2.52e-29	120
0_115	4_349	23.844	411	216	17	445	777	584	975	1.77e-09	56.2
0_115	4_535	30.909	275	141	14	802	1066	25	260	4.51e-21	89.0
0_115	4_529	29.677	155	101	3	13	161	10	162	3.41e-13	68.6
0_115	4_511	27.523	218	124	7	17	201	9	225	3.39e-08	52.0
0_116	4_236	95.845	1083	12	4	1	1062	1	1071	0.0	2013
0_116	4_497	26.544	1085	688	33	1	1051	6	1015	6.46e-79	274
0_116	4_348	31.677	322	209	5	4	322	1	314	4.38e-42	162
0_116	4_348	26.562	320	189	9	521	797	720	1036	3.92e-19	87.8
0_116	4_348	35.088	114	70	4	357	468	472	583	4.22e-10	58.2
0_116	4_530	23.810	525	299	16	6	471	4	486	1.48e-13	69.7
0_116	4_496	24.936	393	233	13	26	394	7	361	2.05e-13	68.9
0_116	4_232	24.222	450	279	15	12	440	23	431	1.46e-07	50.1
0_117	4_31	100.000	639	0	0	1	639	1	639	0.0	1304
0_117	4_320	44.131	639	334	9	5	635	3	626	1.28e-169	493
0_118	4_237	99.379	322	2	0	1	322	1	322	0.0	650
0_119	4_238	99.427	524	3	0	1	524	1	524	0.0	1014
0_119	4_191	24.301	465	302	18	9	462	4	429	1.03e-13	67.8
0_120	4_32	100.000	171	0	0	1	171	1	171	4.03e-123	339
0_121	4_239	99.198	374	3	0	1	374	1	374	0.0	768
0_122	4_33	100.000	334	0	0	1	334	1	334	0.0	680
0_123	4_240	99.347	1379	6	1	1	1376	1	1379	0.0	2685
0_123	4_257	67.960	1392	423	6	1	1376	1	1385	0.0	1834
0_124	4_241	94.154	325	19	0	58	382	31	355	0.0	567
0_126	4_241	52.036	221	103	2	1	221	137	354	3.81e-57	180
0_127	4_550	99.438	178	1	0	104	281	1	178	3.84e-130	362
0_127	4_551	98.485	66	1	0	1	66	1	66	6.38e-40	128
0_128	4_34	100.000	494	0	0	1	494	1	494	0.0	963
0_129	4_35	100.000	231	0	0	1	231	1	231	6.96e-170	462
0_130	4_36	100.000	449	0	0	1	449	1	449	0.0	907
0_131	4_242	99.550	444	2	0	1	444	1	444	0.0	885
0_131	4_491	32.059	340	185	10	8	341	5	304	6.00e-38	137
0_131	4_506	37.766	188	114	2	205	390	481	667	4.69e-35	132
0_131	4_506	47.423	97	51	0	11	107	39	135	7.62e-23	95.9
0_131	4_391	27.041	392	247	11	10	379	43	417	1.20e-23	97.4
0_131	4_46	32.847	137	91	1	199	334	584	720	1.89e-20	89.0
0_131	4_46	40.541	37	22	0	20	56	18	54	6.11e-04	36.6
0_131	4_383	35.897	156	87	5	204	355	130	276	5.36e-19	82.0
0_131	4_383	26.923	104	54	3	24	106	21	123	1.84e-05	40.8
0_131	4_201	32.520	123	71	3	190	312	247	357	5.83e-15	71.2
0_131	4_382	34.545	110	71	1	212	321	118	226	4.31e-13	63.9
0_131	4_382	26.050	119	79	3	22	137	16	128	1.86e-05	40.8
0_131	4_473	36.170	94	54	2	24	111	78	171	9.35e-12	60.5
0_131	4_473	36.585	82	51	1	230	311	197	277	5.17e-10	55.1
0_131	4_263	30.147	136	88	4	202	333	112	244	6.16e-11	58.5
0_131	4_263	28.431	102	68	3	10	106	6	107	3.02e-08	50.1
0_131	4_263	25.287	87	64	1	224	310	404	489	3.56e-05	40.4
0_131	4_284	31.313	99	67	1	232	330	136	233	4.03e-10	54.7
0_131	4_489	32.990	97	63	1	10	106	1	95	6.91e-10	55.5
0_131	4_271	28.030	132	92	1	204	332	131	262	9.80e-10	54.3
0_131	4_484	31.313	99	68	0	211	309	133	231	5.00e-09	51.6
0_131	4_353	32.955	88	57	1	16	103	7	92	1.14e-08	51.6
0_131	4_353	32.394	142	92	3	211	351	107	245	1.21e-08	51.6
0_131	4_354	31.915	94	62	1	10	103	1	92	1.42e-08	51.2
0_131	4_354	37.374	99	56	3	229	325	126	220	2.16e-08	50.8
0_131	4_533	36.232	69	44	0	10	78	324	392	1.76e-07	47.8
0_131	4_533	33.645	107	54	3	193	293	419	514	5.82e-06	42.7
0_131	4_64	27.723	101	70	2	232	331	407	505	2.71e-07	47.0
0_131	4_64	28.333	60	43	0	11	70	8	67	3.93e-04	37.0
0_131	4_468	30.769	78	53	1	1	77	327	404	6.78e-06	42.7
0_131	4_468	35.294	68	41	1	229	296	464	528	5.04e-05	40.0
0_131	4_389	31.765	85	54	1	226	310	150	230	1.57e-05	41.6
0_131	4_389	27.586	58	42	0	10	67	1	58	2.21e-05	41.2
0_131	4_346	32.787	61	41	0	11	71	327	387	3.40e-05	40.4
0_131	4_227	38.667	75	43	2	224	296	485	558	1.18e-04	38.9
0_132	4_243	99.650	286	1	0	1	286	1	286	0.0	554
0_132	4_244	25.749	167	114	4	75	237	73	233	8.17e-05	37.7
0_133	4_244	99.635	274	1	0	1	274	1	274	0.0	538
0_133	4_243	24.551	167	116	4	73	233	75	237	8.41e-05	37.7
0_134	4_245	99.650	571	2	0	1	571	1	571	0.0	1145
0_135	4_246	99.281	278	2	0	1	278	1	278	0.0	537
0_135	4_430	27.350	117	73	3	110	226	48	152	1.65e-06	42.7
0_135	4_430	34.127	126	50	5	139	262	24	118	2.55e-06	42.4
0_135	4_430	33.333	93	52	3	121	213	35	117	3.25e-05	38.9
0_136	4_247	98.857	175	2	0	1	175	1	175	1.99e-124	342
0_137	4_37	100.000	236	0	0	1	236	1	236	9.10e-176	477
0_138	4_38	100.000	186	0	0	1	186	1	186	1.42e-132	364
0_139	4_248	99.675	308	1	0	1	308	1	308	0.0	579
0_140	4_250	99.301	429	3	0	1	429	1	429	0.0	858
0_141	4_252	99.306	144	1	0	1	144	1	144	5.60e-107	296
0_142	4_253	99.766	856	2	0	1	856	1	856	0.0	1718
0_142	4_321	35.219	707	434	11	50	746	6	698	1.19e-128	401
0_142	4_321	25.000	132	88	5	727	854	582	706	4.09e-04	38.1
0_143	4_254	99.548	221	1	0	1	221	1	221	7.12e-161	438
0_144	4_39	100.000	204	0	0	1	204	1	204	2.23e-151	413
0_145	4_255	99.138	232	2	0	1	232	1	232	3.09e-162	443
0_146	4_40	100.000	872	0	0	1	872	1	872	0.0	1763
0_147	4_41	100.000	402	0	0	1	402	1	402	0.0	818
0_147	4_148	27.083	288	181	10	20	301	8	272	3.07e-16	75.1
0_147	4_409	32.099	162	90	3	21	182	116	257	1.87e-13	66.2
0_147	4_150	34.091	132	84	3	16	145	8	138	3.05e-13	65.9
0_148	4_256	99.446	1985	8	1	1	1985	1	1982	0.0	3853
0_148	4_576	30.460	870	556	19	45	884	8	858	9.20e-95	325
0_148	4_539	35.516	397	209	11	60	425	37	417	3.04e-56	198
0_149	4_257	99.567	1386	6	0	1	1386	1	1386	0.0	2730
0_149	4_240	67.814	1395	423	7	1	1385	1	1379	0.0	1810
0_150	4_211	100.000	138	0	0	319	456	1	138	1.25e-93	274
0_150	4_259	100.000	108	0	0	1	108	1	108	1.18e-73	223
0_151	4_260	99.663	297	1	0	1	297	1	297	0.0	598
0_152	4_261	99.024	205	2	0	1	205	1	205	1.44e-143	393
0_153	4_262	99.519	416	2	0	1	416	1	416	0.0	795
0_154	4_264	99.761	419	1	0	1	419	1	419	0.0	846
0_155	4_42	100.000	316	0	0	1	316	1	316	0.0	632
0_156	4_43	100.000	402	0	0	1	402	1	402	0.0	806
0_157	4_265	99.673	611	2	0	1	611	1	611	0.0	1222
0_157	4_581	29.179	329	225	5	285	609	15	339	5.82e-44	155
0_157	4_554	31.343	134	90	1	167	300	4	135	1.57e-16	71.6
0_157	4_231	25.145	346	192	13	155	482	2	298	5.85e-09	52.4
0_158	4_44	100.000	306	0	0	1	306	1	306	0.0	610
0_159	4_268	98.058	103	1	1	1	102	1	103	9.59e-70	198
0_159	4_471	51.351	37	17	1	42	77	20	56	1.37e-04	34.3
0_160	4_269	99.787	939	2	0	1	939	1	939	0.0	1900
0_161	4_270	99.430	351	2	0	1	351	1	351	0.0	683
0_161	4_127	27.358	318	207	7	6	316	61	361	1.61e-22	92.0
0_162	4_45	100.000	385	0	0	1	385	1	385	0.0	767
0_162	4_128	32.877	219	139	5	160	377	106	317	2.09e-21	88.6
0_162	4_127	24.000	225	145	7	175	384	151	364	4.96e-04	36.2
0_163	4_271	99.713	349	1	0	1	349	1	349	0.0	713
0_163	4_201	40.240	333	193	3	5	332	116	447	4.38e-79	244
0_163	4_46	37.267	161	81	3	118	266	570	722	7.95e-31	118
0_163	4_391	37.500	136	83	1	131	266	252	385	1.02e-27	107
0_163	4_391	29.630	135	70	5	7	125	32	157	3.66e-09	52.4
0_163	4_382	31.330	233	127	7	29	252	19	227	3.50e-23	92.0
0_163	4_473	28.972	214	133	6	14	221	58	258	1.01e-18	80.1
0_163	4_383	27.917	240	152	10	27	254	20	250	5.83e-15	69.3
0_163	4_284	24.783	230	150	7	30	257	22	230	1.03e-13	64.7
0_163	4_242	28.125	128	89	1	131	258	204	328	1.54e-13	65.9
0_163	4_506	29.358	109	76	1	159	267	505	612	1.06e-12	63.5
0_163	4_506	25.899	139	83	6	4	139	30	151	2.57e-04	37.4
0_163	4_491	27.778	126	87	2	142	267	176	297	1.09e-12	62.8
0_163	4_484	38.462	78	48	0	162	239	154	231	2.32e-12	60.8
0_163	4_468	29.126	206	116	11	29	228	351	532	1.96e-08	50.1
0_163	4_263	26.267	217	134	9	40	248	32	230	4.02e-08	49.3
0_163	4_263	33.333	81	53	1	160	240	410	489	5.98e-07	45.4
0_163	4_354	32.941	85	55	1	160	244	127	209	1.66e-07	47.4
0_163	4_489	24.880	209	125	7	29	232	16	197	2.00e-07	47.0
0_163	4_227	30.702	114	67	5	161	265	833	943	3.99e-07	46.2
0_163	4_353	30.682	88	57	2	145	232	114	197	9.80e-07	45.1
0_163	4_533	26.667	210	115	10	29	228	339	519	1.43e-06	44.3
0_163	4_64	25.000	236	148	10	28	249	273	493	5.01e-06	42.4
0_163	4_389	27.143	70	47	2	163	232	449	514	3.49e-04	36.6
0_163	4_346	26.857	175	106	8	49	223	361	513	3.80e-04	36.6
0_164	4_46	100.000	775	0	0	1	775	1	775	0.0	1532
0_164	4_391	37.751	249	137	4	530	775	204	437	2.75e-43	157
0_164	4_391	39.175	97	55	2	22	115	61	156	1.82e-12	64.7
0_164	4_201	44.737	114	63	0	614	727	273	386	6.13e-30	119
0_164	4_201	31.250	96	61	2	33	123	152	247	6.93e-07	47.0
0_164	4_271	37.267	161	81	3	570	722	118	266	1.08e-25	103
0_164	4_242	32.117	137	92	1	584	720	199	334	4.88e-20	88.2
0_164	4_506	26.761	142	97	3	584	725	480	614	2.50e-17	80.9
0_164	4_506	28.049	164	100	5	12	158	42	204	2.47e-07	48.5
0_164	4_383	39.091	110	66	1	599	708	140	248	2.43e-16	75.1
0_164	4_491	37.363	91	57	0	619	709	194	284	3.07e-15	72.8
0_164	4_382	36.275	102	64	1	607	708	127	227	6.93e-15	70.5
0_164	4_382	33.333	75	43	3	27	100	23	91	8.04e-04	36.6
0_164	4_484	30.508	118	73	2	597	706	134	250	1.57e-13	65.9
0_164	4_473	31.000	100	68	1	607	706	188	286	3.82e-13	65.5
0_164	4_284	30.108	93	64	1	615	707	133	224	2.16e-11	59.3
0_164	4_284	40.426	47	28	0	23	69	21	67	7.96e-07	45.4
0_164	4_354	34.940	83	52	1	616	698	127	207	6.21e-09	53.5
0_164	4_263	30.097	103	62	3	601	699	129	225	7.41e-08	50.1
0_164	4_263	27.723	101	72	1	616	716	410	509	2.23e-05	42.0
0_164	4_489	30.476	105	65	2	618	722	129	225	5.20e-07	47.4
0_164	4_468	38.983	59	33	1	618	676	467	522	7.34e-07	47.0
0_164	4_353	27.957	93	65	1	597	689	108	198	7.52e-07	47.0
0_164	4_64	25.532	94	63	2	609	699	398	487	8.49e-06	43.5
0_164	4_469	36.508	63	34	2	38	96	364	424	1.09e-04	39.7
0_164	4_227	33.333	102	63	3	601	700	476	574	1.53e-04	39.7
0_164	4_389	28.169	71	47	1	619	689	449	515	0.001	36.6
0_164	4_533	37.313	67	38	2	612	678	449	511	0.001	36.6
0_165	4_272	99.323	443	3	0	1	443	1	443	0.0	880
0_166	4_290	93.460	3379	196	13	1	3366	195	3561	0.0	6190
0_167	4_47	100.000	231	0	0	1	231	1	231	1.08e-170	464
0_168	4_292	98.667	300	4	0	1	300	1	300	0.0	599
0_168	4_2	32.331	266	149	14	25	283	23	264	4.10e-24	94.4
0_168	4_447	33.088	136	64	8	16	150	4	113	8.31e-06	40.8
0_169	4_48	100.000	73	0	0	1	73	1	73	5.72e-53	154
0_170	4_294	99.502	201	1	0	1	201	1	201	1.33e-147	403
0_170	4_295	38.509	161	94	3	3	162	4	160	1.03e-27	99.0
0_171	4_295	99.485	194	1	0	1	194	1	194	3.26e-143	392
0_171	4_294	38.509	161	94	3	4	160	3	162	6.86e-28	99.4
0_172	4_472	99.658	1462	5	0	1191	2652	1	1462	0.0	2882
0_173	4_473	99.674	307	1	0	1	307	1	307	0.0	615
0_173	4_489	32.735	223	133	7	60	279	1	209	1.08e-24	99.0
0_173	4_354	30.244	205	123	6	79	277	16	206	1.63e-20	86.7
0_173	4_353	29.442	197	127	5	79	273	16	202	2.16e-19	83.2
0_173	4_382	28.636	220	132	4	79	286	19	225	2.06e-18	78.2
0_173	4_271	28.972	214	133	6	58	258	14	221	1.22e-15	71.2
0_173	4_391	42.857	84	47	1	194	276	276	359	6.04e-15	69.3
0_173	4_391	31.481	108	69	2	59	163	42	147	1.23e-06	43.9
0_173	4_201	30.583	206	123	8	90	277	153	356	2.78e-14	67.4
0_173	4_263	25.108	231	157	8	60	282	6	228	3.33e-14	67.4
0_173	4_263	30.263	76	53	0	199	274	412	487	1.05e-04	38.1
0_173	4_491	24.779	226	119	3	84	258	27	252	7.91e-14	65.9
0_173	4_46	31.000	100	68	1	188	286	607	706	1.10e-13	65.9
0_173	4_484	25.472	212	146	4	56	258	5	213	2.97e-13	63.2
0_173	4_383	29.327	208	109	8	78	258	21	217	4.10e-13	63.2
0_173	4_242	36.170	94	54	2	78	171	24	111	3.58e-12	61.2
0_173	4_242	36.585	82	51	1	197	277	230	311	3.67e-10	55.1
0_173	4_284	23.913	230	153	7	66	283	1	220	7.77e-10	52.8
0_173	4_506	34.146	82	53	1	194	274	503	584	8.75e-10	53.9
0_173	4_506	31.707	82	46	2	84	163	58	131	7.05e-08	48.1
0_173	4_64	25.405	185	119	6	83	257	26	201	6.20e-09	51.2
0_173	4_64	23.636	220	146	8	78	279	272	487	1.24e-05	40.8
0_173	4_469	31.527	203	114	11	79	271	349	536	1.66e-08	50.1
0_173	4_99	29.167	168	103	8	97	257	502	660	1.76e-08	50.1
0_173	4_468	25.510	196	125	7	79	267	351	532	6.86e-08	48.1
0_173	4_346	29.570	186	108	8	79	257	341	510	8.62e-08	47.8
0_173	4_533	25.683	183	122	4	79	258	339	510	1.14e-07	47.4
0_174	4_474	99.737	380	1	0	1	380	1	380	0.0	772
0_175	4_49	100.000	271	0	0	1	271	1	271	0.0	552
0_176	4_475	98.910	367	4	0	1	367	1	367	0.0	739
0_176	4_136	36.220	127	56	2	6	132	160	261	4.24e-15	70.5
0_177	4_476	98.925	186	2	0	1	186	1	186	4.53e-138	378
0_177	4_179	31.008	129	74	5	1	125	2	119	8.91e-09	47.8
0_178	4_477	99.387	163	1	0	1	163	1	163	3.05e-118	326
0_179	4_478	98.077	260	5	0	1	260	1	260	0.0	514
0_179	4_397	59.846	259	102	1	2	260	18	274	2.77e-108	309
0_180	4_479	99.381	323	2	0	1	323	1	323	0.0	634
0_181	4_480	99.553	447	2	0	1	447	1	447	0.0	879
0_181	4_212	31.878	229	138	9	1	221	1	219	8.36e-17	74.7
0_181	4_26	27.675	271	161	14	3	254	4	258	3.33e-08	49.3
0_181	4_176	22.305	269	160	7	8	246	12	261	2.95e-06	43.5
0_182	4_481	99.537	648	3	0	1	648	1	648	0.0	1271
0_183	4_50	100.000	110	0	0	1	110	1	110	2.17e-78	221
0_184	4_568	99.693	326	1	0	1	326	36	361	0.0	655
0_184	4_587	65.644	326	103	4	3	326	208	526	9.47e-146	416
0_184	4_288	35.447	347	173	7	4	326	315	634	1.49e-58	194
0_184	4_287	33.234	337	182	7	3	326	208	514	5.54e-54	180
0_184	4_17	32.861	353	188	9	2	324	200	533	3.05e-45	157
0_184	4_560	32.733	333	181	9	6	325	315	617	1.68e-40	144
0_185	4_540	98.068	207	4	0	1	207	1	207	4.65e-145	398
0_185	4_587	59.067	193	69	3	11	199	1	187	2.23e-67	211
0_185	4_287	29.524	210	117	9	6	206	8	195	4.87e-12	59.3
0_185	4_288	39.655	58	33	2	143	199	237	293	5.83e-06	41.2
0_185	4_560	42.857	42	23	1	144	185	236	276	0.001	34.3
0_186	4_482	99.197	249	2	0	1	249	1	249	3.71e-177	482
0_187	4_522	99.747	396	1	0	1	396	1	396	0.0	805
0_188	4_484	99.609	256	1	0	1	256	1	256	0.0	507
0_188	4_391	34.711	121	77	2	126	244	251	371	2.61e-16	72.4
0_188	4_473	27.358	212	142	4	5	213	56	258	4.56e-16	71.2
0_188	4_491	25.714	280	163	5	8	244	6	283	2.00e-15	69.7
0_188	4_46	30.508	118	73	2	134	250	597	706	3.85e-14	66.2
0_188	4_353	27.273	198	125	4	29	225	19	198	4.30e-13	63.2
0_188	4_263	24.569	232	161	10	27	252	22	245	9.58e-13	62.0
0_188	4_263	22.566	226	163	6	12	230	267	487	5.98e-09	50.4
0_188	4_383	27.064	218	141	10	27	231	23	235	1.04e-12	61.2
0_188	4_201	25.203	246	153	8	4	231	122	354	2.36e-11	57.8
0_188	4_382	27.237	257	155	9	9	250	1	240	5.87e-11	55.8
0_188	4_354	25.221	226	140	7	24	245	14	214	3.72e-10	54.3
0_188	4_242	31.313	99	68	0	133	231	211	309	2.86e-09	51.6
0_188	4_506	33.766	77	51	0	154	230	508	584	2.94e-09	51.6
0_188	4_506	29.885	87	55	2	27	112	54	135	2.55e-04	36.6
0_188	4_271	27.801	241	145	11	6	231	13	239	1.46e-08	49.3
0_188	4_64	24.074	216	151	7	20	231	14	220	1.97e-08	48.9
0_188	4_64	23.897	272	164	12	2	251	253	503	1.77e-05	40.0
0_188	4_489	23.188	207	138	6	23	227	13	200	4.12e-08	48.1
0_188	4_468	26.214	206	132	7	9	212	336	523	2.33e-07	45.8
0_188	4_284	22.831	219	137	7	22	231	17	212	2.10e-06	42.4
0_188	4_389	22.271	229	152	6	10	235	320	525	3.01e-06	42.4
0_188	4_389	21.992	241	138	8	24	235	14	233	2.48e-05	39.7
0_188	4_99	28.333	180	105	7	40	212	498	660	2.72e-05	39.7
0_188	4_533	21.860	215	143	8	3	214	319	511	1.40e-04	37.4
0_188	4_469	24.312	218	127	10	8	214	332	522	1.70e-04	37.0
0_188	4_227	31.111	90	51	5	136	218	815	900	3.38e-04	36.2
0_189	4_51	100.000	565	0	0	1	565	1	565	0.0	1100
0_190	4_487	97.333	75	2	0	1	75	1	75	3.13e-50	147
0_190	4_577	71.667	60	17	0	3	62	8	67	4.97e-25	90.9
0_190	4_356	68.293	41	13	0	22	62	45	85	8.55e-16	64.7
0_190	4_513	43.284	67	31	2	9	75	14	73	9.39e-10	47.8
0_191	4_52	100.000	220	0	0	1	220	1	220	1.02e-157	430
0_192	4_266	92.160	625	48	1	6	629	6	630	0.0	1174
0_192	4_504	37.179	78	31	4	124	191	190	259	6.40e-04	37.0
0_193	4_554	98.473	131	2	0	1	131	12	142	3.81e-92	258
0_193	4_265	29.600	125	86	1	2	124	176	300	7.09e-15	64.7
0_194	4_53	100.000	384	0	0	1	384	1	384	0.0	767
0_195	4_54	100.000	276	0	0	1	276	1	276	0.0	550
0_195	4_331	35.857	251	126	6	1	233	1	234	4.11e-31	112
0_196	4_405	99.158	594	5	0	1	594	1	594	0.0	1180
0_196	4_419	28.413	630	325	21	34	582	29	613	4.59e-44	162
0_197	4_406	99.606	254	1	0	1	254	1	254	0.0	522
0_198	4_55	100.000	205	0	0	1	205	1	205	1.18e-153	419
0_199	4_56	100.000	144	0	0	1	144	1	144	6.53e-107	296
0_200	4_57	100.000	274	0	0	1	274	1	274	0.0	560
0_201	4_59	100.000	293	0	0	1	293	1	293	0.0	579
0_202	4_408	99.187	984	5	2	1	981	1	984	0.0	1959
0_202	4_249	22.222	720	356	26	188	785	788	1425	1.67e-17	82.4
0_203	4_409	99.833	599	1	0	1	599	1	599	0.0	1219
0_203	4_148	30.093	216	126	7	117	315	10	217	6.52e-17	78.6
0_203	4_150	37.008	127	62	2	116	224	13	139	8.29e-14	68.9
0_203	4_41	32.099	162	90	3	116	257	21	182	2.48e-13	66.6
0_204	4_410	99.838	617	1	0	1	617	1	617	0.0	1241
0_205	4_411	99.700	666	2	0	1	666	1	666	0.0	1348
0_206	4_412	99.655	579	2	0	1	579	1	579	0.0	1173
0_207	4_413	99.388	327	2	0	1	327	1	327	0.0	658
0_208	4_60	100.000	118	0	0	1	118	1	118	4.26e-79	223
0_209	4_414	100.000	202	0	0	1	202	1	202	5.34e-139	409
0_210	4_414	99.767	859	2	0	1	859	207	1065	0.0	1720
0_210	4_307	26.625	323	183	13	417	701	917	1223	3.31e-14	71.2
0_210	4_307	37.383	107	59	3	91	191	281	385	3.69e-10	58.2
0_211	4_415	99.593	246	1	0	1	246	1	246	4.82e-179	486
0_212	4_61	100.000	97	0	0	1	97	1	97	2.08e-67	192
0_213	4_62	100.000	505	0	0	1	505	1	505	0.0	1029
0_214	4_205	99.647	283	1	0	1	283	1	283	0.0	552
0_215	4_63	100.000	184	0	0	1	184	1	184	1.30e-136	374
0_216	4_64	100.000	508	0	0	1	508	1	508	0.0	1011
0_216	4_263	30.469	512	327	14	12	505	11	511	2.35e-54	186
0_216	4_284	34.498	229	125	6	26	245	25	237	1.12e-23	94.7
0_216	4_284	32.051	78	53	0	407	484	136	213	8.22e-07	44.7
0_216	4_353	32.673	202	122	5	12	211	6	195	9.88e-16	74.7
0_216	4_383	29.464	224	131	5	22	224	22	239	2.89e-15	71.2
0_216	4_383	21.596	213	160	4	277	484	26	236	4.52e-06	43.1
0_216	4_489	29.630	216	130	6	8	217	2	201	1.75e-13	67.4
0_216	4_489	24.229	227	142	7	261	482	2	203	0.001	36.2
0_216	4_354	29.524	210	134	5	12	221	10	205	1.04e-12	64.7
0_216	4_354	28.755	233	134	9	261	487	2	208	3.28e-09	53.5
0_216	4_382	32.143	196	124	6	31	223	28	217	1.05e-11	60.1
0_216	4_389	26.271	236	145	9	8	221	2	230	6.26e-10	55.8
0_216	4_389	32.432	74	47	2	149	222	453	523	3.28e-04	37.4
0_216	4_473	25.405	185	119	6	26	201	83	257	1.03e-08	51.2
0_216	4_473	23.387	248	159	10	244	487	59	279	1.16e-05	41.6
0_216	4_201	28.444	225	127	11	23	224	145	358	1.87e-08	50.8
0_216	4_201	25.106	235	140	8	278	493	147	364	1.26e-05	42.0
0_216	4_506	30.476	105	70	1	7	111	38	139	3.65e-08	50.4
0_216	4_506	25.974	77	56	1	407	482	508	584	4.79e-04	37.0
0_216	4_468	31.148	183	104	8	26	201	355	522	3.87e-08	50.1
0_216	4_491	28.788	132	85	4	356	484	146	271	1.10e-07	48.5
0_216	4_242	30.488	82	54	2	407	486	232	312	4.06e-07	46.6
0_216	4_242	28.333	60	43	0	8	67	11	70	4.41e-04	37.0
0_216	4_484	23.148	216	153	7	14	220	20	231	1.97e-06	43.9
0_216	4_484	24.180	244	146	10	277	503	30	251	2.67e-04	37.4
0_216	4_46	25.532	94	63	2	398	487	609	699	5.57e-06	43.5
0_216	4_469	26.136	176	110	6	36	205	363	524	1.29e-05	42.0
0_216	4_391	25.954	131	94	2	357	484	229	359	1.37e-05	42.0
0_216	4_346	25.532	188	118	5	27	208	346	517	3.76e-04	37.4
0_216	4_271	25.000	236	148	10	273	493	28	249	4.08e-04	37.0
0_216	4_533	43.182	44	25	0	26	69	343	386	6.82e-04	36.6
0_217	4_418	99.473	569	3	0	1	569	1	569	0.0	1098
0_217	4_65	30.556	216	124	4	79	285	18	216	6.05e-12	61.2
0_218	4_65	100.000	303	0	0	1	303	1	303	0.0	577
0_218	4_418	31.050	219	119	5	18	216	79	285	1.70e-11	59.3
0_219	4_66	100.000	184	0	0	1	184	1	184	6.30e-138	377
0_220	4_67	100.000	89	0	0	1	89	1	89	2.43e-60	174
0_221	4_419	99.879	826	1	0	1	826	1	826	0.0	1673
0_221	4_405	28.413	630	325	21	29	613	34	582	1.10e-48	177
0_222	4_420	98.415	820	8	2	1	817	1	818	0.0	1651
0_222	4_470	28.641	618	325	23	249	804	246	809	2.25e-45	169
0_223	4_421	99.403	670	4	0	63	732	1	670	0.0	1340
0_223	4_572	38.333	660	340	20	90	707	22	656	2.71e-126	387
0_223	4_471	61.364	132	38	3	24	154	1	120	6.89e-35	136
0_223	4_471	31.437	334	200	9	285	591	365	696	7.14e-35	136
0_223	4_268	39.474	76	42	3	1	75	1	73	4.51e-07	43.5
0_224	4_68	100.000	165	0	0	1	165	1	165	6.57e-118	325
0_225	4_502	99.174	121	1	0	1	121	1	121	5.74e-79	223
0_226	4_503	99.836	1217	2	0	1	1217	1	1217	0.0	2488
0_227	4_69	100.000	1411	0	0	1	1411	1	1411	0.0	2888
0_228	4_70	100.000	139	0	0	1	139	1	139	1.68e-99	276
0_229	4_471	99.265	816	6	0	24	839	1	816	0.0	1647
0_229	4_421	30.838	334	202	9	388	719	223	529	2.49e-33	131
0_229	4_421	59.783	92	26	2	63	143	1	92	2.15e-08	52.0
0_229	4_572	28.829	333	192	12	389	707	214	515	2.31e-27	112
0_229	4_367	62.963	81	30	0	279	359	232	312	5.11e-25	105
0_229	4_268	40.000	75	43	2	1	75	1	73	6.26e-08	46.2
0_230	4_422	99.379	161	1	0	1	161	1	161	1.71e-113	313
0_230	4_555	39.394	165	90	2	1	160	1068	1227	7.28e-24	91.7
0_230	4_373	26.623	154	99	6	7	151	1054	1202	1.04e-04	36.2
0_231	4_71	100.000	135	0	0	1	135	1	135	1.07e-94	264
0_231	4_555	52.239	67	31	1	68	134	959	1024	9.77e-14	61.6
0_232	4_423	99.813	534	1	0	1	534	1	534	0.0	1087
0_233	4_424	97.462	197	5	0	1	197	1	197	3.98e-132	363
0_234	4_72	100.000	214	0	0	1	214	1	214	2.80e-154	421
0_235	4_73	100.000	632	0	0	1	632	1	632	0.0	1287
0_236	4_74	100.000	120	0	0	1	120	1	120	5.93e-85	238
0_237	4_75	100.000	227	0	0	1	227	1	227	1.99e-169	461
0_238	4_76	100.000	87	0	0	1	87	1	87	1.83e-62	179
0_239	4_425	99.522	627	3	0	405	1031	1	627	0.0	1251
0_239	4_566	99.490	392	2	0	1	392	1	392	0.0	785
0_240	4_77	100.000	321	0	0	1	321	1	321	0.0	642
0_240	4_580	41.379	58	30	1	8	65	13	66	1.39e-07	47.4
0_241	4_426	99.368	475	3	0	1	475	1	475	0.0	917
0_242	4_78	100.000	753	0	0	1	753	1	753	0.0	1524
0_243	4_79	100.000	211	0	0	1	211	1	211	2.37e-149	408
0_244	4_428	99.761	418	1	0	1	418	1	418	0.0	849
0_245	4_80	100.000	109	0	0	1	109	1	109	1.19e-79	224
0_246	4_81	100.000	155	0	0	1	155	1	155	8.35e-113	311
0_247	4_429	99.861	720	1	0	1	720	1	720	0.0	1483
0_248	4_82	100.000	64	0	0	1	64	1	64	7.01e-43	127
0_249	4_83	100.000	116	0	0	1	116	1	116	4.20e-83	233
0_250	4_196	99.020	102	1	0	1	102	115	216	3.59e-69	201
0_251	4_196	100.000	88	0	0	1	88	1	88	4.54e-61	181
0_252	4_84	100.000	478	0	0	1	478	1	478	0.0	968
0_253	4_430	99.620	263	1	0	1	263	1	263	0.0	503
0_253	4_246	27.350	117	73	3	48	152	110	226	1.63e-06	42.7
0_253	4_246	33.333	93	52	3	35	117	121	213	3.07e-05	38.9
0_254	4_85	100.000	91	0	0	1	91	1	91	4.97e-63	181
0_255	4_86	100.000	356	0	0	1	356	1	356	0.0	721
0_256	4_87	100.000	99	0	0	1	99	1	99	6.14e-69	196
0_257	4_88	100.000	84	0	0	1	84	1	84	2.25e-57	166
0_258	4_537	99.648	284	1	0	1	284	1	284	0.0	572
0_258	4_377	37.143	105	61	3	37	141	22	121	4.37e-14	65.5
0_259	4_89	100.000	369	0	0	1	369	1	369	0.0	745
0_260	4_431	99.796	489	1	0	1	489	1	489	0.0	964
0_261	4_90	100.000	315	0	0	1	315	1	315	0.0	627
0_261	4_167	21.908	283	199	6	36	309	31	300	1.25e-12	62.0
0_262	4_91	100.000	361	0	0	1	361	1	361	0.0	734
0_263	4_92	100.000	242	0	0	1	242	1	242	9.32e-176	478
0_263	4_96	26.772	127	68	4	81	203	46	151	2.87e-04	35.4
0_264	4_432	99.786	467	1	0	1	467	1	467	0.0	954
0_265	4_93	100.000	216	0	0	1	216	1	216	3.08e-147	404
0_266	4_434	99.630	270	1	0	1	270	1	270	0.0	545
0_267	4_454	100.000	403	0	0	9	411	1	403	0.0	805
0_268	4_453	99.556	450	2	0	1	450	1	450	0.0	894
0_269	4_94	100.000	216	0	0	1	216	1	216	1.07e-156	427
0_269	4_404	25.654	191	131	5	28	214	18	201	2.89e-10	52.8
0_270	4_452	99.298	285	2	0	1	285	1	285	0.0	568
0_271	4_95	100.000	193	0	0	1	193	1	193	2.94e-139	381
0_272	4_96	100.000	186	0	0	1	186	1	186	7.04e-137	375
0_272	4_92	26.772	127	68	4	46	151	81	203	2.20e-04	35.4
0_273	4_567	98.795	83	1	0	1	83	1	83	6.41e-56	167
0_274	4_451	98.976	293	3	0	1	293	1	293	0.0	579
0_274	4_302	29.530	149	90	6	9	152	5	143	2.96e-09	52.0
0_274	4_302	26.220	164	110	4	9	162	173	335	2.76e-06	42.7
0_274	4_124	37.705	61	35	1	5	65	218	275	4.22e-05	39.3
0_274	4_289	39.344	61	33	3	10	69	19	76	2.72e-04	35.8
0_275	4_97	100.000	131	0	0	1	131	1	131	3.06e-94	263
0_276	4_98	100.000	150	0	0	1	150	1	150	1.65e-109	303
0_277	4_99	100.000	680	0	0	1	680	1	680	0.0	1347
0_277	4_469	28.070	285	183	6	358	634	225	495	1.13e-14	71.6
0_277	4_346	32.184	174	95	8	495	660	352	510	1.10e-10	58.9
0_277	4_468	31.138	167	94	7	502	660	369	522	5.26e-10	56.6
0_277	4_284	29.630	189	109	7	501	679	38	212	7.52e-10	54.7
0_277	4_354	30.726	179	101	8	500	670	32	195	7.61e-10	56.2
0_277	4_533	28.571	189	106	7	463	638	317	489	1.96e-09	54.7
0_277	4_473	29.167	168	103	8	502	660	97	257	4.22e-08	50.1
0_277	4_353	24.479	192	131	5	491	678	23	204	2.21e-07	48.5
0_277	4_382	25.359	209	123	8	464	661	11	197	3.72e-07	46.6
0_277	4_263	22.353	170	119	4	500	660	37	202	4.93e-05	40.8
0_277	4_489	24.510	204	131	6	469	670	13	195	1.22e-04	39.7
0_277	4_484	28.814	177	108	5	498	660	40	212	3.56e-04	37.4
0_277	4_491	45.588	68	27	4	466	525	4	69	5.51e-04	37.0
0_277	4_389	25.126	199	105	10	500	667	32	217	6.12e-04	37.4
0_278	4_100	100.000	398	0	0	1	398	1	398	0.0	811
0_279	4_585	100.000	128	0	0	1	128	128	255	4.98e-90	256
0_280	4_449	99.582	239	1	0	1	239	1	239	3.47e-175	476
0_281	4_448	99.475	381	2	0	1	381	1	381	0.0	750
0_282	4_447	99.576	236	1	0	1	236	1	236	2.06e-171	466
0_282	4_292	33.824	136	63	8	4	113	16	150	3.51e-06	41.6
0_283	4_446	98.333	120	2	0	1	120	1	120	1.89e-86	242
0_284	4_101	100.000	332	0	0	1	332	1	332	0.0	667
0_285	4_102	100.000	134	0	0	1	134	1	134	3.40e-97	270
0_286	4_103	100.000	137	0	0	1	137	1	137	1.93e-97	271
0_287	4_104	100.000	37	0	0	1	37	1	37	1.11e-20	70.1
0_288	4_105	100.000	75	0	0	1	75	1	75	3.38e-53	154
0_289	4_106	100.000	250	0	0	1	250	1	250	0.0	511
0_289	4_351	27.451	204	135	5	3	203	121	314	1.64e-15	69.7
0_290	4_445	99.057	212	2	0	1	212	1	212	9.03e-156	425
0_291	4_444	99.789	473	1	0	1	473	1	473	0.0	926
0_292	4_107	100.000	147	0	0	1	147	1	147	7.41e-107	296
0_293	4_443	99.614	259	1	0	1	259	1	259	0.0	518
0_294	4_108	100.000	121	0	0	1	121	1	121	6.41e-88	246
0_295	4_109	100.000	179	0	0	1	179	1	179	4.28e-130	357
0_296	4_110	100.000	131	0	0	1	131	1	131	2.27e-94	263
0_297	4_111	100.000	61	0	0	1	61	1	61	5.72e-42	125
0_298	4_112	100.000	181	0	0	1	181	1	181	5.33e-135	370
0_299	4_442	99.065	107	1	0	1	107	1	107	4.03e-72	205
0_300	4_113	100.000	122	0	0	1	122	1	122	1.06e-84	238
0_301	4_114	100.000	121	0	0	1	121	1	121	1.62e-81	229
0_302	4_115	100.000	136	0	0	1	136	1	136	9.34e-100	277
0_303	4_116	100.000	227	0	0	1	227	1	227	2.18e-167	455
0_304	4_117	100.000	173	0	0	1	173	1	173	1.80e-125	345
0_305	4_118	100.000	90	0	0	1	90	1	90	1.48e-65	187
0_306	4_441	99.645	282	1	0	1	282	1	282	0.0	564
0_307	4_119	100.000	163	0	0	1	163	1	163	1.62e-116	322
0_308	4_440	99.533	214	1	0	1	214	1	214	1.37e-156	427
0_309	4_120	100.000	233	0	0	1	233	1	233	4.12e-170	462
0_310	4_121	100.000	106	0	0	1	106	1	106	6.94e-75	212
0_311	4_439	99.512	205	1	0	1	205	1	205	4.18e-150	410
0_312	4_438	99.559	227	1	0	1	227	1	227	7.97e-167	454
0_313	4_437	99.887	883	1	0	1	883	1	883	0.0	1785
0_314	4_122	100.000	184	0	0	1	184	1	184	1.71e-136	374
0_315	4_436	98.653	297	4	0	1	297	1	297	0.0	572
0_316	4_435	99.718	709	2	0	1	709	1	709	0.0	1422
0_317	4_592	99.591	489	2	0	1	489	2	490	0.0	979
0_317	4_372	27.500	160	109	3	145	300	110	266	6.48e-12	62.0
0_317	4_372	46.809	47	22	1	439	482	489	535	4.44e-08	50.1
0_317	4_427	23.176	466	288	19	51	483	14	442	1.36e-10	57.8
0_318	4_123	100.000	276	0	0	1	276	1	276	0.0	566
0_318	4_365	27.170	265	163	10	5	249	21	275	1.26e-13	64.3
0_318	4_212	23.529	272	197	8	2	272	4	265	4.60e-11	56.6
0_318	4_26	24.074	270	159	9	1	248	1	246	3.00e-06	42.0
0_318	4_176	27.397	73	51	1	2	72	7	79	4.96e-05	38.5
0_319	4_124	100.000	442	0	0	1	442	1	442	0.0	874
0_319	4_302	35.897	156	83	4	218	368	172	315	3.51e-20	87.0
0_319	4_302	30.337	89	60	2	220	307	6	93	1.52e-05	41.6
0_319	4_451	37.705	61	35	1	218	275	5	65	6.03e-05	39.3
0_320	4_389	99.814	538	1	0	1	538	1	538	0.0	1097
0_320	4_354	25.214	234	142	6	1	230	1	205	1.93e-12	64.3
0_320	4_354	28.095	210	134	8	319	519	1	202	2.03e-09	54.3
0_320	4_382	27.778	198	108	5	13	203	16	185	2.82e-12	62.0
0_320	4_353	22.993	274	175	5	1	272	1	240	6.79e-11	59.3
0_320	4_353	24.762	210	137	8	319	517	1	200	6.36e-06	43.1
0_320	4_533	28.877	187	109	5	1	187	324	486	8.13e-11	58.9
0_320	4_64	26.271	236	145	9	2	230	8	221	3.54e-10	56.6
0_320	4_64	32.432	74	47	2	453	523	149	222	3.45e-04	37.7
0_320	4_468	23.853	218	133	6	1	213	336	525	6.89e-09	52.8
0_320	4_383	24.762	210	126	6	20	213	26	219	8.07e-08	48.5
0_320	4_469	44.898	49	27	0	13	61	346	394	9.11e-08	48.9
0_320	4_263	24.378	201	108	6	1	187	6	176	5.89e-07	46.6
0_320	4_506	35.088	57	37	0	2	58	39	95	7.10e-07	46.2
0_320	4_506	28.788	66	43	1	152	213	504	569	3.84e-05	40.8
0_320	4_284	21.397	229	162	8	319	536	5	226	1.48e-06	44.3
0_320	4_284	22.363	237	149	6	1	230	5	213	2.34e-05	40.4
0_320	4_346	35.185	54	35	0	10	63	335	388	7.85e-06	42.7
0_320	4_489	26.027	219	131	9	319	521	1	204	8.43e-06	42.7
0_320	4_489	20.851	235	133	6	1	219	1	198	1.01e-05	42.7
0_320	4_242	31.765	85	54	1	150	230	226	310	1.43e-05	42.0
0_320	4_242	27.586	58	42	0	1	58	10	67	2.77e-05	40.8
0_320	4_484	21.491	228	155	5	320	525	10	235	4.77e-05	39.7
0_320	4_484	21.577	241	139	6	14	233	24	235	3.00e-04	37.4
0_320	4_201	23.913	184	111	6	16	187	142	308	9.31e-05	39.3
0_320	4_491	27.174	92	64	1	443	534	188	276	3.42e-04	37.4
0_320	4_46	28.169	71	47	1	449	515	619	689	7.33e-04	36.6
0_321	4_390	99.568	695	3	0	1	695	1	695	0.0	1373
0_322	4_125	100.000	70	0	0	1	70	1	70	2.83e-47	139
0_323	4_126	100.000	344	0	0	1	344	1	344	0.0	682
0_323	4_339	24.308	325	166	12	64	333	46	345	9.94e-06	41.2
0_324	4_127	100.000	366	0	0	1	366	1	366	0.0	723
0_324	4_270	27.358	318	207	7	61	361	6	316	9.19e-23	92.8
0_325	4_128	100.000	321	0	0	1	321	1	321	0.0	634
0_325	4_45	32.877	219	139	5	106	317	160	377	2.15e-20	85.5
0_326	4_391	99.774	443	1	0	1	443	1	443	0.0	890
0_326	4_46	37.751	249	137	4	204	437	530	775	1.11e-43	158
0_326	4_46	39.175	97	55	2	61	156	22	115	9.02e-13	64.7
0_326	4_201	45.082	122	66	1	273	394	269	389	1.44e-28	112
0_326	4_201	35.185	108	53	4	59	156	139	239	1.79e-11	60.1
0_326	4_271	37.500	136	83	1	252	385	131	266	1.91e-23	95.5
0_326	4_271	29.630	135	70	5	32	157	7	125	5.12e-09	52.0
0_326	4_242	26.786	392	248	11	43	417	10	379	3.80e-23	95.9
0_326	4_506	38.298	94	57	1	274	366	501	594	5.91e-17	77.8
0_326	4_506	29.688	128	75	3	38	165	33	145	4.36e-10	56.2
0_326	4_484	34.711	121	77	2	251	371	126	244	5.44e-16	72.4
0_326	4_383	36.641	131	75	3	258	386	136	260	8.46e-16	72.4
0_326	4_491	33.333	90	60	0	282	371	194	283	9.05e-15	70.1
0_326	4_473	42.857	84	47	1	276	359	194	276	1.11e-14	69.3
0_326	4_473	31.481	108	69	2	42	147	59	163	1.31e-06	44.3
0_326	4_284	32.353	102	68	1	278	379	133	233	3.50e-12	60.8
0_326	4_382	32.500	120	77	3	244	363	104	219	4.13e-12	60.8
0_326	4_263	36.634	101	54	3	264	360	129	223	7.91e-11	58.2
0_326	4_263	35.443	79	50	1	281	359	412	489	3.58e-07	46.6
0_326	4_263	41.071	56	29	1	43	98	6	57	5.42e-06	43.1
0_326	4_354	35.556	90	52	3	281	367	129	215	4.13e-08	49.7
0_326	4_353	25.191	131	91	3	223	351	72	197	8.91e-08	48.9
0_326	4_489	29.600	125	78	5	267	390	115	230	2.21e-07	47.8
0_326	4_64	25.954	131	94	2	229	359	357	484	1.19e-05	42.0
0_326	4_468	38.983	59	33	1	281	339	467	522	4.48e-05	40.0
0_326	4_533	29.412	85	53	2	30	111	308	388	2.00e-04	38.1
0_326	4_469	27.132	129	76	4	23	138	302	425	4.57e-04	37.0
0_326	4_227	26.984	189	115	7	240	424	450	619	6.69e-04	36.6
0_327	4_392	99.508	2033	10	0	1	2033	1	2033	0.0	4071
0_328	4_393	99.664	892	3	0	1	892	1	892	0.0	1798
0_329	4_129	100.000	142	0	0	1	142	1	142	5.97e-104	288
0_330	4_130	100.000	361	0	0	1	361	1	361	0.0	718
0_331	4_402	99.788	472	1	0	1	472	1	472	0.0	924
0_332	4_131	100.000	259	0	0	1	259	1	259	0.0	515
0_333	4_403	99.603	504	2	0	1	504	1	504	0.0	974
0_333	4_494	25.901	444	264	16	10	403	51	479	5.99e-21	90.5
0_334	4_132	100.000	91	0	0	1	91	1	91	6.88e-61	175
0_334	4_0	28.571	91	61	3	1	88	3	92	9.05e-07	38.5
0_335	4_133	100.000	98	0	0	1	98	1	98	9.95e-67	191
0_336	4_134	100.000	207	0	0	1	207	1	207	5.47e-147	402
0_337	4_404	98.558	208	3	0	1	208	1	208	2.56e-150	410
0_337	4_94	25.654	191	131	5	18	201	28	214	4.50e-10	52.0
0_338	4_573	96.610	59	2	0	1	59	1	59	6.47e-37	113
0_339	4_330	98.969	97	1	0	1	97	1	97	3.42e-66	189
0_340	4_329	99.317	439	3	0	1	439	1	439	0.0	868
0_341	4_328	99.355	465	3	0	1	465	1	465	0.0	924
0_342	4_326	99.323	443	3	0	1	443	1	443	0.0	868
0_343	4_325	98.498	333	5	0	1	333	1	333	0.0	651
0_344	4_324	98.667	150	2	0	1	150	1	150	5.23e-104	289
0_344	4_251	38.158	76	46	1	67	142	26	100	1.84e-10	50.1
0_345	4_323	99.020	204	2	0	1	204	1	204	7.41e-142	389
0_346	4_322	99.661	886	3	0	1	886	1	886	0.0	1798
0_346	4_340	24.212	698	427	16	34	711	18	633	1.54e-47	177
0_346	4_458	22.941	340	205	10	440	753	393	701	1.63e-14	72.0
0_346	4_458	23.563	174	120	3	27	199	8	169	7.20e-09	53.9
0_346	4_362	26.490	151	100	3	50	200	2	141	3.37e-09	54.7
0_346	4_362	34.426	61	35	2	574	634	294	349	4.72e-05	41.2
0_347	4_321	99.412	850	5	0	1	850	1	850	0.0	1684
0_347	4_253	35.361	707	433	11	6	698	50	746	5.18e-130	405
0_347	4_253	25.000	132	88	5	582	706	727	854	3.86e-04	38.5
0_348	4_319	99.702	336	1	0	1	336	1	336	0.0	685
0_349	4_560	98.875	622	5	1	1	622	1	620	0.0	1222
0_349	4_288	43.560	427	222	5	210	619	209	633	1.76e-107	333
0_349	4_287	37.331	517	295	8	110	619	19	513	1.96e-106	327
0_349	4_587	33.150	546	301	19	110	619	8	525	1.79e-61	208
0_349	4_17	30.496	423	246	10	237	618	118	533	1.04e-47	171
0_349	4_568	33.524	349	189	9	300	618	24	359	1.20e-43	155
0_349	4_540	45.238	42	22	1	238	278	144	185	2.86e-04	37.0
0_350	4_318	99.856	694	1	0	1	694	1	694	0.0	1389
0_351	4_317	99.703	337	1	0	1	337	1	337	0.0	671
0_352	4_135	100.000	240	0	0	1	240	1	240	3.17e-178	484
0_353	4_136	100.000	419	0	0	1	419	1	419	0.0	828
0_353	4_475	35.433	127	57	2	160	261	6	132	1.52e-14	69.3
0_353	4_302	25.112	223	154	7	159	375	173	388	1.94e-04	37.7
0_353	4_524	35.000	60	27	2	159	214	113	164	6.64e-04	35.8
0_354	4_316	99.167	120	1	0	1	120	1	120	3.92e-84	236
0_355	4_315	99.656	291	1	0	1	291	1	291	0.0	579
0_356	4_137	100.000	141	0	0	1	141	1	141	1.25e-99	277
0_357	4_314	98.442	385	6	0	1	385	1	385	0.0	735
0_358	4_138	100.000	242	0	0	1	242	1	242	8.76e-173	470
0_359	4_139	100.000	102	0	0	1	102	1	102	1.60e-71	203
0_360	4_140	100.000	179	0	0	1	179	1	179	3.57e-127	350
0_361	4_141	100.000	187	0	0	1	187	1	187	4.53e-132	363
0_362	4_142	100.000	507	0	0	1	507	1	507	0.0	1014
0_362	4_174	43.385	325	173	6	125	444	105	423	1.09e-74	239
0_362	4_144	27.027	370	259	7	58	421	44	408	3.04e-26	106
0_362	4_175	21.988	332	249	6	37	363	15	341	8.29e-08	48.9
0_363	4_143	100.000	276	0	0	1	276	1	276	0.0	544
0_364	4_144	100.000	471	0	0	1	471	1	471	0.0	953
0_364	4_175	37.168	452	279	4	7	456	2	450	3.10e-104	313
0_364	4_142	27.027	370	259	7	44	408	58	421	2.82e-26	106
0_364	4_174	22.712	295	216	6	63	348	49	340	4.67e-08	49.7
0_365	4_313	98.758	161	2	0	1	161	1	161	5.73e-117	322
0_366	4_523	99.396	331	2	0	1	331	1	331	0.0	663
0_367	4_312	99.672	305	1	0	1	305	1	305	0.0	605
0_368	4_311	99.318	440	3	0	1	440	1	440	0.0	874
0_368	4_335	36.269	193	110	4	101	283	125	314	1.03e-26	104
0_369	4_310	99.780	455	1	0	1	455	1	455	0.0	929
0_370	4_309	99.711	691	2	0	1	691	1	691	0.0	1388
0_371	4_145	100.000	257	0	0	1	257	1	257	0.0	518
0_372	4_308	99.638	276	1	0	1	276	1	276	0.0	564
0_373	4_146	100.000	414	0	0	1	414	1	414	0.0	830
0_374	4_307	99.243	1585	12	0	1	1585	1	1585	0.0	3112
0_374	4_414	26.625	323	183	13	917	1223	623	907	5.10e-14	71.6
0_374	4_414	37.383	107	59	3	281	385	297	397	1.17e-05	44.3
0_375	4_306	99.420	517	3	0	1	517	1	517	0.0	1001
0_376	4_147	100.000	102	0	0	1	102	1	102	5.08e-70	199
0_377	4_305	99.833	600	1	0	1	600	1	600	0.0	1197
0_378	4_304	99.734	376	1	0	1	376	1	376	0.0	773
0_379	4_303	99.559	227	1	0	1	227	1	227	3.65e-169	460
0_380	4_302	99.771	437	1	0	1	437	1	437	0.0	875
0_380	4_124	35.897	156	83	4	172	315	218	368	3.91e-20	86.7
0_380	4_124	29.032	124	83	4	6	126	220	341	3.53e-06	43.5
0_380	4_451	28.571	147	96	5	4	143	8	152	8.69e-09	51.2
0_380	4_451	27.711	166	105	5	173	335	9	162	1.80e-06	43.9
0_380	4_289	40.741	54	29	1	6	59	19	69	4.97e-06	41.6
0_380	4_289	28.415	183	118	5	157	338	5	175	7.30e-06	40.8
0_380	4_148	28.108	185	98	8	174	341	10	176	4.66e-05	40.0
0_380	4_524	33.846	65	33	4	5	65	113	171	2.68e-04	37.0
0_381	4_301	98.684	76	1	0	1	76	1	76	5.12e-49	144
0_382	4_148	100.000	598	0	0	1	598	1	598	0.0	1210
0_382	4_150	36.898	187	106	4	2	183	6	185	1.21e-24	103
0_382	4_150	23.009	226	143	9	165	370	266	480	7.48e-07	46.6
0_382	4_150	22.599	177	118	5	322	480	509	684	3.36e-06	44.3
0_382	4_409	30.093	216	126	7	10	217	117	315	7.36e-17	78.6
0_382	4_41	27.083	288	181	10	8	272	20	301	4.56e-16	75.1
0_382	4_302	28.108	185	98	8	10	176	174	341	6.38e-05	40.0
0_383	4_149	100.000	323	0	0	1	323	1	323	0.0	657
0_384	4_150	100.000	694	0	0	1	694	1	694	0.0	1425
0_384	4_148	36.898	187	106	4	6	185	2	183	1.40e-24	103
0_384	4_148	23.009	226	143	9	266	480	165	370	8.68e-07	46.6
0_384	4_148	22.599	177	118	5	509	684	322	480	3.90e-06	44.3
0_384	4_409	37.008	127	62	2	13	139	116	224	9.36e-14	68.9
0_384	4_41	34.091	132	84	3	8	138	16	145	5.27e-13	65.9
0_385	4_151	100.000	141	0	0	1	141	1	141	6.11e-104	288
0_386	4_300	99.398	166	1	0	1	166	1	166	1.40e-116	322
0_387	4_299	99.558	452	2	0	1	452	1	452	0.0	880
0_388	4_298	99.781	457	1	0	1	457	1	457	0.0	935
0_388	4_581	24.324	296	194	11	106	396	16	286	4.72e-09	52.4
0_388	4_265	26.351	148	100	5	159	302	335	477	1.24e-04	38.9
0_389	4_152	100.000	427	0	0	1	427	1	427	0.0	847
0_390	4_153	100.000	232	0	0	1	232	1	232	1.27e-173	471
0_391	4_297	99.800	999	2	0	1	999	1	999	0.0	2017
0_392	4_154	100.000	93	0	0	1	93	1	93	4.90e-68	193
0_395	4_357	99.796	979	2	0	1	979	1	979	0.0	1927
0_396	4_456	99.020	408	4	0	1	408	1	408	0.0	815
0_397	4_155	100.000	259	0	0	1	259	1	259	0.0	514
0_398	4_156	100.000	144	0	0	1	144	1	144	8.47e-108	298
0_399	4_157	100.000	132	0	0	1	132	1	132	6.93e-95	264
0_400	4_457	99.849	662	1	0	1	662	1	662	0.0	1329
0_401	4_458	99.873	790	1	0	1	790	1	790	0.0	1607
0_401	4_322	22.941	340	205	10	393	701	440	753	1.33e-14	72.4
0_401	4_322	23.563	174	120	3	8	169	27	199	6.15e-09	53.9
0_401	4_340	24.103	195	101	6	398	592	393	540	4.94e-12	63.9
0_401	4_340	27.174	184	113	4	3	168	6	186	7.12e-09	53.5
0_401	4_362	34.444	90	58	1	29	118	3	91	6.58e-08	50.1
0_401	4_362	33.000	100	59	3	513	612	264	355	1.53e-07	48.9
0_402	4_459	99.729	369	1	0	1	369	1	369	0.0	741
0_403	4_158	100.000	145	0	0	1	145	1	145	1.42e-102	285
0_404	4_461	99.756	410	1	0	1	410	1	410	0.0	808
0_405	4_462	99.559	227	1	0	1	227	1	227	1.27e-163	446
0_406	4_159	100.000	229	0	0	1	229	1	229	5.24e-169	459
0_406	4_583	29.932	147	96	3	82	226	110	251	6.50e-09	49.3
0_407	4_160	100.000	181	0	0	1	181	1	181	1.23e-134	369
0_408	4_161	100.000	46	0	0	1	46	1	46	2.37e-29	92.4
0_409	4_463	99.383	324	2	0	1	324	1	324	0.0	637
0_410	4_464	99.789	946	2	0	1	946	1	946	0.0	1862
0_411	4_162	100.000	195	0	0	1	195	1	195	2.50e-144	394
0_412	4_465	99.598	249	1	0	1	249	1	249	0.0	499
0_413	4_163	100.000	245	0	0	1	245	1	245	7.91e-177	481
0_414	4_466	99.857	700	1	0	1	700	1	700	0.0	1420
0_415	4_467	99.485	582	3	0	1	582	1	582	0.0	1175
0_416	4_468	99.629	539	2	0	1	539	1	539	0.0	1044
0_416	4_533	28.893	533	353	10	7	533	8	520	2.39e-48	170
0_416	4_346	31.604	212	135	3	331	538	321	526	1.55e-30	119
0_416	4_469	38.914	221	127	7	322	538	320	536	5.14e-30	118
0_416	4_382	34.694	196	110	5	348	531	16	205	8.45e-19	81.3
0_416	4_354	30.189	212	129	8	336	539	1	201	1.35e-15	74.3
0_416	4_489	29.897	194	126	6	336	525	1	188	5.73e-13	65.9
0_416	4_353	26.887	212	136	7	336	539	1	201	2.11e-12	64.3
0_416	4_99	31.138	167	94	7	369	522	502	660	5.65e-10	56.2
0_416	4_284	32.065	184	107	8	354	528	24	198	1.08e-09	53.5
0_416	4_389	23.853	218	133	6	336	525	1	213	8.58e-09	52.4
0_416	4_64	31.148	183	104	8	355	522	26	201	4.75e-08	50.1
0_416	4_473	25.510	196	125	7	351	532	79	267	1.27e-07	48.1
0_416	4_46	38.983	59	33	1	467	522	618	676	6.01e-07	46.6
0_416	4_506	27.778	90	61	2	452	538	493	581	1.45e-06	45.4
0_416	4_271	28.780	205	118	10	351	532	29	228	2.44e-06	44.3
0_416	4_491	29.412	85	52	2	441	522	172	251	5.08e-06	43.1
0_416	4_242	30.769	78	53	1	327	404	1	77	9.62e-06	42.4
0_416	4_242	35.294	68	41	1	464	528	229	296	6.84e-05	39.7
0_416	4_484	26.699	206	131	7	336	523	9	212	3.28e-05	40.0
0_416	4_391	38.983	59	33	1	467	522	281	339	5.95e-05	40.0
0_417	4_469	99.440	536	3	0	1	536	1	536	0.0	1015
0_417	4_346	31.445	512	325	9	35	536	31	526	1.57e-54	187
0_417	4_468	38.914	221	127	7	320	536	322	538	6.39e-30	118
0_417	4_533	35.922	206	126	5	328	531	319	520	7.83e-24	99.8
0_417	4_354	32.558	215	117	9	334	536	2	200	2.77e-15	73.2
0_417	4_382	30.189	212	132	8	334	534	2	208	4.47e-14	67.4
0_417	4_99	31.551	187	110	5	319	495	456	634	4.91e-14	69.3
0_417	4_353	31.373	204	111	9	346	536	13	200	2.27e-11	60.8
0_417	4_473	31.527	203	114	11	349	536	79	271	2.62e-08	50.1
0_417	4_389	44.898	49	27	0	346	394	13	61	9.00e-08	48.9
0_417	4_489	28.505	214	123	10	334	534	2	198	7.89e-07	46.2
0_417	4_284	27.273	209	130	9	336	533	8	205	3.12e-06	43.1
0_417	4_64	26.136	176	110	6	363	524	36	205	1.69e-05	41.6
0_417	4_506	33.333	66	43	1	331	396	36	100	2.78e-05	41.2
0_417	4_383	21.827	197	131	4	349	522	22	218	4.45e-05	40.0
0_417	4_46	36.508	63	34	2	364	424	38	96	8.32e-05	39.7
0_417	4_491	38.000	100	46	5	327	415	1	95	1.58e-04	38.5
0_417	4_391	27.132	129	76	4	302	425	23	138	6.58e-04	36.6
0_417	4_263	26.230	183	118	8	365	534	37	215	8.67e-04	36.2
0_418	4_289	99.432	176	1	0	1	176	1	176	2.64e-130	357
0_418	4_302	40.741	54	29	1	19	69	6	59	2.10e-06	41.6
0_418	4_302	28.415	183	118	5	5	175	157	338	2.83e-06	41.2
0_418	4_451	39.344	61	33	3	19	76	10	69	1.46e-04	35.8
0_419	4_288	99.394	660	4	0	1	660	1	660	0.0	1326
0_419	4_287	65.385	468	139	6	192	653	83	533	0.0	595
0_419	4_287	78.947	38	8	0	1	38	4	41	4.25e-13	66.6
0_419	4_560	42.857	427	225	5	209	633	208	617	9.87e-105	326
0_419	4_587	37.226	548	260	19	126	632	20	524	5.78e-80	258
0_419	4_568	35.635	362	182	7	300	634	24	361	1.74e-60	201
0_419	4_17	31.670	461	251	12	214	632	95	533	4.76e-52	184
0_419	4_540	39.655	58	33	2	237	293	143	199	1.05e-06	44.7
0_420	4_164	100.000	457	0	0	1	457	1	457	0.0	937
0_421	4_165	100.000	201	0	0	1	201	1	201	7.01e-150	409
0_422	4_166	100.000	316	0	0	1	316	1	316	0.0	625
0_423	4_285	99.007	705	7	0	1	705	1	705	0.0	1370
0_424	4_284	99.580	238	1	0	1	238	1	238	6.71e-175	475
0_424	4_64	35.349	215	114	6	25	223	26	231	5.88e-24	94.4
0_424	4_64	32.051	78	53	0	136	213	407	484	3.52e-07	45.1
0_424	4_383	27.854	219	136	3	21	217	22	240	1.82e-18	77.4
0_424	4_201	28.444	225	136	8	22	223	143	365	9.70e-17	73.6
0_424	4_382	27.805	205	136	6	22	218	20	220	2.15e-15	68.6
0_424	4_263	25.676	222	145	6	5	212	6	221	4.74e-14	65.5
0_424	4_263	25.446	224	142	7	22	225	283	501	3.33e-09	51.2
0_424	4_391	32.353	102	68	1	133	233	278	379	1.92e-12	60.8
0_424	4_391	31.915	47	32	0	22	68	63	109	0.001	34.3
0_424	4_491	32.143	140	84	3	90	221	143	279	5.35e-12	59.3
0_424	4_46	30.108	93	64	1	133	224	615	707	5.98e-12	59.3
0_424	4_46	40.426	47	28	0	21	67	23	69	1.95e-07	45.8
0_424	4_506	32.292	96	63	2	127	221	500	594	1.71e-11	58.2
0_424	4_506	30.556	72	46	3	21	89	53	123	3.35e-04	35.8
0_424	4_354	29.596	223	136	8	8	221	4	214	3.52e-11	57.0
0_424	4_242	31.313	99	67	1	136	233	232	330	1.86e-10	54.7
0_424	4_99	29.630	189	109	7	38	212	501	679	1.92e-10	55.1
0_424	4_271	24.783	230	150	7	22	230	30	257	2.86e-10	53.9
0_424	4_468	31.522	184	108	8	24	198	354	528	1.21e-09	52.4
0_424	4_473	24.272	206	141	6	25	220	83	283	2.18e-09	51.2
0_424	4_533	28.125	192	104	6	22	197	340	513	3.11e-09	51.2
0_424	4_489	27.000	200	123	7	22	211	17	203	9.03e-09	50.1
0_424	4_389	21.397	229	162	8	5	226	319	536	7.02e-07	43.9
0_424	4_389	22.363	237	149	6	5	213	1	230	1.11e-05	40.4
0_424	4_353	27.174	184	109	7	24	196	19	188	7.20e-07	44.3
0_424	4_469	27.273	209	130	9	8	205	336	533	9.13e-07	43.9
0_424	4_484	26.582	79	57	1	135	212	153	231	3.16e-06	41.6
0_424	4_346	25.414	181	122	5	22	197	342	514	3.65e-06	42.0
0_425	4_167	100.000	304	0	0	1	304	1	304	0.0	591
0_425	4_90	21.908	283	199	6	31	300	36	309	1.21e-12	62.0
0_426	4_168	100.000	578	0	0	1	578	1	578	0.0	1161
0_427	4_513	97.901	810	17	0	1	810	1	810	0.0	1588
0_427	4_577	34.263	753	406	22	1	707	1	710	9.58e-101	323
0_427	4_356	44.622	437	204	12	1	414	1	422	1.44e-96	314
0_427	4_487	46.269	67	29	2	14	73	9	75	1.43e-09	50.1
0_428	4_169	100.000	127	0	0	1	127	1	127	2.20e-88	248
0_429	4_170	100.000	285	0	0	1	285	1	285	0.0	552
0_429	4_509	42.748	262	132	5	26	281	1	250	2.10e-53	170
0_429	4_508	41.791	201	113	2	84	280	43	243	3.63e-46	150
0_430	4_509	96.198	263	10	0	1	263	1	263	0.0	500
0_430	4_170	42.748	262	132	5	1	250	26	281	4.64e-54	171
0_430	4_508	39.689	257	133	7	1	249	1	243	4.37e-47	152
0_431	4_508	94.286	245	14	0	1	245	1	245	1.50e-166	455
0_431	4_170	42.786	201	111	2	43	243	84	280	5.58e-48	155
0_431	4_509	37.795	254	142	5	1	243	1	249	5.38e-47	152
0_432	4_273	99.368	1425	9	0	1	1425	1	1425	0.0	2852
0_433	4_171	100.000	411	0	0	1	411	1	411	0.0	820
0_435	4_172	100.000	202	0	0	1	202	1	202	1.54e-145	398
0_436	4_276	99.795	487	1	0	1	487	1	487	0.0	967
0_437	4_173	100.000	231	0	0	1	231	1	231	1.50e-161	441
0_438	4_277	99.810	527	1	0	1	527	1	527	0.0	1022
0_439	4_278	99.457	184	1	0	1	184	1	184	2.47e-135	371
0_440	4_280	99.055	741	6	1	1	741	1	740	0.0	1477
0_441	4_174	100.000	511	0	0	1	511	1	511	0.0	1046
0_441	4_142	43.385	325	173	6	105	423	125	444	1.10e-74	239
0_441	4_144	22.712	295	216	6	49	340	63	348	5.07e-08	49.7
0_441	4_175	22.819	298	203	11	116	400	119	402	4.15e-06	43.5
0_442	4_175	100.000	457	0	0	1	457	1	457	0.0	926
0_442	4_144	37.168	452	279	4	2	450	7	456	3.00e-104	313
0_442	4_142	21.988	332	249	6	15	341	37	363	7.47e-08	48.9
0_442	4_174	22.819	298	203	11	119	402	116	400	3.71e-06	43.5
0_443	4_176	100.000	306	0	0	1	306	1	306	0.0	630
0_443	4_365	26.552	290	175	9	10	278	21	293	2.78e-20	84.0
0_443	4_212	22.939	279	185	10	9	277	5	263	2.33e-08	48.9
0_443	4_480	28.846	104	69	2	158	261	148	246	2.20e-05	40.0
0_443	4_123	27.397	73	51	1	7	79	2	72	4.09e-05	38.9
0_443	4_26	32.877	73	43	1	186	258	180	246	2.67e-04	36.2
0_444	4_177	100.000	361	0	0	1	361	1	361	0.0	736
0_445	4_281	99.541	218	1	0	1	218	1	218	8.02e-162	441
0_446	4_282	99.585	241	1	0	1	241	1	241	1.07e-180	490
0_447	4_283	99.593	246	1	0	1	246	1	246	0.0	497
0_448	4_327	98.333	120	2	0	1	120	1	120	1.01e-83	235
0_449	4_320	99.532	641	3	0	1	641	1	641	0.0	1283
0_449	4_31	44.288	639	333	9	3	626	5	635	1.60e-168	491
0_450	4_184	100.000	77	0	0	1	77	1	77	2.00e-49	145
0_451	4_185	100.000	90	0	0	1	90	1	90	1.29e-61	177
0_452	4_186	100.000	156	0	0	1	156	1	156	1.38e-117	323
0_453	4_187	100.000	126	0	0	1	126	1	126	2.49e-88	247
0_454	4_188	100.000	174	0	0	1	174	1	174	6.56e-126	346
0_455	4_231	99.344	305	2	0	1	305	1	305	0.0	617
0_455	4_581	25.949	158	98	6	150	298	56	203	1.75e-04	37.0
0_455	4_265	23.988	346	196	13	2	298	155	482	2.74e-04	37.0
0_456	4_235	99.296	142	1	0	1	142	1	142	3.54e-98	273
0_457	4_557	99.774	443	1	0	4	446	1	443	0.0	885
0_458	4_258	99.671	607	2	0	1	607	1	607	0.0	1218
0_459	4_263	99.805	512	1	0	1	512	1	512	0.0	1016
0_459	4_64	30.392	510	327	13	11	509	12	504	4.91e-54	185
0_459	4_489	23.938	259	169	9	6	263	1	232	1.54e-14	70.9
0_459	4_489	23.301	206	140	4	282	487	16	203	1.45e-06	45.4
0_459	4_473	25.108	231	157	8	6	228	60	282	5.60e-14	67.4
0_459	4_473	30.263	76	53	0	412	487	199	274	1.93e-04	37.7
0_459	4_353	25.592	211	143	5	6	215	1	198	7.93e-14	68.6
0_459	4_353	26.531	196	126	5	277	472	11	188	9.09e-11	58.9
0_459	4_284	25.676	222	145	6	6	221	5	212	1.07e-13	65.5
0_459	4_284	25.446	224	142	7	283	501	22	225	9.03e-09	50.8
0_459	4_383	24.576	236	141	7	13	223	14	237	1.19e-13	66.2
0_459	4_383	27.602	221	131	8	287	489	27	236	5.33e-13	64.3
0_459	4_354	28.194	227	133	7	282	505	16	215	2.45e-13	67.0
0_459	4_354	25.688	218	140	7	20	235	15	212	2.97e-13	66.6
0_459	4_382	27.273	220	125	10	21	225	19	218	3.85e-12	61.2
0_459	4_382	25.541	231	157	8	264	492	1	218	6.40e-06	42.4
0_459	4_533	30.909	220	111	7	2	206	320	513	9.09e-12	61.6
0_459	4_484	24.464	233	160	7	22	245	27	252	1.44e-11	59.3
0_459	4_484	21.875	224	167	5	267	487	12	230	1.35e-07	47.4
0_459	4_242	30.147	136	88	4	112	244	202	333	7.83e-11	58.5
0_459	4_242	28.431	102	68	3	6	107	10	106	3.48e-08	50.1
0_459	4_242	25.287	87	64	1	404	489	224	310	4.55e-05	40.0
0_459	4_391	36.634	101	54	3	129	223	264	360	9.07e-11	58.2
0_459	4_391	35.443	79	50	1	412	489	281	359	4.07e-07	46.6
0_459	4_391	41.071	56	29	1	6	57	43	98	5.95e-06	43.1
0_459	4_506	34.409	93	54	2	402	490	498	587	1.56e-10	58.2
0_459	4_506	29.213	89	58	2	133	220	500	584	8.54e-08	49.3
0_459	4_506	29.348	92	54	4	16	104	48	131	7.77e-07	46.2
0_459	4_491	23.420	269	153	9	29	246	30	296	1.12e-09	54.7
0_459	4_491	32.609	92	57	2	399	489	184	271	1.07e-06	45.4
0_459	4_201	25.424	236	134	10	22	230	143	363	1.15e-09	54.7
0_459	4_201	25.296	253	145	8	262	487	118	353	4.45e-08	49.7
0_459	4_46	30.097	103	62	3	129	225	601	699	4.34e-08	50.1
0_459	4_46	27.723	101	72	1	410	509	616	716	1.38e-05	42.0
0_459	4_389	24.064	187	126	4	6	176	1	187	5.05e-07	46.6
0_459	4_271	26.267	217	134	9	32	230	40	248	5.24e-06	43.1
0_459	4_271	33.333	81	53	1	410	489	160	240	6.33e-05	39.7
0_459	4_99	22.353	170	119	4	37	202	500	660	2.74e-05	41.2
0_459	4_469	26.230	183	118	8	37	215	365	534	5.76e-04	36.6
0_459	4_227	27.184	103	72	1	373	472	795	897	7.48e-04	36.6
0_459	4_468	23.037	191	123	6	22	205	352	525	0.001	36.2
0_460	4_529	95.608	1389	22	4	1	1374	1	1365	0.0	2543
0_460	4_526	29.677	155	101	3	10	162	13	161	8.88e-13	67.4
0_460	4_349	29.560	159	99	4	2	150	6	161	5.88e-11	61.6
0_460	4_541	27.564	156	99	7	7	156	12	159	1.92e-07	49.7
0_460	4_511	30.864	162	92	7	55	209	60	208	8.39e-05	41.2
0_461	4_530	98.408	1822	26	2	1	1820	1	1821	0.0	3604
0_461	4_236	24.231	553	310	19	4	509	6	496	1.57e-14	73.6
0_461	4_348	26.556	241	150	8	1	221	1	234	4.95e-11	62.4
0_461	4_348	28.276	145	81	7	851	983	968	1101	4.78e-05	42.7
0_461	4_497	21.652	799	477	32	2	761	11	699	5.35e-09	55.5
0_461	4_496	27.848	237	146	7	13	239	3	224	1.00e-08	54.7
0_462	4_274	98.689	305	4	0	1	305	1	305	0.0	605
0_463	4_279	99.359	156	1	0	1	156	1	156	3.96e-112	310
0_464	4_286	92.879	323	5	4	1	316	1	312	0.0	548
0_465	4_189	100.000	147	0	0	1	147	1	147	3.09e-106	294
0_466	4_293	99.310	145	1	0	1	145	1	145	5.49e-105	291
0_467	4_190	100.000	87	0	0	1	87	1	87	2.09e-61	176
0_468	4_587	99.430	526	3	0	11	536	1	526	0.0	1051
0_468	4_568	65.882	340	107	4	204	536	24	361	1.65e-153	438
0_468	4_288	39.149	470	236	15	90	534	188	632	1.03e-79	258
0_468	4_540	60.369	217	67	4	1	211	1	204	1.92e-78	240
0_468	4_287	35.110	544	278	22	17	534	18	512	9.65e-75	241
0_468	4_560	36.802	394	220	9	151	535	244	617	5.72e-61	206
0_468	4_17	31.614	446	261	9	122	534	99	533	1.98e-51	179
0_469	4_191	100.000	524	0	0	1	524	1	524	0.0	1016
0_469	4_238	24.301	465	302	18	4	429	9	462	1.94e-13	67.0
0_470	4_483	99.804	510	1	0	1	510	1	510	0.0	1044
0_471	4_485	99.367	158	1	0	1	158	1	158	1.81e-114	316
0_472	4_486	98.382	309	5	0	1	309	1	309	0.0	591
0_473	4_489	99.869	766	1	0	1	766	1	766	0.0	1509
0_473	4_353	30.370	810	482	20	1	766	1	772	3.55e-91	297
0_473	4_354	39.602	452	247	10	1	440	1	438	2.10e-89	290
0_473	4_354	33.588	131	87	0	636	766	516	646	1.72e-15	74.7
0_473	4_473	32.735	223	133	7	1	209	60	279	3.60e-24	98.6
0_473	4_383	28.169	213	122	8	17	201	23	232	3.86e-16	74.7
0_473	4_263	23.938	259	169	9	1	232	6	263	2.55e-14	70.5
0_473	4_263	23.301	206	140	4	16	203	282	487	2.99e-06	44.7
0_473	4_64	29.630	216	130	6	2	201	8	217	3.96e-13	67.0
0_473	4_468	29.897	194	126	6	1	188	336	525	4.76e-13	66.6
0_473	4_242	32.990	97	63	1	1	95	10	106	1.31e-09	55.5
0_473	4_556	26.076	395	235	18	302	659	86	460	2.89e-09	54.7
0_473	4_533	27.230	213	130	7	1	199	324	525	2.97e-09	54.7
0_473	4_346	28.241	216	130	7	2	204	327	530	7.97e-09	53.1
0_473	4_491	34.483	87	53	2	119	202	183	268	2.00e-08	51.6
0_473	4_284	27.000	200	123	7	17	203	22	211	3.46e-08	49.7
0_473	4_506	30.357	112	75	2	2	111	39	149	3.46e-08	51.2
0_473	4_506	31.081	74	49	1	129	200	508	581	1.74e-05	42.4
0_473	4_201	25.561	223	120	8	15	198	141	356	1.03e-07	49.3
0_473	4_382	27.149	221	125	10	1	198	1	208	2.14e-07	47.8
0_473	4_484	29.545	88	59	2	115	200	141	227	4.54e-07	46.6
0_473	4_391	29.600	125	78	5	115	230	267	390	4.58e-07	47.4
0_473	4_46	30.476	105	65	2	129	225	618	722	5.31e-07	47.4
0_473	4_469	28.505	214	123	10	2	198	334	534	8.13e-07	46.6
0_473	4_389	26.027	219	131	9	1	204	319	521	1.42e-05	42.7
0_473	4_389	20.851	235	133	6	1	198	1	219	1.61e-05	42.4
0_473	4_271	32.051	78	51	1	122	197	155	232	1.50e-05	42.4
0_473	4_227	36.585	82	43	4	129	204	834	912	1.72e-05	42.7
0_473	4_99	24.638	207	127	6	13	195	469	670	1.00e-04	40.0
0_474	4_192	100.000	321	0	0	1	321	1	321	0.0	642
0_474	4_569	23.293	249	167	11	57	298	29	260	1.16e-05	40.8
0_475	4_504	98.520	743	4	1	1	743	1	736	0.0	1455
0_475	4_221	25.878	769	431	26	6	727	16	692	1.88e-44	165
0_475	4_266	35.227	88	39	4	197	276	124	201	6.44e-04	37.4
0_476	4_507	99.545	659	3	0	1	659	1	659	0.0	1323
0_477	4_578	99.687	319	1	0	8	326	1	319	0.0	632
0_478	4_367	99.700	666	2	0	1	666	1	666	0.0	1339
0_478	4_471	64.198	81	29	0	232	312	256	336	7.23e-26	107
0_479	4_193	100.000	103	0	0	1	103	1	103	4.49e-70	199
0_480	4_194	100.000	93	0	0	1	93	1	93	6.90e-61	175
0_481	4_500	99.281	278	2	0	1	278	1	278	0.0	549
0_482	4_427	99.555	449	2	0	1	449	1	449	0.0	919
0_482	4_372	28.049	246	157	9	18	255	14	247	1.01e-12	64.3
0_482	4_372	46.154	39	21	0	409	447	503	541	1.16e-05	42.0
0_482	4_592	23.176	466	288	19	14	442	52	484	1.94e-09	53.9
0_483	4_195	100.000	64	0	0	1	64	1	64	8.52e-41	122
0_484	4_197	100.000	136	0	0	1	136	1	136	5.74e-92	257
0_485	4_433	99.425	174	1	0	1	174	1	174	7.42e-130	356
0_486	4_198	100.000	146	0	0	1	146	1	146	2.65e-102	284
0_487	4_538	99.213	127	1	0	1	127	1	127	2.11e-87	245
0_488	4_450	99.346	153	1	0	1	153	1	153	2.02e-106	295
0_489	4_199	100.000	143	0	0	1	143	1	143	1.88e-100	279
0_490	4_200	100.000	145	0	0	1	145	1	145	1.13e-106	295
0_491	4_202	100.000	151	0	0	1	151	1	151	1.11e-108	301
0_491	4_495	32.500	120	78	2	15	132	22	140	6.71e-11	52.4
0_492	4_203	100.000	113	0	0	1	113	1	113	7.26e-82	230
0_493	4_204	100.000	96	0	0	1	96	1	96	1.62e-68	195
0_494	4_416	99.623	265	1	0	2	266	3	267	0.0	506
0_495	4_417	98.918	462	5	0	1	462	1	462	0.0	922
0_496	4_470	99.275	828	6	0	1	828	1	828	0.0	1667
0_496	4_420	28.571	616	326	23	246	809	252	805	4.10e-44	166
0_497	4_206	100.000	190	0	0	1	190	1	190	4.02e-143	391
0_498	4_207	100.000	404	0	0	1	404	1	404	0.0	814
0_499	4_208	100.000	331	0	0	1	331	1	331	0.0	660
0_500	4_455	99.507	203	1	0	1	203	1	203	1.12e-146	401
0_501	4_539	99.149	470	4	0	1	470	1	470	0.0	927
0_501	4_575	98.540	137	2	0	446	582	1	137	5.94e-91	271
0_501	4_256	35.516	397	209	11	37	417	60	425	3.75e-55	196
0_501	4_576	30.402	398	206	11	37	409	23	374	4.87e-40	150
0_502	4_183	65.152	66	23	0	1	66	348	413	4.99e-25	90.1
0_503	4_209	100.000	149	0	0	1	149	1	149	1.78e-111	308
0_504	4_344	99.375	160	1	0	1	160	1	160	5.41e-113	312
0_505	4_210	100.000	112	0	0	1	112	1	112	2.74e-78	221
0_506	4_212	100.000	267	0	0	1	267	1	267	0.0	541
0_506	4_365	26.502	283	175	9	3	260	19	293	7.96e-16	70.5
0_506	4_480	31.579	228	140	8	1	219	1	221	2.95e-15	69.7
0_506	4_123	23.529	272	197	8	4	265	2	272	4.45e-11	56.6
0_506	4_176	22.968	283	187	11	2	263	5	277	1.56e-08	48.9
0_506	4_26	32.203	59	40	0	183	241	188	246	1.14e-04	37.4
0_507	4_488	100.000	312	0	0	168	479	1	312	0.0	628
0_507	4_588	100.000	167	0	0	1	167	1	167	3.68e-122	348
0_507	4_412	24.129	373	214	16	38	359	197	551	5.58e-04	36.6
0_508	4_369	99.675	615	2	0	1	615	1	615	0.0	1264
0_509	4_213	100.000	90	0	0	1	90	1	90	1.94e-57	166
0_510	4_214	100.000	221	0	0	1	221	1	221	2.76e-164	447
0_511	4_215	100.000	219	0	0	1	219	1	219	3.34e-160	436
0_512	4_216	100.000	70	0	0	1	70	1	70	3.13e-44	131
0_513	4_460	99.568	463	2	0	1	463	1	463	0.0	933
0_514	4_355	46.470	609	257	14	8	601	5	559	1.97e-142	420
0_514	4_516	98.837	172	2	0	435	606	1	172	4.15e-118	343
0_514	4_542	53.901	423	144	8	187	606	1	375	1.61e-110	331
0_514	4_517	92.398	171	13	0	435	605	1	171	2.72e-100	297
0_514	4_591	99.048	105	1	0	133	237	1	105	1.00e-68	213
0_514	4_515	82.400	125	22	0	122	246	26	150	1.44e-63	209
0_514	4_515	75.000	56	14	0	449	504	339	394	1.37e-22	94.7
0_514	4_590	71.717	99	26	1	113	211	9	105	1.30e-44	149
0_514	4_589	35.077	325	154	11	193	504	1	281	7.57e-41	144
0_514	4_518	53.750	80	36	1	38	116	8	87	3.01e-21	83.6
0_515	4_514	97.257	401	8	1	1	401	1	398	0.0	780
0_516	4_347	97.391	115	3	0	19	133	1	115	2.09e-78	222
0_517	4_290	100.000	154	0	0	1	154	1	154	1.11e-105	327
0_518	4_586	96.000	75	3	0	5	79	3	77	2.04e-38	117
0_520	4_283	100.000	90	0	0	1	90	1	90	5.00e-61	181
0_521	4_563	99.564	688	3	0	1	688	1	688	0.0	1368
0_521	4_182	24.857	350	254	5	5	346	1	349	7.01e-32	125
0_522	4_219	100.000	692	0	0	1	692	1	692	0.0	1372
0_523	4_267	96.552	232	8	0	1	232	1	232	7.99e-168	459
0_524	4_536	99.315	730	5	0	46	775	1	730	0.0	1479
0_525	4_220	100.000	95	0	0	1	95	1	95	2.47e-67	192
0_526	4_225	100.000	74	0	0	1	74	3	76	8.80e-49	143
0_528	4_223	98.718	78	1	0	1	78	13	90	1.24e-51	151
0_529	4_287	99.083	545	5	0	1	545	4	548	0.0	1111
0_529	4_288	65.393	471	140	6	77	530	189	653	0.0	597
0_529	4_288	43.333	120	40	6	1	108	1	104	7.90e-14	68.6
0_529	4_560	39.794	485	270	6	41	510	140	617	8.48e-108	330
0_529	4_587	35.110	544	278	22	15	509	7	524	1.18e-74	241
0_529	4_568	34.104	346	185	7	196	511	29	361	1.31e-55	186
0_529	4_17	30.496	423	234	11	141	516	131	540	7.38e-44	159
0_529	4_540	30.542	203	110	9	5	185	6	199	2.82e-12	60.8
0_530	4_514	94.444	108	6	0	1	108	291	398	3.68e-68	208
0_531	4_350	99.194	496	4	0	1	496	1	496	0.0	964
0_531	4_531	27.750	400	245	15	122	489	186	573	2.39e-22	94.7
0_532	4_222	100.000	181	0	0	1	181	1	181	8.23e-131	359
0_533	4_291	97.045	2741	74	4	1	2739	1	2736	0.0	5297
0_533	4_532	89.709	1030	92	5	2761	3786	1	1020	0.0	1766
0_533	4_290	25.660	265	138	13	346	572	496	739	3.08e-05	44.7
0_534	4_583	99.203	251	2	0	2	252	1	251	2.63e-180	490
0_534	4_159	29.932	147	96	3	111	252	82	226	5.90e-09	49.7
0_535	4_355	42.534	442	201	13	12	434	126	533	6.11e-93	287
0_535	4_516	83.237	173	27	2	288	459	1	172	3.37e-86	256
0_535	4_589	48.043	281	142	3	81	357	1	281	6.04e-85	257
0_535	4_517	79.651	172	33	2	288	458	1	171	6.50e-81	243
0_535	4_590	95.876	97	4	0	3	99	9	105	1.41e-62	193
0_535	4_515	60.769	130	46	2	14	141	28	154	2.35e-45	157
0_535	4_515	61.644	73	24	2	288	357	323	394	1.46e-20	87.8
0_535	4_591	68.687	99	28	2	23	119	1	98	3.15e-42	140
0_535	4_542	58.108	74	24	2	75	144	1	71	5.64e-18	80.1
0_536	4_251	97.248	109	3	0	1	109	1	109	7.00e-72	204
0_536	4_324	32.308	65	43	1	38	101	79	143	1.05e-05	37.0
0_538	4_224	100.000	51	0	0	1	51	1	51	8.56e-34	103
0_540	4_226	100.000	232	0	0	1	232	1	232	5.90e-171	465
0_541	4_519	100.000	55	0	0	1	55	1	55	5.64e-35	107
0_542	4_589	99.288	281	2	0	145	425	1	281	0.0	570
0_542	4_355	50.277	541	215	15	10	526	53	563	6.60e-138	405
0_542	4_515	48.711	388	144	15	74	425	26	394	1.13e-90	278
0_542	4_542	38.810	353	190	11	139	486	1	332	4.05e-59	195
0_542	4_591	93.617	94	6	0	85	178	1	94	2.21e-56	179
0_542	4_590	74.227	97	23	1	67	163	11	105	1.07e-45	150
0_542	4_516	61.667	120	43	2	367	486	13	129	1.10e-45	153
0_542	4_517	59.649	114	45	1	367	480	13	125	2.39e-44	149
0_542	4_518	62.712	59	21	1	14	71	30	88	8.73e-17	70.5
0_543	4_584	99.457	184	1	0	1	184	18	201	1.39e-128	354
0_544	4_520	100.000	288	0	0	1	288	1	288	0.0	563
0_545	4_528	97.817	229	5	0	1	229	1	229	1.20e-164	449
0_546	4_521	100.000	339	0	0	1	339	1	339	0.0	698
0_547	4_524	99.240	263	2	0	1	263	1	263	0.0	510
0_547	4_302	33.846	65	33	4	113	171	5	65	1.73e-04	37.0
0_547	4_136	35.000	60	27	2	113	164	159	214	3.40e-04	35.8
0_548	4_525	100.000	516	0	0	1	516	1	516	0.0	1031
0_549	4_548	99.338	302	2	0	1	302	1	302	0.0	570
0_549	4_510	21.560	218	156	6	100	302	1	218	9.61e-05	37.4
0_550	4_569	98.462	65	1	0	1	65	214	278	2.55e-41	130
0_552	4_580	98.893	723	8	0	1	723	1	723	0.0	1414
0_552	4_77	42.857	56	28	1	13	64	8	63	3.02e-07	47.4
0_552	4_380	32.381	105	65	3	74	174	37	139	2.41e-05	41.2
0_553	4_527	98.163	381	5	1	1	379	35	415	0.0	711
0_554	4_556	98.958	576	6	0	1	576	1	576	0.0	1111
0_554	4_489	26.722	363	209	17	40	382	252	577	1.72e-09	55.1
0_555	4_544	100.000	277	0	0	1	277	1	277	0.0	539
0_556	4_545	100.000	277	0	0	1	277	1	277	0.0	544
0_557	4_570	98.942	378	4	0	1	378	1	378	0.0	725
0_558	4_581	97.826	46	1	0	1	46	256	301	3.85e-27	94.4
0_559	4_58	99.451	182	1	0	1	182	44	225	7.27e-129	356
0_560	4_407	98.361	366	6	0	1	366	12	377	0.0	725
0_561	4_582	99.794	971	2	0	1	971	1	971	0.0	1942
0_562	4_565	98.907	183	2	0	1	183	1	183	2.57e-124	343
0_563	4_546	100.000	486	0	0	1	486	1	486	0.0	967
0_564	4_315	100.000	88	0	0	1	88	315	402	2.90e-56	173
0_565	4_547	100.000	86	0	0	1	86	1	86	1.35e-59	171
0_566	4_559	99.839	620	1	0	1	620	1	620	0.0	1246
0_567	4_576	99.303	287	2	0	3	289	1	287	0.0	576
0_567	4_256	34.247	292	183	6	10	295	45	333	9.96e-40	142
0_567	4_539	31.295	278	171	7	25	284	37	312	2.31e-31	117
0_568	4_576	99.226	646	5	0	1	646	291	936	0.0	1223
0_568	4_256	28.943	577	368	14	5	568	337	884	3.93e-45	168
0_568	4_539	35.294	85	50	1	5	84	325	409	1.03e-04	39.7
0_570	4_459	99.609	256	1	0	1	256	410	665	0.0	523
0_570	4_336	23.504	234	152	8	7	228	78	296	1.63e-09	52.0
0_570	4_574	31.126	151	91	5	7	153	80	221	7.66e-07	43.5
0_572	4_531	98.132	589	3	2	1	589	1	581	0.0	1125
0_572	4_350	26.908	524	302	21	73	581	32	489	2.27e-20	89.0
0_573	4_552	99.831	591	1	0	1	591	1	591	0.0	1167
0_574	4_549	100.000	40	0	0	1	40	1	40	7.98e-22	73.2
0_575	4_553	100.000	41	0	0	1	41	1	41	3.79e-25	81.6
0_576	4_553	97.561	41	1	0	1	41	1	41	6.43e-25	80.9
0_577	4_515	98.904	365	4	0	1	365	30	394	0.0	728
0_577	4_355	46.186	485	193	15	1	468	130	563	7.53e-102	310
0_577	4_542	43.631	369	167	7	62	426	1	332	1.63e-83	257
0_577	4_591	88.542	96	11	0	8	103	1	96	5.39e-54	171
0_577	4_516	63.333	120	42	1	307	426	12	129	4.74e-49	160
0_577	4_517	61.404	114	44	0	307	420	12	125	5.94e-48	158
0_577	4_589	37.539	317	143	15	68	365	1	281	8.52e-41	142
0_577	4_590	73.256	86	21	1	1	86	22	105	1.04e-39	134
0_578	4_581	98.671	301	4	0	1	301	1	301	0.0	596
0_578	4_265	32.645	242	160	3	62	303	336	574	3.81e-36	131
0_578	4_231	26.582	158	97	5	56	203	150	298	1.07e-04	37.7
0_580	4_572	96.957	690	4	1	1	673	1	690	0.0	1339
0_580	4_421	38.599	614	321	16	42	639	72	645	2.27e-122	374
0_580	4_471	29.003	331	194	12	197	498	366	684	7.28e-27	110
0_581	4_573	95.652	23	1	0	1	23	63	85	1.19e-11	47.8
0_582	4_593	100.000	153	0	0	1	153	1	153	4.43e-113	312
0_583	4_355	68.293	82	26	0	25	106	27	108	1.35e-32	114
0_583	4_518	54.321	81	36	1	33	112	8	88	5.64e-25	86.3
