6_18	30_15	32.527	455	254	12	97	533	131	550	6.75e-57	191
6_18	30_24	28.000	450	250	12	115	537	198	600	1.92e-47	166
6_31	30_4	22.951	183	102	8	20	193	485	637	2.29e-04	33.1
6_55	30_4	27.381	168	106	7	97	257	501	659	1.82e-09	49.3
6_60	30_0	100.000	220	0	0	1	220	1	220	5.95e-159	430
6_85	30_3	90.449	356	34	0	1	356	1	356	0.0	670
6_97	30_8	32.000	75	47	2	125	199	2	72	7.52e-04	30.8
6_131	30_9	73.846	195	51	0	3	197	1	195	1.34e-104	291
6_169	30_16	89.278	457	49	0	1	457	1	457	0.0	832
6_171	30_4	30.070	143	79	4	38	167	500	634	7.43e-12	55.5
6_191	30_4	24.873	197	119	6	13	185	468	659	5.91e-05	37.0
6_224	30_4	31.250	64	42	2	41	103	499	561	4.10e-04	33.1
6_237	30_13	55.660	106	46	1	6	111	4	108	5.36e-33	103
6_246	30_4	27.746	173	104	7	35	197	499	660	2.69e-08	45.1
6_248	30_4	24.348	230	127	13	2	217	470	666	2.93e-04	33.9
6_265	30_2	77.974	227	50	0	1	227	1	227	3.45e-133	366
6_268	30_4	27.778	180	106	7	40	212	497	659	7.78e-06	37.4
6_277	30_23	78.286	175	38	0	1	175	1	175	5.52e-101	280
6_300	30_4	31.138	167	94	7	369	522	501	659	4.00e-11	55.8
6_303	30_4	22.353	170	119	5	37	202	499	659	2.47e-06	40.4
6_313	30_18	25.698	179	113	6	35	195	443	619	2.41e-05	36.6
6_347	30_18	81.007	874	160	2	1	872	1	870	0.0	1427
6_350	30_17	82.702	607	105	0	1	607	1	607	0.0	996
6_360	30_12	25.686	1094	649	44	403	1422	968	1971	3.04e-61	222
6_360	30_12	25.989	177	107	7	211	379	596	756	1.14e-05	40.4
6_371	30_24	53.407	455	185	8	88	522	159	606	2.96e-164	473
6_371	30_15	34.927	481	257	15	72	516	94	554	2.50e-78	248
6_372	30_24	48.855	655	280	10	3	648	4	612	0.0	583
6_372	30_15	35.729	487	249	16	188	636	94	554	2.07e-82	262
6_383	30_5	83.200	250	42	0	1	250	1	250	5.40e-161	438
6_383	30_8	27.586	203	136	4	3	203	121	314	1.21e-17	72.4
6_389	30_10	88.873	701	78	0	1	701	1	701	0.0	1225
6_389	30_18	31.646	79	44	2	265	334	450	527	4.56e-04	33.9
6_391	30_18	41.176	34	20	0	75	108	449	482	2.87e-04	33.5
6_407	30_19	74.450	818	207	1	1	816	1	818	0.0	1264
6_407	30_20	26.092	870	471	35	21	802	21	806	7.45e-47	170
6_407	30_11	35.714	70	42	2	344	413	119	185	5.71e-04	33.5
6_408	30_4	91.900	679	55	0	1	679	1	679	0.0	1199
6_456	30_4	32.335	167	90	8	359	510	501	659	1.09e-10	54.7
6_460	30_8	84.412	340	53	0	1	340	1	340	0.0	605
6_460	30_5	29.902	204	130	6	121	314	3	203	8.75e-18	73.2
6_461	30_4	25.137	183	123	5	32	204	499	677	6.62e-08	46.2
6_462	30_4	31.214	173	96	8	32	189	499	663	1.14e-10	55.1
6_473	30_11	97.256	583	15	1	1	582	1	583	0.0	1152
6_473	30_20	28.037	107	49	4	484	582	721	807	3.15e-04	33.9
6_474	30_4	31.088	193	103	6	319	495	455	633	5.33e-14	65.1
6_475	30_20	67.554	826	263	2	1	825	1	822	0.0	1161
6_475	30_19	27.553	617	333	22	250	813	253	808	4.89e-35	134
6_475	30_11	33.333	99	54	5	724	810	485	583	1.61e-04	35.4
6_490	30_4	27.273	231	101	13	4	226	465	636	1.80e-06	40.4
6_516	30_4	28.889	180	115	5	318	489	463	637	4.58e-11	55.8
6_519	30_15	47.664	214	91	5	1	199	1	208	7.66e-51	164
6_519	30_24	34.653	101	61	4	100	199	161	257	1.12e-06	39.3
6_520	30_15	62.471	437	151	6	1	431	123	552	0.0	539
6_520	30_24	34.505	455	245	10	9	431	165	598	2.84e-70	225
6_529	30_24	38.073	436	249	5	198	614	164	597	2.82e-98	304
6_529	30_15	33.668	398	232	10	241	614	162	551	2.09e-59	199
6_531	30_6	56.034	232	95	2	10	234	1	232	1.54e-86	249
6_533	30_25	96.491	57	2	0	303	359	30	86	2.30e-34	115
6_533	30_25	90.000	30	3	0	1	30	1	30	6.73e-14	58.5
6_543	30_14	36.585	41	26	0	114	154	106	146	1.08e-04	33.5
6_553	30_26	73.945	948	243	3	1	945	29	975	0.0	1411
6_558	30_15	57.558	344	133	5	23	360	216	552	9.75e-131	377
6_558	30_24	31.844	358	197	5	23	358	264	596	1.26e-50	170
6_559	30_14	38.785	428	240	6	1	407	263	689	5.91e-87	270
6_559	30_21	48.052	77	37	2	333	407	55	130	4.91e-21	79.7
