1_0	7_6	100.000	96	0	0	1	96	1	96	9.36e-66	188
1_1	7_7	100.000	589	0	0	1	589	1	589	0.0	1146
1_1	7_319	26.087	460	272	17	51	492	10	419	1.49e-21	92.8
1_2	7_8	100.000	350	0	0	1	350	1	350	0.0	716
1_3	7_11	100.000	188	0	0	1	188	1	188	2.37e-134	369
1_4	7_12	100.000	110	0	0	1	110	1	110	1.63e-79	224
1_5	7_13	100.000	290	0	0	1	290	1	290	0.0	578
1_5	7_162	32.331	266	149	14	23	264	25	283	3.98e-24	94.4
1_6	7_18	100.000	335	0	0	1	335	1	335	0.0	664
1_7	7_20	100.000	333	0	0	1	333	1	333	0.0	664
1_7	7_353	34.375	192	115	3	125	314	101	283	3.96e-25	99.8
1_8	7_21	100.000	189	0	0	1	189	1	189	3.02e-140	384
1_9	7_23	100.000	152	0	0	1	152	1	152	1.24e-110	306
1_10	7_24	100.000	619	0	0	1	619	1	619	0.0	1249
1_11	7_25	100.000	463	0	0	1	463	1	463	0.0	923
1_12	7_26	100.000	47	0	0	1	47	1	47	3.76e-30	94.7
1_13	7_32	100.000	321	0	0	1	321	1	321	0.0	623
1_14	7_39	100.000	344	0	0	1	344	1	344	0.0	704
1_14	7_275	27.451	204	135	5	121	314	3	203	2.33e-15	69.7
1_15	7_40	100.000	50	0	0	1	50	1	50	3.98e-32	99.8
1_15	7_392	35.556	45	26	1	6	50	5	46	1.53e-04	30.0
1_16	7_41	100.000	273	0	0	1	273	1	273	0.0	562
1_17	7_48	100.000	146	0	0	1	146	1	146	2.42e-105	292
1_18	7_49	100.000	295	0	0	1	295	1	295	0.0	590
1_19	7_50	100.000	337	0	0	1	337	1	337	0.0	685
1_20	7_54	100.000	225	0	0	1	225	1	225	3.25e-168	457
1_21	7_55	100.000	173	0	0	1	173	1	173	8.75e-127	348
1_22	7_56	100.000	564	0	0	1	564	1	564	0.0	1105
1_22	7_403	31.670	461	251	12	95	533	214	632	4.25e-52	183
1_22	7_456	31.614	446	261	9	99	533	122	534	2.10e-51	179
1_22	7_457	30.901	466	255	14	97	533	116	543	5.46e-49	173
1_22	7_334	30.496	423	246	10	118	533	237	618	9.44e-48	171
1_22	7_525	30.496	423	234	11	131	540	141	516	7.60e-44	159
1_23	7_58	100.000	298	0	0	1	298	1	298	0.0	603
1_24	7_61	100.000	170	0	0	1	170	1	170	1.24e-122	337
1_25	7_64	100.000	290	0	0	1	290	1	290	0.0	564
1_26	7_71	100.000	259	0	0	1	259	1	259	0.0	526
1_27	7_73	100.000	413	0	0	1	413	1	413	0.0	841
1_28	7_74	100.000	177	0	0	1	177	1	177	2.18e-130	358
1_29	7_77	100.000	111	0	0	1	111	1	111	2.74e-77	218
1_30	7_80	100.000	211	0	0	1	211	1	211	2.60e-155	424
1_31	7_81	100.000	291	0	0	1	291	1	291	0.0	559
1_31	7_78	32.381	105	65	3	37	139	76	176	5.99e-06	42.0
1_32	7_82	100.000	239	0	0	1	239	1	239	7.04e-175	475
1_33	7_84	100.000	300	0	0	1	300	1	300	0.0	602
1_33	7_83	34.188	234	133	6	22	254	19	232	9.67e-35	122
1_33	7_126	35.897	156	87	5	130	276	204	355	3.81e-19	81.6
1_33	7_126	25.962	104	55	3	21	123	24	106	5.15e-05	38.9
1_33	7_408	27.854	219	136	3	22	240	21	217	1.27e-18	78.2
1_33	7_462	28.638	213	121	8	23	232	17	201	3.59e-17	76.3
1_33	7_158	39.091	110	66	1	140	248	599	708	1.12e-16	75.1
1_33	7_158	38.462	39	23	1	10	48	12	49	0.001	35.0
1_33	7_484	26.778	239	140	7	27	248	147	367	3.41e-16	73.2
1_33	7_312	36.641	131	75	3	136	260	258	386	6.08e-16	72.4
1_33	7_43	28.169	213	128	6	24	236	18	205	1.56e-15	71.2
1_33	7_206	29.464	224	131	5	22	239	22	224	2.87e-15	70.5
1_33	7_206	21.127	213	161	4	26	236	277	484	1.22e-05	40.8
1_33	7_42	25.714	210	125	6	23	229	17	198	1.01e-14	68.9
1_33	7_446	25.000	236	140	7	14	237	13	223	2.12e-14	67.8
1_33	7_446	28.054	221	130	8	27	236	287	489	9.99e-14	65.9
1_33	7_167	29.327	208	109	8	21	217	78	258	3.46e-13	63.5
1_33	7_10	25.723	311	162	12	27	298	27	307	7.35e-13	62.8
1_33	7_1	25.806	155	88	3	152	279	501	655	1.01e-12	63.2
1_33	7_1	30.952	84	39	3	22	105	53	117	4.85e-06	42.4
1_33	7_157	27.197	239	155	8	20	250	27	254	8.98e-11	56.6
1_33	7_181	31.646	79	53	1	158	235	153	231	2.57e-10	54.3
1_33	7_306	25.714	210	124	7	26	219	20	213	7.66e-08	47.8
1_33	7_99	32.051	78	50	1	145	219	820	897	4.23e-07	45.8
1_33	7_99	28.090	89	62	1	136	222	470	558	1.27e-06	44.3
1_33	7_401	22.527	182	118	4	37	218	364	522	1.38e-05	40.8
1_33	7_35	24.878	205	116	6	22	219	339	512	2.50e-05	40.0
1_34	7_92	100.000	226	0	0	1	226	1	226	3.45e-171	465
1_35	7_94	100.000	65	0	0	1	65	1	65	1.21e-44	132
1_36	7_95	100.000	280	0	0	1	280	1	280	0.0	562
1_37	7_96	100.000	269	0	0	1	269	1	269	0.0	537
1_37	7_175	26.568	271	164	13	4	258	3	254	6.23e-07	44.7
1_37	7_304	24.074	270	159	9	1	246	1	248	2.94e-06	42.0
1_37	7_509	32.203	59	40	0	188	246	183	241	1.15e-04	37.4
1_37	7_60	25.368	272	165	12	1	246	15	274	2.31e-04	36.2
1_37	7_427	32.877	73	43	1	180	246	186	258	2.75e-04	36.2
1_38	7_101	100.000	114	0	0	1	114	1	114	6.70e-84	235
1_39	7_103	100.000	169	0	0	1	169	1	169	2.30e-121	334
1_40	7_104	100.000	163	0	0	1	163	1	163	1.75e-119	329
1_41	7_105	100.000	326	0	0	1	326	1	326	0.0	653
1_42	7_112	100.000	639	0	0	1	639	1	639	0.0	1304
1_42	7_434	44.288	639	333	9	5	635	3	626	2.62e-170	495
1_43	7_116	100.000	171	0	0	1	171	1	171	4.05e-123	339
1_44	7_123	100.000	494	0	0	1	494	1	494	0.0	963
1_45	7_124	100.000	231	0	0	1	231	1	231	6.99e-170	462
1_46	7_125	100.000	449	0	0	1	449	1	449	0.0	907
1_47	7_129	100.000	571	0	0	1	571	1	571	0.0	1149
1_48	7_132	100.000	236	0	0	1	236	1	236	9.14e-176	477
1_49	7_133	100.000	186	0	0	1	186	1	186	1.42e-132	364
1_50	7_136	100.000	144	0	0	1	144	1	144	5.99e-108	298
1_51	7_138	100.000	221	0	0	1	221	1	221	5.43e-162	441
1_52	7_139	100.000	204	0	0	1	204	1	204	2.24e-151	413
1_53	7_141	100.000	872	0	0	1	872	1	872	0.0	1763
1_54	7_142	100.000	402	0	0	1	402	1	402	0.0	818
1_54	7_367	27.083	288	181	10	20	301	8	272	3.08e-16	75.1
1_54	7_197	32.099	162	90	3	21	182	116	257	2.03e-13	66.2
1_54	7_369	34.091	132	84	3	16	145	8	138	3.07e-13	65.9
1_55	7_150	100.000	316	0	0	1	316	1	316	0.0	632
1_56	7_151	100.000	402	0	0	1	402	1	402	0.0	806
1_57	7_153	100.000	306	0	0	1	306	1	306	0.0	610
1_58	7_156	100.000	385	0	0	1	385	1	385	0.0	767
1_58	7_311	32.877	219	139	5	160	377	106	317	2.10e-21	88.6
1_58	7_310	24.000	225	145	7	175	384	151	364	4.99e-04	36.2
1_59	7_157	100.000	349	0	0	1	349	1	349	0.0	715
1_59	7_484	40.240	333	193	3	5	332	116	447	4.40e-79	244
1_59	7_158	37.267	161	81	3	118	266	570	722	7.98e-31	118
1_59	7_312	37.500	136	83	1	131	266	252	385	1.04e-27	107
1_59	7_312	29.630	135	70	5	7	125	32	157	3.95e-09	52.0
1_59	7_83	31.330	233	127	7	29	252	19	227	5.24e-23	91.7
1_59	7_167	28.972	214	133	6	14	221	58	258	9.37e-19	80.5
1_59	7_408	24.783	230	150	7	30	257	22	230	1.17e-13	64.7
1_59	7_126	27.907	129	83	2	131	259	204	322	1.78e-13	65.5
1_59	7_84	33.043	115	74	2	140	254	139	250	2.51e-13	64.3
1_59	7_1	29.358	109	76	1	159	267	505	612	9.69e-13	63.5
1_59	7_1	25.899	139	83	6	4	139	30	151	2.56e-04	37.4
1_59	7_10	27.778	126	87	2	142	267	176	297	1.15e-12	62.8
1_59	7_181	38.462	78	48	0	162	239	154	231	2.56e-12	60.8
1_59	7_400	28.780	205	118	10	29	228	351	532	7.12e-09	51.6
1_59	7_446	26.267	217	134	9	40	248	32	230	4.26e-08	48.9
1_59	7_446	33.333	81	53	1	160	240	410	489	6.12e-07	45.4
1_59	7_43	32.941	85	55	1	160	244	127	209	1.74e-07	47.4
1_59	7_462	24.880	209	125	7	29	232	16	197	1.84e-07	47.4
1_59	7_99	30.702	114	67	5	161	265	833	943	3.97e-07	46.2
1_59	7_42	30.682	88	57	2	145	232	114	197	1.06e-06	44.7
1_59	7_35	26.341	205	122	8	29	228	339	519	2.13e-06	43.9
1_59	7_206	25.000	236	148	10	28	249	273	493	5.03e-06	42.4
1_59	7_306	27.143	70	47	2	163	232	449	514	3.53e-04	36.6
1_59	7_36	26.857	175	106	8	49	223	361	513	3.85e-04	36.6
1_60	7_161	100.000	231	0	0	1	231	1	231	1.08e-170	464
1_61	7_163	100.000	73	0	0	1	73	1	73	5.75e-53	154
1_62	7_164	100.000	201	0	0	1	201	1	201	2.41e-148	405
1_62	7_165	38.509	161	94	3	3	162	4	160	6.42e-28	99.4
1_63	7_169	100.000	271	0	0	1	271	1	271	0.0	552
1_64	7_172	100.000	163	0	0	1	163	1	163	1.08e-118	327
1_65	7_178	100.000	110	0	0	1	110	1	110	2.18e-78	221
1_66	7_184	100.000	220	0	0	1	220	1	220	1.02e-157	430
1_67	7_192	100.000	144	0	0	1	144	1	144	6.55e-107	296
1_68	7_195	100.000	293	0	0	1	293	1	293	0.0	579
1_69	7_201	100.000	118	0	0	1	118	1	118	4.28e-79	223
1_70	7_203	100.000	97	0	0	1	97	1	97	2.09e-67	192
1_71	7_204	100.000	505	0	0	1	505	1	505	0.0	1029
1_72	7_206	100.000	508	0	0	1	508	1	508	0.0	1011
1_72	7_446	30.392	510	327	13	12	504	11	509	4.89e-54	185
1_72	7_408	35.349	215	114	6	26	231	25	223	1.26e-23	94.4
1_72	7_408	32.051	78	53	0	407	484	136	213	7.53e-07	45.1
1_72	7_42	32.673	202	122	5	12	211	6	195	9.67e-16	74.7
1_72	7_462	29.630	216	130	6	8	217	2	201	1.81e-13	67.4
1_72	7_462	24.229	227	142	7	261	482	2	203	0.001	36.2
1_72	7_84	29.464	224	131	5	22	224	22	239	2.61e-13	65.1
1_72	7_84	21.127	213	161	4	277	484	26	236	2.57e-04	37.4
1_72	7_43	29.524	210	134	5	12	221	10	205	1.23e-12	64.7
1_72	7_43	28.326	233	135	9	261	487	2	208	5.03e-09	53.1
1_72	7_83	32.143	196	124	6	31	223	28	217	7.83e-12	60.5
1_72	7_306	26.271	236	145	9	8	221	2	230	3.36e-10	56.6
1_72	7_306	32.432	74	47	2	149	222	453	523	3.27e-04	37.7
1_72	7_167	25.405	185	119	6	26	201	83	257	1.02e-08	51.2
1_72	7_167	23.636	220	146	8	272	487	78	279	1.83e-05	41.2
1_72	7_484	28.444	225	127	11	23	224	145	358	1.88e-08	50.8
1_72	7_484	25.106	235	140	8	278	493	147	364	1.26e-05	42.0
1_72	7_1	30.476	105	70	1	7	111	38	139	3.80e-08	50.4
1_72	7_1	25.974	77	56	1	407	482	508	584	4.94e-04	37.0
1_72	7_400	31.148	183	104	8	26	201	355	522	4.02e-08	50.1
1_72	7_10	28.788	132	85	4	356	484	146	271	1.14e-07	48.1
1_72	7_126	27.723	101	70	2	407	505	232	331	3.11e-07	47.0
1_72	7_126	28.333	60	43	0	8	67	11	70	4.51e-04	37.0
1_72	7_181	23.148	216	153	7	14	220	20	231	6.35e-07	45.4
1_72	7_181	24.180	244	146	10	277	503	30	251	2.32e-04	37.4
1_72	7_158	25.532	94	63	2	398	487	609	699	5.59e-06	43.5
1_72	7_401	26.136	176	110	6	36	205	363	524	1.22e-05	42.0
1_72	7_312	25.954	131	94	2	357	484	229	359	1.37e-05	42.0
1_72	7_36	25.000	184	124	4	27	208	346	517	3.35e-04	37.4
1_72	7_157	25.000	236	148	10	273	493	28	249	3.92e-04	37.0
1_72	7_35	43.182	44	25	0	26	69	343	386	6.85e-04	36.6
1_73	7_207	100.000	303	0	0	1	303	1	303	0.0	577
1_73	7_496	31.050	219	119	5	18	216	79	285	1.02e-11	59.7
1_74	7_208	100.000	184	0	0	1	184	1	184	6.33e-138	377
1_75	7_209	100.000	89	0	0	1	89	1	89	2.44e-60	174
1_76	7_213	100.000	165	0	0	1	165	1	165	6.59e-118	325
1_77	7_216	100.000	1411	0	0	1	1411	1	1411	0.0	2888
1_78	7_217	100.000	139	0	0	1	139	1	139	1.69e-99	276
1_79	7_221	100.000	534	0	0	1	534	1	534	0.0	1088
1_80	7_223	100.000	214	0	0	1	214	1	214	2.81e-154	421
1_81	7_225	100.000	120	0	0	1	120	1	120	5.96e-85	238
1_82	7_226	100.000	227	0	0	1	227	1	227	2.00e-169	461
1_83	7_228	100.000	321	0	0	1	321	1	321	0.0	642
1_83	7_78	42.857	56	28	1	8	63	15	66	1.43e-07	47.4
1_84	7_233	100.000	109	0	0	1	109	1	109	1.19e-79	224
1_85	7_234	100.000	155	0	0	1	155	1	155	8.39e-113	311
1_86	7_236	100.000	64	0	0	1	64	1	64	7.04e-43	127
1_87	7_237	100.000	116	0	0	1	116	1	116	4.21e-83	233
1_88	7_238	100.000	478	0	0	1	478	1	478	0.0	968
1_89	7_241	100.000	356	0	0	1	356	1	356	0.0	721
1_90	7_242	100.000	99	0	0	1	99	1	99	6.17e-69	196
1_91	7_243	100.000	84	0	0	1	84	1	84	2.26e-57	166
1_92	7_244	100.000	284	0	0	1	284	1	284	0.0	576
1_92	7_75	37.143	105	61	3	37	141	22	121	1.36e-13	63.9
1_93	7_245	100.000	369	0	0	1	369	1	369	0.0	745
1_94	7_246	100.000	489	0	0	1	489	1	489	0.0	965
1_95	7_247	100.000	315	0	0	1	315	1	315	0.0	627
1_95	7_409	21.908	283	199	6	36	309	31	300	1.26e-12	62.0
1_96	7_249	100.000	242	0	0	1	242	1	242	9.36e-176	478
1_96	7_259	26.772	127	68	4	81	203	46	151	2.88e-04	35.4
1_97	7_256	100.000	216	0	0	1	216	1	216	1.08e-156	427
1_97	7_565	25.654	191	131	5	28	214	55	238	5.62e-10	52.4
1_98	7_258	100.000	193	0	0	1	193	1	193	2.95e-139	381
1_99	7_262	100.000	131	0	0	1	131	1	131	3.07e-94	263
1_100	7_263	100.000	150	0	0	1	150	1	150	1.66e-109	303
1_101	7_264	100.000	680	0	0	1	680	1	680	0.0	1347
1_101	7_401	28.070	285	183	6	358	634	225	495	8.51e-15	72.0
1_101	7_36	32.184	174	95	8	495	660	352	510	1.12e-10	58.9
1_101	7_43	31.285	179	100	8	500	670	32	195	6.01e-10	56.6
1_101	7_400	31.138	167	94	7	502	660	369	522	6.02e-10	56.6
1_101	7_408	29.630	189	109	7	501	679	38	212	7.15e-10	54.7
1_101	7_35	28.042	189	107	7	463	638	317	489	9.24e-09	52.8
1_101	7_167	29.167	168	103	8	502	660	97	257	4.16e-08	50.1
1_101	7_42	24.479	192	131	5	491	678	23	204	2.35e-07	48.5
1_101	7_83	25.118	211	125	8	464	663	11	199	3.29e-07	47.0
1_101	7_446	22.353	170	119	4	500	660	37	202	4.78e-05	40.8
1_101	7_462	24.510	204	131	6	469	670	13	195	1.22e-04	39.7
1_101	7_181	28.814	177	108	5	498	660	40	212	3.13e-04	37.4
1_101	7_10	45.588	68	27	4	466	525	4	69	5.43e-04	37.4
1_102	7_265	100.000	398	0	0	1	398	1	398	0.0	811
1_103	7_270	100.000	332	0	0	1	332	1	332	0.0	667
1_104	7_271	100.000	134	0	0	1	134	1	134	3.42e-97	270
1_105	7_272	100.000	137	0	0	1	137	1	137	1.94e-97	271
1_106	7_273	100.000	37	0	0	1	37	1	37	1.12e-20	70.1
1_107	7_274	100.000	75	0	0	1	75	1	75	3.39e-53	154
1_108	7_275	100.000	250	0	0	1	250	1	250	0.0	511
1_108	7_39	27.451	204	135	5	3	203	121	314	1.69e-15	69.7
1_109	7_277	100.000	473	0	0	1	473	1	473	0.0	927
1_110	7_278	100.000	147	0	0	1	147	1	147	7.44e-107	296
1_111	7_281	100.000	179	0	0	1	179	1	179	4.29e-130	357
1_112	7_282	100.000	131	0	0	1	131	1	131	2.28e-94	263
1_113	7_283	100.000	61	0	0	1	61	1	61	5.74e-42	125
1_114	7_284	100.000	181	0	0	1	181	1	181	5.35e-135	370
1_115	7_286	100.000	122	0	0	1	122	1	122	1.06e-84	238
1_116	7_287	100.000	121	0	0	1	121	1	121	1.63e-81	229
1_117	7_288	100.000	136	0	0	1	136	1	136	9.38e-100	277
1_118	7_289	100.000	227	0	0	1	227	1	227	2.19e-167	455
1_119	7_291	100.000	90	0	0	1	90	1	90	1.49e-65	187
1_120	7_292	100.000	282	0	0	1	282	1	282	0.0	566
1_121	7_293	100.000	163	0	0	1	163	1	163	1.63e-116	322
1_122	7_295	100.000	233	0	0	1	233	1	233	4.13e-170	462
1_123	7_296	100.000	106	0	0	1	106	1	106	6.97e-75	212
1_124	7_298	100.000	227	0	0	1	227	1	227	2.47e-167	455
1_125	7_300	100.000	184	0	0	1	184	1	184	1.72e-136	374
1_126	7_302	100.000	709	0	0	1	709	1	709	0.0	1425
1_127	7_303	100.000	489	0	0	1	489	1	489	0.0	983
1_127	7_68	27.500	160	109	3	145	300	110	266	7.29e-12	62.0
1_127	7_68	46.809	47	22	1	439	482	489	535	4.16e-08	50.1
1_127	7_474	23.176	466	288	19	51	483	14	442	1.26e-10	57.8
1_128	7_305	100.000	442	0	0	1	442	1	442	0.0	874
1_128	7_365	35.897	156	83	4	218	368	172	315	3.72e-20	87.0
1_128	7_365	29.032	124	83	4	220	341	6	126	3.91e-06	43.1
1_128	7_261	37.705	61	35	1	218	275	5	65	6.28e-05	39.3
1_129	7_311	100.000	321	0	0	1	321	1	321	0.0	634
1_129	7_156	32.877	219	139	5	106	317	160	377	2.16e-20	85.5
1_130	7_315	100.000	142	0	0	1	142	1	142	6.00e-104	288
1_131	7_318	100.000	259	0	0	1	259	1	259	0.0	515
1_132	7_319	100.000	504	0	0	1	504	1	504	0.0	979
1_132	7_7	25.901	444	264	16	10	403	51	479	3.82e-21	91.3
1_133	7_320	100.000	91	0	0	1	91	1	91	6.91e-61	175
1_133	7_6	28.571	91	61	3	1	88	3	92	9.09e-07	38.5
1_134	7_321	100.000	98	0	0	1	98	1	98	9.99e-67	191
1_135	7_322	100.000	207	0	0	1	207	1	207	5.49e-147	402
1_136	7_324	100.000	97	0	0	1	97	1	97	7.46e-67	191
1_137	7_325	100.000	439	0	0	1	439	1	439	0.0	875
1_138	7_331	100.000	886	0	0	1	886	1	886	0.0	1803
1_138	7_30	24.212	698	427	16	34	711	18	633	3.13e-47	176
1_138	7_386	22.941	340	205	10	440	753	393	701	1.60e-14	72.0
1_138	7_386	23.563	174	120	3	27	199	8	169	6.93e-09	53.9
1_138	7_52	25.828	151	101	3	50	200	2	141	4.02e-09	54.3
1_138	7_52	34.426	61	35	2	574	634	294	349	4.74e-05	41.2
1_139	7_333	100.000	336	0	0	1	336	1	336	0.0	687
1_140	7_335	100.000	694	0	0	1	694	1	694	0.0	1391
1_141	7_336	100.000	337	0	0	1	337	1	337	0.0	672
1_142	7_337	100.000	240	0	0	1	240	1	240	3.18e-178	484
1_143	7_338	100.000	419	0	0	1	419	1	419	0.0	828
1_143	7_170	36.220	127	56	2	160	261	6	132	6.51e-15	70.1
1_143	7_365	25.112	223	154	7	159	375	173	388	2.00e-04	37.7
1_143	7_544	35.000	60	27	2	159	214	113	164	6.61e-04	35.8
1_144	7_341	100.000	141	0	0	1	141	1	141	1.25e-99	277
1_145	7_343	100.000	242	0	0	1	242	1	242	8.80e-173	470
1_146	7_344	100.000	102	0	0	1	102	1	102	1.61e-71	203
1_147	7_345	100.000	179	0	0	1	179	1	179	3.58e-127	350
1_148	7_346	100.000	187	0	0	1	187	1	187	4.55e-132	363
1_149	7_350	100.000	161	0	0	1	161	1	161	1.12e-117	324
1_150	7_353	100.000	440	0	0	1	440	1	440	0.0	877
1_150	7_20	36.269	193	110	4	101	283	125	314	1.22e-26	104
1_151	7_354	100.000	455	0	0	1	455	1	455	0.0	930
1_152	7_356	100.000	257	0	0	1	257	1	257	0.0	518
1_153	7_357	100.000	276	0	0	1	276	1	276	0.0	564
1_154	7_358	100.000	414	0	0	1	414	1	414	0.0	830
1_155	7_361	100.000	102	0	0	1	102	1	102	5.10e-70	199
1_156	7_363	100.000	376	0	0	1	376	1	376	0.0	775
1_157	7_364	100.000	227	0	0	1	227	1	227	9.19e-170	461
1_158	7_367	100.000	598	0	0	1	598	1	598	0.0	1210
1_158	7_369	36.898	187	106	4	2	183	6	185	1.21e-24	103
1_158	7_369	23.009	226	143	9	165	370	266	480	7.51e-07	46.6
1_158	7_369	22.599	177	118	5	322	480	509	684	3.38e-06	44.3
1_158	7_197	30.093	216	126	7	10	217	117	315	7.45e-17	78.6
1_158	7_142	27.083	288	181	10	8	272	20	301	4.58e-16	75.1
1_158	7_365	28.108	185	98	8	10	176	174	341	6.41e-05	40.0
1_159	7_369	100.000	694	0	0	1	694	1	694	0.0	1425
1_159	7_367	36.898	187	106	4	6	185	2	183	1.41e-24	103
1_159	7_367	23.009	226	143	9	266	480	165	370	8.72e-07	46.6
1_159	7_367	22.599	177	118	5	509	684	322	480	3.92e-06	44.3
1_159	7_197	37.008	127	62	2	13	139	116	224	9.56e-14	68.9
1_159	7_142	34.091	132	84	3	8	138	16	145	5.29e-13	65.9
1_160	7_370	100.000	141	0	0	1	141	1	141	6.14e-104	288
1_161	7_373	100.000	457	0	0	1	457	1	457	0.0	936
1_161	7_581	23.729	295	197	10	106	396	16	286	7.10e-08	48.5
1_162	7_374	100.000	427	0	0	1	427	1	427	0.0	847
1_163	7_377	100.000	93	0	0	1	93	1	93	4.92e-68	193
1_164	7_382	100.000	259	0	0	1	259	1	259	0.0	514
1_165	7_383	100.000	144	0	0	1	144	1	144	8.51e-108	298
1_166	7_384	100.000	132	0	0	1	132	1	132	6.96e-95	264
1_167	7_388	100.000	410	0	0	1	410	1	410	0.0	811
1_168	7_389	100.000	227	0	0	1	227	1	227	9.27e-164	446
1_169	7_390	100.000	229	0	0	1	229	1	229	5.26e-169	459
1_169	7_531	29.932	147	96	3	82	226	111	252	5.38e-09	49.7
1_170	7_391	100.000	181	0	0	1	181	1	181	1.23e-134	369
1_171	7_392	100.000	46	0	0	1	46	1	46	2.38e-29	92.4
1_172	7_395	100.000	195	0	0	1	195	1	195	2.51e-144	394
1_173	7_396	100.000	249	0	0	1	249	1	249	0.0	500
1_174	7_404	100.000	457	0	0	1	457	1	457	0.0	937
1_175	7_405	100.000	201	0	0	1	201	1	201	7.04e-150	409
1_176	7_406	100.000	316	0	0	1	316	1	316	0.0	625
1_177	7_408	100.000	238	0	0	1	238	1	238	3.33e-176	479
1_177	7_206	35.349	215	114	6	25	223	26	231	5.91e-24	94.4
1_177	7_206	32.051	78	53	0	136	213	407	484	3.53e-07	45.1
1_177	7_84	40.000	85	51	0	133	217	156	240	7.58e-17	72.8
1_177	7_484	28.444	225	136	8	22	223	143	365	9.74e-17	73.6
1_177	7_83	27.805	205	136	6	22	218	20	220	1.71e-15	68.6
1_177	7_446	25.676	222	145	6	5	212	6	221	4.63e-14	65.5
1_177	7_446	25.446	224	142	7	22	225	283	501	3.20e-09	51.2
1_177	7_312	32.353	102	68	1	133	233	278	379	1.94e-12	60.8
1_177	7_312	31.915	47	32	0	22	68	63	109	0.001	34.3
1_177	7_10	32.143	140	84	3	90	221	143	279	5.37e-12	59.3
1_177	7_158	30.108	93	64	1	133	224	615	707	6.00e-12	59.3
1_177	7_158	40.426	47	28	0	21	67	23	69	1.95e-07	45.8
1_177	7_1	32.292	96	63	2	127	221	500	594	1.70e-11	58.2
1_177	7_1	30.556	72	46	3	21	89	53	123	3.33e-04	35.8
1_177	7_43	29.596	223	136	8	8	221	4	214	3.88e-11	57.0
1_177	7_264	29.630	189	109	7	38	212	501	679	1.93e-10	55.1
1_177	7_126	31.313	99	67	1	136	233	232	330	2.05e-10	54.7
1_177	7_157	24.783	230	150	7	22	230	30	257	2.80e-10	53.9
1_177	7_400	32.065	184	107	8	24	198	354	528	4.24e-10	53.9
1_177	7_167	23.913	230	153	7	1	220	66	283	7.22e-10	52.8
1_177	7_35	28.646	192	103	6	22	197	340	513	9.44e-10	52.8
1_177	7_462	27.000	200	123	7	22	211	17	203	9.32e-09	50.1
1_177	7_42	27.174	184	109	7	24	196	19	188	6.48e-07	44.3
1_177	7_306	21.397	229	162	8	5	226	319	536	7.31e-07	43.9
1_177	7_306	22.363	237	149	6	5	213	1	230	1.07e-05	40.4
1_177	7_401	27.273	209	130	9	8	205	336	533	9.42e-07	43.5
1_177	7_181	26.582	79	57	1	135	212	153	231	3.38e-06	41.6
1_177	7_36	25.414	181	122	5	22	197	342	514	3.94e-06	42.0
1_178	7_410	100.000	578	0	0	1	578	1	578	0.0	1161
1_179	7_412	100.000	127	0	0	1	127	1	127	2.21e-88	248
1_180	7_413	100.000	285	0	0	1	285	1	285	0.0	552
1_180	7_414	42.748	262	132	5	26	281	1	250	5.05e-54	171
1_180	7_415	42.786	201	111	2	84	280	43	243	6.52e-48	155
1_181	7_417	100.000	411	0	0	1	411	1	411	0.0	820
1_182	7_419	100.000	202	0	0	1	202	1	202	1.54e-145	398
1_183	7_420	100.000	487	0	0	1	487	1	487	0.0	968
1_184	7_426	100.000	457	0	0	1	457	1	457	0.0	926
1_184	7_349	37.168	452	279	4	2	450	7	456	3.02e-104	313
1_184	7_347	21.988	332	249	6	15	341	37	363	7.50e-08	48.9
1_184	7_425	22.819	298	203	11	119	402	116	400	3.72e-06	43.5
1_185	7_415	99.592	245	1	0	1	245	1	245	2.64e-180	489
1_185	7_414	38.976	254	139	5	1	243	1	249	3.75e-48	155
1_185	7_413	42.786	201	111	2	43	243	84	280	5.73e-48	155
1_186	7_414	98.479	263	4	0	1	263	1	263	0.0	509
1_186	7_413	43.077	260	134	4	1	250	26	281	2.06e-54	172
1_186	7_415	38.372	258	135	7	1	249	1	243	5.44e-47	152
1_187	7_435	100.000	77	0	0	1	77	1	77	2.01e-49	145
1_188	7_437	100.000	90	0	0	1	90	1	90	1.29e-61	177
1_189	7_438	100.000	156	0	0	1	156	1	156	1.39e-117	323
1_190	7_439	100.000	126	0	0	1	126	1	126	2.50e-88	247
1_191	7_440	100.000	174	0	0	1	174	1	174	6.59e-126	346
1_192	7_441	100.000	305	0	0	1	305	1	305	0.0	619
1_192	7_152	24.709	344	192	13	4	298	157	482	3.08e-05	39.7
1_192	7_581	25.949	158	98	5	150	298	56	203	5.10e-04	35.4
1_193	7_442	100.000	142	0	0	1	142	1	142	6.92e-99	275
1_194	7_455	100.000	87	0	0	1	87	1	87	2.10e-61	176
1_195	7_458	100.000	524	0	0	1	524	1	524	0.0	1016
1_195	7_115	24.301	465	302	18	4	429	9	462	7.75e-14	68.2
1_196	7_463	100.000	321	0	0	1	321	1	321	0.0	642
1_196	7_571	22.892	249	168	11	57	298	29	260	2.40e-05	39.7
1_197	7_560	100.000	319	0	0	8	326	1	319	0.0	633
1_198	7_471	100.000	93	0	0	1	93	1	93	6.92e-61	175
1_199	7_475	100.000	64	0	0	1	64	1	64	8.55e-41	122
1_200	7_477	100.000	136	0	0	1	136	1	136	5.77e-92	257
1_201	7_478	100.000	174	0	0	1	174	1	174	1.57e-130	358
1_202	7_479	100.000	146	0	0	1	146	1	146	2.66e-102	284
1_203	7_480	100.000	127	0	0	1	127	1	127	1.96e-87	245
1_204	7_482	100.000	143	0	0	1	143	1	143	1.89e-100	279
1_205	7_484	100.000	469	0	0	1	469	1	469	0.0	967
1_205	7_157	40.240	333	193	3	116	447	5	332	1.93e-74	233
1_205	7_158	44.737	114	63	0	273	386	614	727	2.58e-30	119
1_205	7_158	31.579	95	60	2	153	247	34	123	2.83e-07	47.4
1_205	7_312	45.082	122	66	1	269	389	273	394	1.41e-28	112
1_205	7_312	35.185	108	53	4	139	239	59	156	1.65e-11	60.5
1_205	7_83	26.800	250	159	8	122	370	3	229	2.68e-18	79.3
1_205	7_408	28.444	225	136	8	143	365	22	223	3.23e-16	72.8
1_205	7_126	32.520	123	71	3	247	357	190	312	7.33e-15	70.9
1_205	7_1	32.432	111	74	1	274	384	505	614	7.91e-15	71.2
1_205	7_167	30.645	186	110	6	153	336	90	258	5.67e-14	67.0
1_205	7_84	27.350	234	147	5	146	367	26	248	7.15e-14	66.6
1_205	7_10	23.448	145	108	2	244	388	162	303	2.02e-11	60.1
1_205	7_446	25.424	236	134	10	143	363	22	230	1.75e-09	54.3
1_205	7_446	25.194	258	149	8	115	355	259	489	6.27e-08	49.3
1_205	7_181	26.033	242	156	9	122	354	4	231	3.78e-09	52.0
1_205	7_43	25.688	218	138	7	142	359	16	209	1.34e-08	51.6
1_205	7_206	28.444	225	127	11	145	358	23	224	2.44e-08	50.4
1_205	7_206	24.483	290	175	11	99	364	224	493	1.30e-05	42.0
1_205	7_462	25.561	223	120	8	141	356	15	198	4.55e-08	50.1
1_205	7_42	25.592	211	123	8	142	347	16	197	5.32e-06	43.1
1_205	7_306	23.913	184	111	6	142	308	16	187	8.96e-05	39.3
1_205	7_99	29.897	97	57	4	277	364	834	928	1.97e-04	38.1
1_206	7_485	100.000	151	0	0	1	151	1	151	1.12e-108	301
1_206	7_5	32.500	120	78	2	15	132	22	140	7.63e-11	52.0
1_207	7_489	100.000	113	0	0	1	113	1	113	7.29e-82	230
1_208	7_490	100.000	96	0	0	1	96	1	96	1.62e-68	195
1_209	7_492	100.000	1065	0	0	1	1065	1	1065	0.0	2137
1_209	7_359	26.625	323	183	13	623	907	917	1223	7.37e-14	70.9
1_209	7_359	37.383	107	59	3	297	397	281	385	4.93e-10	58.2
1_210	7_493	100.000	285	0	0	1	285	1	285	0.0	558
1_211	7_498	100.000	190	0	0	1	190	1	190	4.03e-143	391
1_212	7_501	100.000	331	0	0	1	331	1	331	0.0	660
1_213	7_502	100.000	203	0	0	1	203	1	203	7.23e-147	401
1_214	7_506	100.000	149	0	0	1	149	1	149	1.79e-111	308
1_215	7_508	100.000	112	0	0	1	112	1	112	2.75e-78	221
1_216	7_509	100.000	267	0	0	1	267	1	267	0.0	541
1_216	7_60	26.502	283	175	9	3	260	19	293	5.02e-16	70.9
1_216	7_175	32.895	228	137	8	1	219	1	221	3.60e-15	69.3
1_216	7_304	23.529	272	197	8	4	265	2	272	4.47e-11	56.6
1_216	7_427	22.968	283	187	11	2	263	5	277	1.56e-08	48.9
1_216	7_96	32.203	59	40	0	183	241	188	246	1.14e-04	37.4
1_217	7_512	100.000	90	0	0	1	90	1	90	1.95e-57	166
1_218	7_513	100.000	221	0	0	1	221	1	221	2.77e-164	447
1_219	7_514	100.000	219	0	0	1	219	1	219	3.36e-160	436
1_220	7_515	100.000	70	0	0	1	70	1	70	3.14e-44	131
1_221	7_520	100.000	692	0	0	1	692	1	692	0.0	1372
1_222	7_522	100.000	95	0	0	1	95	1	95	2.48e-67	192
1_223	7_524	100.000	78	0	0	1	78	1	78	3.17e-52	152
1_224	7_528	100.000	699	0	0	1	699	1	699	0.0	1417
1_224	7_464	25.878	769	431	26	16	692	6	727	1.78e-44	165
1_225	7_530	100.000	181	0	0	1	181	1	181	8.27e-131	359
1_226	7_536	100.000	76	0	0	1	76	1	76	4.34e-50	147
1_227	7_537	100.000	232	0	0	1	232	1	232	5.93e-171	465
1_228	7_505	96.667	120	4	0	1	120	1	120	8.27e-81	228
1_228	7_465	73.077	104	28	0	5	108	8	111	6.00e-50	150
1_228	7_527	70.192	104	31	0	5	108	8	111	1.52e-48	147
1_228	7_468	69.231	104	32	0	5	108	8	111	2.13e-48	146
1_228	7_561	69.388	98	30	0	5	102	8	105	1.65e-45	138
1_228	7_466	44.444	108	53	3	6	106	7	114	1.68e-22	80.9
1_229	7_99	99.894	947	1	0	1	947	1	947	0.0	1930
1_229	7_83	29.801	151	85	7	783	928	90	224	2.68e-07	47.8
1_229	7_42	39.130	92	47	4	820	908	115	200	6.91e-07	47.4
1_229	7_42	28.571	147	88	6	416	562	64	193	1.59e-04	39.7
1_229	7_84	32.051	78	50	1	820	897	145	219	1.38e-06	45.8
1_229	7_84	30.000	80	54	1	479	558	145	222	6.06e-06	43.5
1_229	7_462	36.585	82	43	4	834	912	129	204	1.81e-05	42.7
1_229	7_43	36.905	84	44	4	826	906	121	198	1.76e-04	39.7
1_229	7_158	33.333	102	63	3	476	574	601	700	1.92e-04	39.7
1_229	7_126	38.667	75	43	2	485	558	224	296	2.26e-04	38.9
1_229	7_312	25.168	298	194	12	628	907	63	349	2.34e-04	38.9
1_229	7_484	29.897	97	57	4	834	928	277	364	4.22e-04	38.1
1_229	7_446	24.737	190	120	8	481	655	129	310	4.76e-04	38.1
1_229	7_157	29.825	114	68	5	833	943	161	265	5.14e-04	37.7
1_230	7_100	99.878	821	1	0	1	821	1	821	0.0	1660
1_230	7_19	22.437	517	375	10	10	510	6	512	1.08e-31	126
1_231	7_108	99.587	242	1	0	1	242	1	242	7.50e-178	483
1_232	7_113	99.379	322	2	0	1	322	1	322	0.0	650
1_233	7_126	99.550	444	2	0	1	444	1	444	0.0	885
1_233	7_10	32.059	340	185	10	8	341	5	304	5.07e-38	137
1_233	7_1	38.624	189	111	4	205	390	481	667	4.09e-35	132
1_233	7_1	47.423	97	51	0	11	107	39	135	7.65e-23	95.9
1_233	7_312	26.786	392	248	11	10	379	43	417	3.83e-23	95.9
1_233	7_158	32.117	137	92	1	199	334	584	720	2.64e-20	88.2
1_233	7_158	40.541	37	22	0	20	56	18	54	6.24e-04	36.6
1_233	7_84	35.616	146	81	5	214	355	140	276	2.48e-17	77.0
1_233	7_84	25.962	104	55	3	24	106	21	123	9.26e-05	38.5
1_233	7_484	32.520	123	71	3	190	312	247	357	5.75e-15	71.2
1_233	7_83	34.545	110	71	1	212	321	118	226	1.05e-12	62.8
1_233	7_83	26.050	119	79	3	22	137	16	128	1.85e-05	40.8
1_233	7_167	36.170	94	54	2	24	111	78	171	6.58e-12	60.8
1_233	7_167	36.585	82	51	1	230	311	197	277	4.87e-10	55.1
1_233	7_446	30.147	136	88	4	202	333	112	244	6.81e-11	58.5
1_233	7_446	28.431	102	68	3	10	106	6	107	3.03e-08	50.1
1_233	7_446	25.287	87	64	1	224	310	404	489	3.96e-05	40.0
1_233	7_408	31.313	99	67	1	232	330	136	233	3.49e-10	54.7
1_233	7_462	32.990	97	63	1	10	106	1	95	7.18e-10	55.5
1_233	7_157	28.030	132	92	1	204	332	131	262	8.23e-10	54.7
1_233	7_181	31.313	99	68	0	211	309	133	231	5.92e-09	51.2
1_233	7_42	32.394	142	92	3	211	351	107	245	1.07e-08	51.6
1_233	7_42	32.955	88	57	1	16	103	7	92	1.08e-08	51.6
1_233	7_43	31.915	94	62	1	10	103	1	92	1.14e-08	51.6
1_233	7_43	39.535	86	46	3	229	312	126	207	2.35e-08	50.4
1_233	7_35	36.232	69	44	0	10	78	324	392	1.64e-07	47.8
1_233	7_35	33.645	107	54	3	193	293	419	514	4.75e-06	43.1
1_233	7_206	30.488	82	54	2	232	312	407	486	3.56e-07	46.6
1_233	7_206	28.333	60	43	0	11	70	8	67	3.87e-04	37.0
1_233	7_400	30.769	78	53	1	1	77	327	404	6.63e-06	42.7
1_233	7_400	35.294	68	41	1	229	296	464	528	5.10e-05	40.0
1_233	7_306	31.765	85	54	1	226	310	150	230	1.19e-05	42.0
1_233	7_306	27.586	58	42	0	10	67	1	58	2.29e-05	40.8
1_233	7_36	32.787	61	41	0	11	71	327	387	3.44e-05	40.4
1_233	7_99	38.667	75	43	2	224	296	485	558	1.21e-04	38.9
1_234	7_443	99.776	446	1	0	1	446	1	446	0.0	891
1_235	7_137	99.766	856	2	0	1	856	1	856	0.0	1718
1_235	7_332	35.361	707	433	11	50	746	6	698	4.92e-130	405
1_235	7_332	25.000	132	88	5	727	854	582	706	3.71e-04	38.5
1_236	7_145	100.000	108	0	0	1	108	1	108	3.42e-74	223
1_237	7_146	99.663	297	1	0	1	297	1	297	0.0	598
1_238	7_148	99.519	416	2	0	1	416	1	416	0.0	795
1_239	7_149	99.761	419	1	0	1	419	1	419	0.0	846
1_240	7_155	99.430	351	2	0	1	351	1	351	0.0	683
1_240	7_310	27.358	318	207	7	6	316	61	361	8.85e-23	92.8
1_241	7_423	99.457	184	1	0	1	184	1	184	2.48e-135	371
1_242	7_402	99.432	176	1	0	1	176	1	176	2.65e-130	357
1_242	7_365	40.741	54	29	1	19	69	6	59	2.01e-06	41.6
1_242	7_365	28.415	183	118	5	5	175	157	338	2.95e-06	40.8
1_242	7_261	39.344	61	33	3	19	76	10	69	1.64e-04	35.8
1_243	7_98	98.739	238	3	0	1	238	1	238	5.32e-171	465
1_244	7_372	99.558	452	2	0	1	452	1	452	0.0	880
1_245	7_371	99.398	166	1	0	1	166	1	166	1.41e-116	322
1_246	7_366	98.684	76	1	0	1	76	1	76	5.14e-49	144
1_247	7_365	99.771	437	1	0	1	437	1	437	0.0	875
1_247	7_305	35.897	156	83	4	172	315	218	368	3.78e-20	87.0
1_247	7_305	30.337	89	60	2	6	93	220	307	1.34e-05	41.6
1_247	7_261	29.530	149	90	6	5	143	9	152	4.43e-09	52.0
1_247	7_261	26.220	164	110	4	173	335	9	162	4.13e-06	42.7
1_247	7_402	40.741	54	29	1	6	59	19	69	5.23e-06	41.6
1_247	7_402	28.415	183	118	5	157	338	5	175	7.06e-06	41.2
1_247	7_367	28.108	185	98	8	174	341	10	176	4.68e-05	40.0
1_247	7_544	33.846	65	33	4	5	65	113	171	2.69e-04	37.0
1_248	7_362	99.833	600	1	0	1	600	1	600	0.0	1197
1_249	7_352	99.672	305	1	0	1	305	1	305	0.0	605
1_250	7_339	99.167	120	1	0	1	120	1	120	3.94e-84	236
1_251	7_328	98.498	333	5	0	1	333	1	333	0.0	651
1_252	7_433	98.333	120	2	0	1	120	1	120	1.01e-83	235
1_253	7_14	99.303	287	2	0	1	287	1	287	0.0	573
1_253	7_188	35.827	254	122	7	1	234	1	233	2.99e-33	118
1_254	7_15	98.765	81	1	0	1	81	1	81	4.85e-57	165
1_255	7_507	99.375	160	1	0	1	160	1	160	5.43e-113	312
1_256	7_57	99.550	222	1	0	1	222	1	222	1.64e-162	442
1_257	7_68	99.824	567	1	0	1	567	1	567	0.0	1142
1_257	7_474	28.049	246	157	9	14	247	18	255	1.28e-12	64.3
1_257	7_474	46.154	39	21	0	503	541	409	447	1.47e-05	42.0
1_257	7_303	27.338	139	98	2	110	245	145	283	2.61e-10	57.4
1_257	7_303	46.809	47	22	1	489	535	439	482	4.78e-08	50.1
1_258	7_70	99.886	880	1	0	1	880	1	880	0.0	1779
1_259	7_72	99.778	451	1	0	1	451	1	451	0.0	916
1_260	7_75	99.624	266	1	0	1	266	1	266	0.0	523
1_260	7_244	37.143	105	61	3	22	121	37	141	4.11e-14	65.5
1_261	7_76	99.699	332	1	0	1	332	1	332	0.0	661
1_262	7_83	99.632	272	1	0	1	272	1	272	0.0	541
1_262	7_84	34.188	234	133	6	19	232	22	254	2.81e-34	120
1_262	7_400	34.694	196	110	5	16	205	348	531	3.42e-19	81.6
1_262	7_484	26.800	250	159	8	3	229	122	370	7.52e-19	80.5
1_262	7_157	31.330	233	127	7	19	227	29	252	1.12e-18	79.3
1_262	7_167	28.636	220	132	4	19	225	79	286	1.61e-18	78.2
1_262	7_158	36.275	102	64	1	127	227	607	708	2.47e-15	70.5
1_262	7_158	33.333	75	43	3	23	91	27	100	2.83e-04	36.6
1_262	7_408	27.805	205	136	6	20	220	22	218	2.47e-15	68.6
1_262	7_401	30.189	212	132	8	2	208	334	534	1.42e-14	67.8
1_262	7_35	32.075	212	118	6	1	204	324	517	2.25e-14	67.4
1_262	7_43	31.081	222	129	11	1	215	1	205	9.63e-14	65.5
1_262	7_126	34.545	110	71	1	118	226	212	321	2.65e-13	63.9
1_262	7_126	26.050	119	79	3	16	128	22	137	1.14e-05	40.8
1_262	7_36	32.353	204	117	11	2	200	327	514	3.03e-13	63.9
1_262	7_1	31.776	107	72	1	116	221	486	592	3.23e-13	63.9
1_262	7_1	31.915	94	55	3	16	106	50	137	4.00e-06	42.4
1_262	7_306	27.778	198	108	5	16	185	13	203	1.43e-12	62.0
1_262	7_446	27.273	220	125	10	19	218	21	225	2.05e-12	61.2
1_262	7_446	25.541	231	157	8	1	218	264	492	3.42e-06	42.4
1_262	7_312	32.500	120	77	3	104	219	244	363	2.54e-12	60.8
1_262	7_206	32.143	196	124	6	28	217	31	223	5.63e-12	60.1
1_262	7_10	24.221	289	161	9	2	236	8	292	3.24e-11	57.4
1_262	7_181	26.848	257	156	9	1	240	9	250	1.56e-08	48.9
1_262	7_42	23.618	199	141	6	16	212	13	202	3.25e-08	48.9
1_262	7_462	27.149	221	125	10	1	208	1	198	7.77e-08	47.8
1_262	7_99	29.801	151	85	7	90	224	783	928	1.18e-07	47.0
1_262	7_264	24.757	206	130	7	2	197	471	661	1.59e-07	46.6
1_263	7_85	99.688	320	1	0	1	320	1	320	0.0	626
1_264	7_87	99.685	317	1	0	1	317	1	317	0.0	641
1_265	7_306	99.814	538	1	0	1	538	1	538	0.0	1097
1_265	7_43	25.641	234	141	6	1	230	1	205	1.20e-12	64.7
1_265	7_43	28.571	210	133	8	319	519	1	202	1.12e-09	55.5
1_265	7_83	27.778	198	108	5	13	203	16	185	2.07e-12	62.4
1_265	7_42	22.993	274	175	5	1	272	1	240	6.53e-11	59.3
1_265	7_42	24.645	211	138	8	319	518	1	201	6.12e-06	43.5
1_265	7_35	28.342	187	110	5	1	187	324	486	2.55e-10	57.4
1_265	7_206	26.271	236	145	9	2	230	8	221	6.66e-10	55.8
1_265	7_206	32.432	74	47	2	453	523	149	222	3.49e-04	37.4
1_265	7_400	23.853	218	133	6	1	213	336	525	7.75e-09	52.4
1_265	7_401	44.898	49	27	0	13	61	346	394	9.39e-08	48.9
1_265	7_446	24.064	187	126	4	1	187	6	176	5.33e-07	46.6
1_265	7_1	35.088	57	37	0	2	58	39	95	7.07e-07	46.2
1_265	7_1	23.810	84	60	1	152	231	504	587	3.66e-05	40.8
1_265	7_84	24.286	210	127	6	20	213	26	219	9.33e-07	45.1
1_265	7_408	21.397	229	162	8	319	536	5	226	1.59e-06	43.9
1_265	7_408	22.363	237	149	6	1	230	5	213	2.53e-05	40.4
1_265	7_462	26.027	219	131	9	319	521	1	204	7.25e-06	43.1
1_265	7_462	20.851	235	133	6	1	219	1	198	9.14e-06	42.7
1_265	7_36	35.185	54	35	0	10	63	335	388	8.23e-06	42.7
1_265	7_126	31.765	85	54	1	150	230	226	310	1.91e-05	41.6
1_265	7_126	27.586	58	42	0	1	58	10	67	2.69e-05	41.2
1_265	7_181	22.078	231	150	6	320	525	10	235	4.15e-05	40.0
1_265	7_181	20.732	246	135	6	14	233	24	235	1.88e-04	37.7
1_265	7_484	23.913	184	111	6	16	187	142	308	1.10e-04	39.3
1_265	7_10	27.174	92	64	1	443	534	188	276	3.28e-04	37.4
1_265	7_264	25.126	199	105	10	32	217	500	667	4.82e-04	37.4
1_265	7_158	28.169	71	47	1	449	515	619	689	7.11e-04	36.6
1_266	7_312	99.774	443	1	0	1	443	1	443	0.0	890
1_266	7_158	37.751	249	137	4	204	437	530	775	1.28e-43	157
1_266	7_158	39.175	97	55	2	61	156	22	115	9.22e-13	64.7
1_266	7_484	45.082	122	66	1	273	394	269	389	1.46e-28	112
1_266	7_484	35.185	108	53	4	59	156	139	239	1.81e-11	60.1
1_266	7_126	27.041	392	247	11	43	417	10	379	1.20e-23	97.4
1_266	7_157	37.500	136	83	1	252	385	131	266	1.94e-23	95.5
1_266	7_157	29.630	135	70	5	32	157	7	125	5.28e-09	52.0
1_266	7_1	38.298	94	57	1	274	366	501	594	5.78e-17	77.8
1_266	7_1	29.688	128	75	3	38	165	33	145	4.74e-10	56.2
1_266	7_181	34.711	121	77	2	251	371	126	244	6.12e-16	72.0
1_266	7_84	36.719	128	73	3	261	386	139	260	2.21e-15	71.2
1_266	7_10	33.333	90	60	0	282	371	194	283	9.00e-15	70.1
1_266	7_167	42.857	84	47	1	276	359	194	276	1.07e-14	69.3
1_266	7_167	31.481	108	69	2	42	147	59	163	1.48e-06	44.3
1_266	7_83	32.500	120	77	3	244	363	104	219	2.07e-12	62.0
1_266	7_408	32.353	102	68	1	278	379	133	233	3.58e-12	60.8
1_266	7_446	36.634	101	54	3	264	360	129	223	7.88e-11	58.2
1_266	7_446	35.443	79	50	1	281	359	412	489	3.53e-07	46.6
1_266	7_446	41.071	56	29	1	43	98	6	57	5.17e-06	43.1
1_266	7_43	32.692	104	64	3	267	367	115	215	3.80e-08	50.1
1_266	7_42	25.191	131	91	3	223	351	72	197	9.34e-08	48.9
1_266	7_462	29.600	125	78	5	267	390	115	230	2.10e-07	47.8
1_266	7_206	25.954	131	94	2	229	359	357	484	1.20e-05	42.0
1_266	7_400	38.983	59	33	1	281	339	467	522	4.62e-05	40.0
1_266	7_35	29.412	85	53	2	30	111	308	388	1.52e-04	38.5
1_266	7_401	27.132	129	76	4	23	138	302	425	4.88e-04	36.6
1_266	7_99	26.984	189	115	7	240	424	450	619	5.41e-04	36.6
1_267	7_190	99.606	254	1	0	1	254	1	254	0.0	522
1_268	7_197	99.833	599	1	0	1	599	1	599	0.0	1219
1_268	7_367	30.093	216	126	7	117	315	10	217	6.27e-17	78.6
1_268	7_369	37.008	127	62	2	116	224	13	139	8.25e-14	68.9
1_268	7_142	32.099	162	90	3	116	257	21	182	2.56e-13	66.6
1_269	7_198	99.838	617	1	0	1	617	1	617	0.0	1241
1_270	7_491	99.694	327	1	0	1	327	1	327	0.0	659
1_271	7_202	99.593	246	1	0	1	246	1	246	4.84e-179	486
1_272	7_210	99.879	826	1	0	1	826	1	826	0.0	1673
1_272	7_189	28.413	630	325	21	29	613	34	582	5.28e-49	177
1_273	7_219	99.379	161	1	0	1	161	1	161	1.71e-113	313
1_273	7_69	26.623	154	99	6	7	151	1054	1202	1.47e-04	35.8
1_274	7_239	99.620	263	1	0	1	263	1	263	0.0	503
1_274	7_130	27.350	117	73	3	48	152	110	226	1.56e-06	42.7
1_274	7_130	34.127	126	50	5	24	118	139	262	2.42e-06	42.4
1_274	7_130	33.333	93	52	3	35	117	121	213	3.09e-05	38.9
1_275	7_250	99.786	467	1	0	1	467	1	467	0.0	954
1_276	7_297	99.512	205	1	0	1	205	1	205	4.20e-150	410
1_277	7_294	99.533	214	1	0	1	214	1	214	1.37e-156	427
1_278	7_285	99.065	107	1	0	1	107	1	107	4.04e-72	205
1_279	7_279	99.614	259	1	0	1	259	1	259	0.0	518
1_280	7_276	99.057	212	2	0	1	212	1	212	9.07e-156	425
1_281	7_269	98.333	120	2	0	1	120	1	120	1.90e-86	242
1_282	7_268	99.576	236	1	0	1	236	1	236	2.07e-171	466
1_282	7_162	33.088	136	64	8	4	113	16	150	6.56e-06	40.8
1_283	7_267	99.475	381	2	0	1	381	1	381	0.0	750
1_284	7_266	99.582	239	1	0	1	239	1	239	3.49e-175	476
1_285	7_500	99.850	665	1	0	1	665	1	665	0.0	1345
1_285	7_22	22.941	340	195	13	321	637	1	296	6.07e-09	52.8
1_285	7_432	28.452	239	134	10	325	557	9	216	1.39e-08	51.6
1_286	7_167	99.674	307	1	0	1	307	1	307	0.0	615
1_286	7_462	32.735	223	133	7	60	279	1	209	1.21e-24	99.0
1_286	7_43	30.732	205	122	6	79	277	16	206	9.97e-21	87.0
1_286	7_42	29.442	197	127	5	79	273	16	202	2.67e-19	82.8
1_286	7_83	28.636	220	132	4	79	286	19	225	2.49e-18	77.8
1_286	7_157	28.972	214	133	6	58	258	14	221	1.29e-15	70.9
1_286	7_312	42.857	84	47	1	194	276	276	359	6.12e-15	69.3
1_286	7_312	31.481	108	69	2	59	163	42	147	1.02e-06	44.3
1_286	7_484	31.282	195	113	8	81	258	146	336	1.90e-14	68.2
1_286	7_446	25.108	231	157	8	60	282	6	228	3.77e-14	67.4
1_286	7_446	30.263	76	53	0	199	274	412	487	1.12e-04	38.1
1_286	7_10	24.779	226	119	3	84	258	27	252	7.25e-14	65.9
1_286	7_158	31.000	100	68	1	188	286	607	706	1.20e-13	65.9
1_286	7_181	25.472	212	146	4	56	258	5	213	1.69e-13	63.9
1_286	7_84	27.885	208	112	7	78	258	21	217	3.87e-12	60.5
1_286	7_126	36.170	94	54	2	78	171	24	111	5.12e-12	60.5
1_286	7_126	36.585	82	51	1	197	277	230	311	3.96e-10	54.7
1_286	7_1	34.146	82	53	1	194	274	503	584	8.55e-10	53.9
1_286	7_1	31.707	82	46	2	84	163	58	131	6.83e-08	48.1
1_286	7_408	24.272	206	141	6	83	283	25	220	2.26e-09	51.6
1_286	7_206	25.405	185	119	6	83	257	26	201	6.57e-09	51.2
1_286	7_206	23.387	248	159	10	59	279	244	487	8.65e-06	41.6
1_286	7_401	31.527	203	114	11	79	271	349	536	1.49e-08	50.1
1_286	7_264	29.167	168	103	8	97	257	502	660	1.75e-08	50.1
1_286	7_36	29.570	186	108	8	79	257	341	510	9.46e-08	47.8
1_286	7_400	25.510	196	125	7	79	267	351	532	9.49e-08	47.8
1_286	7_35	25.405	185	120	5	79	258	339	510	2.61e-07	46.2
1_287	7_168	99.737	380	1	0	1	380	1	380	0.0	772
1_288	7_173	98.077	260	5	0	1	260	1	260	0.0	514
1_289	7_179	99.197	249	2	0	1	249	1	249	3.73e-177	482
1_290	7_181	99.609	256	1	0	1	256	1	256	0.0	507
1_290	7_312	34.711	121	77	2	126	244	251	371	2.32e-16	72.8
1_290	7_167	27.358	212	142	4	5	213	56	258	8.11e-16	70.5
1_290	7_10	25.714	280	163	5	8	244	6	283	2.66e-15	69.3
1_290	7_158	30.508	118	73	2	134	250	597	706	3.56e-14	66.6
1_290	7_42	27.136	199	126	4	28	225	18	198	3.24e-13	63.5
1_290	7_446	24.138	232	162	10	27	252	22	245	3.12e-12	60.5
1_290	7_446	22.566	226	163	6	12	230	267	487	6.58e-09	50.4
1_290	7_484	25.203	246	153	8	4	231	122	354	1.97e-11	58.2
1_290	7_84	25.806	217	145	9	27	231	23	235	8.88e-11	55.5
1_290	7_43	25.664	226	139	7	24	245	14	214	2.08e-10	55.1
1_290	7_83	26.794	209	139	6	9	214	1	198	2.87e-10	53.9
1_290	7_126	31.313	99	68	0	133	231	211	309	2.72e-09	51.6
1_290	7_1	33.766	77	51	0	154	230	508	584	2.82e-09	51.6
1_290	7_1	29.885	87	55	2	27	112	54	135	1.89e-04	37.0
1_290	7_157	27.801	241	145	11	6	231	13	239	1.26e-08	49.3
1_290	7_462	23.188	207	138	6	23	227	13	200	3.30e-08	48.5
1_290	7_206	24.074	216	151	7	20	231	14	220	5.13e-08	47.8
1_290	7_206	24.180	244	146	10	30	251	277	503	1.82e-05	40.0
1_290	7_400	26.699	206	131	7	9	212	336	523	6.17e-08	47.8
1_290	7_408	22.831	219	137	7	22	231	17	212	2.27e-06	42.0
1_290	7_306	22.271	229	152	6	10	235	320	525	3.08e-06	42.4
1_290	7_306	21.992	241	138	8	24	235	14	233	3.97e-05	38.9
1_290	7_264	28.333	180	105	7	40	212	498	660	3.21e-05	39.3
1_290	7_401	24.312	218	127	10	8	214	332	522	2.12e-04	36.6
1_290	7_35	21.053	209	141	7	9	214	324	511	2.25e-04	36.6
1_290	7_99	28.889	90	53	4	136	218	815	900	3.51e-04	36.2
1_291	7_460	99.367	158	1	0	1	158	1	158	1.81e-114	316
1_292	7_461	98.382	309	5	0	1	309	1	309	0.0	591
1_293	7_5	99.371	159	1	0	1	159	1	159	1.42e-116	321
1_293	7_485	32.500	120	78	2	22	140	15	132	7.10e-11	52.4
1_294	7_1	99.862	725	1	0	1	725	1	725	0.0	1468
1_294	7_126	37.766	188	114	2	481	667	205	390	7.70e-35	132
1_294	7_126	47.423	97	51	0	39	135	11	107	1.25e-22	95.9
1_294	7_10	40.146	137	82	0	481	617	166	302	3.90e-31	120
1_294	7_10	30.088	113	70	2	38	150	7	110	3.51e-11	60.1
1_294	7_158	25.735	136	99	2	481	614	590	725	2.39e-17	80.9
1_294	7_158	28.049	164	100	5	42	204	12	158	2.61e-07	48.5
1_294	7_312	38.298	94	57	1	501	594	274	366	9.71e-17	77.8
1_294	7_312	29.688	128	75	3	33	145	38	165	7.17e-10	56.2
1_294	7_484	32.432	111	74	1	505	614	274	384	1.78e-14	70.9
1_294	7_83	31.776	107	72	1	486	592	116	221	8.06e-13	63.9
1_294	7_83	31.915	94	55	3	50	137	16	106	1.04e-05	42.4
1_294	7_84	25.806	155	88	3	501	655	152	279	2.53e-12	62.8
1_294	7_84	30.952	84	39	3	53	117	22	105	1.22e-05	42.4
1_294	7_408	32.292	96	63	2	500	594	127	221	5.24e-11	58.2
1_294	7_446	34.409	93	54	2	498	587	402	490	2.21e-10	58.2
1_294	7_446	29.213	89	58	2	500	584	133	220	1.21e-07	49.3
1_294	7_446	29.348	92	54	4	48	131	16	104	1.10e-06	46.2
1_294	7_43	32.967	91	59	1	498	588	119	207	1.10e-09	55.8
1_294	7_43	33.333	99	58	3	39	134	2	95	5.95e-07	47.0
1_294	7_42	31.897	116	70	2	474	589	102	208	1.69e-09	55.5
1_294	7_42	32.673	101	60	2	39	136	2	97	2.80e-07	48.1
1_294	7_167	34.146	82	53	1	503	584	194	274	2.42e-09	53.9
1_294	7_167	31.707	82	46	2	58	131	84	163	2.32e-07	47.8
1_294	7_157	29.358	109	76	1	505	612	159	267	1.04e-08	52.0
1_294	7_157	25.899	139	83	6	30	151	4	139	4.55e-04	37.4
1_294	7_181	33.766	77	51	0	508	584	154	230	1.36e-08	51.2
1_294	7_462	30.357	112	75	2	39	149	2	111	3.20e-08	51.2
1_294	7_462	31.081	74	49	1	508	581	129	200	1.55e-05	42.7
1_294	7_206	30.476	105	70	1	38	139	7	111	5.24e-08	50.4
1_294	7_206	25.974	77	56	1	508	584	407	482	6.87e-04	37.0
1_294	7_35	34.247	73	48	0	36	108	322	394	5.01e-07	47.4
1_294	7_35	29.008	131	79	6	448	572	393	515	8.81e-05	40.0
1_294	7_306	35.088	57	37	0	39	95	2	58	9.61e-07	46.2
1_294	7_306	28.788	66	43	1	504	569	152	213	5.19e-05	40.8
1_294	7_400	27.778	90	61	2	493	581	452	538	1.44e-06	45.8
1_294	7_401	33.333	66	43	1	36	100	331	396	2.70e-05	41.6
1_294	7_36	25.301	83	59	1	36	115	324	406	2.60e-04	38.5
1_295	7_428	99.723	361	1	0	1	361	1	361	0.0	734
1_297	7_147	99.024	205	2	0	1	205	1	205	7.19e-143	392
1_298	7_445	99.835	607	1	0	1	607	1	607	0.0	1220
1_299	7_134	99.026	308	3	0	1	308	1	308	0.0	577
1_300	7_131	99.429	175	1	0	1	175	1	175	3.34e-125	344
1_301	7_130	99.640	278	1	0	1	278	1	278	0.0	539
1_301	7_239	27.350	117	73	3	110	226	48	152	1.74e-06	42.7
1_301	7_239	33.333	93	52	3	121	213	35	117	3.35e-05	38.9
1_302	7_128	98.905	274	3	0	1	274	1	274	0.0	536
1_302	7_127	25.749	167	114	4	73	233	75	237	2.01e-05	39.7
1_303	7_118	99.701	334	1	0	1	334	1	334	0.0	679
1_304	7_117	99.465	374	2	0	1	374	1	374	0.0	770
1_305	7_115	99.618	524	2	0	1	524	1	524	0.0	1017
1_305	7_458	24.301	465	302	18	9	462	4	429	9.24e-14	68.2
1_306	7_109	98.864	88	1	0	1	88	1	88	3.16e-59	171
1_307	7_107	99.275	965	7	0	1	965	1	965	0.0	1894
1_307	7_38	23.247	271	155	11	65	297	63	318	4.37e-08	51.6
1_307	7_110	26.286	175	110	5	24	191	12	174	1.39e-04	40.0
1_308	7_375	99.569	232	1	0	1	232	1	232	3.13e-173	471
1_309	7_368	99.690	323	1	0	1	323	1	323	0.0	657
1_310	7_355	99.566	691	3	0	1	691	1	691	0.0	1386
1_311	7_349	99.788	471	1	0	1	471	1	471	0.0	951
1_311	7_426	37.168	452	279	4	7	456	2	450	1.93e-104	314
1_311	7_347	26.757	370	260	7	44	408	58	421	7.72e-26	104
1_311	7_425	22.712	295	216	6	63	348	49	340	3.64e-08	50.1
1_312	7_348	99.638	276	1	0	1	276	1	276	0.0	542
1_313	7_347	99.606	507	2	0	1	507	1	507	0.0	1010
1_313	7_425	43.385	325	173	6	125	444	105	423	1.17e-74	239
1_313	7_349	27.027	370	259	7	58	421	44	408	1.49e-26	107
1_313	7_426	24.291	247	181	5	37	278	15	260	8.40e-08	48.9
1_314	7_342	98.701	385	5	0	1	385	1	385	0.0	738
1_315	7_340	100.000	291	0	0	1	291	1	291	0.0	581
1_315	7_553	98.864	88	1	0	315	402	1	88	3.42e-55	172
1_316	7_19	99.851	673	1	0	1	673	1	673	0.0	1348
1_316	7_100	22.437	517	375	10	6	512	10	510	9.92e-32	126
1_317	7_569	99.724	362	1	0	17	378	1	362	0.0	719
1_318	7_28	99.872	783	1	0	1	783	1	783	0.0	1562
1_319	7_29	99.717	353	1	0	1	353	1	353	0.0	696
1_319	7_309	27.129	317	167	15	46	345	64	333	6.93e-07	45.1
1_320	7_30	99.392	823	5	0	1	823	1	823	0.0	1649
1_320	7_331	24.157	741	452	18	18	668	34	754	7.22e-48	177
1_320	7_386	21.557	334	201	9	393	679	398	717	7.10e-14	70.1
1_320	7_386	27.174	184	113	4	6	186	3	168	1.39e-08	52.8
1_320	7_52	23.560	191	114	4	32	222	3	161	4.48e-07	47.8
1_320	7_52	21.053	304	175	13	321	594	128	396	8.75e-04	37.0
1_321	7_33	99.615	520	2	0	1	520	1	520	0.0	1011
1_322	7_43	99.846	650	1	0	1	650	1	650	0.0	1260
1_322	7_42	48.630	438	197	9	1	432	1	416	1.29e-108	340
1_322	7_42	39.344	183	105	1	470	646	590	772	8.73e-31	123
1_322	7_462	39.823	452	246	10	1	438	1	440	2.44e-89	289
1_322	7_462	29.348	184	126	2	467	646	583	766	2.75e-16	77.0
1_322	7_167	30.732	205	122	6	16	206	79	277	2.13e-20	87.0
1_322	7_400	30.189	212	129	8	1	201	336	539	1.80e-15	73.9
1_322	7_401	32.558	215	117	9	2	200	334	536	3.15e-15	73.2
1_322	7_84	28.169	213	128	6	18	205	24	236	3.70e-14	68.2
1_322	7_83	31.081	222	129	11	1	205	1	215	1.26e-13	66.2
1_322	7_446	28.194	227	133	7	16	215	282	505	2.89e-13	67.0
1_322	7_446	25.688	218	140	7	15	212	20	235	3.00e-13	67.0
1_322	7_206	29.524	210	134	5	10	205	12	221	1.63e-12	64.7
1_322	7_206	28.326	233	135	9	2	208	261	487	7.26e-09	52.8
1_322	7_306	25.641	234	141	6	1	205	1	230	1.99e-12	64.3
1_322	7_306	28.571	210	133	8	1	202	319	519	2.09e-09	54.7
1_322	7_35	28.365	208	110	6	1	188	324	512	9.46e-11	58.9
1_322	7_408	29.596	223	136	8	4	214	8	221	9.93e-11	57.0
1_322	7_264	31.285	179	100	8	32	195	500	670	5.74e-10	56.6
1_322	7_1	32.967	91	59	1	119	207	498	588	1.02e-09	55.8
1_322	7_1	33.333	99	58	3	2	95	39	134	5.96e-07	47.0
1_322	7_10	29.333	150	99	3	60	207	129	273	2.08e-09	54.3
1_322	7_10	43.636	55	31	0	2	56	8	62	1.24e-05	42.4
1_322	7_158	34.940	83	52	1	127	207	616	698	5.80e-09	53.5
1_322	7_181	26.141	241	139	10	14	224	24	255	7.02e-09	51.6
1_322	7_484	25.688	218	138	7	16	209	142	359	1.32e-08	52.0
1_322	7_126	31.915	94	62	1	1	92	10	103	1.70e-08	51.6
1_322	7_126	37.374	99	56	3	126	220	229	325	2.89e-08	50.8
1_322	7_312	32.692	104	64	3	115	215	267	367	6.47e-08	49.7
1_322	7_36	29.167	216	137	9	2	209	327	534	7.03e-08	49.7
1_322	7_157	32.941	85	55	1	127	209	160	244	2.71e-05	41.2
1_322	7_99	36.905	84	44	4	121	198	826	906	1.32e-04	39.3
1_323	7_380	99.898	979	1	0	1	979	1	979	0.0	1929
1_324	7_381	99.510	408	2	0	1	408	1	408	0.0	819
1_325	7_386	99.620	790	3	0	1	790	1	790	0.0	1603
1_325	7_331	22.941	340	205	10	393	701	440	753	8.76e-15	72.8
1_325	7_331	23.563	174	120	3	8	169	27	199	6.28e-09	53.9
1_325	7_30	24.103	195	101	6	398	592	393	540	2.18e-12	65.1
1_325	7_30	27.174	184	113	4	3	168	6	186	9.48e-09	53.1
1_325	7_52	34.444	90	58	1	29	118	3	91	4.60e-08	50.8
1_325	7_52	33.000	100	59	3	513	612	264	355	1.58e-07	48.9
1_326	7_393	99.383	324	2	0	1	324	1	324	0.0	639
1_327	7_394	99.366	946	6	0	1	946	1	946	0.0	1851
1_328	7_397	99.592	245	1	0	1	245	1	245	2.57e-176	479
1_329	7_398	99.714	700	2	0	1	700	1	700	0.0	1419
1_330	7_399	98.969	582	6	0	1	582	1	582	0.0	1167
1_331	7_401	99.254	536	4	0	1	536	1	536	0.0	1012
1_331	7_36	31.445	512	325	9	35	536	31	526	2.91e-54	186
1_331	7_400	38.462	221	128	7	320	536	322	538	1.81e-29	116
1_331	7_35	34.928	209	124	6	328	531	319	520	4.19e-23	97.4
1_331	7_43	32.558	215	117	9	334	536	2	200	3.18e-15	73.2
1_331	7_83	30.189	212	132	8	334	534	2	208	4.20e-14	67.4
1_331	7_264	31.016	187	111	5	319	495	456	634	1.65e-13	67.4
1_331	7_42	31.373	204	111	9	346	536	13	200	2.93e-11	60.5
1_331	7_167	31.527	203	114	11	349	536	79	271	4.74e-08	49.3
1_331	7_306	44.898	49	27	0	346	394	13	61	8.88e-08	48.9
1_331	7_462	28.505	214	123	10	334	534	2	198	8.48e-07	46.2
1_331	7_408	25.943	212	129	9	336	533	8	205	2.41e-06	43.5
1_331	7_1	33.333	66	43	1	331	396	36	100	2.52e-05	41.2
1_331	7_206	25.568	176	111	6	363	524	36	205	5.02e-05	40.0
1_331	7_158	36.508	63	34	2	364	424	38	96	7.74e-05	39.7
1_331	7_10	38.000	100	46	5	327	415	1	95	1.53e-04	38.5
1_331	7_312	27.132	129	76	4	302	425	23	138	6.22e-04	36.6
1_331	7_446	26.230	183	118	8	365	534	37	215	7.91e-04	36.6
1_331	7_84	22.527	182	118	4	364	522	37	218	8.06e-04	36.2
1_333	7_257	99.298	285	2	0	1	285	1	285	0.0	569
1_334	7_259	98.925	186	2	0	1	186	1	186	6.49e-136	372
1_334	7_249	26.772	127	68	4	46	151	81	203	2.41e-04	35.0
1_335	7_261	99.317	293	2	0	1	293	1	293	0.0	582
1_335	7_365	29.530	149	90	6	9	152	5	143	3.22e-09	52.0
1_335	7_365	35.593	59	38	0	9	67	173	231	2.90e-06	42.7
1_335	7_305	37.705	61	35	1	5	65	218	275	3.98e-05	39.3
1_335	7_402	39.344	61	33	3	10	69	19	76	2.46e-04	35.8
1_336	7_481	99.346	153	1	0	1	153	1	153	2.00e-107	298
1_337	7_301	99.327	297	2	0	1	297	1	297	0.0	576
1_338	7_317	99.796	490	1	0	1	490	1	490	0.0	959
1_339	7_189	99.832	594	1	0	1	594	1	594	0.0	1188
1_339	7_210	28.413	630	325	21	34	582	29	613	4.70e-44	162
1_340	7_191	99.512	205	1	0	1	205	1	205	3.36e-153	417
1_341	7_193	99.635	274	1	0	1	274	1	274	0.0	559
1_342	7_550	99.180	366	3	0	12	377	1	366	0.0	734
1_343	7_196	98.882	984	8	2	1	984	1	981	0.0	1954
1_343	7_444	22.222	720	356	26	188	785	789	1426	1.67e-17	82.4
1_344	7_199	99.850	666	1	0	1	666	1	666	0.0	1351
1_345	7_46	97.938	194	4	0	1	194	1	194	3.33e-139	381
1_346	7_51	99.219	256	2	0	1	256	1	256	0.0	507
1_347	7_53	99.654	289	1	0	1	289	1	289	0.0	554
1_348	7_60	99.661	295	1	0	1	295	1	295	0.0	592
1_348	7_427	27.241	290	173	9	21	293	10	278	2.75e-21	86.7
1_348	7_509	26.502	283	175	9	19	293	3	260	5.13e-16	71.2
1_348	7_304	26.894	264	165	9	21	275	5	249	9.40e-14	64.7
1_348	7_96	25.368	272	165	12	15	274	1	246	2.31e-04	36.6
1_349	7_511	99.675	615	2	0	1	615	1	615	0.0	1264
1_350	7_65	99.468	188	1	0	1	188	1	188	3.46e-138	378
1_351	7_66	99.884	865	1	0	1	865	1	865	0.0	1715
1_352	7_67	99.533	428	2	0	1	428	1	428	0.0	850
1_353	7_69	99.671	1216	4	0	1	1216	1	1216	0.0	2391
1_353	7_219	26.623	154	99	6	1054	1202	7	151	8.37e-04	36.2
1_354	7_519	99.569	696	3	0	1	696	1	696	0.0	1381
1_355	7_78	98.207	725	10	1	1	722	1	725	0.0	1405
1_355	7_228	42.857	56	28	1	15	66	8	63	3.00e-07	47.4
1_355	7_81	32.381	105	65	3	76	176	37	139	2.19e-05	41.6
1_356	7_79	98.370	184	3	0	1	184	1	184	3.13e-133	365
1_357	7_253	99.630	270	1	0	1	270	1	270	0.0	545
1_358	7_531	99.206	252	2	0	1	252	1	252	0.0	492
1_358	7_390	29.252	147	97	3	111	252	82	226	1.07e-08	48.9
1_359	7_248	99.446	361	2	0	1	361	1	361	0.0	731
1_360	7_229	99.579	475	2	0	1	475	1	475	0.0	920
1_361	7_473	99.362	627	4	0	1	627	1	627	0.0	1241
1_362	7_171	98.925	186	2	0	1	186	1	186	2.36e-138	379
1_363	7_174	99.690	323	1	0	1	323	1	323	0.0	634
1_364	7_9	99.677	620	2	0	1	620	1	620	0.0	1244
1_365	7_3	99.893	931	1	0	1	931	1	931	0.0	1841
1_365	7_110	27.523	218	124	7	9	225	17	201	3.17e-08	52.0
1_365	7_38	22.680	388	252	14	2	352	7	383	1.01e-05	43.9
1_365	7_447	30.864	162	92	7	60	208	55	209	6.11e-05	41.2
1_366	7_97	99.631	271	1	0	1	271	1	271	0.0	534
1_367	7_214	99.174	121	1	0	1	121	1	121	4.43e-79	223
1_368	7_182	99.646	565	2	0	1	565	1	565	0.0	1096
1_369	7_140	99.569	232	1	0	1	232	1	232	2.63e-163	446
1_370	7_534	94.118	51	3	0	1	51	1	51	2.75e-31	97.8
1_371	7_255	99.556	450	2	0	1	450	1	450	0.0	897
1_372	7_309	99.419	344	2	0	1	344	1	344	0.0	678
1_372	7_29	24.308	325	166	12	64	333	46	345	9.30e-06	41.2
1_373	7_200	99.655	579	2	0	1	579	1	579	0.0	1175
1_373	7_510	23.592	373	216	15	197	551	38	359	7.77e-04	36.6
1_374	7_62	99.755	408	1	0	1	408	1	408	0.0	823
1_375	7_63	99.731	372	1	0	1	372	1	372	0.0	762
1_376	7_235	99.583	720	3	0	1	720	1	720	0.0	1479
1_377	7_240	98.901	91	1	0	1	91	1	91	3.37e-62	178
1_378	7_252	99.537	216	1	0	1	216	1	216	4.70e-146	400
1_379	7_387	99.310	145	1	0	1	145	1	145	1.20e-101	282
1_380	7_175	99.553	447	2	0	1	447	1	447	0.0	882
1_380	7_509	31.878	229	138	9	1	221	1	219	1.08e-16	74.7
1_380	7_96	28.044	271	160	14	3	254	4	258	2.01e-08	49.7
1_380	7_427	22.305	269	160	7	8	246	12	261	3.15e-06	43.1
1_381	7_89	98.621	145	2	0	1	145	1	145	9.10e-102	283
1_382	7_0	99.379	322	2	0	1	322	1	322	0.0	650
1_383	7_34	98.585	212	3	0	1	212	1	212	3.03e-146	400
1_384	7_31	99.843	638	1	0	1	638	1	638	0.0	1248
1_385	7_27	99.836	609	1	0	1	609	1	609	0.0	1217
1_386	7_17	98.406	251	4	0	1	251	1	251	2.83e-178	485
1_387	7_16	99.064	534	5	0	1	534	1	534	0.0	1051
1_388	7_326	99.570	465	2	0	1	465	1	465	0.0	925
1_389	7_327	99.097	443	4	0	1	443	1	443	0.0	867
1_390	7_329	98.000	150	3	0	1	150	1	150	1.09e-103	288
1_390	7_533	35.065	77	49	1	67	143	26	101	5.55e-08	43.5
1_391	7_330	99.020	204	2	0	1	204	1	204	1.25e-141	388
1_392	7_332	99.765	850	2	0	1	850	1	850	0.0	1692
1_392	7_137	35.684	709	428	12	6	698	50	746	4.66e-131	408
1_392	7_137	25.000	132	88	5	582	706	727	854	3.84e-04	38.5
1_393	7_434	99.688	641	2	0	1	641	1	641	0.0	1283
1_393	7_112	44.131	639	334	9	3	626	5	635	6.78e-168	489
1_394	7_359	99.685	1585	5	0	1	1585	1	1585	0.0	3131
1_394	7_492	26.625	323	183	13	917	1223	623	907	1.09e-13	70.9
1_394	7_492	37.383	107	59	3	281	385	297	397	1.19e-05	44.3
1_395	7_360	99.420	517	3	0	1	517	1	517	0.0	1002
1_396	7_376	99.700	999	3	0	1	999	1	999	0.0	2015
1_397	7_102	82.696	497	43	5	7	481	4	479	0.0	759
1_398	7_106	99.355	1086	7	0	1	1086	1	1086	0.0	2124
1_398	7_91	25.160	469	293	15	18	451	14	459	1.64e-08	53.1
1_398	7_111	24.000	450	280	15	23	431	12	440	2.48e-07	49.3
1_398	7_37	22.624	221	146	6	31	226	14	234	1.39e-04	40.4
1_398	7_4	27.523	218	136	8	62	260	30	244	4.39e-04	38.5
1_399	7_111	96.913	1069	14	3	1	1059	1	1060	0.0	2047
1_399	7_91	26.673	1091	678	33	1	1050	6	1015	7.28e-82	283
1_399	7_37	28.680	394	227	7	4	351	1	386	2.05e-43	166
1_399	7_37	25.926	297	177	9	521	777	721	1014	3.60e-15	75.1
1_399	7_448	24.774	553	307	20	6	496	4	509	6.03e-15	74.3
1_399	7_4	24.936	393	233	13	26	394	7	361	8.65e-14	70.1
1_399	7_106	24.444	450	278	15	12	440	23	431	1.10e-08	53.5
1_400	7_119	99.782	1376	3	0	1	1376	1	1376	0.0	2695
1_400	7_144	68.032	1392	422	6	1	1376	1	1385	0.0	1842
1_401	7_120	85.488	379	51	2	3	380	7	382	0.0	574
1_401	7_538	55.024	209	91	2	174	379	3	211	7.97e-65	201
1_402	7_122	99.644	281	1	0	1	281	1	281	0.0	558
1_403	7_127	99.301	286	2	0	1	286	1	286	0.0	553
1_403	7_128	24.551	167	116	4	75	237	73	233	1.67e-04	37.0
1_404	7_444	98.917	1477	9	1	1	1477	1	1470	0.0	2956
1_404	7_196	21.849	714	366	24	796	1433	188	785	3.46e-17	82.0
1_405	7_135	99.534	429	2	0	1	429	1	429	0.0	860
1_406	7_533	95.413	109	5	0	1	109	1	109	1.59e-70	201
1_406	7_329	34.375	64	41	1	38	100	79	142	7.33e-07	40.0
1_407	7_143	99.446	1985	8	1	1	1982	1	1985	0.0	3856
1_407	7_436	30.454	903	576	20	12	884	3	883	1.92e-96	330
1_407	7_503	35.516	397	209	11	60	425	37	417	1.17e-54	197
1_409	7_446	99.609	512	2	0	1	512	1	512	0.0	1015
1_409	7_206	30.273	512	328	14	11	511	12	505	9.21e-54	184
1_409	7_462	23.938	259	169	9	6	263	1	232	1.47e-14	70.9
1_409	7_462	23.301	206	140	4	282	487	16	203	1.59e-06	45.1
1_409	7_167	25.108	231	157	8	6	228	60	282	5.68e-14	67.4
1_409	7_167	30.263	76	53	0	412	487	199	274	2.01e-04	37.7
1_409	7_42	25.592	211	143	5	6	215	1	198	8.77e-14	68.6
1_409	7_42	26.020	196	127	5	277	472	11	188	3.04e-10	57.0
1_409	7_408	25.676	222	145	6	6	221	5	212	1.01e-13	65.5
1_409	7_408	25.446	224	142	7	283	501	22	225	7.14e-09	51.2
1_409	7_43	25.688	218	140	7	20	235	15	212	2.62e-13	66.6
1_409	7_43	27.753	227	134	7	282	505	16	215	7.59e-13	65.5
1_409	7_84	24.576	236	141	7	13	223	14	237	3.78e-12	61.6
1_409	7_84	27.928	222	131	9	286	489	26	236	6.34e-12	61.2
1_409	7_181	24.893	233	159	7	22	245	27	252	4.68e-12	60.8
1_409	7_181	21.875	224	167	5	267	487	12	230	9.93e-08	47.8
1_409	7_83	26.818	220	126	10	21	225	19	218	2.97e-11	58.5
1_409	7_83	25.541	231	157	8	264	492	1	218	5.93e-06	42.4
1_409	7_126	30.147	136	88	4	112	244	202	333	7.13e-11	58.5
1_409	7_126	28.431	102	68	3	6	107	10	106	3.43e-08	50.1
1_409	7_126	25.287	87	64	1	404	489	224	310	4.12e-05	40.4
1_409	7_312	36.634	101	54	3	129	223	264	360	9.35e-11	58.2
1_409	7_312	35.443	79	50	1	412	489	281	359	4.12e-07	46.6
1_409	7_312	41.071	56	29	1	6	57	43	98	6.51e-06	42.7
1_409	7_35	30.000	220	113	7	2	206	320	513	1.54e-10	57.8
1_409	7_1	34.409	93	54	2	402	490	498	587	1.64e-10	57.8
1_409	7_1	29.213	89	58	2	133	220	500	584	8.73e-08	49.3
1_409	7_1	29.348	92	54	4	16	104	48	131	8.07e-07	46.2
1_409	7_10	23.420	269	153	9	29	246	30	296	1.03e-09	54.7
1_409	7_10	32.609	92	57	2	399	489	184	271	1.05e-06	45.4
1_409	7_484	25.424	236	134	10	22	230	143	363	1.33e-09	54.7
1_409	7_484	25.296	253	145	8	262	487	118	353	5.14e-08	49.7
1_409	7_158	30.097	103	62	3	129	225	601	699	4.71e-08	50.1
1_409	7_158	27.723	101	72	1	410	509	616	716	1.47e-05	42.0
1_409	7_306	24.378	201	108	6	6	176	1	187	5.68e-07	46.6
1_409	7_157	26.267	217	134	9	32	230	40	248	5.40e-06	43.1
1_409	7_157	33.333	81	53	1	410	489	160	240	6.25e-05	39.7
1_409	7_264	22.353	170	119	4	37	202	500	660	2.98e-05	40.8
1_409	7_401	26.230	183	118	8	37	215	365	534	6.58e-04	36.6
1_409	7_99	27.184	103	72	1	373	472	795	897	7.44e-04	36.6
1_410	7_152	99.509	611	3	0	1	611	1	611	0.0	1221
1_410	7_581	31.058	293	195	4	285	574	15	303	1.33e-41	147
1_410	7_186	29.600	125	86	1	176	300	2	124	4.99e-14	64.3
1_410	7_441	24.277	346	195	13	155	482	2	298	6.33e-08	49.3
1_410	7_373	26.351	148	100	5	335	477	159	302	1.21e-04	39.3
1_411	7_154	99.787	939	2	0	1	939	1	939	0.0	1900
1_412	7_158	99.613	775	3	0	1	775	1	775	0.0	1525
1_412	7_312	37.349	249	138	4	530	775	204	437	1.02e-42	155
1_412	7_312	39.175	97	55	2	22	115	61	156	1.74e-12	64.7
1_412	7_484	45.536	112	61	0	614	725	273	384	6.10e-30	119
1_412	7_484	31.250	96	61	2	33	123	152	247	6.90e-07	47.0
1_412	7_157	37.267	161	81	3	570	722	118	266	1.15e-25	103
1_412	7_126	32.847	137	91	1	584	720	199	334	3.22e-20	89.0
1_412	7_1	26.761	142	97	3	584	725	480	614	2.44e-17	80.9
1_412	7_1	28.049	164	100	5	12	158	42	204	2.54e-07	48.5
1_412	7_84	39.091	110	66	1	599	708	140	248	2.80e-16	75.1
1_412	7_10	37.363	91	57	0	619	709	194	284	3.52e-15	72.8
1_412	7_83	36.275	102	64	1	607	708	127	227	1.12e-14	69.7
1_412	7_83	33.333	75	43	3	27	100	23	91	8.29e-04	36.6
1_412	7_181	30.508	118	73	2	597	706	134	250	1.87e-13	65.9
1_412	7_167	31.000	100	68	1	607	706	188	286	3.20e-13	65.9
1_412	7_408	32.258	93	62	1	615	707	133	224	2.21e-11	59.3
1_412	7_408	40.426	47	28	0	23	69	21	67	6.66e-07	45.8
1_412	7_43	34.940	83	52	1	616	698	127	207	6.62e-09	53.5
1_412	7_446	30.097	103	62	3	601	699	129	225	7.51e-08	50.1
1_412	7_446	27.723	101	72	1	616	716	410	509	2.24e-05	42.0
1_412	7_462	30.476	105	65	2	618	722	129	225	5.26e-07	47.4
1_412	7_400	38.983	59	33	1	618	676	467	522	7.56e-07	47.0
1_412	7_42	27.957	93	65	1	597	689	108	198	8.22e-07	47.0
1_412	7_206	25.532	94	63	2	609	699	398	487	9.06e-06	43.1
1_412	7_401	36.508	63	34	2	38	96	364	424	1.16e-04	39.7
1_412	7_99	33.333	102	63	3	601	700	476	574	1.56e-04	39.7
1_412	7_35	37.313	67	38	2	612	678	449	511	0.001	36.6
1_413	7_159	99.323	443	3	0	1	443	1	443	0.0	879
1_414	7_416	99.228	1425	11	0	1	1425	1	1425	0.0	2846
1_415	7_449	99.016	305	3	0	1	305	1	305	0.0	606
1_416	7_421	98.701	231	3	0	1	231	1	231	3.01e-159	435
1_417	7_422	99.620	527	2	0	1	527	1	527	0.0	1021
1_418	7_450	98.718	156	2	0	1	156	1	156	2.52e-111	308
1_419	7_451	99.460	741	4	0	1	741	1	741	0.0	1488
1_420	7_425	99.804	511	1	0	1	511	1	511	0.0	1045
1_420	7_347	43.385	325	173	6	105	423	125	444	2.71e-74	238
1_420	7_349	22.712	295	216	6	49	340	63	348	5.80e-08	49.3
1_420	7_426	22.819	298	203	11	116	400	119	402	3.88e-06	43.5
1_421	7_427	99.673	306	1	0	1	306	1	306	0.0	629
1_421	7_60	26.897	290	174	9	10	278	21	293	8.09e-21	85.5
1_421	7_509	22.939	279	185	10	9	277	5	263	2.13e-08	48.9
1_421	7_175	23.019	265	163	8	12	261	8	246	4.51e-06	42.4
1_421	7_304	27.397	73	51	1	7	79	2	72	4.18e-05	38.9
1_421	7_96	32.877	73	43	1	186	258	180	246	1.62e-04	37.0
1_422	7_429	99.083	218	2	0	1	218	1	218	9.61e-161	438
1_423	7_430	99.170	241	2	0	1	241	1	241	6.84e-180	488
1_424	7_431	98.780	246	3	0	1	246	1	246	0.0	494
1_425	7_409	99.342	304	2	0	1	304	1	304	0.0	588
1_425	7_247	21.908	283	199	6	31	300	36	309	1.04e-12	62.0
1_426	7_407	99.149	705	6	0	1	705	1	705	0.0	1372
1_427	7_452	93.189	323	4	4	1	312	1	316	0.0	552
1_428	7_525	99.450	545	3	0	4	548	1	545	0.0	1115
1_428	7_403	65.393	471	140	6	80	533	189	653	0.0	598
1_428	7_403	42.500	120	41	6	4	111	1	104	1.56e-13	67.8
1_428	7_334	37.718	517	293	7	19	513	110	619	1.66e-107	330
1_428	7_457	32.200	559	300	17	15	514	7	545	6.53e-75	242
1_428	7_456	35.110	544	278	22	18	512	17	534	3.68e-74	240
1_428	7_56	30.496	423	234	11	144	519	131	540	7.48e-44	159
1_429	7_403	99.394	660	4	0	1	660	1	660	0.0	1325
1_429	7_525	65.812	468	137	6	192	653	80	530	0.0	597
1_429	7_525	43.333	120	40	6	1	104	1	108	9.19e-14	68.6
1_429	7_334	43.794	427	221	5	209	633	210	619	8.06e-109	337
1_429	7_456	37.244	537	275	19	126	632	30	534	5.62e-80	258
1_429	7_457	34.698	464	245	11	204	634	107	545	4.17e-72	238
1_429	7_56	31.670	461	251	12	214	632	95	533	3.28e-52	184
1_430	7_160	93.339	3378	206	12	195	3565	1	3366	0.0	6134
1_430	7_518	100.000	154	0	0	1	154	1	154	1.89e-104	327
1_430	7_526	25.660	265	138	13	496	739	346	572	5.88e-05	43.5
1_431	7_526	94.956	3787	170	6	1	3769	1	3784	0.0	7002
1_431	7_160	25.283	265	139	13	346	572	302	545	1.92e-04	42.0
1_432	7_453	99.320	147	1	0	1	147	1	147	5.31e-106	293
1_433	7_162	99.000	300	3	0	1	300	1	300	0.0	600
1_433	7_13	31.955	266	150	14	25	283	23	264	4.15e-23	91.3
1_433	7_268	33.824	136	63	8	16	150	4	113	4.73e-06	41.6
1_434	7_454	97.241	145	4	0	1	145	1	145	4.91e-103	286
1_435	7_165	98.454	194	3	0	1	194	1	194	6.20e-142	388
1_435	7_164	37.888	161	95	3	4	160	3	162	1.88e-27	98.2
1_436	7_22	99.691	324	1	0	1	324	1	324	0.0	663
1_436	7_432	42.403	283	150	7	7	282	7	283	2.76e-56	181
1_436	7_500	22.941	340	195	13	1	296	321	637	3.47e-09	52.4
1_437	7_36	99.626	535	2	0	1	535	1	535	0.0	1037
1_437	7_401	31.641	512	324	9	31	526	35	536	5.46e-55	188
1_437	7_400	31.604	212	135	3	321	526	331	538	1.99e-30	119
1_437	7_35	30.729	384	217	16	155	514	155	513	8.39e-24	99.4
1_437	7_83	32.353	204	117	11	327	514	2	200	8.46e-13	63.5
1_437	7_42	30.882	204	134	4	327	527	2	201	3.18e-11	60.5
1_437	7_264	32.184	174	95	8	352	510	495	660	1.12e-10	58.5
1_437	7_462	29.167	216	128	8	327	530	2	204	9.21e-09	52.4
1_437	7_43	29.167	216	137	9	327	534	2	209	3.79e-08	50.4
1_437	7_167	29.570	186	108	8	341	510	79	257	1.74e-07	47.4
1_437	7_306	35.185	54	35	0	335	388	10	63	9.48e-06	42.7
1_437	7_408	25.414	181	122	5	342	514	22	197	1.53e-05	41.2
1_437	7_126	32.787	61	41	0	327	387	11	71	5.24e-05	40.0
1_437	7_1	25.301	83	59	1	324	406	36	115	3.33e-04	37.7
1_437	7_206	25.532	188	118	5	346	517	27	208	6.08e-04	36.6
1_438	7_517	97.744	133	3	0	1	133	1	133	4.58e-90	252
1_439	7_37	99.177	1215	9	1	1	1215	1	1214	0.0	2402
1_439	7_111	31.677	322	209	5	1	314	4	322	4.79e-42	162
1_439	7_111	26.573	286	168	7	721	1003	521	767	1.02e-16	80.1
1_439	7_111	37.500	96	57	3	472	566	357	450	4.94e-10	58.2
1_439	7_91	33.217	286	181	5	3	285	11	289	4.11e-35	139
1_439	7_91	30.822	292	137	10	738	1017	545	783	4.45e-23	100
1_439	7_91	32.231	121	72	5	477	594	361	474	1.61e-05	43.5
1_439	7_4	25.714	245	153	5	10	249	1	221	8.80e-15	73.9
1_439	7_448	26.556	241	150	8	1	234	1	221	4.35e-11	62.0
1_439	7_106	22.624	221	146	6	14	234	31	226	7.54e-05	41.2
1_440	7_38	97.789	1176	11	2	1	1164	1	1173	0.0	2295
1_440	7_110	32.576	264	156	5	7	261	5	255	3.01e-29	120
1_440	7_110	24.173	393	217	16	584	959	445	773	1.89e-08	53.1
1_440	7_90	32.258	248	151	8	10	252	13	248	7.18e-24	103
1_440	7_90	25.984	254	155	11	722	958	496	733	7.60e-04	38.1
1_440	7_447	29.560	159	99	4	6	161	2	150	3.56e-11	62.0
1_440	7_3	22.938	388	251	14	7	383	2	352	1.19e-05	43.9
1_440	7_107	39.474	38	23	0	281	318	260	297	4.42e-04	38.9
1_441	7_529	99.395	496	3	0	1	496	1	496	0.0	966
1_441	7_558	27.750	400	245	15	122	489	194	581	1.69e-22	95.5
1_442	7_42	99.611	772	3	0	1	772	1	772	0.0	1502
1_442	7_43	48.630	438	197	9	1	416	1	432	9.44e-109	341
1_442	7_43	45.736	129	70	0	644	772	518	646	7.10e-23	98.2
1_442	7_462	30.788	812	476	21	1	772	1	766	4.94e-87	286
1_442	7_167	29.442	197	127	5	16	202	79	273	4.62e-19	83.6
1_442	7_206	32.673	202	122	5	6	195	12	211	1.43e-15	74.7
1_442	7_446	25.592	211	143	5	1	198	6	215	1.28e-13	68.6
1_442	7_446	26.531	196	126	5	11	188	277	472	1.45e-10	58.5
1_442	7_84	25.000	208	129	5	17	198	23	229	1.54e-13	66.6
1_442	7_400	26.887	212	136	7	1	201	336	539	3.28e-12	63.9
1_442	7_181	27.586	203	118	8	19	198	29	225	1.05e-11	60.5
1_442	7_401	31.373	204	111	9	13	200	346	536	2.81e-11	60.8
1_442	7_36	30.882	204	134	4	2	201	327	527	3.93e-11	60.5
1_442	7_306	22.993	274	175	5	1	240	1	272	9.62e-11	59.3
1_442	7_306	24.645	211	138	8	1	201	319	518	8.93e-06	43.5
1_442	7_1	31.897	116	70	2	102	208	474	589	1.63e-09	55.5
1_442	7_1	32.673	101	60	2	2	97	39	136	2.69e-07	48.5
1_442	7_10	30.986	142	89	5	59	197	128	263	2.04e-09	54.7
1_442	7_10	52.778	36	17	0	21	56	27	62	5.31e-05	40.4
1_442	7_35	28.351	194	128	6	1	188	324	512	1.51e-08	52.4
1_442	7_126	32.955	88	57	1	7	92	16	103	1.85e-08	52.0
1_442	7_126	32.394	142	92	3	107	245	211	351	2.09e-08	51.6
1_442	7_83	23.618	199	141	6	13	202	16	212	5.42e-08	49.7
1_442	7_312	25.191	131	91	3	72	197	223	351	1.45e-07	48.9
1_442	7_264	24.479	192	131	5	23	204	491	678	3.34e-07	48.1
1_442	7_99	38.144	97	51	4	110	200	815	908	6.46e-07	47.4
1_442	7_99	28.571	147	88	6	64	193	416	562	1.51e-04	39.7
1_442	7_158	27.957	93	65	1	108	198	597	689	6.90e-07	47.0
1_442	7_408	27.174	184	109	7	19	188	24	196	2.18e-06	44.3
1_442	7_484	25.592	211	123	8	16	197	142	347	5.94e-06	43.9
1_442	7_157	30.682	88	57	2	114	197	145	232	1.95e-04	38.9
1_443	7_44	95.409	806	33	2	1	803	1	805	0.0	1515
1_443	7_45	46.338	751	373	11	45	769	27	773	0.0	615
1_443	7_411	40.675	563	271	19	1	540	1	523	7.81e-100	322
1_443	7_183	68.293	41	13	0	45	85	22	62	9.37e-15	64.7
1_444	7_385	99.849	662	1	0	1	662	1	662	0.0	1330
1_445	7_516	99.568	463	2	0	1	463	1	463	0.0	931
1_446	7_499	99.752	404	1	0	1	404	1	404	0.0	813
1_447	7_400	99.258	539	4	0	1	539	1	539	0.0	1043
1_447	7_35	29.081	533	352	10	7	533	8	520	1.02e-49	174
1_447	7_36	31.132	212	136	3	331	538	321	526	3.77e-30	118
1_447	7_401	38.914	221	127	7	322	538	320	536	5.21e-30	118
1_447	7_83	35.204	196	109	5	348	531	16	205	8.89e-19	81.3
1_447	7_43	29.717	212	130	8	336	539	1	201	4.25e-15	72.8
1_447	7_462	30.412	194	125	6	336	525	1	188	3.25e-13	66.6
1_447	7_42	26.415	212	137	7	336	539	1	201	5.73e-12	62.8
1_447	7_264	31.138	167	94	7	369	522	502	660	7.10e-10	55.8
1_447	7_408	31.522	184	108	8	354	528	24	198	4.40e-09	52.0
1_447	7_306	23.853	218	133	6	336	525	1	213	5.58e-09	52.8
1_447	7_206	31.694	183	103	8	355	522	26	201	3.31e-08	50.4
1_447	7_167	25.510	196	125	7	351	532	79	267	6.53e-08	48.9
1_447	7_158	38.983	59	33	1	467	522	618	676	6.19e-07	46.6
1_447	7_1	27.778	90	61	2	452	538	493	581	1.39e-06	45.4
1_447	7_157	29.612	206	115	11	351	532	29	228	4.41e-06	43.1
1_447	7_10	29.412	85	52	2	441	522	172	251	5.14e-06	43.1
1_447	7_126	30.769	78	53	1	327	404	1	77	8.78e-06	42.7
1_447	7_126	35.294	68	41	1	464	528	229	296	6.87e-05	39.7
1_447	7_312	38.983	59	33	1	467	522	281	339	5.92e-05	40.0
1_447	7_181	26.214	206	132	7	336	523	9	212	1.44e-04	38.1
1_448	7_497	99.396	828	5	0	1	828	1	828	0.0	1669
1_448	7_211	28.479	618	326	21	246	809	249	804	2.48e-45	169
1_449	7_218	99.100	778	7	0	1	778	62	839	0.0	1566
1_449	7_212	31.138	334	201	9	327	658	285	591	1.23e-34	135
1_449	7_212	60.396	101	13	3	1	82	62	154	3.05e-23	99.8
1_449	7_542	28.399	331	196	11	328	646	250	551	1.74e-27	113
1_449	7_469	64.198	81	29	0	218	298	232	312	1.93e-25	106
1_450	7_254	100.000	408	0	0	1	408	4	411	0.0	814
1_451	7_280	99.174	121	1	0	1	121	1	121	8.97e-87	243
1_452	7_290	99.422	173	1	0	1	173	1	173	1.04e-124	343
1_453	7_299	99.773	883	2	0	1	883	1	883	0.0	1782
1_454	7_483	99.310	145	1	0	1	145	1	145	1.36e-105	293
1_455	7_304	99.638	276	1	0	1	276	1	276	0.0	565
1_455	7_60	27.170	265	163	10	5	249	21	275	9.67e-14	64.7
1_455	7_509	23.897	272	196	8	2	272	4	265	9.13e-12	58.5
1_455	7_96	23.704	270	160	9	1	248	1	246	9.22e-06	40.4
1_455	7_427	27.397	73	51	1	2	72	7	79	4.81e-05	38.5
1_455	7_175	25.877	228	143	10	7	224	8	219	7.73e-04	35.0
1_456	7_307	99.142	699	2	1	1	699	1	695	0.0	1371
1_457	7_310	99.727	366	1	0	1	366	1	366	0.0	722
1_457	7_155	27.358	318	207	7	61	361	6	316	1.25e-22	92.4
1_458	7_313	99.361	2033	13	0	1	2033	1	2033	0.0	4067
1_459	7_314	99.888	892	1	0	1	892	1	892	0.0	1800
1_460	7_316	99.723	361	1	0	1	361	1	361	0.0	717
1_461	7_47	98.507	469	7	0	1	469	1	469	0.0	922
1_462	7_52	98.833	514	6	0	1	514	1	514	0.0	1030
1_462	7_331	26.490	151	100	3	2	141	50	200	1.83e-09	54.7
1_462	7_331	34.426	61	35	2	294	349	574	634	2.82e-05	41.2
1_462	7_386	34.444	90	58	1	3	91	29	118	4.49e-08	50.1
1_462	7_386	33.000	100	59	3	264	355	513	612	1.10e-07	48.9
1_462	7_30	24.084	191	113	4	3	161	32	222	8.74e-08	49.3
1_463	7_59	99.583	240	1	0	1	240	1	240	0.0	501
1_464	7_469	99.249	666	5	0	1	666	1	666	0.0	1336
1_464	7_218	62.963	81	30	0	232	312	279	359	3.90e-25	105
1_465	7_86	99.710	690	2	0	1	690	1	690	0.0	1369
1_466	7_88	99.541	871	4	0	1	871	1	871	0.0	1707
1_467	7_90	99.313	1019	7	0	1	1019	1	1019	0.0	2018
1_467	7_110	29.003	1093	646	31	17	1018	13	1066	7.02e-110	361
1_467	7_38	31.855	248	152	8	13	248	10	252	2.43e-23	101
1_467	7_38	26.360	239	151	10	512	733	740	970	2.79e-04	39.3
1_467	7_447	26.923	156	100	7	12	159	7	156	3.61e-07	48.5
1_468	7_91	99.411	1018	6	0	1	1018	1	1018	0.0	1969
1_468	7_111	26.452	1085	689	33	6	1015	1	1051	3.54e-78	272
1_468	7_37	32.867	286	182	5	11	289	3	285	1.54e-34	137
1_468	7_37	30.928	291	137	10	545	783	738	1016	2.09e-23	101
1_468	7_37	32.231	121	72	5	361	474	477	594	1.85e-05	43.1
1_468	7_4	27.083	240	153	8	18	255	1	220	2.32e-10	58.9
1_468	7_448	21.375	800	478	30	11	699	2	761	1.16e-09	57.0
1_468	7_106	25.112	446	278	14	14	436	18	430	1.89e-07	49.7
1_469	7_93	99.583	719	3	0	1	719	1	719	0.0	1425
1_470	7_472	99.640	278	1	0	1	278	1	278	0.0	550
1_471	7_187	99.740	384	1	0	1	384	1	384	0.0	766
1_472	7_188	99.275	276	2	0	1	276	1	276	0.0	546
1_472	7_14	36.255	251	125	6	1	233	1	234	2.80e-31	112
1_473	7_494	100.000	265	0	0	3	267	2	266	0.0	509
1_474	7_205	99.457	184	1	0	1	184	1	184	6.35e-136	372
1_475	7_495	98.701	462	6	0	1	462	1	462	0.0	919
1_476	7_496	99.649	569	2	0	1	569	1	569	0.0	1100
1_476	7_207	30.556	216	124	4	79	285	18	216	1.13e-11	60.5
1_477	7_211	98.902	820	4	2	1	818	1	817	0.0	1658
1_477	7_497	28.734	616	325	23	252	805	246	809	2.12e-45	170
1_478	7_212	98.659	671	9	0	1	671	62	732	0.0	1335
1_478	7_542	37.952	664	342	20	27	646	55	692	2.96e-124	380
1_478	7_218	30.240	334	204	9	224	530	388	719	3.87e-33	130
1_478	7_218	67.021	94	18	3	1	93	62	143	4.34e-11	60.5
1_479	7_476	99.537	216	1	0	1	216	1	216	4.35e-156	426
1_480	7_232	99.522	418	2	0	1	418	1	418	0.0	848
1_481	7_474	99.555	449	2	0	1	449	1	449	0.0	919
1_481	7_68	28.455	246	156	9	18	255	14	247	6.81e-13	65.1
1_481	7_68	46.154	39	21	0	409	447	503	541	1.19e-05	42.0
1_481	7_303	22.961	466	289	19	14	442	51	483	3.06e-09	53.1
1_482	7_227	98.851	87	1	0	1	87	1	87	1.01e-61	177
1_483	7_224	99.842	632	1	0	1	632	1	632	0.0	1285
1_484	7_222	98.477	197	3	0	1	197	1	197	9.30e-133	365
1_485	7_220	99.259	135	1	0	1	135	1	135	3.51e-94	263
1_486	7_176	99.536	647	3	0	1	647	1	647	0.0	1270
1_487	7_170	98.638	367	5	0	1	367	1	367	0.0	739
1_487	7_338	35.433	127	57	2	6	132	160	261	9.65e-15	69.7
1_488	7_166	99.795	1462	3	0	1	1462	1191	2652	0.0	2885
1_489	7_462	99.351	770	1	1	1	770	1	766	0.0	1502
1_489	7_42	30.902	809	483	18	1	770	1	772	3.90e-92	300
1_489	7_43	40.044	452	245	10	1	440	1	438	3.89e-90	291
1_489	7_43	33.588	131	87	0	640	770	516	646	1.61e-15	74.7
1_489	7_167	32.735	223	133	7	1	209	60	279	2.80e-24	99.0
1_489	7_84	27.488	211	126	7	17	201	23	232	5.55e-15	71.2
1_489	7_446	23.938	259	169	9	1	232	6	263	2.37e-14	70.9
1_489	7_446	23.301	206	140	4	16	203	282	487	2.82e-06	45.1
1_489	7_206	29.630	216	130	6	2	201	8	217	3.55e-13	67.0
1_489	7_400	29.897	194	126	6	1	188	336	525	5.93e-13	66.2
1_489	7_126	32.990	97	63	1	1	95	10	106	1.25e-09	55.5
1_489	7_35	27.230	213	130	7	1	199	324	525	2.81e-09	54.7
1_489	7_36	28.708	209	138	6	2	204	327	530	1.01e-08	52.8
1_489	7_546	26.382	398	234	18	302	663	86	460	1.29e-08	52.4
1_489	7_10	34.483	87	53	2	119	202	183	268	2.07e-08	51.6
1_489	7_1	30.357	112	75	2	2	111	39	149	3.27e-08	51.2
1_489	7_1	31.081	74	49	1	129	200	508	581	1.67e-05	42.7
1_489	7_408	27.273	198	121	7	19	203	24	211	3.66e-08	49.7
1_489	7_484	25.561	223	120	8	15	198	141	356	8.97e-08	49.7
1_489	7_83	26.818	220	127	9	1	198	1	208	1.92e-07	47.8
1_489	7_312	29.600	125	78	5	115	230	267	390	4.39e-07	47.4
1_489	7_158	30.476	105	65	2	129	225	618	722	4.73e-07	47.8
1_489	7_181	29.545	88	59	2	115	200	141	227	4.93e-07	46.2
1_489	7_401	28.505	214	123	10	2	198	334	534	8.50e-07	46.6
1_489	7_157	24.880	209	125	7	16	197	29	232	1.24e-05	42.4
1_489	7_306	25.000	212	142	9	1	204	319	521	1.37e-05	42.7
1_489	7_306	21.053	228	141	7	1	198	1	219	1.70e-05	42.4
1_489	7_99	36.585	82	43	4	129	204	834	912	1.55e-05	42.7
1_489	7_99	31.068	103	61	4	93	190	460	557	8.93e-04	37.0
1_489	7_264	24.638	207	127	6	13	195	469	670	1.14e-04	40.0
1_490	7_10	99.482	386	2	0	1	386	1	386	0.0	759
1_490	7_126	30.725	345	183	9	5	304	8	341	5.51e-38	137
1_490	7_1	40.146	137	82	0	166	302	481	617	1.91e-31	120
1_490	7_1	30.088	113	70	2	7	110	38	150	1.79e-11	60.1
1_490	7_158	37.363	91	57	0	194	284	619	709	1.44e-15	72.8
1_490	7_181	25.714	280	163	5	6	283	8	244	4.58e-15	69.3
1_490	7_312	33.333	90	60	0	194	283	282	371	8.06e-15	70.1
1_490	7_167	24.779	226	119	3	27	252	84	258	7.44e-14	66.2
1_490	7_408	33.571	140	82	4	143	279	90	221	3.45e-12	60.5
1_490	7_484	23.404	141	104	2	164	303	251	388	1.31e-11	60.1
1_490	7_84	25.723	311	162	12	27	307	27	298	1.71e-11	58.9
1_490	7_157	27.778	126	87	2	176	297	142	267	1.08e-10	57.0
1_490	7_83	23.875	289	162	9	8	292	2	236	3.07e-10	55.1
1_490	7_446	23.420	269	153	9	30	296	29	246	7.37e-10	54.7
1_490	7_446	32.609	92	57	2	184	271	399	489	7.53e-07	45.4
1_490	7_42	30.986	142	89	5	128	263	59	197	9.35e-10	54.7
1_490	7_42	52.778	36	17	0	27	62	21	56	2.68e-05	40.4
1_490	7_43	29.333	150	99	3	129	273	60	207	1.08e-09	54.3
1_490	7_43	43.636	55	31	0	8	62	2	56	7.03e-06	42.4
1_490	7_462	34.483	87	53	2	183	268	119	202	1.05e-08	51.6
1_490	7_462	31.579	95	58	3	8	95	2	96	8.55e-04	35.8
1_490	7_206	28.030	132	86	4	146	271	356	484	2.09e-07	47.0
1_490	7_400	29.412	85	52	2	172	251	441	522	3.15e-06	43.5
1_490	7_401	38.000	100	46	5	1	95	327	415	9.77e-05	38.5
1_490	7_306	27.174	92	64	1	188	276	443	534	2.62e-04	37.4
1_490	7_264	45.588	68	27	4	4	69	466	525	3.06e-04	37.4
1_490	7_35	50.000	46	23	0	8	53	325	370	4.17e-04	36.6
1_491	7_466	99.194	124	1	0	1	124	1	124	1.47e-84	238
1_491	7_465	47.273	110	51	3	7	116	9	111	8.22e-24	84.3
1_491	7_468	47.368	114	53	3	3	116	5	111	1.00e-23	84.3
1_491	7_527	47.273	110	51	3	7	116	9	111	1.82e-23	83.6
1_491	7_561	48.077	104	47	3	7	110	9	105	3.62e-22	79.7
1_491	7_505	44.444	108	53	3	7	114	6	106	9.17e-22	79.3
1_492	7_411	99.012	810	8	0	1	810	1	810	0.0	1607
1_492	7_45	34.704	827	439	29	1	778	1	775	8.07e-108	344
1_492	7_44	35.273	825	428	29	1	776	1	768	2.82e-103	332
1_492	7_183	43.284	67	31	2	14	73	9	75	1.80e-08	47.0
1_493	7_467	99.393	659	4	0	1	659	1	659	0.0	1321
1_494	7_215	99.918	1217	1	0	1	1217	1	1217	0.0	2491
1_495	7_183	97.333	75	2	0	1	75	1	75	3.11e-50	147
1_495	7_45	78.689	61	13	0	3	63	8	68	5.61e-29	102
1_495	7_44	68.293	41	13	0	22	62	45	85	1.93e-15	63.9
1_495	7_411	43.284	67	31	2	9	75	14	73	2.08e-09	46.6
1_496	7_580	98.934	469	5	0	14	482	1	469	0.0	935
1_496	7_575	53.092	469	163	16	33	482	1	431	1.18e-135	393
1_496	7_582	45.041	484	198	14	15	481	1	433	1.85e-101	306
1_496	7_573	64.957	117	39	1	323	439	305	419	1.26e-46	163
1_496	7_573	77.778	99	22	0	33	131	1	99	6.45e-45	158
1_496	7_574	58.209	134	50	3	307	439	254	382	9.20e-44	154
1_496	7_574	64.000	100	33	1	38	134	4	103	1.03e-34	129
1_497	7_464	99.327	743	5	0	1	743	1	743	0.0	1472
1_497	7_528	25.878	769	431	26	6	727	16	692	2.23e-44	165
1_497	7_185	37.179	78	31	4	197	266	124	191	7.74e-04	37.0
1_498	7_2	99.545	220	1	0	2	221	117	336	1.03e-155	430
1_498	7_572	21.364	220	158	6	2	221	100	304	1.28e-05	39.7
1_499	7_4	100.000	63	0	0	1	63	875	937	3.28e-39	130
1_500	7_459	99.804	510	1	0	1	510	1	510	0.0	1044
1_501	7_574	99.291	282	2	0	148	429	1	282	0.0	582
1_501	7_575	48.057	283	143	3	151	429	6	288	8.44e-84	258
1_501	7_466	99.187	123	1	0	1	123	1	123	2.29e-79	236
1_501	7_582	40.252	318	141	10	130	429	1	287	2.47e-53	179
1_501	7_580	60.484	124	44	2	129	250	1	121	3.33e-43	152
1_501	7_573	69.792	96	26	2	153	248	8	100	7.75e-36	132
1_501	7_573	34.146	82	45	4	357	429	239	320	5.59e-05	39.7
1_501	7_465	48.182	110	50	3	7	116	9	111	2.61e-22	87.0
1_501	7_468	49.091	110	49	3	7	116	9	111	2.70e-22	87.0
1_501	7_527	48.182	110	50	3	7	116	9	111	4.37e-22	86.3
1_501	7_561	49.038	104	46	3	7	110	9	105	9.76e-21	81.6
1_501	7_505	44.444	108	53	3	7	114	6	106	3.96e-20	80.9
1_502	7_573	99.688	320	1	0	1	320	29	348	0.0	640
1_502	7_575	37.237	333	152	11	1	320	29	317	1.36e-47	160
1_502	7_574	39.939	328	146	15	1	320	27	311	6.59e-46	156
1_502	7_582	35.962	317	146	13	7	320	53	315	7.18e-39	137
1_502	7_580	71.622	74	21	0	1	74	48	121	6.40e-28	107
1_502	7_580	75.000	44	11	0	277	320	310	353	7.11e-17	75.5
1_503	7_486	99.107	112	1	0	1	112	359	470	1.56e-79	236
1_503	7_487	93.750	112	7	0	1	112	359	470	1.61e-73	221
1_503	7_488	88.393	112	13	0	1	112	362	473	6.65e-69	209
1_508	7_168	64.912	57	20	0	21	77	218	274	3.24e-24	88.2
1_511	7_539	100.000	55	0	0	1	55	1	55	5.66e-35	107
1_512	7_540	100.000	288	0	0	1	288	1	288	0.0	563
1_512	7_424	100.000	161	0	0	128	288	1	161	1.91e-110	311
1_513	7_230	99.867	753	1	0	1	753	1	753	0.0	1523
1_514	7_180	99.747	396	1	0	1	396	1	396	0.0	805
1_515	7_145	99.275	138	1	0	1	138	319	456	9.85e-93	270
1_516	7_541	98.253	229	4	0	1	229	1	229	1.15e-164	449
1_517	7_114	98.789	413	5	0	1	413	1	413	0.0	788
1_518	7_544	99.620	263	1	0	1	263	1	263	0.0	511
1_518	7_365	33.846	65	33	4	113	171	5	65	1.76e-04	37.0
1_518	7_338	35.000	60	27	2	113	164	159	214	3.50e-04	35.8
1_519	7_351	99.396	331	2	0	1	331	1	331	0.0	663
1_520	7_557	99.010	101	1	0	1	101	3	103	1.08e-63	203
1_520	7_378	27.966	354	203	13	268	604	345	663	4.32e-19	86.3
1_521	7_4	99.543	876	4	0	34	909	1	876	0.0	1743
1_521	7_37	24.400	250	165	5	24	254	5	249	1.18e-14	72.8
1_521	7_111	24.010	404	243	14	31	394	15	394	7.91e-13	67.0
1_521	7_91	26.953	256	166	7	11	253	8	255	2.51e-11	62.0
1_521	7_106	25.755	629	373	27	12	593	4	585	7.94e-10	57.0
1_521	7_448	27.160	243	152	7	30	257	7	239	2.40e-08	52.4
1_522	7_110	98.786	1071	10	2	1	1071	1	1068	0.0	2117
1_522	7_90	29.015	1096	645	31	13	1069	17	1018	1.67e-114	374
1_522	7_38	29.765	383	217	11	5	344	7	380	4.12e-30	123
1_522	7_38	24.515	412	212	17	445	777	584	975	4.42e-11	61.6
1_522	7_447	29.677	155	101	3	13	161	10	162	2.83e-13	68.9
1_522	7_3	27.523	218	124	7	17	201	9	225	2.95e-08	52.4
1_523	7_447	96.302	1379	29	3	1	1362	1	1374	0.0	2649
1_523	7_110	29.677	155	101	3	10	162	13	161	9.58e-13	67.4
1_523	7_38	29.560	159	99	4	2	150	6	161	6.19e-11	61.6
1_523	7_90	27.564	156	99	7	7	156	12	159	9.18e-08	51.2
1_523	7_3	30.864	162	92	7	55	209	60	208	2.82e-05	42.7
1_524	7_448	98.575	1824	22	2	1	1824	1	1820	0.0	3608
1_524	7_111	24.381	525	296	18	4	486	6	471	3.26e-13	69.3
1_524	7_37	26.556	241	150	8	1	221	1	234	5.70e-11	62.0
1_524	7_37	22.516	644	389	27	403	983	506	1102	2.23e-05	43.9
1_524	7_91	22.444	802	467	34	2	761	11	699	8.08e-09	55.1
1_524	7_4	27.426	237	147	7	13	239	3	224	3.13e-08	53.1
1_524	7_106	22.944	462	296	16	5	453	16	430	3.49e-04	39.7
1_525	7_558	97.284	589	2	1	1	575	1	589	0.0	1120
1_525	7_529	27.250	400	247	14	180	567	122	489	2.29e-22	95.1
1_526	7_35	99.250	533	4	0	1	533	1	533	0.0	1031
1_526	7_400	28.983	521	348	9	16	520	19	533	4.98e-48	169
1_526	7_36	29.278	526	316	21	20	520	27	521	3.27e-24	100
1_526	7_401	35.407	209	123	6	319	520	328	531	8.87e-24	99.4
1_526	7_83	32.057	209	122	8	324	517	1	204	1.51e-13	65.9
1_526	7_43	28.365	208	110	6	324	512	1	188	4.86e-11	59.7
1_526	7_446	29.545	220	114	7	320	513	2	206	2.36e-10	57.4
1_526	7_306	28.342	187	110	5	324	486	1	187	2.40e-10	57.4
1_526	7_462	27.570	214	128	8	324	525	1	199	2.31e-09	54.3
1_526	7_408	28.646	192	103	6	340	513	22	197	3.78e-09	52.0
1_526	7_42	28.866	194	127	6	324	512	1	188	6.79e-09	52.8
1_526	7_264	28.042	189	107	7	317	489	463	638	7.25e-09	52.8
1_526	7_126	36.232	69	44	0	324	392	10	78	2.38e-07	47.4
1_526	7_126	32.710	107	55	3	419	514	193	293	1.03e-05	42.4
1_526	7_167	25.405	185	120	5	339	510	79	258	3.40e-07	46.6
1_526	7_1	34.247	73	48	0	322	394	36	108	5.25e-07	46.6
1_526	7_1	28.788	132	78	6	393	515	448	572	5.09e-05	40.4
1_526	7_312	29.412	85	53	2	308	388	30	111	1.97e-04	38.1
1_526	7_10	50.000	46	23	0	325	370	8	53	6.80e-04	36.6
1_526	7_206	43.182	44	25	0	343	386	26	69	7.25e-04	36.6
1_526	7_157	26.341	205	122	8	339	519	29	228	7.49e-04	36.2
1_526	7_158	37.313	67	38	2	449	511	612	678	8.63e-04	36.6
1_527	7_503	99.485	582	3	0	1	582	1	582	0.0	1153
1_527	7_143	35.516	397	209	11	37	417	60	425	4.33e-55	196
1_527	7_436	30.248	443	226	14	4	409	3	399	1.03e-40	152
1_528	7_567	96.102	590	22	1	1	590	1	589	0.0	1118
1_528	7_566	94.764	592	29	2	1	590	1	592	0.0	1081
1_528	7_568	95.763	590	24	1	1	590	1	589	0.0	1062
1_529	7_576	99.293	707	5	0	24	730	1	707	0.0	1436
1_530	7_177	99.806	516	1	0	1	516	19	534	0.0	1030
1_531	7_456	99.607	509	2	0	1	509	28	536	0.0	1014
1_531	7_457	61.641	524	180	8	1	509	28	545	0.0	607
1_531	7_403	38.912	478	226	15	63	507	188	632	4.23e-79	255
1_531	7_525	35.815	497	260	18	35	507	48	509	3.13e-74	239
1_531	7_334	36.432	398	216	10	124	508	246	619	1.94e-60	204
1_531	7_56	31.614	446	261	9	95	507	99	533	2.57e-51	178
1_540	7_546	100.000	576	0	0	1	576	1	576	0.0	1122
1_540	7_462	26.446	363	210	17	40	382	252	577	2.36e-09	54.7
1_541	7_547	100.000	277	0	0	1	277	1	277	0.0	544
1_542	7_551	100.000	183	0	0	1	183	1	183	1.16e-125	346
1_543	7_554	100.000	86	0	0	1	86	1	86	1.36e-59	171
1_544	7_571	100.000	278	0	0	1	278	1	278	0.0	536
1_544	7_463	24.364	275	181	13	5	260	32	298	1.82e-09	52.0
1_545	7_572	100.000	309	0	0	1	309	1	309	0.0	588
1_545	7_2	25.083	303	205	10	22	304	36	336	1.36e-09	52.8
1_546	7_555	99.839	620	1	0	1	620	1	620	0.0	1247
1_547	7_577	100.000	40	0	0	1	40	1	40	8.01e-22	73.2
1_548	7_559	99.831	591	1	0	1	591	1	591	0.0	1167
1_549	7_578	100.000	41	0	0	1	41	1	41	3.81e-25	81.6
1_549	7_579	97.561	41	1	0	1	41	1	41	6.45e-25	80.9
1_550	7_231	100.000	154	0	0	1	154	58	211	5.27e-107	299
1_551	7_334	99.518	622	3	0	1	622	1	622	0.0	1235
1_551	7_525	38.491	517	289	8	110	619	16	510	9.48e-109	333
1_551	7_403	43.091	427	224	5	210	619	209	633	3.00e-105	327
1_551	7_456	33.210	542	306	18	110	619	18	535	1.41e-60	206
1_551	7_457	30.275	545	294	20	113	619	48	544	5.34e-52	182
1_551	7_56	30.024	423	248	9	237	618	118	533	6.10e-47	169
1_552	7_144	100.000	394	0	0	4	397	993	1386	0.0	800
1_552	7_119	71.717	396	109	3	4	396	981	1376	0.0	550
1_553	7_144	99.496	993	5	0	1	993	1	993	0.0	1935
1_553	7_119	66.299	997	316	3	1	993	1	981	0.0	1257
1_554	7_570	99.197	249	2	0	1	249	45	293	5.60e-180	491
1_555	7_487	98.952	477	5	0	4	480	1	477	0.0	959
1_555	7_486	96.855	477	15	0	4	480	1	477	0.0	935
1_555	7_488	96.667	480	13	1	4	480	1	480	0.0	932
1_556	7_470	98.507	67	1	0	1	67	1	67	1.49e-45	136
1_557	7_186	96.947	131	4	0	12	142	1	131	6.45e-91	254
1_557	7_152	30.597	134	91	1	4	135	167	300	1.70e-16	69.7
1_558	7_562	99.490	392	1	1	1	391	1	392	0.0	783
1_559	7_510	100.000	310	0	0	1	310	170	479	0.0	624
1_559	7_200	28.571	126	73	4	71	190	437	551	5.89e-04	35.8
1_560	7_260	98.889	180	2	0	1	180	34	213	9.17e-131	360
1_561	7_251	99.005	201	2	0	1	201	1	201	1.36e-140	385
1_562	7_400	61.376	189	73	0	3	191	351	539	1.15e-74	229
1_562	7_36	34.682	173	107	4	5	175	343	511	2.54e-25	96.7
1_562	7_35	36.464	181	112	3	6	185	342	520	4.76e-25	95.9
1_562	7_401	37.500	192	112	3	3	190	349	536	2.02e-22	88.6
1_562	7_408	30.286	175	111	5	6	174	24	193	6.28e-14	62.8
1_562	7_167	26.882	186	117	6	2	174	78	257	2.05e-12	59.3
1_562	7_83	33.854	192	101	8	12	188	28	208	4.91e-12	57.8
1_562	7_462	30.481	187	104	8	3	177	16	188	2.14e-11	56.6
1_562	7_264	30.636	173	105	6	19	182	500	666	3.76e-11	55.8
1_562	7_206	30.337	178	108	4	9	174	28	201	1.65e-10	53.9
1_562	7_446	24.479	192	130	7	4	182	22	211	5.57e-10	52.4
1_562	7_446	38.158	76	39	4	99	170	396	467	2.33e-04	35.8
1_562	7_43	28.889	180	116	5	3	177	16	188	1.14e-09	51.6
1_562	7_42	27.684	177	117	5	3	175	16	185	5.98e-08	46.6
1_562	7_126	35.652	115	65	5	66	177	185	293	1.13e-07	45.4
1_562	7_158	38.983	59	33	1	119	174	618	676	1.47e-06	42.4
1_562	7_1	38.298	47	29	0	104	150	493	539	3.05e-06	41.6
1_562	7_306	24.771	218	128	8	3	191	16	226	3.98e-06	41.2
1_562	7_10	30.952	84	50	2	94	174	173	251	1.24e-05	39.3
1_562	7_312	37.288	59	34	1	119	174	281	339	5.84e-05	37.4
1_563	7_548	98.942	378	4	0	1	378	1	378	0.0	725
1_564	7_563	99.788	945	2	0	27	971	1	945	0.0	1893
1_565	7_552	99.588	486	2	0	1	486	1	486	0.0	963
1_566	7_436	98.932	936	10	0	1	936	26	961	0.0	1801
1_566	7_143	30.230	870	558	19	8	858	45	884	1.31e-89	308
1_566	7_503	30.402	398	206	11	23	374	37	409	7.65e-40	150
1_567	7_542	96.770	743	6	2	1	742	1	726	0.0	1434
1_567	7_212	37.683	682	335	21	69	708	74	707	4.99e-125	385
1_567	7_218	28.829	333	192	12	266	567	389	707	3.41e-27	112
1_568	7_582	98.558	416	6	0	1	416	19	434	0.0	830
1_568	7_575	47.640	445	188	14	1	415	1	430	7.57e-111	327
1_568	7_580	44.635	466	190	14	1	415	20	468	5.82e-99	298
1_568	7_574	42.892	408	175	14	1	374	1	384	3.99e-90	274
1_568	7_573	42.191	429	185	14	1	374	1	421	4.26e-84	259
1_569	7_564	99.216	255	2	0	1	255	1	255	2.00e-178	486
1_570	7_565	99.593	246	0	1	1	245	1	246	1.98e-177	482
1_570	7_256	26.554	177	119	5	54	223	28	200	4.88e-10	52.8
1_571	7_194	100.000	225	0	0	18	242	1	225	1.55e-163	446
1_572	7_581	98.429	191	3	0	4	194	111	301	2.85e-137	383
1_572	7_152	30.568	229	155	4	4	232	385	609	1.33e-31	116
1_572	7_549	97.826	46	1	0	149	194	1	46	3.39e-27	94.4
1_573	7_581	100.000	112	0	0	1	112	1	112	6.64e-76	222
1_573	7_152	34.000	50	33	0	62	111	336	385	6.84e-04	32.3
1_574	7_510	100.000	170	0	0	1	170	1	170	1.15e-124	354
1_575	7_573	53.595	459	164	9	4	415	6	462	3.79e-132	383
1_575	7_574	52.735	457	148	13	1	418	1	428	2.65e-129	374
1_575	7_580	44.643	448	207	7	4	414	25	468	1.51e-115	341
1_575	7_575	41.204	432	230	10	4	416	6	432	1.83e-90	275
1_575	7_582	42.217	424	210	10	4	410	24	429	8.20e-85	261
1_576	7_45	76.413	814	179	7	3	812	1	805	0.0	1236
1_576	7_44	45.574	836	396	16	3	810	1	805	0.0	622
1_576	7_411	32.653	833	454	24	3	782	1	779	6.22e-101	326
1_576	7_183	71.667	60	17	0	10	69	3	62	5.21e-24	91.3
1_577	7_457	99.597	496	2	0	1	496	50	545	0.0	996
1_577	7_456	60.159	502	179	8	1	496	50	536	0.0	572
1_577	7_525	33.468	496	266	14	21	496	60	511	6.28e-74	238
1_577	7_403	34.698	464	245	11	58	496	204	634	2.07e-72	237
1_577	7_334	32.374	417	231	12	95	495	238	619	2.44e-51	179
1_577	7_56	30.901	466	255	14	67	494	97	533	2.73e-49	172
1_578	7_574	73.214	280	72	2	1	278	4	282	4.52e-151	424
1_578	7_575	52.113	284	129	4	1	278	6	288	9.21e-92	273
1_578	7_582	41.667	288	134	8	1	278	24	287	6.02e-49	162
1_578	7_580	37.758	339	112	14	1	278	25	325	1.31e-44	152
1_578	7_573	79.798	99	16	2	1	99	6	100	2.42e-44	151
1_578	7_573	48.571	35	17	1	245	278	286	320	1.25e-04	37.4
1_581	7_583	99.145	117	1	0	37	153	1	117	4.76e-83	235
1_582	7_543	99.705	339	1	0	1	339	1	339	0.0	698
1_583	7_195	32.500	80	43	2	6	81	74	146	2.83e-05	35.8
