4_0	7_6	100.000	96	0	0	1	96	1	96	9.36e-66	188
4_1	7_12	100.000	110	0	0	1	110	1	110	1.63e-79	224
4_2	7_13	100.000	290	0	0	1	290	1	290	0.0	578
4_2	7_162	32.331	266	149	14	23	264	25	283	3.98e-24	94.4
4_3	7_17	100.000	251	0	0	1	251	1	251	0.0	491
4_4	7_19	100.000	673	0	0	1	673	1	673	0.0	1349
4_4	7_100	22.437	517	375	10	6	512	10	510	5.20e-32	127
4_5	7_21	100.000	189	0	0	1	189	1	189	3.02e-140	384
4_6	7_432	100.000	101	0	0	1	101	235	335	1.85e-68	203
4_6	7_22	44.737	76	41	1	13	87	245	320	1.30e-13	59.7
4_7	7_23	100.000	152	0	0	1	152	1	152	1.24e-110	306
4_8	7_24	100.000	619	0	0	1	619	1	619	0.0	1249
4_9	7_569	100.000	362	0	0	17	378	1	362	0.0	721
4_10	7_25	100.000	463	0	0	1	463	1	463	0.0	923
4_11	7_26	100.000	47	0	0	1	47	1	47	3.76e-30	94.7
4_12	7_40	100.000	50	0	0	1	50	1	50	3.98e-32	99.8
4_12	7_392	35.556	45	26	1	6	50	5	46	1.53e-04	30.0
4_13	7_48	100.000	146	0	0	1	146	1	146	2.42e-105	292
4_14	7_49	100.000	295	0	0	1	295	1	295	0.0	590
4_15	7_53	100.000	289	0	0	1	289	1	289	0.0	559
4_16	7_54	100.000	225	0	0	1	225	1	225	3.25e-168	457
4_17	7_56	100.000	564	0	0	1	564	1	564	0.0	1105
4_17	7_403	31.670	461	251	12	95	533	214	632	4.25e-52	183
4_17	7_456	31.614	446	261	9	99	533	122	534	2.10e-51	179
4_17	7_457	30.901	466	255	14	97	533	116	543	5.46e-49	173
4_17	7_334	30.496	423	246	10	118	533	237	618	9.44e-48	171
4_17	7_525	30.496	423	234	11	131	540	141	516	7.60e-44	159
4_18	7_62	100.000	408	0	0	1	408	1	408	0.0	825
4_19	7_65	100.000	188	0	0	1	188	1	188	7.44e-139	380
4_20	7_73	100.000	413	0	0	1	413	1	413	0.0	841
4_21	7_74	100.000	177	0	0	1	177	1	177	2.18e-130	358
4_22	7_77	100.000	111	0	0	1	111	1	111	2.74e-77	218
4_23	7_80	100.000	211	0	0	1	211	1	211	2.60e-155	424
4_24	7_94	100.000	65	0	0	1	65	1	65	1.21e-44	132
4_25	7_95	100.000	280	0	0	1	280	1	280	0.0	562
4_26	7_96	100.000	269	0	0	1	269	1	269	0.0	537
4_26	7_175	26.568	271	164	13	4	258	3	254	6.23e-07	44.7
4_26	7_304	24.074	270	159	9	1	246	1	248	2.94e-06	42.0
4_26	7_509	32.203	59	40	0	188	246	183	241	1.15e-04	37.4
4_26	7_60	25.368	272	165	12	1	246	15	274	2.31e-04	36.2
4_26	7_427	32.877	73	43	1	180	246	186	258	2.75e-04	36.2
4_27	7_101	100.000	114	0	0	1	114	1	114	6.70e-84	235
4_28	7_103	100.000	169	0	0	1	169	1	169	2.30e-121	334
4_29	7_104	100.000	163	0	0	1	163	1	163	1.75e-119	329
4_30	7_109	100.000	88	0	0	1	88	1	88	1.64e-59	171
4_31	7_112	100.000	639	0	0	1	639	1	639	0.0	1304
4_31	7_434	44.288	639	333	9	5	635	3	626	2.62e-170	495
4_32	7_116	100.000	171	0	0	1	171	1	171	4.05e-123	339
4_33	7_118	100.000	334	0	0	1	334	1	334	0.0	680
4_34	7_123	100.000	494	0	0	1	494	1	494	0.0	963
4_35	7_124	100.000	231	0	0	1	231	1	231	6.99e-170	462
4_36	7_125	100.000	449	0	0	1	449	1	449	0.0	907
4_37	7_132	100.000	236	0	0	1	236	1	236	9.14e-176	477
4_38	7_133	100.000	186	0	0	1	186	1	186	1.42e-132	364
4_39	7_139	100.000	204	0	0	1	204	1	204	2.24e-151	413
4_40	7_141	100.000	872	0	0	1	872	1	872	0.0	1763
4_41	7_142	100.000	402	0	0	1	402	1	402	0.0	818
4_41	7_367	27.083	288	181	10	20	301	8	272	3.08e-16	75.1
4_41	7_197	32.099	162	90	3	21	182	116	257	2.03e-13	66.2
4_41	7_369	34.091	132	84	3	16	145	8	138	3.07e-13	65.9
4_42	7_150	100.000	316	0	0	1	316	1	316	0.0	632
4_43	7_151	100.000	402	0	0	1	402	1	402	0.0	806
4_44	7_153	100.000	306	0	0	1	306	1	306	0.0	610
4_45	7_156	100.000	385	0	0	1	385	1	385	0.0	767
4_45	7_311	32.877	219	139	5	160	377	106	317	2.10e-21	88.6
4_45	7_310	24.000	225	145	7	175	384	151	364	4.99e-04	36.2
4_46	7_158	100.000	775	0	0	1	775	1	775	0.0	1532
4_46	7_312	37.751	249	137	4	530	775	204	437	2.53e-43	157
4_46	7_312	39.175	97	55	2	22	115	61	156	1.79e-12	64.7
4_46	7_484	44.737	114	63	0	614	727	273	386	6.15e-30	119
4_46	7_484	31.250	96	61	2	33	123	152	247	6.96e-07	47.0
4_46	7_157	37.267	161	81	3	570	722	118	266	1.02e-25	103
4_46	7_126	32.847	137	91	1	584	720	199	334	3.46e-20	88.6
4_46	7_1	26.761	142	97	3	584	725	480	614	2.38e-17	80.9
4_46	7_1	28.049	164	100	5	12	158	42	204	2.59e-07	48.5
4_46	7_84	39.091	110	66	1	599	708	140	248	2.72e-16	75.1
4_46	7_10	37.363	91	57	0	619	709	194	284	3.19e-15	72.8
4_46	7_83	36.275	102	64	1	607	708	127	227	1.14e-14	69.7
4_46	7_83	33.333	75	43	3	27	100	23	91	7.93e-04	36.6
4_46	7_181	30.508	118	73	2	597	706	134	250	1.92e-13	65.9
4_46	7_167	31.000	100	68	1	607	706	188	286	3.41e-13	65.9
4_46	7_408	30.108	93	64	1	615	707	133	224	2.01e-11	59.3
4_46	7_408	40.426	47	28	0	23	69	21	67	6.60e-07	45.8
4_46	7_43	34.940	83	52	1	616	698	127	207	6.46e-09	53.5
4_46	7_446	30.097	103	62	3	601	699	129	225	7.13e-08	50.1
4_46	7_446	27.723	101	72	1	616	716	410	509	2.24e-05	42.0
4_46	7_462	30.476	105	65	2	618	722	129	225	5.00e-07	47.8
4_46	7_400	38.983	59	33	1	618	676	467	522	7.43e-07	47.0
4_46	7_42	27.957	93	65	1	597	689	108	198	7.95e-07	47.0
4_46	7_206	25.532	94	63	2	609	699	398	487	8.53e-06	43.5
4_46	7_401	36.508	63	34	2	38	96	364	424	1.11e-04	39.7
4_46	7_99	33.333	102	63	3	601	700	476	574	1.47e-04	39.7
4_46	7_35	37.313	67	38	2	612	678	449	511	0.001	37.0
4_47	7_161	100.000	231	0	0	1	231	1	231	1.08e-170	464
4_48	7_163	100.000	73	0	0	1	73	1	73	5.75e-53	154
4_49	7_169	100.000	271	0	0	1	271	1	271	0.0	552
4_50	7_178	100.000	110	0	0	1	110	1	110	2.18e-78	221
4_51	7_182	100.000	565	0	0	1	565	1	565	0.0	1100
4_52	7_184	100.000	220	0	0	1	220	1	220	1.02e-157	430
4_53	7_187	100.000	384	0	0	1	384	1	384	0.0	767
4_54	7_188	100.000	276	0	0	1	276	1	276	0.0	550
4_54	7_14	35.857	251	126	6	1	233	1	234	5.64e-31	112
4_55	7_191	100.000	205	0	0	1	205	1	205	1.18e-153	419
4_56	7_192	100.000	144	0	0	1	144	1	144	6.55e-107	296
4_57	7_193	100.000	274	0	0	1	274	1	274	0.0	560
4_58	7_194	100.000	225	0	0	1	225	1	225	1.71e-163	445
4_59	7_195	100.000	293	0	0	1	293	1	293	0.0	579
4_60	7_201	100.000	118	0	0	1	118	1	118	4.28e-79	223
4_61	7_203	100.000	97	0	0	1	97	1	97	2.09e-67	192
4_62	7_204	100.000	505	0	0	1	505	1	505	0.0	1029
4_63	7_205	100.000	184	0	0	1	184	1	184	1.31e-136	374
4_64	7_206	100.000	508	0	0	1	508	1	508	0.0	1011
4_64	7_446	30.392	510	327	13	12	504	11	509	4.89e-54	185
4_64	7_408	35.349	215	114	6	26	231	25	223	1.26e-23	94.4
4_64	7_408	32.051	78	53	0	407	484	136	213	7.53e-07	45.1
4_64	7_42	32.673	202	122	5	12	211	6	195	9.67e-16	74.7
4_64	7_462	29.630	216	130	6	8	217	2	201	1.81e-13	67.4
4_64	7_462	24.229	227	142	7	261	482	2	203	0.001	36.2
4_64	7_84	29.464	224	131	5	22	224	22	239	2.61e-13	65.1
4_64	7_84	21.127	213	161	4	277	484	26	236	2.57e-04	37.4
4_64	7_43	29.524	210	134	5	12	221	10	205	1.23e-12	64.7
4_64	7_43	28.326	233	135	9	261	487	2	208	5.03e-09	53.1
4_64	7_83	32.143	196	124	6	31	223	28	217	7.83e-12	60.5
4_64	7_306	26.271	236	145	9	8	221	2	230	3.36e-10	56.6
4_64	7_306	32.432	74	47	2	149	222	453	523	3.27e-04	37.7
4_64	7_167	25.405	185	119	6	26	201	83	257	1.02e-08	51.2
4_64	7_167	23.636	220	146	8	272	487	78	279	1.83e-05	41.2
4_64	7_484	28.444	225	127	11	23	224	145	358	1.88e-08	50.8
4_64	7_484	25.106	235	140	8	278	493	147	364	1.26e-05	42.0
4_64	7_1	30.476	105	70	1	7	111	38	139	3.80e-08	50.4
4_64	7_1	25.974	77	56	1	407	482	508	584	4.94e-04	37.0
4_64	7_400	31.148	183	104	8	26	201	355	522	4.02e-08	50.1
4_64	7_10	28.788	132	85	4	356	484	146	271	1.14e-07	48.1
4_64	7_126	27.723	101	70	2	407	505	232	331	3.11e-07	47.0
4_64	7_126	28.333	60	43	0	8	67	11	70	4.51e-04	37.0
4_64	7_181	23.148	216	153	7	14	220	20	231	6.35e-07	45.4
4_64	7_181	24.180	244	146	10	277	503	30	251	2.32e-04	37.4
4_64	7_158	25.532	94	63	2	398	487	609	699	5.59e-06	43.5
4_64	7_401	26.136	176	110	6	36	205	363	524	1.22e-05	42.0
4_64	7_312	25.954	131	94	2	357	484	229	359	1.37e-05	42.0
4_64	7_36	25.000	184	124	4	27	208	346	517	3.35e-04	37.4
4_64	7_157	25.000	236	148	10	273	493	28	249	3.92e-04	37.0
4_64	7_35	43.182	44	25	0	26	69	343	386	6.85e-04	36.6
4_65	7_207	100.000	303	0	0	1	303	1	303	0.0	577
4_65	7_496	31.050	219	119	5	18	216	79	285	1.02e-11	59.7
4_66	7_208	100.000	184	0	0	1	184	1	184	6.33e-138	377
4_67	7_209	100.000	89	0	0	1	89	1	89	2.44e-60	174
4_68	7_213	100.000	165	0	0	1	165	1	165	6.59e-118	325
4_69	7_216	100.000	1411	0	0	1	1411	1	1411	0.0	2888
4_70	7_217	100.000	139	0	0	1	139	1	139	1.69e-99	276
4_71	7_220	100.000	135	0	0	1	135	1	135	1.07e-94	264
4_72	7_223	100.000	214	0	0	1	214	1	214	2.81e-154	421
4_73	7_224	100.000	632	0	0	1	632	1	632	0.0	1287
4_74	7_225	100.000	120	0	0	1	120	1	120	5.96e-85	238
4_75	7_226	100.000	227	0	0	1	227	1	227	2.00e-169	461
4_76	7_227	100.000	87	0	0	1	87	1	87	1.84e-62	179
4_77	7_228	100.000	321	0	0	1	321	1	321	0.0	642
4_77	7_78	42.857	56	28	1	8	63	15	66	1.43e-07	47.4
4_78	7_230	100.000	753	0	0	1	753	1	753	0.0	1524
4_79	7_231	100.000	211	0	0	1	211	1	211	2.38e-149	408
4_80	7_233	100.000	109	0	0	1	109	1	109	1.19e-79	224
4_81	7_234	100.000	155	0	0	1	155	1	155	8.39e-113	311
4_82	7_236	100.000	64	0	0	1	64	1	64	7.04e-43	127
4_83	7_237	100.000	116	0	0	1	116	1	116	4.21e-83	233
4_84	7_238	100.000	478	0	0	1	478	1	478	0.0	968
4_85	7_240	100.000	91	0	0	1	91	1	91	4.99e-63	181
4_86	7_241	100.000	356	0	0	1	356	1	356	0.0	721
4_87	7_242	100.000	99	0	0	1	99	1	99	6.17e-69	196
4_88	7_243	100.000	84	0	0	1	84	1	84	2.26e-57	166
4_89	7_245	100.000	369	0	0	1	369	1	369	0.0	745
4_90	7_247	100.000	315	0	0	1	315	1	315	0.0	627
4_90	7_409	21.908	283	199	6	36	309	31	300	1.26e-12	62.0
4_91	7_248	100.000	361	0	0	1	361	1	361	0.0	734
4_92	7_249	100.000	242	0	0	1	242	1	242	9.36e-176	478
4_92	7_259	26.772	127	68	4	81	203	46	151	2.88e-04	35.4
4_93	7_252	100.000	216	0	0	1	216	1	216	3.09e-147	404
4_94	7_256	100.000	216	0	0	1	216	1	216	1.08e-156	427
4_94	7_565	25.654	191	131	5	28	214	55	238	5.62e-10	52.4
4_95	7_258	100.000	193	0	0	1	193	1	193	2.95e-139	381
4_96	7_259	100.000	186	0	0	1	186	1	186	7.07e-137	375
4_96	7_249	26.772	127	68	4	46	151	81	203	2.21e-04	35.4
4_97	7_262	100.000	131	0	0	1	131	1	131	3.07e-94	263
4_98	7_263	100.000	150	0	0	1	150	1	150	1.66e-109	303
4_99	7_264	100.000	680	0	0	1	680	1	680	0.0	1347
4_99	7_401	28.070	285	183	6	358	634	225	495	8.51e-15	72.0
4_99	7_36	32.184	174	95	8	495	660	352	510	1.12e-10	58.9
4_99	7_43	31.285	179	100	8	500	670	32	195	6.01e-10	56.6
4_99	7_400	31.138	167	94	7	502	660	369	522	6.02e-10	56.6
4_99	7_408	29.630	189	109	7	501	679	38	212	7.15e-10	54.7
4_99	7_35	28.042	189	107	7	463	638	317	489	9.24e-09	52.8
4_99	7_167	29.167	168	103	8	502	660	97	257	4.16e-08	50.1
4_99	7_42	24.479	192	131	5	491	678	23	204	2.35e-07	48.5
4_99	7_83	25.118	211	125	8	464	663	11	199	3.29e-07	47.0
4_99	7_446	22.353	170	119	4	500	660	37	202	4.78e-05	40.8
4_99	7_462	24.510	204	131	6	469	670	13	195	1.22e-04	39.7
4_99	7_181	28.814	177	108	5	498	660	40	212	3.13e-04	37.4
4_99	7_10	45.588	68	27	4	466	525	4	69	5.43e-04	37.4
4_100	7_265	100.000	398	0	0	1	398	1	398	0.0	811
4_101	7_270	100.000	332	0	0	1	332	1	332	0.0	667
4_102	7_271	100.000	134	0	0	1	134	1	134	3.42e-97	270
4_103	7_272	100.000	137	0	0	1	137	1	137	1.94e-97	271
4_104	7_273	100.000	37	0	0	1	37	1	37	1.12e-20	70.1
4_105	7_274	100.000	75	0	0	1	75	1	75	3.39e-53	154
4_106	7_275	100.000	250	0	0	1	250	1	250	0.0	511
4_106	7_39	27.451	204	135	5	3	203	121	314	1.69e-15	69.7
4_107	7_278	100.000	147	0	0	1	147	1	147	7.44e-107	296
4_108	7_280	100.000	121	0	0	1	121	1	121	6.43e-88	246
4_109	7_281	100.000	179	0	0	1	179	1	179	4.29e-130	357
4_110	7_282	100.000	131	0	0	1	131	1	131	2.28e-94	263
4_111	7_283	100.000	61	0	0	1	61	1	61	5.74e-42	125
4_112	7_284	100.000	181	0	0	1	181	1	181	5.35e-135	370
4_113	7_286	100.000	122	0	0	1	122	1	122	1.06e-84	238
4_114	7_287	100.000	121	0	0	1	121	1	121	1.63e-81	229
4_115	7_288	100.000	136	0	0	1	136	1	136	9.38e-100	277
4_116	7_289	100.000	227	0	0	1	227	1	227	2.19e-167	455
4_117	7_290	100.000	173	0	0	1	173	1	173	1.81e-125	345
4_118	7_291	100.000	90	0	0	1	90	1	90	1.49e-65	187
4_119	7_293	100.000	163	0	0	1	163	1	163	1.63e-116	322
4_120	7_295	100.000	233	0	0	1	233	1	233	4.13e-170	462
4_121	7_296	100.000	106	0	0	1	106	1	106	6.97e-75	212
4_122	7_300	100.000	184	0	0	1	184	1	184	1.72e-136	374
4_123	7_304	100.000	276	0	0	1	276	1	276	0.0	566
4_123	7_60	27.170	265	163	10	5	249	21	275	8.46e-14	64.7
4_123	7_509	23.529	272	197	8	2	272	4	265	4.62e-11	56.6
4_123	7_96	24.074	270	159	9	1	248	1	246	3.01e-06	42.0
4_123	7_427	27.397	73	51	1	2	72	7	79	4.98e-05	38.5
4_123	7_175	25.877	228	143	10	7	224	8	219	4.74e-04	35.8
4_124	7_305	100.000	442	0	0	1	442	1	442	0.0	874
4_124	7_365	35.897	156	83	4	218	368	172	315	3.72e-20	87.0
4_124	7_365	29.032	124	83	4	220	341	6	126	3.91e-06	43.1
4_124	7_261	37.705	61	35	1	218	275	5	65	6.28e-05	39.3
4_125	7_308	100.000	70	0	0	1	70	1	70	2.85e-47	139
4_126	7_309	100.000	344	0	0	1	344	1	344	0.0	682
4_126	7_29	24.308	325	166	12	64	333	46	345	9.63e-06	41.2
4_127	7_310	100.000	366	0	0	1	366	1	366	0.0	723
4_127	7_155	27.358	318	207	7	61	361	6	316	1.68e-22	92.0
4_128	7_311	100.000	321	0	0	1	321	1	321	0.0	634
4_128	7_156	32.877	219	139	5	106	317	160	377	2.16e-20	85.5
4_129	7_315	100.000	142	0	0	1	142	1	142	6.00e-104	288
4_130	7_316	100.000	361	0	0	1	361	1	361	0.0	718
4_131	7_318	100.000	259	0	0	1	259	1	259	0.0	515
4_132	7_320	100.000	91	0	0	1	91	1	91	6.91e-61	175
4_132	7_6	28.571	91	61	3	1	88	3	92	9.09e-07	38.5
4_133	7_321	100.000	98	0	0	1	98	1	98	9.99e-67	191
4_134	7_322	100.000	207	0	0	1	207	1	207	5.49e-147	402
4_135	7_337	100.000	240	0	0	1	240	1	240	3.18e-178	484
4_136	7_338	100.000	419	0	0	1	419	1	419	0.0	828
4_136	7_170	36.220	127	56	2	160	261	6	132	6.51e-15	70.1
4_136	7_365	25.112	223	154	7	159	375	173	388	2.00e-04	37.7
4_136	7_544	35.000	60	27	2	159	214	113	164	6.61e-04	35.8
4_137	7_341	100.000	141	0	0	1	141	1	141	1.25e-99	277
4_138	7_343	100.000	242	0	0	1	242	1	242	8.80e-173	470
4_139	7_344	100.000	102	0	0	1	102	1	102	1.61e-71	203
4_140	7_345	100.000	179	0	0	1	179	1	179	3.58e-127	350
4_141	7_346	100.000	187	0	0	1	187	1	187	4.55e-132	363
4_142	7_347	100.000	507	0	0	1	507	1	507	0.0	1014
4_142	7_425	43.385	325	173	6	125	444	105	423	1.10e-74	239
4_142	7_349	27.027	370	259	7	58	421	44	408	3.05e-26	106
4_142	7_426	21.988	332	249	6	37	363	15	341	8.32e-08	48.9
4_143	7_348	100.000	276	0	0	1	276	1	276	0.0	544
4_144	7_349	100.000	471	0	0	1	471	1	471	0.0	953
4_144	7_426	37.168	452	279	4	7	456	2	450	3.11e-104	313
4_144	7_347	27.027	370	259	7	44	408	58	421	2.83e-26	106
4_144	7_425	22.712	295	216	6	63	348	49	340	4.69e-08	49.7
4_145	7_356	100.000	257	0	0	1	257	1	257	0.0	518
4_146	7_358	100.000	414	0	0	1	414	1	414	0.0	830
4_147	7_361	100.000	102	0	0	1	102	1	102	5.10e-70	199
4_148	7_367	100.000	598	0	0	1	598	1	598	0.0	1210
4_148	7_369	36.898	187	106	4	2	183	6	185	1.21e-24	103
4_148	7_369	23.009	226	143	9	165	370	266	480	7.51e-07	46.6
4_148	7_369	22.599	177	118	5	322	480	509	684	3.38e-06	44.3
4_148	7_197	30.093	216	126	7	10	217	117	315	7.45e-17	78.6
4_148	7_142	27.083	288	181	10	8	272	20	301	4.58e-16	75.1
4_148	7_365	28.108	185	98	8	10	176	174	341	6.41e-05	40.0
4_149	7_368	100.000	323	0	0	1	323	1	323	0.0	657
4_150	7_369	100.000	694	0	0	1	694	1	694	0.0	1425
4_150	7_367	36.898	187	106	4	6	185	2	183	1.41e-24	103
4_150	7_367	23.009	226	143	9	266	480	165	370	8.72e-07	46.6
4_150	7_367	22.599	177	118	5	509	684	322	480	3.92e-06	44.3
4_150	7_197	37.008	127	62	2	13	139	116	224	9.56e-14	68.9
4_150	7_142	34.091	132	84	3	8	138	16	145	5.29e-13	65.9
4_151	7_370	100.000	141	0	0	1	141	1	141	6.14e-104	288
4_152	7_374	100.000	427	0	0	1	427	1	427	0.0	847
4_153	7_375	100.000	232	0	0	1	232	1	232	1.27e-173	471
4_154	7_377	100.000	93	0	0	1	93	1	93	4.92e-68	193
4_155	7_382	100.000	259	0	0	1	259	1	259	0.0	514
4_156	7_383	100.000	144	0	0	1	144	1	144	8.51e-108	298
4_157	7_384	100.000	132	0	0	1	132	1	132	6.96e-95	264
4_158	7_387	100.000	145	0	0	1	145	1	145	1.42e-102	285
4_159	7_390	100.000	229	0	0	1	229	1	229	5.26e-169	459
4_159	7_531	29.932	147	96	3	82	226	111	252	5.38e-09	49.7
4_160	7_391	100.000	181	0	0	1	181	1	181	1.23e-134	369
4_161	7_392	100.000	46	0	0	1	46	1	46	2.38e-29	92.4
4_162	7_395	100.000	195	0	0	1	195	1	195	2.51e-144	394
4_163	7_397	100.000	245	0	0	1	245	1	245	7.94e-177	481
4_164	7_404	100.000	457	0	0	1	457	1	457	0.0	937
4_165	7_405	100.000	201	0	0	1	201	1	201	7.04e-150	409
4_166	7_406	100.000	316	0	0	1	316	1	316	0.0	625
4_167	7_409	100.000	304	0	0	1	304	1	304	0.0	591
4_167	7_247	21.908	283	199	6	31	300	36	309	1.21e-12	62.0
4_168	7_410	100.000	578	0	0	1	578	1	578	0.0	1161
4_169	7_412	100.000	127	0	0	1	127	1	127	2.21e-88	248
4_170	7_413	100.000	285	0	0	1	285	1	285	0.0	552
4_170	7_414	42.748	262	132	5	26	281	1	250	5.05e-54	171
4_170	7_415	42.786	201	111	2	84	280	43	243	6.52e-48	155
4_171	7_417	100.000	411	0	0	1	411	1	411	0.0	820
4_172	7_419	100.000	202	0	0	1	202	1	202	1.54e-145	398
4_173	7_421	100.000	231	0	0	1	231	1	231	1.51e-161	441
4_174	7_425	100.000	511	0	0	1	511	1	511	0.0	1046
4_174	7_347	43.385	325	173	6	105	423	125	444	1.10e-74	239
4_174	7_349	22.712	295	216	6	49	340	63	348	5.09e-08	49.7
4_174	7_426	22.819	298	203	11	116	400	119	402	4.16e-06	43.5
4_175	7_426	100.000	457	0	0	1	457	1	457	0.0	926
4_175	7_349	37.168	452	279	4	2	450	7	456	3.02e-104	313
4_175	7_347	21.988	332	249	6	15	341	37	363	7.50e-08	48.9
4_175	7_425	22.819	298	203	11	119	402	116	400	3.72e-06	43.5
4_176	7_427	100.000	306	0	0	1	306	1	306	0.0	630
4_176	7_60	26.897	290	174	9	10	278	21	293	9.02e-21	85.1
4_176	7_509	22.939	279	185	10	9	277	5	263	2.34e-08	48.9
4_176	7_175	23.019	265	163	8	12	261	8	246	2.89e-06	42.7
4_176	7_304	27.397	73	51	1	7	79	2	72	4.11e-05	38.9
4_176	7_96	32.877	73	43	1	186	258	180	246	2.68e-04	36.2
4_177	7_428	100.000	361	0	0	1	361	1	361	0.0	736
4_179	7_171	31.008	129	74	5	2	119	1	125	9.62e-09	47.4
4_182	7_519	26.254	339	239	6	1	337	5	334	1.12e-27	112
4_183	7_504	65.152	66	23	0	348	413	1	66	3.14e-24	90.1
4_184	7_435	100.000	77	0	0	1	77	1	77	2.01e-49	145
4_185	7_437	100.000	90	0	0	1	90	1	90	1.29e-61	177
4_186	7_438	100.000	156	0	0	1	156	1	156	1.39e-117	323
4_187	7_439	100.000	126	0	0	1	126	1	126	2.50e-88	247
4_188	7_440	100.000	174	0	0	1	174	1	174	6.59e-126	346
4_189	7_453	100.000	147	0	0	1	147	1	147	3.10e-106	294
4_190	7_455	100.000	87	0	0	1	87	1	87	2.10e-61	176
4_191	7_458	100.000	524	0	0	1	524	1	524	0.0	1016
4_191	7_115	24.301	465	302	18	4	429	9	462	7.75e-14	68.2
4_192	7_463	100.000	321	0	0	1	321	1	321	0.0	642
4_192	7_571	22.892	249	168	11	57	298	29	260	2.40e-05	39.7
4_193	7_470	100.000	103	0	0	1	103	1	103	4.50e-70	199
4_194	7_471	100.000	93	0	0	1	93	1	93	6.92e-61	175
4_195	7_475	100.000	64	0	0	1	64	1	64	8.55e-41	122
4_196	7_476	100.000	216	0	0	1	216	1	216	3.85e-157	429
4_197	7_477	100.000	136	0	0	1	136	1	136	5.77e-92	257
4_198	7_479	100.000	146	0	0	1	146	1	146	2.66e-102	284
4_199	7_482	100.000	143	0	0	1	143	1	143	1.89e-100	279
4_200	7_483	100.000	145	0	0	1	145	1	145	1.13e-106	295
4_201	7_484	100.000	469	0	0	1	469	1	469	0.0	967
4_201	7_157	40.240	333	193	3	116	447	5	332	1.93e-74	233
4_201	7_158	44.737	114	63	0	273	386	614	727	2.58e-30	119
4_201	7_158	31.579	95	60	2	153	247	34	123	2.83e-07	47.4
4_201	7_312	45.082	122	66	1	269	389	273	394	1.41e-28	112
4_201	7_312	35.185	108	53	4	139	239	59	156	1.65e-11	60.5
4_201	7_83	26.800	250	159	8	122	370	3	229	2.68e-18	79.3
4_201	7_408	28.444	225	136	8	143	365	22	223	3.23e-16	72.8
4_201	7_126	32.520	123	71	3	247	357	190	312	7.33e-15	70.9
4_201	7_1	32.432	111	74	1	274	384	505	614	7.91e-15	71.2
4_201	7_167	30.645	186	110	6	153	336	90	258	5.67e-14	67.0
4_201	7_84	27.350	234	147	5	146	367	26	248	7.15e-14	66.6
4_201	7_10	23.448	145	108	2	244	388	162	303	2.02e-11	60.1
4_201	7_446	25.424	236	134	10	143	363	22	230	1.75e-09	54.3
4_201	7_446	25.194	258	149	8	115	355	259	489	6.27e-08	49.3
4_201	7_181	26.033	242	156	9	122	354	4	231	3.78e-09	52.0
4_201	7_43	25.688	218	138	7	142	359	16	209	1.34e-08	51.6
4_201	7_206	28.444	225	127	11	145	358	23	224	2.44e-08	50.4
4_201	7_206	24.483	290	175	11	99	364	224	493	1.30e-05	42.0
4_201	7_462	25.561	223	120	8	141	356	15	198	4.55e-08	50.1
4_201	7_42	25.592	211	123	8	142	347	16	197	5.32e-06	43.1
4_201	7_306	23.913	184	111	6	142	308	16	187	8.96e-05	39.3
4_201	7_99	29.897	97	57	4	277	364	834	928	1.97e-04	38.1
4_202	7_485	100.000	151	0	0	1	151	1	151	1.12e-108	301
4_202	7_5	32.500	120	78	2	15	132	22	140	7.63e-11	52.0
4_203	7_489	100.000	113	0	0	1	113	1	113	7.29e-82	230
4_204	7_490	100.000	96	0	0	1	96	1	96	1.62e-68	195
4_205	7_493	100.000	285	0	0	1	285	1	285	0.0	558
4_206	7_498	100.000	190	0	0	1	190	1	190	4.03e-143	391
4_207	7_499	100.000	404	0	0	1	404	1	404	0.0	814
4_208	7_501	100.000	331	0	0	1	331	1	331	0.0	660
4_209	7_506	100.000	149	0	0	1	149	1	149	1.79e-111	308
4_210	7_508	100.000	112	0	0	1	112	1	112	2.75e-78	221
4_211	7_145	100.000	138	0	0	1	138	319	456	3.80e-94	274
4_212	7_509	100.000	267	0	0	1	267	1	267	0.0	541
4_212	7_60	26.502	283	175	9	3	260	19	293	5.02e-16	70.9
4_212	7_175	32.895	228	137	8	1	219	1	221	3.60e-15	69.3
4_212	7_304	23.529	272	197	8	4	265	2	272	4.47e-11	56.6
4_212	7_427	22.968	283	187	11	2	263	5	277	1.56e-08	48.9
4_212	7_96	32.203	59	40	0	183	241	188	246	1.14e-04	37.4
4_213	7_512	100.000	90	0	0	1	90	1	90	1.95e-57	166
4_214	7_513	100.000	221	0	0	1	221	1	221	2.77e-164	447
4_215	7_514	100.000	219	0	0	1	219	1	219	3.36e-160	436
4_216	7_515	100.000	70	0	0	1	70	1	70	3.14e-44	131
4_219	7_520	100.000	692	0	0	1	692	1	692	0.0	1372
4_220	7_522	100.000	95	0	0	1	95	1	95	2.48e-67	192
4_221	7_528	100.000	699	0	0	1	699	1	699	0.0	1417
4_221	7_464	25.878	769	431	26	16	692	6	727	1.78e-44	165
4_222	7_530	100.000	181	0	0	1	181	1	181	8.27e-131	359
4_223	7_524	98.718	78	1	0	13	90	1	78	1.43e-51	151
4_224	7_534	100.000	51	0	0	1	51	1	51	8.59e-34	103
4_225	7_536	100.000	76	0	0	1	76	1	76	4.34e-50	147
4_226	7_537	100.000	232	0	0	1	232	1	232	5.93e-171	465
4_227	7_99	99.894	947	1	0	1	947	1	947	0.0	1930
4_227	7_83	29.801	151	85	7	783	928	90	224	2.68e-07	47.8
4_227	7_42	39.130	92	47	4	820	908	115	200	6.91e-07	47.4
4_227	7_42	28.571	147	88	6	416	562	64	193	1.59e-04	39.7
4_227	7_84	32.051	78	50	1	820	897	145	219	1.38e-06	45.8
4_227	7_84	30.000	80	54	1	479	558	145	222	6.06e-06	43.5
4_227	7_462	36.585	82	43	4	834	912	129	204	1.81e-05	42.7
4_227	7_43	36.905	84	44	4	826	906	121	198	1.76e-04	39.7
4_227	7_158	33.333	102	63	3	476	574	601	700	1.92e-04	39.7
4_227	7_126	38.667	75	43	2	485	558	224	296	2.26e-04	38.9
4_227	7_312	25.168	298	194	12	628	907	63	349	2.34e-04	38.9
4_227	7_484	29.897	97	57	4	834	928	277	364	4.22e-04	38.1
4_227	7_446	24.737	190	120	8	481	655	129	310	4.76e-04	38.1
4_227	7_157	29.825	114	68	5	833	943	161	265	5.14e-04	37.7
4_228	7_100	99.878	821	1	0	1	821	1	821	0.0	1660
4_228	7_19	22.437	517	375	10	10	510	6	512	1.08e-31	126
4_229	7_102	83.878	490	46	5	1	468	1	479	0.0	765
4_230	7_105	99.387	326	2	0	1	326	1	326	0.0	648
4_231	7_441	99.344	305	2	0	1	305	1	305	0.0	617
4_231	7_152	24.855	346	193	13	2	298	155	482	2.39e-05	40.0
4_231	7_581	26.582	158	97	5	150	298	56	203	1.06e-04	37.7
4_232	7_106	99.632	1086	4	0	1	1086	1	1086	0.0	2130
4_232	7_111	24.222	450	279	15	23	431	12	440	1.27e-07	50.1
4_232	7_91	24.947	469	294	15	18	451	14	459	1.37e-07	50.1
4_232	7_37	22.624	221	146	6	31	226	14	234	6.40e-05	41.6
4_232	7_4	27.523	218	136	8	62	260	30	244	1.80e-04	40.0
4_232	7_448	22.727	462	297	16	16	430	5	453	8.51e-04	37.7
4_233	7_107	99.793	965	2	0	1	965	1	965	0.0	1906
4_233	7_38	23.247	271	155	11	65	297	63	318	3.63e-08	52.0
4_233	7_110	26.286	175	110	5	24	191	12	174	1.92e-04	39.7
4_234	7_108	99.587	242	1	0	1	242	1	242	7.50e-178	483
4_235	7_442	99.296	142	1	0	1	142	1	142	3.55e-98	273
4_236	7_111	95.845	1083	12	4	1	1071	1	1062	0.0	2041
4_236	7_91	26.909	1100	674	33	1	1060	6	1015	9.41e-81	280
4_236	7_37	28.680	394	227	7	4	351	1	386	2.25e-43	166
4_236	7_37	25.926	297	177	9	521	777	721	1014	3.43e-15	75.1
4_236	7_37	35.088	114	70	4	357	468	472	583	3.84e-10	58.5
4_236	7_448	24.593	553	308	20	6	496	4	509	6.74e-15	74.3
4_236	7_4	24.936	393	233	13	26	394	7	361	9.93e-14	70.1
4_236	7_106	24.222	450	279	15	12	440	23	431	2.17e-08	52.8
4_237	7_113	99.379	322	2	0	1	322	1	322	0.0	650
4_238	7_115	99.427	524	3	0	1	524	1	524	0.0	1014
4_238	7_458	24.301	465	302	18	9	462	4	429	2.02e-13	67.0
4_239	7_117	99.198	374	3	0	1	374	1	374	0.0	768
4_240	7_119	99.347	1379	6	1	1	1379	1	1376	0.0	2685
4_240	7_144	67.814	1395	423	7	1	1379	1	1385	0.0	1835
4_241	7_120	94.154	325	19	0	31	355	58	382	0.0	566
4_241	7_538	54.545	209	92	2	149	354	3	211	2.46e-64	198
4_242	7_126	99.550	444	2	0	1	444	1	444	0.0	885
4_242	7_10	32.059	340	185	10	8	341	5	304	5.07e-38	137
4_242	7_1	38.624	189	111	4	205	390	481	667	4.09e-35	132
4_242	7_1	47.423	97	51	0	11	107	39	135	7.65e-23	95.9
4_242	7_312	26.786	392	248	11	10	379	43	417	3.83e-23	95.9
4_242	7_158	32.117	137	92	1	199	334	584	720	2.64e-20	88.2
4_242	7_158	40.541	37	22	0	20	56	18	54	6.24e-04	36.6
4_242	7_84	35.616	146	81	5	214	355	140	276	2.48e-17	77.0
4_242	7_84	25.962	104	55	3	24	106	21	123	9.26e-05	38.5
4_242	7_484	32.520	123	71	3	190	312	247	357	5.75e-15	71.2
4_242	7_83	34.545	110	71	1	212	321	118	226	1.05e-12	62.8
4_242	7_83	26.050	119	79	3	22	137	16	128	1.85e-05	40.8
4_242	7_167	36.170	94	54	2	24	111	78	171	6.58e-12	60.8
4_242	7_167	36.585	82	51	1	230	311	197	277	4.87e-10	55.1
4_242	7_446	30.147	136	88	4	202	333	112	244	6.81e-11	58.5
4_242	7_446	28.431	102	68	3	10	106	6	107	3.03e-08	50.1
4_242	7_446	25.287	87	64	1	224	310	404	489	3.96e-05	40.0
4_242	7_408	31.313	99	67	1	232	330	136	233	3.49e-10	54.7
4_242	7_462	32.990	97	63	1	10	106	1	95	7.18e-10	55.5
4_242	7_157	28.030	132	92	1	204	332	131	262	8.23e-10	54.7
4_242	7_181	31.313	99	68	0	211	309	133	231	5.92e-09	51.2
4_242	7_42	32.394	142	92	3	211	351	107	245	1.07e-08	51.6
4_242	7_42	32.955	88	57	1	16	103	7	92	1.08e-08	51.6
4_242	7_43	31.915	94	62	1	10	103	1	92	1.14e-08	51.6
4_242	7_43	39.535	86	46	3	229	312	126	207	2.35e-08	50.4
4_242	7_35	36.232	69	44	0	10	78	324	392	1.64e-07	47.8
4_242	7_35	33.645	107	54	3	193	293	419	514	4.75e-06	43.1
4_242	7_206	30.488	82	54	2	232	312	407	486	3.56e-07	46.6
4_242	7_206	28.333	60	43	0	11	70	8	67	3.87e-04	37.0
4_242	7_400	30.769	78	53	1	1	77	327	404	6.63e-06	42.7
4_242	7_400	35.294	68	41	1	229	296	464	528	5.10e-05	40.0
4_242	7_306	31.765	85	54	1	226	310	150	230	1.19e-05	42.0
4_242	7_306	27.586	58	42	0	10	67	1	58	2.29e-05	40.8
4_242	7_36	32.787	61	41	0	11	71	327	387	3.44e-05	40.4
4_242	7_99	38.667	75	43	2	224	296	485	558	1.21e-04	38.9
4_243	7_127	99.650	286	1	0	1	286	1	286	0.0	554
4_243	7_128	24.551	167	116	4	75	237	73	233	1.78e-04	36.6
4_244	7_128	99.635	274	1	0	1	274	1	274	0.0	538
4_244	7_127	25.749	167	114	4	73	233	75	237	3.89e-05	38.9
4_245	7_129	99.650	571	2	0	1	571	1	571	0.0	1145
4_246	7_130	99.281	278	2	0	1	278	1	278	0.0	537
4_246	7_239	27.350	117	73	3	110	226	48	152	1.73e-06	42.7
4_246	7_239	33.333	93	52	3	121	213	35	117	3.26e-05	38.9
4_247	7_131	98.857	175	2	0	1	175	1	175	2.00e-124	342
4_248	7_134	99.675	308	1	0	1	308	1	308	0.0	579
4_249	7_444	99.388	1470	8	1	1	1469	1	1470	0.0	2960
4_249	7_196	22.222	720	356	26	788	1425	188	785	2.12e-17	82.8
4_250	7_135	99.301	429	3	0	1	429	1	429	0.0	858
4_251	7_533	97.248	109	3	0	1	109	1	109	7.03e-72	204
4_251	7_329	34.375	64	41	1	38	100	79	142	2.65e-06	38.5
4_252	7_136	99.306	144	1	0	1	144	1	144	5.62e-107	296
4_253	7_137	99.766	856	2	0	1	856	1	856	0.0	1718
4_253	7_332	35.361	707	433	11	50	746	6	698	4.92e-130	405
4_253	7_332	25.000	132	88	5	727	854	582	706	3.71e-04	38.5
4_254	7_138	99.548	221	1	0	1	221	1	221	7.15e-161	438
4_255	7_140	99.138	232	2	0	1	232	1	232	3.10e-162	443
4_256	7_143	99.446	1985	8	1	1	1982	1	1985	0.0	3853
4_256	7_436	30.343	903	577	20	12	884	3	883	1.02e-95	328
4_256	7_503	35.516	397	209	11	60	425	37	417	1.20e-54	196
4_257	7_144	99.567	1386	6	0	1	1386	1	1386	0.0	2730
4_257	7_119	67.960	1392	423	6	1	1385	1	1376	0.0	1810
4_258	7_445	99.671	607	2	0	1	607	1	607	0.0	1218
4_259	7_145	100.000	108	0	0	1	108	1	108	3.42e-74	223
4_260	7_146	99.663	297	1	0	1	297	1	297	0.0	598
4_261	7_147	99.024	205	2	0	1	205	1	205	1.45e-143	393
4_262	7_148	99.519	416	2	0	1	416	1	416	0.0	795
4_263	7_446	99.805	512	1	0	1	512	1	512	0.0	1016
4_263	7_206	30.469	512	327	14	11	511	12	505	2.38e-54	186
4_263	7_462	23.938	259	169	9	6	263	1	232	1.37e-14	70.9
4_263	7_462	23.301	206	140	4	282	487	16	203	1.31e-06	45.4
4_263	7_167	25.108	231	157	8	6	228	60	282	5.58e-14	67.4
4_263	7_167	30.263	76	53	0	412	487	199	274	2.03e-04	37.7
4_263	7_42	25.592	211	143	5	6	215	1	198	9.32e-14	68.2
4_263	7_42	26.531	196	126	5	277	472	11	188	1.03e-10	58.5
4_263	7_408	25.676	222	145	6	6	221	5	212	1.02e-13	65.5
4_263	7_408	25.446	224	142	7	283	501	22	225	7.20e-09	51.2
4_263	7_43	28.194	227	133	7	282	505	16	215	2.49e-13	67.0
4_263	7_43	25.688	218	140	7	20	235	15	212	2.57e-13	66.6
4_263	7_84	24.576	236	141	7	13	223	14	237	3.51e-12	62.0
4_263	7_84	27.027	222	133	8	286	489	26	236	4.49e-12	61.6
4_263	7_181	24.893	233	159	7	22	245	27	252	5.14e-12	60.8
4_263	7_181	21.875	224	167	5	267	487	12	230	1.43e-07	47.4
4_263	7_83	26.818	220	126	10	21	225	19	218	2.66e-11	58.9
4_263	7_83	25.541	231	157	8	264	492	1	218	5.10e-06	42.7
4_263	7_126	30.147	136	88	4	112	244	202	333	7.13e-11	58.5
4_263	7_126	28.431	102	68	3	6	107	10	106	3.49e-08	50.1
4_263	7_126	25.287	87	64	1	404	489	224	310	4.12e-05	40.4
4_263	7_312	36.634	101	54	3	129	223	264	360	9.18e-11	58.2
4_263	7_312	35.443	79	50	1	412	489	281	359	4.16e-07	46.6
4_263	7_312	41.071	56	29	1	6	57	43	98	6.29e-06	43.1
4_263	7_1	34.409	93	54	2	402	490	498	587	1.58e-10	58.2
4_263	7_1	29.213	89	58	2	133	220	500	584	8.43e-08	49.3
4_263	7_1	29.348	92	54	4	16	104	48	131	8.28e-07	46.2
4_263	7_35	30.000	220	113	7	2	206	320	513	1.60e-10	57.8
4_263	7_10	23.333	270	154	9	28	246	29	296	9.95e-10	54.7
4_263	7_10	32.609	92	57	2	399	489	184	271	1.08e-06	45.4
4_263	7_484	25.424	236	134	10	22	230	143	363	1.21e-09	54.7
4_263	7_484	25.296	253	145	8	262	487	118	353	4.87e-08	49.7
4_263	7_158	30.097	103	62	3	129	225	601	699	4.51e-08	50.1
4_263	7_158	27.723	101	72	1	410	509	616	716	1.41e-05	42.0
4_263	7_306	24.378	201	108	6	6	176	1	187	5.63e-07	46.6
4_263	7_157	26.267	217	134	9	32	230	40	248	5.64e-06	42.7
4_263	7_157	33.333	81	53	1	410	489	160	240	6.25e-05	39.7
4_263	7_264	22.353	170	119	4	37	202	500	660	2.76e-05	41.2
4_263	7_401	26.230	183	118	8	37	215	365	534	6.53e-04	36.6
4_263	7_99	27.184	103	72	1	373	472	795	897	7.38e-04	36.6
4_264	7_149	99.761	419	1	0	1	419	1	419	0.0	846
4_265	7_152	99.673	611	2	0	1	611	1	611	0.0	1222
4_265	7_581	31.058	293	195	4	285	574	15	303	7.42e-42	148
4_265	7_186	29.600	125	86	1	176	300	2	124	3.29e-14	64.7
4_265	7_441	24.277	346	195	13	155	482	2	298	5.15e-08	49.3
4_265	7_373	26.351	148	100	5	335	477	159	302	1.22e-04	39.3
4_266	7_185	92.160	625	48	1	6	630	6	629	0.0	1174
4_266	7_464	35.227	88	39	4	124	201	197	276	5.48e-04	37.4
4_267	7_521	96.552	232	8	0	1	232	1	232	7.12e-168	459
4_268	7_218	39.241	79	46	2	1	77	1	79	2.49e-09	47.8
4_268	7_212	39.474	76	42	3	1	73	1	75	1.70e-08	45.4
4_269	7_154	99.787	939	2	0	1	939	1	939	0.0	1900
4_270	7_155	99.430	351	2	0	1	351	1	351	0.0	683
4_270	7_310	27.358	318	207	7	6	316	61	361	8.85e-23	92.8
4_271	7_157	99.713	349	1	0	1	349	1	349	0.0	713
4_271	7_484	40.240	333	193	3	5	332	116	447	4.49e-79	244
4_271	7_158	37.267	161	81	3	118	266	570	722	8.85e-31	117
4_271	7_312	37.500	136	83	1	131	266	252	385	1.07e-27	107
4_271	7_312	29.630	135	70	5	7	125	32	157	3.95e-09	52.0
4_271	7_83	31.330	233	127	7	29	252	19	227	5.35e-23	91.7
4_271	7_167	28.972	214	133	6	14	221	58	258	9.92e-19	80.1
4_271	7_408	24.783	230	150	7	30	257	22	230	1.19e-13	64.3
4_271	7_126	27.907	129	83	2	131	259	204	322	1.88e-13	65.5
4_271	7_84	33.043	115	74	2	140	254	139	250	2.42e-13	64.3
4_271	7_1	29.358	109	76	1	159	267	505	612	8.86e-13	63.9
4_271	7_1	25.899	139	83	6	4	139	30	151	2.47e-04	37.4
4_271	7_10	27.778	126	87	2	142	267	176	297	1.19e-12	62.8
4_271	7_181	38.462	78	48	0	162	239	154	231	2.54e-12	60.8
4_271	7_400	28.780	205	118	10	29	228	351	532	7.18e-09	51.6
4_271	7_446	26.267	217	134	9	40	248	32	230	4.26e-08	48.9
4_271	7_446	33.333	81	53	1	160	240	410	489	6.12e-07	45.4
4_271	7_43	32.941	85	55	1	160	244	127	209	1.77e-07	47.4
4_271	7_462	24.880	209	125	7	29	232	16	197	1.81e-07	47.4
4_271	7_99	30.702	114	67	5	161	265	833	943	3.90e-07	46.2
4_271	7_42	30.682	88	57	2	145	232	114	197	1.08e-06	44.7
4_271	7_35	26.341	205	122	8	29	228	339	519	2.17e-06	43.5
4_271	7_206	25.000	236	148	10	28	249	273	493	4.99e-06	42.4
4_271	7_306	27.143	70	47	2	163	232	449	514	3.72e-04	36.6
4_271	7_36	26.857	175	106	8	49	223	361	513	3.98e-04	36.6
4_272	7_159	99.323	443	3	0	1	443	1	443	0.0	880
4_273	7_416	99.368	1425	9	0	1	1425	1	1425	0.0	2852
4_274	7_449	98.689	305	4	0	1	305	1	305	0.0	605
4_276	7_420	99.795	487	1	0	1	487	1	487	0.0	967
4_277	7_422	99.810	527	1	0	1	527	1	527	0.0	1022
4_278	7_423	99.457	184	1	0	1	184	1	184	2.48e-135	371
4_279	7_450	99.359	156	1	0	1	156	1	156	3.98e-112	310
4_280	7_451	99.190	741	5	1	1	740	1	741	0.0	1480
4_281	7_429	99.541	218	1	0	1	218	1	218	8.05e-162	441
4_282	7_430	99.585	241	1	0	1	241	1	241	1.07e-180	490
4_283	7_431	99.593	246	1	0	1	246	1	246	0.0	497
4_284	7_408	99.580	238	1	0	1	238	1	238	6.73e-175	475
4_284	7_206	34.498	229	125	6	25	237	26	245	5.26e-24	94.7
4_284	7_206	32.051	78	53	0	136	213	407	484	3.87e-07	44.7
4_284	7_84	40.000	85	51	0	133	217	156	240	7.96e-17	72.8
4_284	7_484	28.444	225	136	8	22	223	143	365	1.45e-16	72.8
4_284	7_83	27.805	205	136	6	22	218	20	220	1.90e-15	68.6
4_284	7_446	25.676	222	145	6	5	212	6	221	4.99e-14	65.5
4_284	7_446	25.446	224	142	7	22	225	283	501	4.21e-09	50.8
4_284	7_312	32.353	102	68	1	133	233	278	379	1.89e-12	60.8
4_284	7_10	32.143	140	84	3	90	221	143	279	5.37e-12	59.3
4_284	7_158	30.108	93	64	1	133	224	615	707	6.65e-12	59.3
4_284	7_158	40.426	47	28	0	21	67	23	69	2.37e-07	45.8
4_284	7_1	32.292	96	63	2	127	221	500	594	1.78e-11	58.2
4_284	7_1	30.556	72	46	3	21	89	53	123	3.74e-04	35.8
4_284	7_43	28.814	236	143	8	8	235	4	222	3.35e-11	57.4
4_284	7_264	29.630	189	109	7	38	212	501	679	1.73e-10	55.1
4_284	7_126	31.313	99	67	1	136	233	232	330	2.17e-10	54.7
4_284	7_157	24.783	230	150	7	22	230	30	257	2.62e-10	54.3
4_284	7_400	32.065	184	107	8	24	198	354	528	4.88e-10	53.5
4_284	7_167	23.913	230	153	7	1	220	66	283	5.66e-10	53.1
4_284	7_35	28.646	192	103	6	22	197	340	513	1.08e-09	52.8
4_284	7_462	27.000	200	123	7	22	211	17	203	9.75e-09	49.7
4_284	7_306	21.397	229	162	8	5	226	319	536	6.56e-07	44.3
4_284	7_306	22.363	237	149	6	5	213	1	230	1.04e-05	40.4
4_284	7_42	27.174	184	109	7	24	196	19	188	7.42e-07	44.3
4_284	7_401	27.273	209	130	9	8	205	336	533	9.95e-07	43.5
4_284	7_181	26.582	79	57	1	135	212	153	231	3.48e-06	41.6
4_284	7_36	25.414	181	122	5	22	197	342	514	4.20e-06	41.6
4_285	7_407	99.007	705	7	0	1	705	1	705	0.0	1370
4_286	7_452	92.879	323	5	4	1	312	1	316	0.0	549
4_287	7_525	99.083	545	5	0	4	548	1	545	0.0	1111
4_287	7_403	65.385	468	139	6	83	533	192	653	0.0	595
4_287	7_403	40.678	118	46	4	4	111	1	104	3.45e-13	66.6
4_287	7_334	37.331	517	295	8	19	513	110	619	1.73e-106	327
4_287	7_456	35.110	544	278	22	18	512	17	534	9.91e-75	241
4_287	7_457	32.021	559	301	17	15	514	7	545	1.26e-74	241
4_287	7_56	30.496	423	234	11	144	519	131	540	8.92e-44	158
4_288	7_403	99.394	660	4	0	1	660	1	660	0.0	1326
4_288	7_525	65.393	471	140	6	189	653	77	530	0.0	598
4_288	7_525	43.333	120	40	6	1	104	1	108	9.60e-14	68.6
4_288	7_334	43.560	427	222	5	209	633	210	619	1.58e-107	333
4_288	7_456	37.407	540	270	19	126	632	30	534	9.38e-80	258
4_288	7_457	34.698	464	245	11	204	634	107	545	6.12e-72	237
4_288	7_56	31.670	461	251	12	214	632	95	533	3.21e-52	184
4_289	7_402	99.432	176	1	0	1	176	1	176	2.65e-130	357
4_289	7_365	40.741	54	29	1	19	69	6	59	2.01e-06	41.6
4_289	7_365	28.415	183	118	5	5	175	157	338	2.95e-06	40.8
4_289	7_261	39.344	61	33	3	19	76	10	69	1.64e-04	35.8
4_290	7_160	93.341	3379	200	13	195	3561	1	3366	0.0	6135
4_290	7_518	100.000	154	0	0	1	154	1	154	2.18e-104	327
4_290	7_526	25.660	265	138	13	496	739	346	572	3.53e-05	44.3
4_291	7_526	97.080	2740	74	4	1	2736	1	2738	0.0	5297
4_292	7_162	98.667	300	4	0	1	300	1	300	0.0	599
4_292	7_13	31.481	270	146	14	25	283	23	264	4.07e-23	91.7
4_292	7_268	33.824	136	63	8	16	150	4	113	4.48e-06	41.6
4_293	7_454	99.310	145	1	0	1	145	1	145	5.52e-105	291
4_294	7_164	99.502	201	1	0	1	201	1	201	1.33e-147	403
4_294	7_165	38.509	161	94	3	3	162	4	160	7.14e-28	99.4
4_295	7_165	99.485	194	1	0	1	194	1	194	3.27e-143	392
4_295	7_164	38.509	161	94	3	4	160	3	162	1.00e-27	99.0
4_296	7_98	98.739	238	3	0	1	238	1	238	5.32e-171	465
4_297	7_376	99.800	999	2	0	1	999	1	999	0.0	2017
4_298	7_373	99.781	457	1	0	1	457	1	457	0.0	935
4_298	7_581	23.729	295	197	10	106	396	16	286	7.42e-08	48.5
4_299	7_372	99.558	452	2	0	1	452	1	452	0.0	880
4_300	7_371	99.398	166	1	0	1	166	1	166	1.41e-116	322
4_301	7_366	98.684	76	1	0	1	76	1	76	5.14e-49	144
4_302	7_365	99.771	437	1	0	1	437	1	437	0.0	875
4_302	7_305	35.897	156	83	4	172	315	218	368	3.78e-20	87.0
4_302	7_305	30.337	89	60	2	6	93	220	307	1.34e-05	41.6
4_302	7_261	29.530	149	90	6	5	143	9	152	4.43e-09	52.0
4_302	7_261	26.220	164	110	4	173	335	9	162	4.13e-06	42.7
4_302	7_402	40.741	54	29	1	6	59	19	69	5.23e-06	41.6
4_302	7_402	28.415	183	118	5	157	338	5	175	7.06e-06	41.2
4_302	7_367	28.108	185	98	8	174	341	10	176	4.68e-05	40.0
4_302	7_544	33.846	65	33	4	5	65	113	171	2.69e-04	37.0
4_303	7_364	99.559	227	1	0	1	227	1	227	3.66e-169	460
4_304	7_363	99.734	376	1	0	1	376	1	376	0.0	773
4_305	7_362	99.833	600	1	0	1	600	1	600	0.0	1197
4_306	7_360	99.420	517	3	0	1	517	1	517	0.0	1001
4_307	7_359	99.243	1585	12	0	1	1585	1	1585	0.0	3112
4_307	7_492	26.625	323	183	13	917	1223	623	907	5.81e-14	71.6
4_307	7_492	37.383	107	59	3	281	385	297	397	1.23e-05	44.3
4_308	7_357	99.638	276	1	0	1	276	1	276	0.0	564
4_309	7_355	99.711	691	2	0	1	691	1	691	0.0	1388
4_310	7_354	99.780	455	1	0	1	455	1	455	0.0	929
4_311	7_353	99.318	440	3	0	1	440	1	440	0.0	874
4_311	7_20	35.751	193	111	4	101	283	125	314	4.27e-26	102
4_312	7_352	99.672	305	1	0	1	305	1	305	0.0	605
4_313	7_350	98.758	161	2	0	1	161	1	161	5.75e-117	322
4_314	7_342	98.442	385	6	0	1	385	1	385	0.0	735
4_315	7_340	99.656	291	1	0	1	291	1	291	0.0	579
4_315	7_553	100.000	88	0	0	315	402	1	88	1.33e-55	173
4_316	7_339	99.167	120	1	0	1	120	1	120	3.94e-84	236
4_317	7_336	99.703	337	1	0	1	337	1	337	0.0	671
4_318	7_335	99.856	694	1	0	1	694	1	694	0.0	1389
4_319	7_333	99.702	336	1	0	1	336	1	336	0.0	685
4_320	7_434	99.532	641	3	0	1	641	1	641	0.0	1283
4_320	7_112	44.131	639	334	9	3	626	5	635	7.64e-168	489
4_321	7_332	99.412	850	5	0	1	850	1	850	0.0	1684
4_321	7_137	35.402	709	430	12	6	698	50	746	1.87e-128	401
4_321	7_137	25.000	132	88	5	582	706	727	854	4.59e-04	38.1
4_322	7_331	99.661	886	3	0	1	886	1	886	0.0	1798
4_322	7_30	24.212	698	427	16	34	711	18	633	2.06e-47	176
4_322	7_386	22.941	340	205	10	440	753	393	701	1.49e-14	72.4
4_322	7_386	23.563	174	120	3	27	199	8	169	6.93e-09	53.9
4_322	7_52	25.828	151	101	3	50	200	2	141	3.66e-09	54.3
4_322	7_52	34.426	61	35	2	574	634	294	349	4.62e-05	41.2
4_323	7_330	99.020	204	2	0	1	204	1	204	7.44e-142	389
4_324	7_329	98.667	150	2	0	1	150	1	150	5.25e-104	289
4_324	7_533	35.065	77	49	1	67	143	26	101	5.11e-08	43.5
4_325	7_328	98.498	333	5	0	1	333	1	333	0.0	651
4_326	7_327	99.323	443	3	0	1	443	1	443	0.0	868
4_327	7_433	98.333	120	2	0	1	120	1	120	1.01e-83	235
4_328	7_326	99.355	465	3	0	1	465	1	465	0.0	924
4_329	7_325	99.317	439	3	0	1	439	1	439	0.0	868
4_330	7_324	98.969	97	1	0	1	97	1	97	3.43e-66	189
4_331	7_14	99.303	287	2	0	1	287	1	287	0.0	573
4_331	7_188	35.827	254	122	7	1	234	1	233	2.99e-33	118
4_332	7_15	98.765	81	1	0	1	81	1	81	4.85e-57	165
4_333	7_16	99.625	534	2	0	1	534	1	534	0.0	1056
4_334	7_18	99.701	335	1	0	1	335	1	335	0.0	662
4_335	7_20	99.700	333	1	0	1	333	1	333	0.0	662
4_335	7_353	34.375	192	115	3	125	314	101	283	3.74e-25	99.8
4_336	7_22	99.691	324	1	0	1	324	1	324	0.0	663
4_336	7_432	41.846	325	176	7	7	324	7	325	7.27e-57	182
4_336	7_500	22.941	340	195	13	1	296	321	637	2.26e-09	52.8
4_337	7_27	99.836	609	1	0	1	609	1	609	0.0	1216
4_338	7_28	99.745	783	2	0	1	783	1	783	0.0	1560
4_339	7_29	99.433	353	2	0	1	353	1	353	0.0	696
4_339	7_309	27.129	317	167	15	46	345	64	333	4.98e-07	45.4
4_340	7_30	99.757	823	2	0	1	823	1	823	0.0	1655
4_340	7_331	24.291	741	451	18	18	668	34	754	6.51e-49	181
4_340	7_386	22.781	338	192	11	393	679	398	717	1.12e-13	69.3
4_340	7_386	27.174	184	113	4	6	186	3	168	6.02e-09	53.9
4_340	7_52	23.560	191	114	4	32	222	3	161	2.23e-07	48.5
4_341	7_31	99.843	638	1	0	1	638	1	638	0.0	1249
4_342	7_32	99.688	321	1	0	1	321	1	321	0.0	622
4_343	7_33	99.038	520	5	0	1	520	1	520	0.0	1006
4_344	7_507	99.375	160	1	0	1	160	1	160	5.43e-113	312
4_345	7_34	99.528	212	1	0	1	212	1	212	8.22e-148	405
4_346	7_36	99.813	535	1	0	1	535	1	535	0.0	1038
4_346	7_401	31.445	512	325	9	31	526	35	536	1.03e-54	187
4_346	7_400	31.604	212	135	3	321	526	331	538	1.22e-30	120
4_346	7_35	31.202	391	220	16	155	521	155	520	6.87e-25	102
4_346	7_83	32.353	204	117	11	327	514	2	200	8.15e-13	63.5
4_346	7_42	30.882	204	134	4	327	527	2	201	2.33e-11	60.8
4_346	7_264	32.184	174	95	8	352	510	495	660	1.06e-10	58.5
4_346	7_462	29.167	216	128	8	327	530	2	204	8.10e-09	52.8
4_346	7_43	29.167	216	137	9	327	534	2	209	3.33e-08	50.4
4_346	7_167	29.570	186	108	8	341	510	79	257	1.68e-07	47.8
4_346	7_306	35.185	54	35	0	335	388	10	63	8.77e-06	42.7
4_346	7_408	25.414	181	122	5	342	514	22	197	1.54e-05	41.2
4_346	7_126	32.787	61	41	0	327	387	11	71	4.94e-05	40.0
4_346	7_1	25.301	83	59	1	324	406	36	115	3.11e-04	37.7
4_346	7_206	25.532	188	118	5	346	517	27	208	6.40e-04	36.6
4_347	7_517	97.391	115	3	0	1	115	19	133	1.82e-78	222
4_348	7_37	98.521	1217	11	4	1	1213	1	1214	0.0	2377
4_348	7_111	31.677	322	209	5	1	314	4	322	4.57e-42	162
4_348	7_111	26.573	286	168	7	720	1002	521	767	9.40e-17	80.1
4_348	7_111	35.088	114	70	4	472	583	357	468	4.53e-10	58.5
4_348	7_91	33.217	286	181	5	3	285	11	289	3.89e-35	139
4_348	7_91	30.822	292	137	10	737	1016	545	783	2.55e-23	101
4_348	7_91	32.231	121	72	5	477	594	361	474	1.81e-05	43.5
4_348	7_4	25.714	245	153	5	10	249	1	221	9.08e-15	73.6
4_348	7_448	26.556	241	150	8	1	234	1	221	4.09e-11	62.0
4_348	7_448	28.276	145	81	7	968	1101	851	983	3.42e-05	42.7
4_348	7_106	22.624	221	146	6	14	234	31	226	7.09e-05	41.6
4_349	7_38	98.214	1176	18	1	1	1176	1	1173	0.0	2311
4_349	7_110	32.197	264	157	5	7	261	5	255	3.18e-28	117
4_349	7_110	23.833	407	213	17	584	971	445	773	6.30e-09	54.7
4_349	7_90	32.661	248	150	8	10	252	13	248	1.55e-24	105
4_349	7_447	29.560	159	99	4	6	161	2	150	4.16e-11	62.0
4_349	7_3	22.680	388	252	14	7	383	2	352	2.80e-05	42.7
4_349	7_107	39.474	38	23	0	281	318	260	297	4.40e-04	38.9
4_350	7_529	99.194	496	4	0	1	496	1	496	0.0	964
4_350	7_558	27.750	400	245	15	122	489	194	581	1.03e-22	95.9
4_351	7_39	99.128	344	3	0	1	344	1	344	0.0	699
4_351	7_275	27.451	204	135	5	121	314	3	203	2.26e-15	69.7
4_352	7_41	99.634	273	1	0	1	273	1	273	0.0	560
4_353	7_42	99.352	772	5	0	1	772	1	772	0.0	1498
4_353	7_43	48.630	438	197	9	1	416	1	432	1.07e-108	341
4_353	7_43	45.736	129	70	0	644	772	518	646	1.31e-22	97.4
4_353	7_462	30.370	810	482	20	1	772	1	766	3.69e-86	284
4_353	7_167	29.442	197	127	5	16	202	79	273	4.54e-19	83.6
4_353	7_206	32.673	202	122	5	6	195	12	211	1.51e-15	74.7
4_353	7_446	25.592	211	143	5	1	198	6	215	1.20e-13	68.6
4_353	7_446	26.531	196	126	5	11	188	277	472	1.38e-10	58.9
4_353	7_84	25.000	208	129	5	17	198	23	229	1.54e-13	66.6
4_353	7_400	26.887	212	136	7	1	201	336	539	2.98e-12	64.3
4_353	7_181	27.586	203	118	8	19	198	29	225	1.19e-11	60.5
4_353	7_401	31.373	204	111	9	13	200	346	536	2.65e-11	61.2
4_353	7_36	30.882	204	134	4	2	201	327	527	4.60e-11	60.5
4_353	7_306	22.993	274	175	5	1	240	1	272	9.79e-11	59.3
4_353	7_306	24.762	210	137	8	1	200	319	517	9.16e-06	43.1
4_353	7_1	31.897	116	70	2	102	208	474	589	1.53e-09	55.8
4_353	7_1	32.673	101	60	2	2	97	39	136	2.83e-07	48.5
4_353	7_10	30.986	142	89	5	59	197	128	263	2.31e-09	54.3
4_353	7_10	52.778	36	17	0	21	56	27	62	5.45e-05	40.4
4_353	7_35	28.351	194	128	6	1	188	324	512	1.34e-08	52.4
4_353	7_126	32.955	88	57	1	7	92	16	103	1.98e-08	51.6
4_353	7_126	32.394	142	92	3	107	245	211	351	2.11e-08	51.6
4_353	7_83	23.618	199	141	6	13	202	16	212	5.28e-08	49.7
4_353	7_312	25.191	131	91	3	72	197	223	351	1.56e-07	48.9
4_353	7_264	24.479	192	131	5	23	204	491	678	3.09e-07	48.1
4_353	7_99	38.144	97	51	4	110	200	815	908	6.08e-07	47.4
4_353	7_99	28.571	147	88	6	64	193	416	562	1.45e-04	39.7
4_353	7_158	27.957	93	65	1	108	198	597	689	6.39e-07	47.4
4_353	7_408	27.174	184	109	7	19	188	24	196	2.34e-06	44.3
4_353	7_484	25.592	211	123	8	16	197	142	347	5.73e-06	43.9
4_353	7_157	30.682	88	57	2	114	197	145	232	2.15e-04	38.5
4_354	7_43	99.692	650	2	0	1	650	1	650	0.0	1259
4_354	7_42	48.630	438	197	9	1	432	1	416	1.53e-108	340
4_354	7_42	39.344	183	105	1	470	646	590	772	9.05e-31	122
4_354	7_462	39.602	452	247	10	1	438	1	440	3.37e-89	289
4_354	7_462	29.348	184	126	2	467	646	583	766	2.72e-16	77.0
4_354	7_167	30.244	205	123	6	16	206	79	277	3.43e-20	86.7
4_354	7_400	30.189	212	129	8	1	201	336	539	1.51e-15	74.3
4_354	7_401	32.558	215	117	9	2	200	334	536	2.99e-15	73.2
4_354	7_84	28.169	213	128	6	18	205	24	236	2.54e-14	68.9
4_354	7_83	31.081	222	129	11	1	205	1	215	8.24e-14	67.0
4_354	7_446	28.194	227	133	7	16	215	282	505	3.41e-13	66.6
4_354	7_446	25.688	218	140	7	15	212	20	235	3.54e-13	66.6
4_354	7_206	29.524	210	134	5	10	205	12	221	1.40e-12	64.7
4_354	7_206	28.755	233	134	9	2	208	261	487	4.63e-09	53.5
4_354	7_306	25.214	234	142	6	1	205	1	230	2.89e-12	63.9
4_354	7_306	28.095	210	134	8	1	202	319	519	3.12e-09	54.3
4_354	7_408	29.596	223	136	8	4	214	8	221	9.48e-11	57.0
4_354	7_35	27.885	208	111	6	1	188	324	512	1.28e-10	58.5
4_354	7_264	30.726	179	101	8	32	195	500	670	8.17e-10	56.2
4_354	7_1	32.967	91	59	1	119	207	498	588	1.02e-09	55.8
4_354	7_1	33.333	99	58	3	2	95	39	134	7.20e-07	46.6
4_354	7_10	28.667	150	100	3	60	207	129	273	2.88e-09	53.9
4_354	7_10	43.636	55	31	0	2	56	8	62	1.25e-05	42.4
4_354	7_158	34.940	83	52	1	127	207	616	698	5.95e-09	53.5
4_354	7_181	26.141	241	139	10	14	224	24	255	7.22e-09	51.6
4_354	7_484	25.688	218	138	7	16	209	142	359	1.10e-08	52.4
4_354	7_126	31.915	94	62	1	1	92	10	103	1.92e-08	51.6
4_354	7_126	37.374	99	56	3	126	220	229	325	2.84e-08	50.8
4_354	7_36	29.167	216	137	9	2	209	327	534	4.89e-08	50.4
4_354	7_312	32.692	104	64	3	115	215	267	367	6.19e-08	49.7
4_354	7_157	32.941	85	55	1	127	209	160	244	2.76e-05	41.2
4_354	7_99	36.905	84	44	4	121	198	826	906	1.27e-04	39.7
4_355	7_582	99.078	434	4	0	131	564	1	434	0.0	883
4_355	7_580	46.186	485	193	15	130	563	1	468	4.50e-109	329
4_355	7_575	47.416	445	189	14	149	563	1	430	6.03e-108	325
4_355	7_574	42.643	401	174	13	156	522	6	384	7.57e-88	273
4_355	7_505	97.500	120	3	0	1	120	1	120	1.05e-74	228
4_355	7_465	73.077	104	28	0	5	108	8	111	2.11e-44	148
4_355	7_527	70.192	104	31	0	5	108	8	111	9.15e-43	144
4_355	7_468	69.231	104	32	0	5	108	8	111	1.31e-42	144
4_355	7_561	69.388	98	30	0	5	102	8	105	2.83e-40	136
4_355	7_573	71.287	101	28	1	149	249	1	100	1.61e-38	142
4_355	7_573	49.306	144	66	3	381	522	283	421	2.78e-38	141
4_355	7_466	44.444	108	53	3	6	106	7	114	1.60e-19	79.7
4_356	7_44	96.411	808	26	1	1	808	1	805	0.0	1555
4_356	7_45	45.844	794	383	15	45	808	27	803	0.0	610
4_356	7_411	35.210	835	418	31	1	771	1	776	8.19e-107	341
4_356	7_183	68.293	41	13	0	45	85	22	62	8.72e-15	64.7
4_357	7_380	99.796	979	2	0	1	979	1	979	0.0	1927
4_358	7_46	97.423	194	5	0	1	194	1	194	1.53e-138	380
4_359	7_47	98.721	469	6	0	1	469	1	469	0.0	926
4_360	7_50	99.703	337	1	0	1	337	1	337	0.0	685
4_361	7_51	99.609	256	1	0	1	256	1	256	0.0	509
4_362	7_52	99.611	514	2	0	1	514	1	514	0.0	1039
4_362	7_331	26.490	151	100	3	2	141	50	200	1.97e-09	54.7
4_362	7_331	34.426	61	35	2	294	349	574	634	2.75e-05	41.2
4_362	7_386	34.444	90	58	1	3	91	29	118	4.30e-08	50.1
4_362	7_386	33.000	100	59	3	264	355	513	612	1.00e-07	48.9
4_362	7_30	24.084	191	113	4	3	161	32	222	9.29e-08	49.3
4_363	7_57	99.550	222	1	0	1	222	1	222	1.64e-162	442
4_364	7_59	99.583	240	1	0	1	240	1	240	0.0	501
4_365	7_60	99.661	295	1	0	1	295	1	295	0.0	592
4_365	7_427	26.552	290	175	9	21	293	10	278	3.76e-20	83.6
4_365	7_509	26.502	283	175	9	19	293	3	260	8.83e-16	70.5
4_365	7_304	27.170	265	163	10	21	275	5	249	1.35e-13	64.3
4_365	7_96	25.368	272	165	12	15	274	1	246	6.10e-05	38.1
4_366	7_61	99.412	170	1	0	1	170	1	170	1.58e-121	335
4_367	7_469	99.700	666	2	0	1	666	1	666	0.0	1339
4_367	7_218	62.963	81	30	0	232	312	279	359	3.73e-25	105
4_368	7_63	99.462	372	2	0	1	372	1	372	0.0	760
4_369	7_511	99.675	615	2	0	1	615	1	615	0.0	1264
4_370	7_66	99.769	865	2	0	1	865	1	865	0.0	1714
4_371	7_67	99.766	428	1	0	1	428	1	428	0.0	852
4_372	7_68	99.824	567	1	0	1	567	1	567	0.0	1142
4_372	7_474	28.049	246	157	9	14	247	18	255	1.28e-12	64.3
4_372	7_474	46.154	39	21	0	503	541	409	447	1.47e-05	42.0
4_372	7_303	27.338	139	98	2	110	245	145	283	2.61e-10	57.4
4_372	7_303	46.809	47	22	1	489	535	439	482	4.78e-08	50.1
4_373	7_69	99.918	1216	1	0	1	1216	1	1216	0.0	2396
4_373	7_219	26.623	154	99	6	1054	1202	7	151	0.001	36.2
4_374	7_70	99.886	880	1	0	1	880	1	880	0.0	1779
4_375	7_71	99.614	259	1	0	1	259	1	259	0.0	525
4_376	7_72	99.778	451	1	0	1	451	1	451	0.0	916
4_377	7_75	99.624	266	1	0	1	266	1	266	0.0	523
4_377	7_244	37.143	105	61	3	22	121	37	141	4.11e-14	65.5
4_378	7_76	99.699	332	1	0	1	332	1	332	0.0	661
4_379	7_79	98.370	184	3	0	1	184	1	184	2.97e-131	360
4_380	7_81	98.969	291	3	0	1	291	1	291	0.0	554
4_380	7_78	32.381	105	65	3	37	139	76	176	6.49e-06	42.0
4_381	7_82	99.582	239	1	0	1	239	1	239	4.07e-174	473
4_382	7_83	99.632	272	1	0	1	272	1	272	0.0	541
4_382	7_84	34.188	234	133	6	19	232	22	254	2.81e-34	120
4_382	7_400	34.694	196	110	5	16	205	348	531	3.42e-19	81.6
4_382	7_484	26.800	250	159	8	3	229	122	370	7.52e-19	80.5
4_382	7_157	31.330	233	127	7	19	227	29	252	1.12e-18	79.3
4_382	7_167	28.636	220	132	4	19	225	79	286	1.61e-18	78.2
4_382	7_158	36.275	102	64	1	127	227	607	708	2.47e-15	70.5
4_382	7_158	33.333	75	43	3	23	91	27	100	2.83e-04	36.6
4_382	7_408	27.805	205	136	6	20	220	22	218	2.47e-15	68.6
4_382	7_401	30.189	212	132	8	2	208	334	534	1.42e-14	67.8
4_382	7_35	32.075	212	118	6	1	204	324	517	2.25e-14	67.4
4_382	7_43	31.081	222	129	11	1	215	1	205	9.63e-14	65.5
4_382	7_126	34.545	110	71	1	118	226	212	321	2.65e-13	63.9
4_382	7_126	26.050	119	79	3	16	128	22	137	1.14e-05	40.8
4_382	7_36	32.353	204	117	11	2	200	327	514	3.03e-13	63.9
4_382	7_1	31.776	107	72	1	116	221	486	592	3.23e-13	63.9
4_382	7_1	31.915	94	55	3	16	106	50	137	4.00e-06	42.4
4_382	7_306	27.778	198	108	5	16	185	13	203	1.43e-12	62.0
4_382	7_446	27.273	220	125	10	19	218	21	225	2.05e-12	61.2
4_382	7_446	25.541	231	157	8	1	218	264	492	3.42e-06	42.4
4_382	7_312	32.500	120	77	3	104	219	244	363	2.54e-12	60.8
4_382	7_206	32.143	196	124	6	28	217	31	223	5.63e-12	60.1
4_382	7_10	24.221	289	161	9	2	236	8	292	3.24e-11	57.4
4_382	7_181	26.848	257	156	9	1	240	9	250	1.56e-08	48.9
4_382	7_42	23.618	199	141	6	16	212	13	202	3.25e-08	48.9
4_382	7_462	27.149	221	125	10	1	208	1	198	7.77e-08	47.8
4_382	7_99	29.801	151	85	7	90	224	783	928	1.18e-07	47.0
4_382	7_264	24.757	206	130	7	2	197	471	661	1.59e-07	46.6
4_383	7_84	99.333	300	2	0	1	300	1	300	0.0	598
4_383	7_83	34.615	234	132	6	22	254	19	232	2.20e-35	124
4_383	7_126	35.897	156	87	5	130	276	204	355	3.64e-19	82.0
4_383	7_126	26.923	104	54	3	21	123	24	106	1.25e-05	40.8
4_383	7_408	27.854	219	136	3	22	240	21	217	2.31e-18	77.4
4_383	7_158	39.091	110	66	1	140	248	599	708	9.35e-17	75.1
4_383	7_158	38.462	39	23	1	10	48	12	49	6.99e-04	35.4
4_383	7_462	28.169	213	122	8	23	232	17	201	1.36e-16	74.7
4_383	7_43	28.638	213	127	6	24	236	18	205	4.04e-16	73.2
4_383	7_312	36.641	131	75	3	136	260	258	386	5.75e-16	72.4
4_383	7_484	26.695	236	138	7	32	250	152	369	8.37e-16	72.0
4_383	7_206	29.464	224	131	5	22	239	22	224	1.71e-15	71.2
4_383	7_206	21.596	213	160	4	26	236	277	484	2.68e-06	43.1
4_383	7_42	26.190	210	124	6	23	229	17	198	2.16e-15	71.2
4_383	7_446	24.576	236	141	7	14	237	13	223	6.99e-14	66.2
4_383	7_446	27.602	221	131	8	27	236	287	489	3.14e-13	64.3
4_383	7_10	26.045	311	161	12	27	298	27	307	1.76e-13	64.7
4_383	7_167	29.327	208	109	8	21	217	78	258	3.63e-13	63.5
4_383	7_1	25.806	155	88	3	152	279	501	655	9.65e-13	63.2
4_383	7_1	32.143	84	38	3	22	105	53	117	1.11e-06	44.3
4_383	7_157	27.197	239	155	8	20	250	27	254	4.73e-11	57.4
4_383	7_181	31.646	79	53	1	158	235	153	231	2.70e-10	54.3
4_383	7_306	24.762	210	126	6	26	219	20	213	4.52e-08	48.5
4_383	7_99	32.051	78	50	1	145	219	820	897	4.31e-07	45.8
4_383	7_99	28.090	89	62	1	136	222	470	558	1.23e-06	44.3
4_383	7_35	25.366	205	115	6	22	219	339	512	6.45e-06	42.0
4_383	7_401	21.827	197	131	4	22	218	349	522	1.67e-05	40.4
4_383	7_400	25.243	206	113	9	23	219	352	525	5.99e-04	35.8
4_384	7_85	99.688	320	1	0	1	320	1	320	0.0	626
4_385	7_86	99.710	690	2	0	1	690	1	690	0.0	1372
4_386	7_87	99.685	317	1	0	1	317	1	317	0.0	641
4_387	7_88	99.656	871	3	0	1	871	1	871	0.0	1711
4_388	7_89	99.310	145	1	0	1	145	1	145	3.91e-102	284
4_389	7_306	99.814	538	1	0	1	538	1	538	0.0	1097
4_389	7_43	25.641	234	141	6	1	230	1	205	1.20e-12	64.7
4_389	7_43	28.571	210	133	8	319	519	1	202	1.12e-09	55.5
4_389	7_83	27.778	198	108	5	13	203	16	185	2.07e-12	62.4
4_389	7_42	22.993	274	175	5	1	272	1	240	6.53e-11	59.3
4_389	7_42	24.645	211	138	8	319	518	1	201	6.12e-06	43.5
4_389	7_35	28.342	187	110	5	1	187	324	486	2.55e-10	57.4
4_389	7_206	26.271	236	145	9	2	230	8	221	6.66e-10	55.8
4_389	7_206	32.432	74	47	2	453	523	149	222	3.49e-04	37.4
4_389	7_400	23.853	218	133	6	1	213	336	525	7.75e-09	52.4
4_389	7_401	44.898	49	27	0	13	61	346	394	9.39e-08	48.9
4_389	7_446	24.064	187	126	4	1	187	6	176	5.33e-07	46.6
4_389	7_1	35.088	57	37	0	2	58	39	95	7.07e-07	46.2
4_389	7_1	23.810	84	60	1	152	231	504	587	3.66e-05	40.8
4_389	7_84	24.286	210	127	6	20	213	26	219	9.33e-07	45.1
4_389	7_408	21.397	229	162	8	319	536	5	226	1.59e-06	43.9
4_389	7_408	22.363	237	149	6	1	230	5	213	2.53e-05	40.4
4_389	7_462	26.027	219	131	9	319	521	1	204	7.25e-06	43.1
4_389	7_462	20.851	235	133	6	1	219	1	198	9.14e-06	42.7
4_389	7_36	35.185	54	35	0	10	63	335	388	8.23e-06	42.7
4_389	7_126	31.765	85	54	1	150	230	226	310	1.91e-05	41.6
4_389	7_126	27.586	58	42	0	1	58	10	67	2.69e-05	41.2
4_389	7_181	22.078	231	150	6	320	525	10	235	4.15e-05	40.0
4_389	7_181	20.732	246	135	6	14	233	24	235	1.88e-04	37.7
4_389	7_484	23.913	184	111	6	16	187	142	308	1.10e-04	39.3
4_389	7_10	27.174	92	64	1	443	534	188	276	3.28e-04	37.4
4_389	7_264	25.126	199	105	10	32	217	500	667	4.82e-04	37.4
4_389	7_158	28.169	71	47	1	449	515	619	689	7.11e-04	36.6
4_390	7_307	99.568	695	3	0	1	695	1	695	0.0	1373
4_391	7_312	99.774	443	1	0	1	443	1	443	0.0	890
4_391	7_158	37.751	249	137	4	204	437	530	775	1.28e-43	157
4_391	7_158	39.175	97	55	2	61	156	22	115	9.22e-13	64.7
4_391	7_484	45.082	122	66	1	273	394	269	389	1.46e-28	112
4_391	7_484	35.185	108	53	4	59	156	139	239	1.81e-11	60.1
4_391	7_126	27.041	392	247	11	43	417	10	379	1.20e-23	97.4
4_391	7_157	37.500	136	83	1	252	385	131	266	1.94e-23	95.5
4_391	7_157	29.630	135	70	5	32	157	7	125	5.28e-09	52.0
4_391	7_1	38.298	94	57	1	274	366	501	594	5.78e-17	77.8
4_391	7_1	29.688	128	75	3	38	165	33	145	4.74e-10	56.2
4_391	7_181	34.711	121	77	2	251	371	126	244	6.12e-16	72.0
4_391	7_84	36.719	128	73	3	261	386	139	260	2.21e-15	71.2
4_391	7_10	33.333	90	60	0	282	371	194	283	9.00e-15	70.1
4_391	7_167	42.857	84	47	1	276	359	194	276	1.07e-14	69.3
4_391	7_167	31.481	108	69	2	42	147	59	163	1.48e-06	44.3
4_391	7_83	32.500	120	77	3	244	363	104	219	2.07e-12	62.0
4_391	7_408	32.353	102	68	1	278	379	133	233	3.58e-12	60.8
4_391	7_446	36.634	101	54	3	264	360	129	223	7.88e-11	58.2
4_391	7_446	35.443	79	50	1	281	359	412	489	3.53e-07	46.6
4_391	7_446	41.071	56	29	1	43	98	6	57	5.17e-06	43.1
4_391	7_43	32.692	104	64	3	267	367	115	215	3.80e-08	50.1
4_391	7_42	25.191	131	91	3	223	351	72	197	9.34e-08	48.9
4_391	7_462	29.600	125	78	5	267	390	115	230	2.10e-07	47.8
4_391	7_206	25.954	131	94	2	229	359	357	484	1.20e-05	42.0
4_391	7_400	38.983	59	33	1	281	339	467	522	4.62e-05	40.0
4_391	7_35	29.412	85	53	2	30	111	308	388	1.52e-04	38.5
4_391	7_401	27.132	129	76	4	23	138	302	425	4.88e-04	36.6
4_391	7_99	26.984	189	115	7	240	424	450	619	5.41e-04	36.6
4_392	7_313	99.508	2033	10	0	1	2033	1	2033	0.0	4071
4_393	7_314	99.664	892	3	0	1	892	1	892	0.0	1798
4_397	7_173	59.846	259	102	1	18	274	2	260	2.97e-108	309
4_401	7_70	43.700	881	485	8	4	881	2	874	0.0	731
4_402	7_317	99.788	472	1	0	1	472	1	472	0.0	924
4_403	7_319	99.603	504	2	0	1	504	1	504	0.0	974
4_403	7_7	25.901	444	264	16	10	403	51	479	5.45e-21	90.9
4_404	7_565	98.558	208	3	0	1	208	38	245	3.08e-150	412
4_404	7_256	25.654	191	131	5	18	201	28	214	2.82e-10	52.8
4_405	7_189	99.158	594	5	0	1	594	1	594	0.0	1180
4_405	7_210	28.413	630	325	21	34	582	29	613	7.85e-44	162
4_406	7_190	99.606	254	1	0	1	254	1	254	0.0	522
4_407	7_550	98.361	366	6	0	12	377	1	366	0.0	725
4_408	7_196	99.187	984	5	2	1	984	1	981	0.0	1959
4_408	7_444	22.222	720	356	26	188	785	789	1426	1.36e-17	82.8
4_409	7_197	99.833	599	1	0	1	599	1	599	0.0	1219
4_409	7_367	30.093	216	126	7	117	315	10	217	6.27e-17	78.6
4_409	7_369	37.008	127	62	2	116	224	13	139	8.25e-14	68.9
4_409	7_142	32.099	162	90	3	116	257	21	182	2.56e-13	66.6
4_410	7_198	99.838	617	1	0	1	617	1	617	0.0	1241
4_411	7_199	99.700	666	2	0	1	666	1	666	0.0	1348
4_412	7_200	99.655	579	2	0	1	579	1	579	0.0	1173
4_412	7_510	24.129	373	214	16	197	551	38	359	6.77e-04	36.6
4_413	7_491	99.694	327	1	0	1	327	1	327	0.0	659
4_414	7_492	99.906	1065	1	0	1	1065	1	1065	0.0	2135
4_414	7_359	26.625	323	183	13	623	907	917	1223	3.62e-14	71.6
4_414	7_359	37.383	107	59	3	297	397	281	385	5.23e-10	58.2
4_415	7_202	99.593	246	1	0	1	246	1	246	4.84e-179	486
4_416	7_494	99.623	265	1	0	3	267	2	266	0.0	506
4_417	7_495	98.918	462	5	0	1	462	1	462	0.0	922
4_418	7_496	99.649	569	2	0	1	569	1	569	0.0	1100
4_418	7_207	30.556	216	124	4	79	285	18	216	1.00e-11	60.8
4_419	7_210	99.879	826	1	0	1	826	1	826	0.0	1673
4_419	7_189	28.413	630	325	21	29	613	34	582	5.28e-49	177
4_420	7_211	98.415	820	8	2	1	818	1	817	0.0	1651
4_420	7_497	28.571	616	326	23	252	805	246	809	3.17e-44	166
4_421	7_212	99.403	670	4	0	1	670	63	732	0.0	1340
4_421	7_542	38.195	665	339	22	26	645	55	692	7.29e-126	385
4_421	7_218	30.838	334	202	9	223	529	388	719	9.28e-34	132
4_421	7_218	65.591	93	19	3	1	92	63	143	3.22e-10	57.8
4_422	7_219	99.379	161	1	0	1	161	1	161	1.71e-113	313
4_422	7_69	26.623	154	99	6	7	151	1054	1202	1.47e-04	35.8
4_423	7_221	99.813	534	1	0	1	534	1	534	0.0	1087
4_424	7_222	97.462	197	5	0	1	197	1	197	4.00e-132	363
4_425	7_473	99.522	627	3	0	1	627	1	627	0.0	1242
4_426	7_229	99.368	475	3	0	1	475	1	475	0.0	917
4_427	7_474	99.555	449	2	0	1	449	1	449	0.0	919
4_427	7_68	28.163	245	158	8	18	255	14	247	1.27e-12	63.9
4_427	7_68	46.154	39	21	0	409	447	503	541	1.21e-05	42.0
4_427	7_303	23.176	466	288	19	14	442	51	483	1.81e-09	53.9
4_428	7_232	99.761	418	1	0	1	418	1	418	0.0	849
4_429	7_235	99.861	720	1	0	1	720	1	720	0.0	1483
4_430	7_239	99.620	263	1	0	1	263	1	263	0.0	503
4_430	7_130	27.350	117	73	3	48	152	110	226	1.56e-06	42.7
4_430	7_130	34.127	126	50	5	24	118	139	262	2.42e-06	42.4
4_430	7_130	33.333	93	52	3	35	117	121	213	3.09e-05	38.9
4_431	7_246	99.796	489	1	0	1	489	1	489	0.0	964
4_432	7_250	99.786	467	1	0	1	467	1	467	0.0	954
4_433	7_478	99.425	174	1	0	1	174	1	174	7.45e-130	356
4_434	7_253	99.630	270	1	0	1	270	1	270	0.0	545
4_435	7_302	99.718	709	2	0	1	709	1	709	0.0	1422
4_436	7_301	98.653	297	4	0	1	297	1	297	0.0	572
4_437	7_299	99.887	883	1	0	1	883	1	883	0.0	1785
4_438	7_298	99.559	227	1	0	1	227	1	227	8.00e-167	454
4_439	7_297	99.512	205	1	0	1	205	1	205	4.20e-150	410
4_440	7_294	99.533	214	1	0	1	214	1	214	1.37e-156	427
4_441	7_292	99.645	282	1	0	1	282	1	282	0.0	564
4_442	7_285	99.065	107	1	0	1	107	1	107	4.04e-72	205
4_443	7_279	99.614	259	1	0	1	259	1	259	0.0	518
4_444	7_277	99.789	473	1	0	1	473	1	473	0.0	926
4_445	7_276	99.057	212	2	0	1	212	1	212	9.07e-156	425
4_446	7_269	98.333	120	2	0	1	120	1	120	1.90e-86	242
4_447	7_268	99.576	236	1	0	1	236	1	236	2.07e-171	466
4_447	7_162	33.088	136	64	8	4	113	16	150	6.56e-06	40.8
4_448	7_267	99.475	381	2	0	1	381	1	381	0.0	750
4_449	7_266	99.582	239	1	0	1	239	1	239	3.49e-175	476
4_450	7_481	99.346	153	1	0	1	153	1	153	2.03e-106	295
4_451	7_261	98.976	293	3	0	1	293	1	293	0.0	579
4_451	7_365	28.571	147	96	5	8	152	4	143	5.85e-09	51.2
4_451	7_365	27.711	166	105	5	9	162	173	335	1.21e-06	43.9
4_451	7_305	37.705	61	35	1	5	65	218	275	4.09e-05	39.3
4_451	7_402	39.344	61	33	3	10	69	19	76	2.44e-04	35.8
4_452	7_257	99.298	285	2	0	1	285	1	285	0.0	568
4_453	7_255	99.556	450	2	0	1	450	1	450	0.0	894
4_454	7_254	100.000	403	0	0	1	403	9	411	0.0	805
4_455	7_502	99.507	203	1	0	1	203	1	203	1.12e-146	401
4_456	7_381	99.020	408	4	0	1	408	1	408	0.0	815
4_457	7_385	99.849	662	1	0	1	662	1	662	0.0	1329
4_458	7_386	99.873	790	1	0	1	790	1	790	0.0	1607
4_458	7_331	22.941	340	205	10	393	701	440	753	1.46e-14	72.0
4_458	7_331	23.563	174	120	3	8	169	27	199	6.44e-09	53.9
4_458	7_30	24.103	195	101	6	398	592	393	540	4.76e-12	63.9
4_458	7_30	27.174	184	113	4	3	168	6	186	9.32e-09	53.1
4_458	7_52	34.444	90	58	1	29	118	3	91	4.89e-08	50.4
4_458	7_52	33.000	100	59	3	513	612	264	355	1.58e-07	48.9
4_459	7_500	99.850	665	1	0	1	665	1	665	0.0	1345
4_459	7_22	22.941	340	195	13	321	637	1	296	6.07e-09	52.8
4_459	7_432	28.452	239	134	10	325	557	9	216	1.39e-08	51.6
4_460	7_516	99.568	463	2	0	1	463	1	463	0.0	933
4_461	7_388	99.756	410	1	0	1	410	1	410	0.0	808
4_462	7_389	99.559	227	1	0	1	227	1	227	1.27e-163	446
4_463	7_393	99.383	324	2	0	1	324	1	324	0.0	637
4_464	7_394	99.789	946	2	0	1	946	1	946	0.0	1862
4_465	7_396	99.598	249	1	0	1	249	1	249	0.0	499
4_466	7_398	99.857	700	1	0	1	700	1	700	0.0	1420
4_467	7_399	99.485	582	3	0	1	582	1	582	0.0	1175
4_467	7_497	34.343	99	53	5	484	582	724	810	0.001	36.6
4_468	7_400	99.629	539	2	0	1	539	1	539	0.0	1044
4_468	7_35	28.893	533	353	10	7	533	8	520	4.43e-49	172
4_468	7_36	31.604	212	135	3	331	538	321	526	2.28e-30	119
4_468	7_401	38.914	221	127	7	322	538	320	536	5.61e-30	118
4_468	7_83	34.694	196	110	5	348	531	16	205	1.22e-18	80.9
4_468	7_43	29.717	212	130	8	336	539	1	201	4.68e-15	72.4
4_468	7_462	29.897	194	126	6	336	525	1	188	4.75e-13	66.2
4_468	7_42	26.415	212	137	7	336	539	1	201	6.69e-12	62.4
4_468	7_264	31.138	167	94	7	369	522	502	660	5.34e-10	56.2
4_468	7_408	31.522	184	108	8	354	528	24	198	2.91e-09	52.4
4_468	7_306	23.853	218	133	6	336	525	1	213	7.50e-09	52.4
4_468	7_206	31.148	183	104	8	355	522	26	201	5.07e-08	49.7
4_468	7_167	25.510	196	125	7	351	532	79	267	9.01e-08	48.5
4_468	7_158	38.983	59	33	1	467	522	618	676	5.98e-07	46.6
4_468	7_1	27.778	90	61	2	452	538	493	581	1.54e-06	45.4
4_468	7_10	29.412	85	52	2	441	522	172	251	5.19e-06	43.1
4_468	7_157	29.126	206	116	11	351	532	29	228	6.85e-06	42.7
4_468	7_126	30.769	78	53	1	327	404	1	77	1.04e-05	42.4
4_468	7_126	35.294	68	41	1	464	528	229	296	6.81e-05	39.7
4_468	7_312	38.983	59	33	1	467	522	281	339	5.77e-05	40.0
4_468	7_181	26.214	206	132	7	336	523	9	212	1.13e-04	38.5
4_469	7_401	99.440	536	3	0	1	536	1	536	0.0	1015
4_469	7_36	31.445	512	325	9	35	536	31	526	2.06e-54	187
4_469	7_400	38.914	221	127	7	320	536	322	538	6.24e-30	118
4_469	7_35	35.407	209	123	6	328	531	319	520	1.35e-23	99.0
4_469	7_43	32.558	215	117	9	334	536	2	200	2.83e-15	73.2
4_469	7_83	30.189	212	132	8	334	534	2	208	2.93e-14	67.8
4_469	7_264	31.551	187	110	5	319	495	456	634	5.10e-14	69.3
4_469	7_42	31.373	204	111	9	346	536	13	200	2.17e-11	60.8
4_469	7_167	31.527	203	114	11	349	536	79	271	2.85e-08	50.1
4_469	7_306	44.898	49	27	0	346	394	13	61	8.80e-08	48.9
4_469	7_462	28.505	214	123	10	334	534	2	198	7.02e-07	46.2
4_469	7_408	27.273	209	130	9	336	533	8	205	3.05e-06	43.1
4_469	7_206	26.136	176	110	6	363	524	36	205	1.69e-05	41.6
4_469	7_1	33.333	66	43	1	331	396	36	100	2.60e-05	41.2
4_469	7_158	36.508	63	34	2	364	424	38	96	8.01e-05	39.7
4_469	7_10	38.000	100	46	5	327	415	1	95	1.51e-04	38.5
4_469	7_312	27.132	129	76	4	302	425	23	138	6.44e-04	36.6
4_469	7_84	22.527	182	118	4	364	522	37	218	7.58e-04	36.2
4_469	7_446	26.230	183	118	8	365	534	37	215	8.41e-04	36.2
4_470	7_497	99.275	828	6	0	1	828	1	828	0.0	1667
4_470	7_211	28.479	618	326	21	246	809	249	804	2.09e-45	170
4_471	7_218	99.265	816	6	0	1	816	24	839	0.0	1647
4_471	7_212	71.223	139	13	3	1	120	24	154	4.99e-48	177
4_471	7_212	31.437	334	200	9	365	696	285	591	5.70e-35	137
4_471	7_542	29.003	331	194	12	366	684	250	551	6.70e-27	111
4_471	7_469	64.198	81	29	0	256	336	232	312	8.66e-26	107
4_472	7_166	99.658	1462	5	0	1	1462	1191	2652	0.0	2882
4_473	7_167	99.674	307	1	0	1	307	1	307	0.0	615
4_473	7_462	32.735	223	133	7	60	279	1	209	1.21e-24	99.0
4_473	7_43	30.732	205	122	6	79	277	16	206	9.97e-21	87.0
4_473	7_42	29.442	197	127	5	79	273	16	202	2.67e-19	82.8
4_473	7_83	28.636	220	132	4	79	286	19	225	2.49e-18	77.8
4_473	7_157	28.972	214	133	6	58	258	14	221	1.29e-15	70.9
4_473	7_312	42.857	84	47	1	194	276	276	359	6.12e-15	69.3
4_473	7_312	31.481	108	69	2	59	163	42	147	1.02e-06	44.3
4_473	7_484	31.282	195	113	8	81	258	146	336	1.90e-14	68.2
4_473	7_446	25.108	231	157	8	60	282	6	228	3.77e-14	67.4
4_473	7_446	30.263	76	53	0	199	274	412	487	1.12e-04	38.1
4_473	7_10	24.779	226	119	3	84	258	27	252	7.25e-14	65.9
4_473	7_158	31.000	100	68	1	188	286	607	706	1.20e-13	65.9
4_473	7_181	25.472	212	146	4	56	258	5	213	1.69e-13	63.9
4_473	7_84	27.885	208	112	7	78	258	21	217	3.87e-12	60.5
4_473	7_126	36.170	94	54	2	78	171	24	111	5.12e-12	60.5
4_473	7_126	36.585	82	51	1	197	277	230	311	3.96e-10	54.7
4_473	7_1	34.146	82	53	1	194	274	503	584	8.55e-10	53.9
4_473	7_1	31.707	82	46	2	84	163	58	131	6.83e-08	48.1
4_473	7_408	24.272	206	141	6	83	283	25	220	2.26e-09	51.6
4_473	7_206	25.405	185	119	6	83	257	26	201	6.57e-09	51.2
4_473	7_206	23.387	248	159	10	59	279	244	487	8.65e-06	41.6
4_473	7_401	31.527	203	114	11	79	271	349	536	1.49e-08	50.1
4_473	7_264	29.167	168	103	8	97	257	502	660	1.75e-08	50.1
4_473	7_36	29.570	186	108	8	79	257	341	510	9.46e-08	47.8
4_473	7_400	25.510	196	125	7	79	267	351	532	9.49e-08	47.8
4_473	7_35	25.405	185	120	5	79	258	339	510	2.61e-07	46.2
4_474	7_168	99.737	380	1	0	1	380	1	380	0.0	772
4_475	7_170	98.910	367	4	0	1	367	1	367	0.0	739
4_475	7_338	35.433	127	57	2	6	132	160	261	9.48e-15	69.7
4_476	7_171	98.925	186	2	0	1	186	1	186	4.55e-138	378
4_477	7_172	99.387	163	1	0	1	163	1	163	3.06e-118	326
4_478	7_173	98.077	260	5	0	1	260	1	260	0.0	514
4_479	7_174	99.381	323	2	0	1	323	1	323	0.0	634
4_480	7_175	99.553	447	2	0	1	447	1	447	0.0	879
4_480	7_509	31.878	229	138	9	1	221	1	219	7.50e-17	75.1
4_480	7_96	27.239	268	166	13	3	254	4	258	1.39e-08	50.4
4_480	7_427	22.305	269	160	7	8	246	12	261	1.68e-06	44.3
4_481	7_176	99.537	648	3	0	1	648	1	648	0.0	1271
4_482	7_179	99.197	249	2	0	1	249	1	249	3.73e-177	482
4_483	7_459	99.804	510	1	0	1	510	1	510	0.0	1044
4_484	7_181	99.609	256	1	0	1	256	1	256	0.0	507
4_484	7_312	34.711	121	77	2	126	244	251	371	2.32e-16	72.8
4_484	7_167	27.358	212	142	4	5	213	56	258	8.11e-16	70.5
4_484	7_10	25.714	280	163	5	8	244	6	283	2.66e-15	69.3
4_484	7_158	30.508	118	73	2	134	250	597	706	3.56e-14	66.6
4_484	7_42	27.136	199	126	4	28	225	18	198	3.24e-13	63.5
4_484	7_446	24.138	232	162	10	27	252	22	245	3.12e-12	60.5
4_484	7_446	22.566	226	163	6	12	230	267	487	6.58e-09	50.4
4_484	7_484	25.203	246	153	8	4	231	122	354	1.97e-11	58.2
4_484	7_84	25.806	217	145	9	27	231	23	235	8.88e-11	55.5
4_484	7_43	25.664	226	139	7	24	245	14	214	2.08e-10	55.1
4_484	7_83	26.794	209	139	6	9	214	1	198	2.87e-10	53.9
4_484	7_126	31.313	99	68	0	133	231	211	309	2.72e-09	51.6
4_484	7_1	33.766	77	51	0	154	230	508	584	2.82e-09	51.6
4_484	7_1	29.885	87	55	2	27	112	54	135	1.89e-04	37.0
4_484	7_157	27.801	241	145	11	6	231	13	239	1.26e-08	49.3
4_484	7_462	23.188	207	138	6	23	227	13	200	3.30e-08	48.5
4_484	7_206	24.074	216	151	7	20	231	14	220	5.13e-08	47.8
4_484	7_206	24.180	244	146	10	30	251	277	503	1.82e-05	40.0
4_484	7_400	26.699	206	131	7	9	212	336	523	6.17e-08	47.8
4_484	7_408	22.831	219	137	7	22	231	17	212	2.27e-06	42.0
4_484	7_306	22.271	229	152	6	10	235	320	525	3.08e-06	42.4
4_484	7_306	21.992	241	138	8	24	235	14	233	3.97e-05	38.9
4_484	7_264	28.333	180	105	7	40	212	498	660	3.21e-05	39.3
4_484	7_401	24.312	218	127	10	8	214	332	522	2.12e-04	36.6
4_484	7_35	21.053	209	141	7	9	214	324	511	2.25e-04	36.6
4_484	7_99	28.889	90	53	4	136	218	815	900	3.51e-04	36.2
4_485	7_460	99.367	158	1	0	1	158	1	158	1.81e-114	316
4_486	7_461	98.382	309	5	0	1	309	1	309	0.0	591
4_487	7_183	97.333	75	2	0	1	75	1	75	3.14e-50	147
4_487	7_45	78.689	61	13	0	3	63	8	68	1.48e-29	103
4_487	7_44	68.293	41	13	0	22	62	45	85	8.34e-16	64.7
4_487	7_411	46.269	67	29	2	9	75	14	73	1.38e-10	50.1
4_488	7_510	100.000	312	0	0	1	312	168	479	0.0	628
4_488	7_200	28.571	126	73	4	73	192	437	551	5.80e-04	35.8
4_489	7_462	99.869	766	1	0	1	766	1	766	0.0	1509
4_489	7_42	30.750	813	475	21	1	766	1	772	5.34e-92	300
4_489	7_43	40.044	452	245	10	1	440	1	438	3.76e-90	291
4_489	7_43	33.588	131	87	0	636	766	516	646	1.77e-15	74.7
4_489	7_167	32.735	223	133	7	1	209	60	279	3.03e-24	99.0
4_489	7_84	27.488	211	126	7	17	201	23	232	5.72e-15	70.9
4_489	7_446	23.938	259	169	9	1	232	6	263	2.25e-14	70.9
4_489	7_446	23.301	206	140	4	16	203	282	487	2.93e-06	44.7
4_489	7_206	29.630	216	130	6	2	201	8	217	3.84e-13	67.0
4_489	7_400	29.897	194	126	6	1	188	336	525	5.25e-13	66.6
4_489	7_126	32.990	97	63	1	1	95	10	106	1.31e-09	55.5
4_489	7_35	27.230	213	130	7	1	199	324	525	2.54e-09	54.7
4_489	7_546	26.076	395	235	18	302	659	86	460	6.08e-09	53.5
4_489	7_36	28.708	209	138	6	2	204	327	530	8.80e-09	53.1
4_489	7_10	34.483	87	53	2	119	202	183	268	1.99e-08	51.6
4_489	7_1	30.357	112	75	2	2	111	39	149	3.78e-08	51.2
4_489	7_1	31.081	74	49	1	129	200	508	581	1.83e-05	42.4
4_489	7_408	27.000	200	123	7	17	203	22	211	3.98e-08	49.7
4_489	7_484	25.561	223	120	8	15	198	141	356	1.15e-07	49.3
4_489	7_83	26.818	220	127	9	1	198	1	208	1.73e-07	47.8
4_489	7_312	29.600	125	78	5	115	230	267	390	4.88e-07	47.4
4_489	7_181	29.545	88	59	2	115	200	141	227	4.94e-07	46.2
4_489	7_158	30.476	105	65	2	129	225	618	722	5.52e-07	47.4
4_489	7_401	28.505	214	123	10	2	198	334	534	7.24e-07	47.0
4_489	7_306	25.000	212	142	9	1	204	319	521	1.42e-05	42.7
4_489	7_306	20.851	235	133	6	1	198	1	219	1.64e-05	42.4
4_489	7_157	24.880	209	125	7	16	197	29	232	1.45e-05	42.4
4_489	7_99	36.585	82	43	4	129	204	834	912	1.68e-05	42.7
4_489	7_99	31.068	103	61	4	93	190	460	557	0.001	37.0
4_489	7_264	24.638	207	127	6	13	195	469	670	1.00e-04	40.0
4_490	7_11	98.936	188	2	0	1	188	1	188	2.08e-133	366
4_491	7_10	99.741	386	1	0	1	386	1	386	0.0	760
4_491	7_126	32.059	340	185	10	5	304	8	341	5.24e-38	137
4_491	7_1	40.146	137	82	0	166	302	481	617	2.04e-31	120
4_491	7_1	30.088	113	70	2	7	110	38	150	1.85e-11	60.1
4_491	7_158	37.363	91	57	0	194	284	619	709	1.51e-15	72.8
4_491	7_312	33.333	90	60	0	194	283	282	371	7.92e-15	70.1
4_491	7_181	25.357	280	164	5	6	283	8	244	2.62e-14	67.0
4_491	7_167	24.779	226	119	3	27	252	84	258	8.15e-14	66.2
4_491	7_408	32.143	140	84	3	143	279	90	221	8.71e-12	59.3
4_491	7_84	25.600	250	143	8	27	272	27	237	1.10e-11	59.7
4_491	7_484	23.404	141	104	2	164	303	251	388	1.38e-11	60.1
4_491	7_157	27.778	126	87	2	176	297	142	267	1.02e-10	57.0
4_491	7_83	23.875	289	162	9	8	292	2	236	2.73e-10	55.1
4_491	7_446	23.420	269	153	9	30	296	29	246	8.49e-10	54.7
4_491	7_446	32.609	92	57	2	184	271	399	489	8.08e-07	45.4
4_491	7_42	30.986	142	89	5	128	263	59	197	1.08e-09	54.7
4_491	7_42	52.778	36	17	0	27	62	21	56	2.65e-05	40.4
4_491	7_43	29.333	150	99	3	129	273	60	207	1.40e-09	54.3
4_491	7_43	43.636	55	31	0	8	62	2	56	7.03e-06	42.4
4_491	7_462	34.483	87	53	2	183	268	119	202	1.03e-08	51.6
4_491	7_462	31.579	95	58	3	8	95	2	96	8.48e-04	35.8
4_491	7_206	28.788	132	85	4	146	271	356	484	8.38e-08	48.5
4_491	7_400	29.412	85	52	2	172	251	441	522	3.29e-06	43.5
4_491	7_401	38.000	100	46	5	1	95	327	415	1.04e-04	38.5
4_491	7_306	27.174	92	64	1	188	276	443	534	2.46e-04	37.4
4_491	7_264	45.588	68	27	4	4	69	466	525	3.03e-04	37.4
4_491	7_35	50.000	46	23	0	8	53	325	370	4.36e-04	36.6
4_492	7_9	99.516	620	3	0	1	620	1	620	0.0	1243
4_493	7_8	99.714	350	1	0	1	350	1	350	0.0	715
4_494	7_7	99.830	589	1	0	1	589	1	589	0.0	1145
4_494	7_319	26.087	460	272	17	51	492	10	419	2.26e-21	92.0
4_495	7_5	99.371	159	1	0	1	159	1	159	1.42e-116	321
4_495	7_485	32.500	120	78	2	22	140	15	132	7.10e-11	52.4
4_496	7_4	99.427	872	5	0	1	872	1	872	0.0	1731
4_496	7_37	25.714	245	153	5	1	221	10	249	6.24e-15	73.6
4_496	7_111	24.936	393	233	13	7	361	26	394	1.74e-13	68.9
4_496	7_91	26.667	240	154	7	1	220	18	255	6.81e-11	60.5
4_496	7_448	27.848	237	146	7	3	224	13	239	5.00e-09	54.7
4_496	7_106	25.578	606	359	26	2	560	25	585	8.04e-09	53.9
4_497	7_91	99.214	1018	8	0	1	1018	1	1018	0.0	1964
4_497	7_111	26.544	1085	688	33	6	1015	1	1051	7.18e-78	271
4_497	7_37	33.566	286	180	5	11	289	3	285	2.15e-35	140
4_497	7_37	31.271	291	136	10	545	783	738	1016	7.70e-24	103
4_497	7_37	32.231	121	72	5	361	474	477	594	1.86e-05	43.1
4_497	7_4	27.500	240	152	8	18	255	1	220	8.88e-11	60.5
4_497	7_448	21.652	799	477	32	11	699	2	761	2.07e-09	56.2
4_497	7_106	25.112	446	278	14	14	436	18	430	2.10e-07	49.3
4_498	7_92	99.558	226	1	0	1	226	1	226	1.32e-170	463
4_499	7_93	99.722	719	2	0	1	719	1	719	0.0	1427
4_500	7_472	99.281	278	2	0	1	278	1	278	0.0	549
4_501	7_97	99.262	271	2	0	1	271	1	271	0.0	532
4_502	7_214	99.174	121	1	0	1	121	1	121	5.77e-79	223
4_503	7_215	99.836	1217	2	0	1	1217	1	1217	0.0	2488
4_504	7_464	98.520	743	4	1	1	736	1	743	0.0	1455
4_504	7_528	26.260	754	440	25	6	720	16	692	8.77e-45	166
4_504	7_185	37.179	78	31	4	190	259	124	191	7.52e-04	37.0
4_505	7_0	99.068	322	3	0	1	322	1	322	0.0	648
4_506	7_1	99.862	725	1	0	1	725	1	725	0.0	1468
4_506	7_126	37.766	188	114	2	481	667	205	390	7.70e-35	132
4_506	7_126	47.423	97	51	0	39	135	11	107	1.25e-22	95.9
4_506	7_10	40.146	137	82	0	481	617	166	302	3.90e-31	120
4_506	7_10	30.088	113	70	2	38	150	7	110	3.51e-11	60.1
4_506	7_158	25.735	136	99	2	481	614	590	725	2.39e-17	80.9
4_506	7_158	28.049	164	100	5	42	204	12	158	2.61e-07	48.5
4_506	7_312	38.298	94	57	1	501	594	274	366	9.71e-17	77.8
4_506	7_312	29.688	128	75	3	33	145	38	165	7.17e-10	56.2
4_506	7_484	32.432	111	74	1	505	614	274	384	1.78e-14	70.9
4_506	7_83	31.776	107	72	1	486	592	116	221	8.06e-13	63.9
4_506	7_83	31.915	94	55	3	50	137	16	106	1.04e-05	42.4
4_506	7_84	25.806	155	88	3	501	655	152	279	2.53e-12	62.8
4_506	7_84	30.952	84	39	3	53	117	22	105	1.22e-05	42.4
4_506	7_408	32.292	96	63	2	500	594	127	221	5.24e-11	58.2
4_506	7_446	34.409	93	54	2	498	587	402	490	2.21e-10	58.2
4_506	7_446	29.213	89	58	2	500	584	133	220	1.21e-07	49.3
4_506	7_446	29.348	92	54	4	48	131	16	104	1.10e-06	46.2
4_506	7_43	32.967	91	59	1	498	588	119	207	1.10e-09	55.8
4_506	7_43	33.333	99	58	3	39	134	2	95	5.95e-07	47.0
4_506	7_42	31.897	116	70	2	474	589	102	208	1.69e-09	55.5
4_506	7_42	32.673	101	60	2	39	136	2	97	2.80e-07	48.1
4_506	7_167	34.146	82	53	1	503	584	194	274	2.42e-09	53.9
4_506	7_167	31.707	82	46	2	58	131	84	163	2.32e-07	47.8
4_506	7_157	29.358	109	76	1	505	612	159	267	1.04e-08	52.0
4_506	7_157	25.899	139	83	6	30	151	4	139	4.55e-04	37.4
4_506	7_181	33.766	77	51	0	508	584	154	230	1.36e-08	51.2
4_506	7_462	30.357	112	75	2	39	149	2	111	3.20e-08	51.2
4_506	7_462	31.081	74	49	1	508	581	129	200	1.55e-05	42.7
4_506	7_206	30.476	105	70	1	38	139	7	111	5.24e-08	50.4
4_506	7_206	25.974	77	56	1	508	584	407	482	6.87e-04	37.0
4_506	7_35	34.247	73	48	0	36	108	322	394	5.01e-07	47.4
4_506	7_35	29.008	131	79	6	448	572	393	515	8.81e-05	40.0
4_506	7_306	35.088	57	37	0	39	95	2	58	9.61e-07	46.2
4_506	7_306	28.788	66	43	1	504	569	152	213	5.19e-05	40.8
4_506	7_400	27.778	90	61	2	493	581	452	538	1.44e-06	45.8
4_506	7_401	33.333	66	43	1	36	100	331	396	2.70e-05	41.6
4_506	7_36	25.301	83	59	1	36	115	324	406	2.60e-04	38.5
4_507	7_467	99.545	659	3	0	1	659	1	659	0.0	1323
4_508	7_415	94.286	245	14	0	1	245	1	245	1.52e-166	455
4_508	7_414	39.689	257	133	7	1	243	1	249	4.12e-47	152
4_508	7_413	41.791	201	113	2	43	243	84	280	3.16e-46	150
4_509	7_414	96.198	263	10	0	1	263	1	263	0.0	500
4_509	7_413	42.748	262	132	5	1	250	26	281	1.95e-53	170
4_509	7_415	37.795	254	142	5	1	249	1	243	5.80e-47	152
4_510	7_2	100.000	220	0	0	1	220	117	336	2.36e-156	431
4_510	7_572	21.364	220	158	6	1	220	100	304	2.34e-05	38.9
4_511	7_3	99.678	931	3	0	1	931	1	931	0.0	1839
4_511	7_110	27.523	218	124	7	9	225	17	201	2.89e-08	52.0
4_511	7_38	22.680	388	252	14	2	352	7	383	9.04e-06	43.9
4_511	7_447	30.864	162	92	7	60	208	55	209	6.38e-05	41.2
4_512	7_4	100.000	59	0	0	1	59	879	937	9.48e-37	123
4_513	7_411	97.901	810	17	0	1	810	1	810	0.0	1588
4_513	7_45	34.946	827	437	29	1	778	1	775	1.71e-107	343
4_513	7_44	35.308	827	425	30	1	776	1	768	1.03e-102	330
4_513	7_183	43.284	67	31	2	14	73	9	75	1.02e-08	47.8
4_514	7_487	98.492	398	6	0	1	398	1	398	0.0	789
4_514	7_486	97.739	398	9	0	1	398	1	398	0.0	783
4_514	7_488	96.758	401	10	1	1	398	1	401	0.0	774
4_515	7_580	98.904	365	4	0	30	394	1	365	0.0	728
4_515	7_575	45.205	365	145	15	49	394	1	329	2.99e-73	230
4_515	7_582	43.767	377	149	13	31	394	1	327	2.78e-66	212
4_515	7_573	77.778	99	22	0	49	147	1	99	3.22e-45	157
4_515	7_573	75.000	56	14	0	339	394	305	360	5.17e-23	95.1
4_515	7_574	64.000	100	33	1	54	150	4	103	9.70e-35	127
4_515	7_574	61.644	73	24	2	323	394	254	323	1.11e-20	87.8
4_516	7_573	98.837	172	2	0	1	172	291	462	1.62e-120	343
4_516	7_574	83.237	173	27	2	1	172	254	425	2.87e-87	257
4_516	7_580	55.556	162	64	4	15	171	310	468	1.06e-51	166
4_516	7_575	53.086	162	71	3	13	171	271	430	7.57e-50	161
4_516	7_582	43.503	177	92	3	1	171	259	433	8.10e-42	140
4_517	7_573	92.398	171	13	0	1	171	291	461	5.17e-104	301
4_517	7_574	79.651	172	33	2	1	171	254	424	1.68e-83	248
4_517	7_580	51.852	162	76	1	12	171	307	468	7.18e-51	164
4_517	7_575	50.000	160	79	1	13	171	271	430	5.27e-48	156
4_517	7_582	44.633	177	90	3	1	171	259	433	2.09e-43	144
4_518	7_466	96.842	95	1	1	1	93	35	129	1.09e-61	179
4_518	7_468	52.000	75	35	1	8	82	38	111	7.85e-21	75.5
4_518	7_465	50.667	75	36	1	8	82	38	111	1.00e-20	75.1
4_518	7_527	50.667	75	36	1	8	82	38	111	1.60e-20	74.7
4_518	7_561	52.174	69	32	1	8	76	38	105	6.08e-19	70.1
4_518	7_505	49.315	73	36	1	8	80	35	106	6.44e-19	70.5
4_519	7_539	100.000	55	0	0	1	55	1	55	5.66e-35	107
4_520	7_540	100.000	288	0	0	1	288	1	288	0.0	563
4_520	7_424	100.000	161	0	0	128	288	1	161	1.91e-110	311
4_521	7_543	100.000	339	0	0	1	339	1	339	0.0	698
4_522	7_180	99.747	396	1	0	1	396	1	396	0.0	805
4_523	7_351	99.396	331	2	0	1	331	1	331	0.0	663
4_524	7_544	99.240	263	2	0	1	263	1	263	0.0	510
4_524	7_365	33.846	65	33	4	113	171	5	65	1.77e-04	37.0
4_524	7_338	35.000	60	27	2	113	164	159	214	3.47e-04	35.8
4_525	7_177	99.806	516	1	0	1	516	19	534	0.0	1030
4_526	7_110	98.322	1073	13	3	1	1073	1	1068	0.0	2108
4_526	7_90	28.935	1099	644	32	13	1071	17	1018	1.21e-113	371
4_526	7_38	29.765	383	217	11	5	344	7	380	3.96e-30	123
4_526	7_38	25.183	409	214	19	445	778	584	975	1.17e-09	57.0
4_526	7_447	29.677	155	101	3	13	161	10	162	2.77e-13	68.9
4_526	7_3	27.523	218	124	7	17	201	9	225	3.25e-08	52.0
4_527	7_114	97.831	415	7	1	1	415	1	413	0.0	780
4_528	7_541	97.817	229	5	0	1	229	1	229	1.21e-164	449
4_529	7_447	95.536	1389	23	4	1	1365	1	1374	0.0	2540
4_529	7_110	29.677	155	101	3	10	162	13	161	8.75e-13	67.4
4_529	7_38	29.560	159	99	4	2	150	6	161	5.42e-11	61.6
4_529	7_90	27.564	156	99	7	7	156	12	159	8.45e-08	51.2
4_529	7_3	30.864	162	92	7	55	209	60	208	3.16e-05	42.7
4_530	7_448	98.408	1822	26	2	1	1821	1	1820	0.0	3604
4_530	7_111	23.810	525	299	16	4	486	6	471	2.66e-13	69.7
4_530	7_37	26.556	241	150	8	1	221	1	234	5.50e-11	62.0
4_530	7_37	22.427	651	380	29	403	982	506	1102	7.96e-05	42.0
4_530	7_91	21.384	795	483	33	2	760	11	699	5.80e-09	55.5
4_530	7_4	27.426	237	147	7	13	239	3	224	2.87e-08	53.1
4_530	7_106	22.707	458	302	16	5	453	16	430	4.06e-04	39.7
4_531	7_558	98.132	589	3	2	1	581	1	589	0.0	1125
4_531	7_529	27.750	400	245	15	186	573	122	489	2.66e-22	94.7
4_532	7_526	89.602	1029	94	5	1	1020	2760	3784	0.0	1746
4_532	7_526	25.767	326	160	15	27	299	1352	1648	1.57e-04	40.0
4_533	7_35	99.250	533	4	0	1	533	1	533	0.0	1029
4_533	7_400	29.175	521	347	9	16	520	19	533	2.84e-48	170
4_533	7_36	29.750	521	306	22	20	513	27	514	2.12e-25	104
4_533	7_401	35.922	206	126	5	319	520	328	531	5.96e-24	99.8
4_533	7_83	32.057	209	122	8	324	517	1	204	5.55e-14	67.0
4_533	7_446	30.909	220	111	7	320	513	2	206	1.03e-11	61.6
4_533	7_43	28.365	208	110	6	324	512	1	188	4.99e-11	59.7
4_533	7_306	28.877	187	109	5	324	486	1	187	8.30e-11	58.9
4_533	7_264	28.571	189	106	7	317	489	463	638	1.64e-09	54.7
4_533	7_462	27.103	214	129	7	324	525	1	199	2.45e-09	54.3
4_533	7_408	28.125	192	104	6	340	513	22	197	7.26e-09	51.2
4_533	7_42	28.351	194	128	6	324	512	1	188	8.65e-09	52.4
4_533	7_167	25.683	183	122	4	339	510	79	258	1.89e-07	47.4
4_533	7_126	36.232	69	44	0	324	392	10	78	2.38e-07	47.4
4_533	7_126	33.645	107	54	3	419	514	193	293	8.65e-06	42.7
4_533	7_1	34.247	73	48	0	322	394	36	108	6.51e-07	46.6
4_533	7_1	29.545	132	77	7	393	515	448	572	4.63e-05	40.4
4_533	7_312	29.412	85	53	2	308	388	30	111	2.59e-04	37.7
4_533	7_157	26.667	210	115	10	339	519	29	228	5.38e-04	36.6
4_533	7_10	50.000	46	23	0	325	370	8	53	6.92e-04	36.6
4_533	7_206	43.182	44	25	0	343	386	26	69	7.31e-04	36.6
4_533	7_158	38.806	67	37	3	449	511	612	678	8.56e-04	36.6
4_534	7_58	99.664	298	1	0	1	298	1	298	0.0	602
4_535	7_90	99.234	261	2	0	1	261	759	1019	0.0	532
4_535	7_110	30.909	275	141	14	25	260	802	1066	1.34e-21	88.6
4_536	7_576	99.434	707	4	0	24	730	1	707	0.0	1437
4_537	7_244	99.648	284	1	0	1	284	1	284	0.0	572
4_537	7_75	37.143	105	61	3	37	141	22	121	1.20e-13	64.3
4_538	7_480	99.213	127	1	0	1	127	1	127	2.12e-87	245
4_539	7_503	99.149	470	4	0	1	470	1	470	0.0	927
4_539	7_143	35.516	397	209	11	37	417	60	425	1.03e-56	198
4_539	7_436	29.748	437	241	11	1	409	1	399	1.26e-40	150
4_540	7_457	98.537	205	3	0	1	205	1	205	2.39e-139	395
4_540	7_456	60.369	217	67	4	1	204	1	211	7.46e-79	240
4_540	7_525	30.542	203	110	9	6	199	5	185	1.07e-12	60.8
4_540	7_403	39.655	58	33	2	143	199	237	293	3.54e-07	44.7
4_540	7_334	45.238	42	22	1	144	185	238	278	9.56e-05	37.0
4_541	7_90	99.698	662	2	0	1	662	1	662	0.0	1301
4_541	7_110	29.037	706	446	15	1	661	1	696	4.09e-69	239
4_541	7_38	32.258	248	151	8	13	248	10	252	1.53e-24	103
4_541	7_447	27.564	156	99	7	12	159	7	156	8.10e-08	50.1
4_542	7_573	53.791	422	146	9	1	375	43	462	1.02e-116	342
4_542	7_574	52.278	417	131	13	1	378	41	428	1.00e-110	325
4_542	7_580	42.169	415	196	9	1	378	62	469	9.83e-95	286
4_542	7_582	39.612	361	189	9	1	350	61	403	1.26e-69	220
4_542	7_575	38.346	399	215	13	1	378	43	431	1.51e-69	220
4_544	7_570	99.639	277	1	0	1	277	17	293	0.0	539
4_545	7_547	100.000	277	0	0	1	277	1	277	0.0	544
4_546	7_552	100.000	486	0	0	1	486	1	486	0.0	967
4_547	7_554	100.000	86	0	0	1	86	1	86	1.36e-59	171
4_548	7_572	100.000	309	0	0	1	309	1	309	0.0	588
4_548	7_2	25.083	303	205	10	22	304	36	336	1.36e-09	52.8
4_549	7_577	100.000	40	0	0	1	40	1	40	8.01e-22	73.2
4_550	7_122	99.438	178	1	0	1	178	104	281	2.45e-130	362
4_551	7_122	98.485	66	1	0	1	66	1	66	1.50e-40	128
4_552	7_559	99.831	591	1	0	1	591	1	591	0.0	1167
4_553	7_578	100.000	41	0	0	1	41	1	41	3.81e-25	81.6
4_553	7_579	97.561	41	1	0	1	41	1	41	6.45e-25	80.9
4_554	7_186	98.473	131	2	0	12	142	1	131	4.15e-92	258
4_554	7_152	31.111	135	91	1	4	136	167	301	3.29e-17	71.6
4_555	7_69	33.557	596	337	15	198	776	186	739	2.08e-79	280
4_555	7_219	39.394	165	90	2	1068	1227	1	160	9.39e-26	99.8
4_555	7_220	52.239	67	31	1	959	1024	68	134	1.02e-12	61.6
4_556	7_546	98.958	576	6	0	1	576	1	576	0.0	1111
4_556	7_462	26.722	363	209	17	40	382	252	577	1.31e-09	55.5
4_557	7_443	99.774	443	1	0	1	443	4	446	0.0	885
4_559	7_555	99.839	620	1	0	1	620	1	620	0.0	1246
4_560	7_334	98.875	622	5	1	1	620	1	622	0.0	1222
4_560	7_525	39.794	485	270	6	140	617	41	510	9.59e-108	330
4_560	7_403	42.857	427	225	5	208	617	209	633	1.47e-104	325
4_560	7_456	36.802	394	220	9	244	617	151	535	6.65e-61	206
4_560	7_457	32.374	417	231	12	236	617	144	544	2.32e-51	181
4_560	7_56	30.260	423	247	9	235	616	118	533	2.12e-47	170
4_561	7_45	79.518	83	16	1	2	83	723	805	1.93e-39	132
4_561	7_44	31.034	87	48	4	3	81	723	805	2.77e-04	32.7
4_562	7_64	99.310	290	2	0	1	290	1	290	0.0	561
4_563	7_519	99.564	688	3	0	1	688	1	688	0.0	1368
4_565	7_551	98.907	183	2	0	1	183	1	183	2.58e-124	343
4_566	7_562	99.490	392	2	0	1	392	1	392	0.0	788
4_567	7_260	98.795	83	1	0	1	83	1	83	2.60e-56	167
4_568	7_457	99.422	346	2	0	16	361	200	545	0.0	701
4_568	7_456	65.789	342	108	4	22	361	202	536	4.66e-154	439
4_568	7_403	35.635	362	182	7	24	361	300	634	1.93e-60	201
4_568	7_525	33.815	346	186	7	29	361	196	511	7.85e-56	186
4_568	7_56	32.597	362	201	8	25	359	188	533	1.00e-45	159
4_568	7_334	33.429	350	190	9	24	360	300	619	8.77e-44	154
4_569	7_571	99.640	278	1	0	1	278	1	278	0.0	535
4_569	7_463	24.727	275	180	13	5	260	32	298	9.13e-10	53.1
4_570	7_548	98.942	378	4	0	1	378	1	378	0.0	725
4_572	7_542	96.812	690	5	1	1	690	54	726	0.0	1337
4_572	7_212	37.683	682	335	21	17	656	74	707	5.35e-126	386
4_572	7_218	28.829	333	192	12	214	515	389	707	2.85e-27	112
4_573	7_323	96.610	59	2	0	1	59	1	59	8.91e-37	113
4_573	7_584	95.652	23	1	0	63	85	1	23	4.41e-11	47.8
4_574	7_432	100.000	220	0	0	1	220	1	220	2.32e-162	447
4_574	7_22	42.991	214	116	3	7	218	7	216	2.02e-50	161
4_574	7_500	29.289	239	132	10	9	216	325	557	6.16e-13	62.0
4_575	7_503	98.540	137	2	0	1	137	446	582	1.40e-91	271
4_576	7_436	99.252	936	7	0	1	936	26	961	0.0	1805
4_576	7_143	30.460	870	556	19	8	858	45	884	2.46e-90	310
4_576	7_503	30.402	398	206	11	23	374	37	409	7.87e-40	150
4_577	7_45	77.235	716	157	5	1	713	1	713	0.0	1103
4_577	7_44	47.826	736	338	14	1	713	1	713	0.0	587
4_577	7_411	33.422	748	419	20	1	710	1	707	4.25e-99	318
4_577	7_183	71.667	60	17	0	8	67	3	62	4.86e-24	90.9
4_578	7_560	99.687	319	1	0	1	319	1	319	0.0	632
4_579	7_55	99.422	173	1	0	1	173	1	173	3.26e-126	347
4_580	7_78	98.893	723	8	0	1	723	3	725	0.0	1414
4_580	7_228	42.857	56	28	1	13	64	8	63	2.92e-07	47.4
4_580	7_81	32.381	105	65	3	74	174	37	139	2.18e-05	41.6
4_581	7_581	98.671	301	4	0	1	301	1	301	0.0	596
4_581	7_152	30.216	278	190	4	62	339	336	609	2.90e-38	138
4_581	7_549	97.826	46	1	0	256	301	1	46	2.38e-26	94.4
4_581	7_441	25.949	158	98	6	56	203	150	298	1.95e-04	37.0
4_581	7_373	23.967	242	162	10	62	286	160	396	3.95e-04	36.6
4_582	7_563	99.788	945	2	0	27	971	1	945	0.0	1893
4_583	7_531	99.203	251	2	0	1	251	2	252	2.63e-180	490
4_583	7_390	29.932	147	96	3	110	251	82	226	7.15e-09	49.3
4_584	7_251	99.502	201	1	0	1	201	1	201	1.87e-141	388
4_585	7_564	99.216	255	2	0	1	255	1	255	1.73e-179	488
4_587	7_456	99.430	526	3	0	1	526	11	536	0.0	1051
4_587	7_457	62.662	541	181	8	1	526	11	545	0.0	643
4_587	7_403	38.912	478	226	15	80	524	188	632	1.43e-79	257
4_587	7_525	35.110	544	278	22	7	524	15	509	1.13e-74	241
4_587	7_334	33.150	546	301	19	8	525	110	619	1.52e-61	208
4_587	7_56	31.614	446	261	9	112	524	99	533	1.26e-51	180
4_588	7_510	100.000	167	0	0	1	167	1	167	1.29e-122	348
4_589	7_575	99.288	281	2	0	1	281	49	329	0.0	571
4_589	7_574	48.043	281	142	3	1	281	47	323	1.04e-85	258
4_589	7_582	41.724	290	131	12	1	281	67	327	3.70e-49	163
4_589	7_580	37.539	317	143	15	1	281	68	365	5.12e-41	142
4_589	7_573	34.675	323	158	10	1	281	49	360	6.01e-39	137
4_590	7_580	73.256	86	21	1	22	105	1	86	2.33e-40	134
4_590	7_574	95.385	65	3	0	41	105	1	65	4.32e-39	129
4_590	7_582	74.118	85	20	1	23	105	1	85	1.97e-32	112
4_590	7_575	86.667	60	8	0	46	105	8	67	5.21e-31	108
4_590	7_573	85.000	60	9	0	46	105	8	67	1.36e-30	107
4_591	7_573	97.849	93	2	0	13	105	1	93	3.96e-61	188
4_591	7_580	88.542	96	11	0	1	96	8	103	1.21e-54	171
4_591	7_575	91.463	82	7	0	13	94	1	82	1.74e-48	154
4_591	7_582	84.091	88	14	0	1	88	7	94	3.34e-40	132
4_591	7_574	75.610	82	19	1	18	98	4	85	2.40e-39	130
4_592	7_303	99.591	489	2	0	2	490	1	489	0.0	979
4_592	7_68	27.500	160	109	3	146	301	110	266	8.20e-12	61.6
4_592	7_68	46.809	47	22	1	440	483	489	535	5.27e-08	49.7
4_592	7_474	23.176	466	288	19	52	484	14	442	1.26e-10	57.8
4_593	7_583	99.145	117	1	0	37	153	1	117	4.76e-83	235
