4_0	1_0	100.000	96	0	0	1	96	1	96	9.14e-66	188
4_1	1_4	100.000	110	0	0	1	110	1	110	1.59e-79	224
4_2	1_5	100.000	290	0	0	1	290	1	290	0.0	578
4_2	1_433	31.955	266	150	14	23	264	25	283	3.92e-23	91.3
4_3	1_386	98.406	251	4	0	1	251	1	251	2.77e-178	485
4_4	1_316	99.851	673	1	0	1	673	1	673	0.0	1348
4_4	1_230	22.437	517	375	10	6	512	10	510	5.45e-32	127
4_5	1_8	100.000	189	0	0	1	189	1	189	2.95e-140	384
4_6	1_436	46.269	67	35	1	13	78	245	311	2.75e-13	58.5
4_7	1_9	100.000	152	0	0	1	152	1	152	1.21e-110	306
4_8	1_10	100.000	619	0	0	1	619	1	619	0.0	1249
4_9	1_317	99.735	378	1	0	1	378	1	378	0.0	751
4_10	1_11	100.000	463	0	0	1	463	1	463	0.0	923
4_11	1_12	100.000	47	0	0	1	47	1	47	3.67e-30	94.7
4_12	1_15	100.000	50	0	0	1	50	1	50	3.88e-32	99.8
4_12	1_171	35.556	45	26	1	6	50	5	46	1.50e-04	30.0
4_13	1_17	100.000	146	0	0	1	146	1	146	2.36e-105	292
4_14	1_18	100.000	295	0	0	1	295	1	295	0.0	590
4_15	1_347	99.654	289	1	0	1	289	1	289	0.0	554
4_16	1_20	100.000	225	0	0	1	225	1	225	3.17e-168	457
4_17	1_22	100.000	564	0	0	1	564	1	564	0.0	1105
4_17	1_429	31.670	461	251	12	95	533	214	632	2.76e-52	184
4_17	1_531	31.614	446	261	9	99	533	95	507	2.78e-51	178
4_17	1_577	30.901	466	255	14	97	533	67	494	3.03e-49	172
4_17	1_551	30.024	423	248	9	118	533	237	618	5.40e-47	169
4_17	1_428	30.496	423	234	11	131	540	144	519	7.52e-44	159
4_18	1_374	99.755	408	1	0	1	408	1	408	0.0	823
4_19	1_350	99.468	188	1	0	1	188	1	188	3.38e-138	378
4_20	1_27	100.000	413	0	0	1	413	1	413	0.0	841
4_21	1_28	100.000	177	0	0	1	177	1	177	2.13e-130	358
4_22	1_29	100.000	111	0	0	1	111	1	111	2.68e-77	218
4_23	1_30	100.000	211	0	0	1	211	1	211	2.54e-155	424
4_24	1_35	100.000	65	0	0	1	65	1	65	1.18e-44	132
4_25	1_36	100.000	280	0	0	1	280	1	280	0.0	562
4_26	1_37	100.000	269	0	0	1	269	1	269	0.0	537
4_26	1_380	26.937	271	163	13	4	258	3	254	4.28e-07	45.1
4_26	1_455	23.704	270	160	9	1	246	1	248	8.77e-06	40.4
4_26	1_216	32.203	59	40	0	188	246	183	241	1.12e-04	37.4
4_26	1_421	32.877	73	43	1	180	246	186	258	1.64e-04	37.0
4_26	1_348	25.368	272	165	12	1	246	15	274	2.06e-04	36.6
4_27	1_38	100.000	114	0	0	1	114	1	114	6.54e-84	235
4_28	1_39	100.000	169	0	0	1	169	1	169	2.25e-121	334
4_29	1_40	100.000	163	0	0	1	163	1	163	1.71e-119	329
4_30	1_306	98.864	88	1	0	1	88	1	88	3.09e-59	171
4_31	1_42	100.000	639	0	0	1	639	1	639	0.0	1304
4_31	1_393	44.131	639	334	9	5	635	3	626	9.59e-170	494
4_32	1_43	100.000	171	0	0	1	171	1	171	3.96e-123	339
4_33	1_303	99.701	334	1	0	1	334	1	334	0.0	679
4_34	1_44	100.000	494	0	0	1	494	1	494	0.0	963
4_35	1_45	100.000	231	0	0	1	231	1	231	6.83e-170	462
4_36	1_46	100.000	449	0	0	1	449	1	449	0.0	907
4_37	1_48	100.000	236	0	0	1	236	1	236	8.92e-176	477
4_38	1_49	100.000	186	0	0	1	186	1	186	1.39e-132	364
4_39	1_52	100.000	204	0	0	1	204	1	204	2.19e-151	413
4_40	1_53	100.000	872	0	0	1	872	1	872	0.0	1763
4_41	1_54	100.000	402	0	0	1	402	1	402	0.0	818
4_41	1_158	27.083	288	181	10	20	301	8	272	3.01e-16	75.1
4_41	1_268	32.099	162	90	3	21	182	116	257	1.83e-13	66.2
4_41	1_159	34.091	132	84	3	16	145	8	138	2.99e-13	65.9
4_42	1_55	100.000	316	0	0	1	316	1	316	0.0	632
4_43	1_56	100.000	402	0	0	1	402	1	402	0.0	806
4_44	1_57	100.000	306	0	0	1	306	1	306	0.0	610
4_45	1_58	100.000	385	0	0	1	385	1	385	0.0	767
4_45	1_129	32.877	219	139	5	160	377	106	317	2.05e-21	88.6
4_45	1_457	24.000	225	145	7	175	384	151	364	4.62e-04	36.2
4_46	1_412	99.613	775	3	0	1	775	1	775	0.0	1525
4_46	1_266	37.751	249	137	4	530	775	204	437	2.69e-43	157
4_46	1_266	39.175	97	55	2	22	115	61	156	1.78e-12	64.7
4_46	1_205	44.737	114	63	0	614	727	273	386	6.01e-30	119
4_46	1_205	31.250	96	61	2	33	123	152	247	6.79e-07	47.0
4_46	1_59	37.267	161	81	3	570	722	118	266	9.98e-26	103
4_46	1_233	32.117	137	92	1	584	720	199	334	4.79e-20	88.2
4_46	1_294	26.761	142	97	3	584	725	480	614	2.45e-17	80.9
4_46	1_294	28.049	164	100	5	12	158	42	204	2.42e-07	48.5
4_46	1_33	39.091	110	66	1	599	708	140	248	2.66e-16	75.1
4_46	1_490	37.363	91	57	0	619	709	194	284	2.87e-15	72.8
4_46	1_262	36.275	102	64	1	607	708	127	227	6.80e-15	70.5
4_46	1_262	33.333	75	43	3	27	100	23	91	7.89e-04	36.6
4_46	1_290	30.508	118	73	2	597	706	134	250	1.54e-13	65.9
4_46	1_286	31.000	100	68	1	607	706	188	286	3.75e-13	65.5
4_46	1_177	30.108	93	64	1	615	707	133	224	1.96e-11	59.3
4_46	1_177	40.426	47	28	0	23	69	21	67	6.45e-07	45.8
4_46	1_322	34.940	83	52	1	616	698	127	207	6.41e-09	53.5
4_46	1_409	30.097	103	62	3	601	699	129	225	7.21e-08	50.1
4_46	1_409	27.723	101	72	1	616	716	410	509	2.12e-05	42.0
4_46	1_489	30.476	105	65	2	618	722	129	225	6.32e-07	47.4
4_46	1_442	27.957	93	65	1	597	689	108	198	7.07e-07	47.0
4_46	1_447	38.983	59	33	1	618	676	467	522	7.07e-07	47.0
4_46	1_72	25.532	94	63	2	609	699	398	487	8.33e-06	43.5
4_46	1_331	36.508	63	34	2	38	96	364	424	1.08e-04	39.7
4_46	1_229	33.333	102	63	3	601	700	476	574	1.50e-04	39.7
4_46	1_265	28.169	71	47	1	619	689	449	515	0.001	36.6
4_46	1_526	37.313	67	38	2	612	678	449	511	0.001	36.6
4_47	1_60	100.000	231	0	0	1	231	1	231	1.06e-170	464
4_48	1_61	100.000	73	0	0	1	73	1	73	5.61e-53	154
4_49	1_63	100.000	271	0	0	1	271	1	271	0.0	552
4_50	1_65	100.000	110	0	0	1	110	1	110	2.13e-78	221
4_51	1_368	99.646	565	2	0	1	565	1	565	0.0	1096
4_52	1_66	100.000	220	0	0	1	220	1	220	9.96e-158	430
4_53	1_471	99.740	384	1	0	1	384	1	384	0.0	766
4_54	1_472	99.275	276	2	0	1	276	1	276	0.0	546
4_54	1_253	35.857	251	126	6	1	233	1	234	4.03e-31	112
4_55	1_340	99.512	205	1	0	1	205	1	205	3.28e-153	417
4_56	1_67	100.000	144	0	0	1	144	1	144	6.40e-107	296
4_57	1_341	99.635	274	1	0	1	274	1	274	0.0	559
4_58	1_571	100.000	225	0	0	1	225	18	242	1.41e-163	446
4_59	1_68	100.000	293	0	0	1	293	1	293	0.0	579
4_59	1_583	32.500	80	43	2	74	146	6	81	8.62e-05	35.8
4_60	1_69	100.000	118	0	0	1	118	1	118	4.18e-79	223
4_61	1_70	100.000	97	0	0	1	97	1	97	2.04e-67	192
4_62	1_71	100.000	505	0	0	1	505	1	505	0.0	1029
4_63	1_474	99.457	184	1	0	1	184	1	184	6.21e-136	372
4_64	1_72	100.000	508	0	0	1	508	1	508	0.0	1011
4_64	1_409	30.273	512	328	14	12	505	11	511	8.93e-54	184
4_64	1_177	35.349	215	114	6	26	231	25	223	1.23e-23	94.4
4_64	1_177	32.051	78	53	0	407	484	136	213	7.36e-07	45.1
4_64	1_442	32.673	202	122	5	12	211	6	195	9.20e-16	74.7
4_64	1_489	29.630	216	130	6	8	217	2	201	1.75e-13	67.4
4_64	1_489	24.229	227	142	7	261	482	2	203	0.001	36.2
4_64	1_33	29.464	224	131	5	22	224	22	239	2.55e-13	65.1
4_64	1_33	21.127	213	161	4	277	484	26	236	2.51e-04	37.4
4_64	1_322	29.524	210	134	5	12	221	10	205	1.15e-12	64.7
4_64	1_322	28.326	233	135	9	261	487	2	208	4.95e-09	53.1
4_64	1_262	32.143	196	124	6	31	223	28	217	1.03e-11	60.1
4_64	1_265	26.271	236	145	9	8	221	2	230	6.14e-10	55.8
4_64	1_265	32.432	74	47	2	149	222	453	523	3.22e-04	37.4
4_64	1_286	25.405	185	119	6	26	201	83	257	1.01e-08	51.2
4_64	1_286	23.387	248	159	10	244	487	59	279	1.14e-05	41.6
4_64	1_205	28.444	225	127	11	23	224	145	358	1.83e-08	50.8
4_64	1_205	25.106	235	140	8	278	493	147	364	1.23e-05	42.0
4_64	1_447	31.694	183	103	8	26	201	355	522	2.66e-08	50.4
4_64	1_294	30.476	105	70	1	7	111	38	139	3.58e-08	50.4
4_64	1_294	25.974	77	56	1	407	482	508	584	4.70e-04	37.0
4_64	1_490	28.030	132	86	4	356	484	146	271	2.68e-07	47.0
4_64	1_562	31.034	145	86	3	40	180	21	155	2.70e-07	45.8
4_64	1_233	30.488	82	54	2	407	486	232	312	3.98e-07	46.6
4_64	1_233	28.333	60	43	0	8	67	11	70	4.33e-04	37.0
4_64	1_290	23.148	216	153	7	14	220	20	231	1.94e-06	43.9
4_64	1_290	24.180	244	146	10	277	503	30	251	2.62e-04	37.4
4_64	1_412	25.532	94	63	2	398	487	609	699	5.56e-06	43.5
4_64	1_266	25.954	131	94	2	357	484	229	359	1.34e-05	42.0
4_64	1_331	25.568	176	111	6	36	205	363	524	3.61e-05	40.4
4_64	1_437	25.532	188	118	5	27	208	346	517	3.33e-04	37.4
4_64	1_59	25.000	236	148	10	273	493	28	249	3.83e-04	37.0
4_64	1_526	43.182	44	25	0	26	69	343	386	6.46e-04	36.6
4_65	1_73	100.000	303	0	0	1	303	1	303	0.0	577
4_65	1_476	31.050	219	119	5	18	216	79	285	1.85e-11	58.9
4_66	1_74	100.000	184	0	0	1	184	1	184	6.18e-138	377
4_67	1_75	100.000	89	0	0	1	89	1	89	2.38e-60	174
4_68	1_76	100.000	165	0	0	1	165	1	165	6.44e-118	325
4_69	1_77	100.000	1411	0	0	1	1411	1	1411	0.0	2888
4_70	1_78	100.000	139	0	0	1	139	1	139	1.65e-99	276
4_71	1_485	99.259	135	1	0	1	135	1	135	3.43e-94	263
4_72	1_80	100.000	214	0	0	1	214	1	214	2.75e-154	421
4_73	1_483	99.842	632	1	0	1	632	1	632	0.0	1285
4_74	1_81	100.000	120	0	0	1	120	1	120	5.82e-85	238
4_75	1_82	100.000	227	0	0	1	227	1	227	1.96e-169	461
4_76	1_482	98.851	87	1	0	1	87	1	87	9.84e-62	177
4_77	1_83	100.000	321	0	0	1	321	1	321	0.0	642
4_77	1_355	41.379	58	30	1	8	65	15	68	1.38e-07	47.4
4_78	1_513	99.867	753	1	0	1	753	1	753	0.0	1523
4_79	1_550	100.000	154	0	0	58	211	1	154	7.05e-107	299
4_80	1_84	100.000	109	0	0	1	109	1	109	1.16e-79	224
4_81	1_85	100.000	155	0	0	1	155	1	155	8.19e-113	311
4_82	1_86	100.000	64	0	0	1	64	1	64	6.87e-43	127
4_83	1_87	100.000	116	0	0	1	116	1	116	4.11e-83	233
4_84	1_88	100.000	478	0	0	1	478	1	478	0.0	968
4_85	1_377	98.901	91	1	0	1	91	1	91	3.30e-62	178
4_86	1_89	100.000	356	0	0	1	356	1	356	0.0	721
4_87	1_90	100.000	99	0	0	1	99	1	99	6.02e-69	196
4_88	1_91	100.000	84	0	0	1	84	1	84	2.21e-57	166
4_89	1_93	100.000	369	0	0	1	369	1	369	0.0	745
4_90	1_95	100.000	315	0	0	1	315	1	315	0.0	627
4_90	1_425	21.908	283	199	6	36	309	31	300	1.05e-12	62.0
4_91	1_359	99.446	361	2	0	1	361	1	361	0.0	731
4_92	1_96	100.000	242	0	0	1	242	1	242	9.14e-176	478
4_92	1_334	26.772	127	68	4	81	203	46	151	3.06e-04	35.0
4_93	1_378	99.537	216	1	0	1	216	1	216	4.59e-146	400
4_94	1_97	100.000	216	0	0	1	216	1	216	1.05e-156	427
4_94	1_570	25.654	191	131	5	28	214	54	237	5.45e-10	52.4
4_95	1_98	100.000	193	0	0	1	193	1	193	2.89e-139	381
4_96	1_334	98.925	186	2	0	1	186	1	186	6.34e-136	372
4_96	1_96	26.772	127	68	4	46	151	81	203	2.16e-04	35.4
4_97	1_99	100.000	131	0	0	1	131	1	131	3.00e-94	263
4_98	1_100	100.000	150	0	0	1	150	1	150	1.62e-109	303
4_99	1_101	100.000	680	0	0	1	680	1	680	0.0	1347
4_99	1_331	27.719	285	184	6	358	634	225	495	3.50e-14	70.1
4_99	1_437	32.184	174	95	8	495	660	352	510	1.09e-10	58.9
4_99	1_322	31.285	179	100	8	500	670	32	195	5.29e-10	57.0
4_99	1_177	29.630	189	109	7	501	679	38	212	6.98e-10	54.7
4_99	1_447	31.138	167	94	7	502	660	369	522	7.05e-10	56.2
4_99	1_562	30.496	141	90	3	502	640	21	155	2.02e-09	52.4
4_99	1_526	28.042	189	107	7	463	638	317	489	7.53e-09	53.1
4_99	1_286	29.167	168	103	8	502	660	97	257	4.14e-08	50.1
4_99	1_442	24.479	192	131	5	491	678	23	204	2.30e-07	48.5
4_99	1_262	25.359	209	123	8	464	661	11	197	3.64e-07	46.6
4_99	1_409	22.353	170	119	4	500	660	37	202	4.96e-05	40.8
4_99	1_489	24.510	204	131	6	469	670	13	195	1.00e-04	39.7
4_99	1_290	28.814	177	108	5	498	660	40	212	3.49e-04	37.4
4_99	1_490	45.588	68	27	4	466	525	4	69	5.31e-04	37.4
4_99	1_265	25.126	199	105	10	500	667	32	217	6.01e-04	37.4
4_100	1_102	100.000	398	0	0	1	398	1	398	0.0	811
4_101	1_103	100.000	332	0	0	1	332	1	332	0.0	667
4_102	1_104	100.000	134	0	0	1	134	1	134	3.34e-97	270
4_103	1_105	100.000	137	0	0	1	137	1	137	1.90e-97	271
4_104	1_106	100.000	37	0	0	1	37	1	37	1.09e-20	70.1
4_105	1_107	100.000	75	0	0	1	75	1	75	3.31e-53	154
4_106	1_108	100.000	250	0	0	1	250	1	250	0.0	511
4_106	1_14	27.451	204	135	5	3	203	121	314	1.65e-15	69.7
4_107	1_110	100.000	147	0	0	1	147	1	147	7.27e-107	296
4_108	1_451	99.174	121	1	0	1	121	1	121	8.76e-87	243
4_109	1_111	100.000	179	0	0	1	179	1	179	4.19e-130	357
4_110	1_112	100.000	131	0	0	1	131	1	131	2.23e-94	263
4_111	1_113	100.000	61	0	0	1	61	1	61	5.61e-42	125
4_112	1_114	100.000	181	0	0	1	181	1	181	5.22e-135	370
4_113	1_115	100.000	122	0	0	1	122	1	122	1.04e-84	238
4_114	1_116	100.000	121	0	0	1	121	1	121	1.59e-81	229
4_115	1_117	100.000	136	0	0	1	136	1	136	9.16e-100	277
4_116	1_118	100.000	227	0	0	1	227	1	227	2.14e-167	455
4_117	1_452	99.422	173	1	0	1	173	1	173	1.01e-124	343
4_118	1_119	100.000	90	0	0	1	90	1	90	1.45e-65	187
4_119	1_121	100.000	163	0	0	1	163	1	163	1.59e-116	322
4_120	1_122	100.000	233	0	0	1	233	1	233	4.04e-170	462
4_121	1_123	100.000	106	0	0	1	106	1	106	6.80e-75	212
4_122	1_125	100.000	184	0	0	1	184	1	184	1.68e-136	374
4_123	1_455	99.638	276	1	0	1	276	1	276	0.0	565
4_123	1_348	26.894	264	165	9	5	249	21	275	8.59e-14	64.7
4_123	1_216	23.529	272	197	8	2	272	4	265	4.51e-11	56.6
4_123	1_37	24.074	270	159	9	1	248	1	246	2.94e-06	42.0
4_123	1_421	27.397	73	51	1	2	72	7	79	5.00e-05	38.5
4_123	1_380	26.316	228	142	10	7	224	8	219	3.58e-04	36.2
4_124	1_128	100.000	442	0	0	1	442	1	442	0.0	874
4_124	1_247	35.897	156	83	4	218	368	172	315	3.44e-20	87.0
4_124	1_247	30.337	89	60	2	220	307	6	93	1.49e-05	41.6
4_124	1_335	37.705	61	35	1	218	275	5	65	5.86e-05	39.3
4_126	1_372	99.419	344	2	0	1	344	1	344	0.0	678
4_126	1_319	24.606	317	175	11	64	333	46	345	1.72e-05	40.4
4_127	1_457	99.727	366	1	0	1	366	1	366	0.0	722
4_127	1_240	27.358	318	207	7	61	361	6	316	9.01e-23	92.8
4_128	1_129	100.000	321	0	0	1	321	1	321	0.0	634
4_128	1_58	32.877	219	139	5	106	317	160	377	2.11e-20	85.5
4_129	1_130	100.000	142	0	0	1	142	1	142	5.86e-104	288
4_130	1_460	99.723	361	1	0	1	361	1	361	0.0	717
4_131	1_131	100.000	259	0	0	1	259	1	259	0.0	515
4_132	1_133	100.000	91	0	0	1	91	1	91	6.75e-61	175
4_132	1_0	28.571	91	61	3	1	88	3	92	8.87e-07	38.5
4_133	1_134	100.000	98	0	0	1	98	1	98	9.76e-67	191
4_134	1_135	100.000	207	0	0	1	207	1	207	5.36e-147	402
4_135	1_142	100.000	240	0	0	1	240	1	240	3.11e-178	484
4_136	1_143	100.000	419	0	0	1	419	1	419	0.0	828
4_136	1_487	35.433	127	57	2	160	261	6	132	1.44e-14	69.3
4_136	1_247	25.112	223	154	7	159	375	173	388	1.91e-04	37.7
4_136	1_518	35.000	60	27	2	159	214	113	164	6.57e-04	35.8
4_137	1_144	100.000	141	0	0	1	141	1	141	1.22e-99	277
4_138	1_145	100.000	242	0	0	1	242	1	242	8.59e-173	470
4_139	1_146	100.000	102	0	0	1	102	1	102	1.57e-71	203
4_140	1_147	100.000	179	0	0	1	179	1	179	3.50e-127	350
4_141	1_148	100.000	187	0	0	1	187	1	187	4.44e-132	363
4_142	1_313	99.606	507	2	0	1	507	1	507	0.0	1010
4_142	1_420	43.385	325	173	6	125	444	105	423	2.62e-74	238
4_142	1_311	26.757	370	260	7	58	421	44	408	8.11e-26	104
4_142	1_184	21.988	332	249	6	37	363	15	341	8.13e-08	48.9
4_143	1_312	99.638	276	1	0	1	276	1	276	0.0	542
4_144	1_311	99.788	471	1	0	1	471	1	471	0.0	951
4_144	1_184	37.168	452	279	4	7	456	2	450	3.04e-104	313
4_144	1_313	27.027	370	259	7	44	408	58	421	1.35e-26	107
4_144	1_420	22.712	295	216	6	63	348	49	340	5.22e-08	49.3
4_145	1_152	100.000	257	0	0	1	257	1	257	0.0	518
4_146	1_154	100.000	414	0	0	1	414	1	414	0.0	830
4_147	1_155	100.000	102	0	0	1	102	1	102	4.98e-70	199
4_148	1_158	100.000	598	0	0	1	598	1	598	0.0	1210
4_148	1_159	36.898	187	106	4	2	183	6	185	1.18e-24	103
4_148	1_159	23.009	226	143	9	165	370	266	480	7.34e-07	46.6
4_148	1_159	22.599	177	118	5	322	480	509	684	3.30e-06	44.3
4_148	1_268	30.093	216	126	7	10	217	117	315	7.21e-17	78.6
4_148	1_54	27.083	288	181	10	8	272	20	301	4.47e-16	75.1
4_148	1_247	28.108	185	98	8	10	176	174	341	6.26e-05	40.0
4_149	1_309	99.690	323	1	0	1	323	1	323	0.0	657
4_150	1_159	100.000	694	0	0	1	694	1	694	0.0	1425
4_150	1_158	36.898	187	106	4	6	185	2	183	1.37e-24	103
4_150	1_158	23.009	226	143	9	266	480	165	370	8.51e-07	46.6
4_150	1_158	22.599	177	118	5	509	684	322	480	3.83e-06	44.3
4_150	1_268	37.008	127	62	2	13	139	116	224	9.18e-14	68.9
4_150	1_54	34.091	132	84	3	8	138	16	145	5.17e-13	65.9
4_151	1_160	100.000	141	0	0	1	141	1	141	6.00e-104	288
4_152	1_162	100.000	427	0	0	1	427	1	427	0.0	847
4_153	1_308	99.569	232	1	0	1	232	1	232	3.05e-173	471
4_154	1_163	100.000	93	0	0	1	93	1	93	4.81e-68	193
4_155	1_164	100.000	259	0	0	1	259	1	259	0.0	514
4_156	1_165	100.000	144	0	0	1	144	1	144	8.31e-108	298
4_157	1_166	100.000	132	0	0	1	132	1	132	6.80e-95	264
4_158	1_379	99.310	145	1	0	1	145	1	145	1.17e-101	282
4_159	1_169	100.000	229	0	0	1	229	1	229	5.14e-169	459
4_159	1_358	29.252	147	97	3	82	226	111	252	9.52e-09	48.9
4_160	1_170	100.000	181	0	0	1	181	1	181	1.20e-134	369
4_161	1_171	100.000	46	0	0	1	46	1	46	2.33e-29	92.4
4_162	1_172	100.000	195	0	0	1	195	1	195	2.45e-144	394
4_163	1_328	99.592	245	1	0	1	245	1	245	2.51e-176	479
4_164	1_174	100.000	457	0	0	1	457	1	457	0.0	937
4_165	1_175	100.000	201	0	0	1	201	1	201	6.87e-150	409
4_166	1_176	100.000	316	0	0	1	316	1	316	0.0	625
4_167	1_425	99.342	304	2	0	1	304	1	304	0.0	588
4_167	1_95	21.908	283	199	6	31	300	36	309	1.18e-12	62.0
4_168	1_178	100.000	578	0	0	1	578	1	578	0.0	1161
4_169	1_179	100.000	127	0	0	1	127	1	127	2.16e-88	248
4_170	1_180	100.000	285	0	0	1	285	1	285	0.0	552
4_170	1_186	43.077	260	134	4	26	281	1	250	2.18e-54	172
4_170	1_185	42.786	201	111	2	84	280	43	243	6.50e-48	155
4_171	1_181	100.000	411	0	0	1	411	1	411	0.0	820
4_172	1_182	100.000	202	0	0	1	202	1	202	1.51e-145	398
4_173	1_416	98.701	231	3	0	1	231	1	231	2.94e-159	435
4_174	1_420	99.804	511	1	0	1	511	1	511	0.0	1045
4_174	1_313	43.385	325	173	6	105	423	125	444	1.15e-74	239
4_174	1_311	22.712	295	216	6	49	340	63	348	3.86e-08	50.1
4_174	1_184	22.819	298	203	11	116	400	119	402	4.07e-06	43.5
4_175	1_184	100.000	457	0	0	1	457	1	457	0.0	926
4_175	1_311	37.168	452	279	4	2	450	7	456	1.83e-104	314
4_175	1_313	24.291	247	181	5	15	260	37	278	7.39e-08	48.9
4_175	1_420	22.819	298	203	11	119	402	116	400	3.39e-06	43.5
4_176	1_421	99.673	306	1	0	1	306	1	306	0.0	629
4_176	1_348	27.241	290	173	9	10	278	21	293	1.80e-21	87.0
4_176	1_216	22.939	279	185	10	9	277	5	263	2.28e-08	48.9
4_176	1_380	22.137	262	169	7	12	261	8	246	2.78e-06	42.7
4_176	1_455	27.397	73	51	1	7	79	2	72	4.16e-05	38.9
4_176	1_37	32.877	73	43	1	186	258	180	246	2.62e-04	36.2
4_177	1_295	99.723	361	1	0	1	361	1	361	0.0	734
4_179	1_362	31.008	129	74	5	2	119	1	125	9.13e-09	47.8
4_182	1_354	26.254	339	239	6	1	337	5	334	9.00e-28	113
4_184	1_187	100.000	77	0	0	1	77	1	77	1.96e-49	145
4_185	1_188	100.000	90	0	0	1	90	1	90	1.26e-61	177
4_186	1_189	100.000	156	0	0	1	156	1	156	1.35e-117	323
4_187	1_190	100.000	126	0	0	1	126	1	126	2.44e-88	247
4_188	1_191	100.000	174	0	0	1	174	1	174	6.43e-126	346
4_189	1_432	99.320	147	1	0	1	147	1	147	5.19e-106	293
4_190	1_194	100.000	87	0	0	1	87	1	87	2.05e-61	176
4_191	1_195	100.000	524	0	0	1	524	1	524	0.0	1016
4_191	1_305	24.301	465	302	18	4	429	9	462	1.06e-13	67.8
4_192	1_196	100.000	321	0	0	1	321	1	321	0.0	642
4_192	1_544	22.892	249	168	11	57	298	29	260	2.35e-05	39.7
4_193	1_556	98.507	67	1	0	1	67	1	67	2.21e-45	136
4_194	1_198	100.000	93	0	0	1	93	1	93	6.76e-61	175
4_195	1_199	100.000	64	0	0	1	64	1	64	8.35e-41	122
4_196	1_479	99.537	216	1	0	1	216	1	216	4.25e-156	426
4_197	1_200	100.000	136	0	0	1	136	1	136	5.63e-92	257
4_198	1_202	100.000	146	0	0	1	146	1	146	2.60e-102	284
4_199	1_204	100.000	143	0	0	1	143	1	143	1.84e-100	279
4_200	1_454	99.310	145	1	0	1	145	1	145	1.28e-105	293
4_201	1_205	100.000	469	0	0	1	469	1	469	0.0	967
4_201	1_59	40.240	333	193	3	116	447	5	332	1.89e-74	233
4_201	1_412	44.737	114	63	0	273	386	614	727	2.62e-30	119
4_201	1_412	31.579	95	60	2	153	247	34	123	2.74e-07	47.4
4_201	1_266	45.082	122	66	1	269	389	273	394	1.41e-28	112
4_201	1_266	35.185	108	53	4	139	239	59	156	1.63e-11	60.5
4_201	1_262	26.800	250	159	8	122	370	3	229	1.80e-18	80.1
4_201	1_177	28.444	225	136	8	143	365	22	223	3.15e-16	72.8
4_201	1_233	32.520	123	71	3	247	357	190	312	7.35e-15	70.9
4_201	1_294	32.432	111	74	1	274	384	505	614	7.52e-15	71.2
4_201	1_286	30.769	195	114	7	146	336	81	258	3.14e-14	67.8
4_201	1_33	27.350	234	147	5	146	367	26	248	6.98e-14	66.6
4_201	1_490	23.448	145	108	2	244	388	162	303	1.64e-11	60.1
4_201	1_409	25.424	236	134	10	143	363	22	230	1.76e-09	54.3
4_201	1_409	25.194	258	149	8	115	355	259	489	5.47e-08	49.3
4_201	1_290	26.033	242	156	9	122	354	4	231	3.31e-09	52.0
4_201	1_322	25.688	218	138	7	142	359	16	209	1.20e-08	51.6
4_201	1_72	28.444	225	127	11	145	358	23	224	2.38e-08	50.4
4_201	1_72	24.483	290	175	11	99	364	224	493	1.27e-05	42.0
4_201	1_489	25.561	223	120	8	141	356	15	198	6.29e-08	49.3
4_201	1_442	25.592	211	123	8	142	347	16	197	4.45e-06	43.5
4_201	1_265	23.913	184	111	6	142	308	16	187	1.08e-04	38.9
4_201	1_229	29.897	97	57	4	277	364	834	928	1.89e-04	38.1
4_202	1_206	100.000	151	0	0	1	151	1	151	1.09e-108	301
4_202	1_293	32.500	120	78	2	15	132	22	140	6.58e-11	52.4
4_203	1_207	100.000	113	0	0	1	113	1	113	7.12e-82	230
4_204	1_208	100.000	96	0	0	1	96	1	96	1.58e-68	195
4_205	1_210	100.000	285	0	0	1	285	1	285	0.0	558
4_206	1_211	100.000	190	0	0	1	190	1	190	3.94e-143	391
4_207	1_446	99.752	404	1	0	1	404	1	404	0.0	813
4_208	1_212	100.000	331	0	0	1	331	1	331	0.0	660
4_209	1_214	100.000	149	0	0	1	149	1	149	1.74e-111	308
4_210	1_215	100.000	112	0	0	1	112	1	112	2.69e-78	221
4_211	1_515	99.275	138	1	0	1	138	1	138	2.76e-96	268
4_212	1_216	100.000	267	0	0	1	267	1	267	0.0	541
4_212	1_348	26.502	283	175	9	3	260	19	293	4.53e-16	71.2
4_212	1_380	32.895	228	137	8	1	219	1	221	4.20e-15	69.3
4_212	1_455	23.897	272	196	8	4	265	2	272	8.62e-12	58.5
4_212	1_421	22.968	283	187	11	2	263	5	277	1.42e-08	49.3
4_212	1_37	32.203	59	40	0	183	241	188	246	1.11e-04	37.4
4_213	1_217	100.000	90	0	0	1	90	1	90	1.90e-57	166
4_214	1_218	100.000	221	0	0	1	221	1	221	2.71e-164	447
4_215	1_219	100.000	219	0	0	1	219	1	219	3.28e-160	436
4_216	1_220	100.000	70	0	0	1	70	1	70	3.07e-44	131
4_219	1_221	100.000	692	0	0	1	692	1	692	0.0	1372
4_220	1_222	100.000	95	0	0	1	95	1	95	2.42e-67	192
4_221	1_224	100.000	699	0	0	1	699	1	699	0.0	1417
4_221	1_497	25.878	769	431	26	16	692	6	727	2.05e-44	165
4_222	1_225	100.000	181	0	0	1	181	1	181	8.08e-131	359
4_223	1_223	98.718	78	1	0	13	90	1	78	1.40e-51	151
4_224	1_370	94.118	51	3	0	1	51	1	51	2.69e-31	97.8
4_225	1_226	100.000	76	0	0	1	76	1	76	4.24e-50	147
4_226	1_227	100.000	232	0	0	1	232	1	232	5.79e-171	465
4_227	1_229	100.000	947	0	0	1	947	1	947	0.0	1932
4_227	1_262	29.801	151	85	7	783	928	90	224	3.74e-07	47.4
4_227	1_442	39.130	92	47	4	820	908	115	200	6.64e-07	47.4
4_227	1_442	28.571	147	88	6	416	562	64	193	1.58e-04	39.7
4_227	1_33	32.051	78	50	1	820	897	145	219	1.35e-06	45.8
4_227	1_33	30.000	80	54	1	479	558	145	222	5.92e-06	43.5
4_227	1_489	36.585	82	43	4	834	912	129	204	2.09e-05	42.7
4_227	1_322	36.905	84	44	4	826	906	121	198	1.77e-04	39.7
4_227	1_266	25.168	298	194	12	628	907	63	349	1.89e-04	39.3
4_227	1_412	33.333	102	63	3	476	574	601	700	1.89e-04	39.7
4_227	1_233	38.667	75	43	2	485	558	224	296	2.30e-04	38.9
4_227	1_205	29.897	97	57	4	834	928	277	364	4.13e-04	38.1
4_227	1_59	29.825	114	68	5	833	943	161	265	5.02e-04	37.7
4_227	1_409	24.737	190	120	8	481	655	129	310	5.06e-04	38.1
4_228	1_230	100.000	821	0	0	1	821	1	821	0.0	1663
4_228	1_316	22.437	517	375	10	10	510	6	512	1.76e-31	125
4_229	1_397	83.958	480	57	4	4	468	7	481	0.0	744
4_230	1_41	99.387	326	2	0	1	326	1	326	0.0	648
4_231	1_192	99.344	305	2	0	1	305	1	305	0.0	617
4_231	1_410	24.419	344	193	13	4	298	157	482	1.98e-04	37.4
4_232	1_398	99.724	1086	3	0	1	1086	1	1086	0.0	2132
4_232	1_399	24.222	450	279	15	23	431	12	440	1.07e-08	53.5
4_232	1_468	24.947	469	294	15	18	451	14	459	1.24e-07	50.1
4_232	1_439	22.624	221	146	6	31	226	14	234	5.06e-05	41.6
4_232	1_521	26.667	255	162	9	25	260	29	277	1.19e-04	40.4
4_232	1_524	22.707	458	302	16	16	430	5	453	1.73e-04	40.0
4_233	1_307	99.275	965	7	0	1	965	1	965	0.0	1892
4_233	1_440	23.247	271	155	11	65	297	63	318	4.26e-08	51.6
4_233	1_522	26.286	175	110	5	24	191	12	174	1.83e-04	39.7
4_233	1_467	26.667	375	214	20	5	353	3	342	0.001	37.4
4_234	1_231	100.000	242	0	0	1	242	1	242	1.66e-178	484
4_235	1_193	99.296	142	1	0	1	142	1	142	3.47e-98	273
4_236	1_399	98.036	1069	11	1	1	1069	1	1059	0.0	2076
4_236	1_468	26.551	1096	683	32	1	1060	6	1015	1.03e-80	279
4_236	1_439	31.988	322	208	5	4	322	1	314	2.92e-43	166
4_236	1_439	26.174	298	176	8	521	777	721	1015	6.70e-17	80.5
4_236	1_439	35.088	114	70	4	357	468	472	583	4.05e-10	58.5
4_236	1_524	24.593	553	308	20	6	496	4	509	1.69e-14	72.8
4_236	1_521	24.010	404	243	14	15	394	31	394	5.34e-13	67.8
4_236	1_398	24.222	450	279	15	12	440	23	431	4.24e-08	51.6
4_237	1_232	100.000	322	0	0	1	322	1	322	0.0	652
4_238	1_305	99.809	524	1	0	1	524	1	524	0.0	1019
4_238	1_195	24.301	465	302	18	9	462	4	429	1.97e-13	67.0
4_239	1_304	99.733	374	1	0	1	374	1	374	0.0	774
4_240	1_400	99.565	1379	3	1	1	1379	1	1376	0.0	2694
4_240	1_553	66.499	997	314	3	1	981	1	993	0.0	1283
4_240	1_552	70.927	399	110	4	981	1379	4	396	0.0	549
4_241	1_401	99.437	355	2	0	1	355	26	380	0.0	684
4_242	1_233	100.000	444	0	0	1	444	1	444	0.0	887
4_242	1_490	30.725	345	183	9	8	341	5	304	4.39e-38	137
4_242	1_294	38.624	189	111	4	205	390	481	667	3.85e-35	133
4_242	1_294	47.423	97	51	0	11	107	39	135	7.01e-23	96.3
4_242	1_266	26.786	392	248	11	10	379	43	417	4.14e-23	95.9
4_242	1_412	32.117	137	92	1	199	334	584	720	2.87e-20	88.2
4_242	1_412	40.541	37	22	0	20	56	18	54	6.09e-04	36.6
4_242	1_33	35.616	146	81	5	214	355	140	276	2.42e-17	77.0
4_242	1_33	25.962	104	55	3	24	106	21	123	9.04e-05	38.5
4_242	1_205	32.520	123	71	3	190	312	247	357	5.62e-15	71.2
4_242	1_262	34.545	110	71	1	212	321	118	226	4.51e-13	63.9
4_242	1_262	26.050	119	79	3	22	137	16	128	1.82e-05	40.8
4_242	1_286	36.170	94	54	2	24	111	78	171	9.17e-12	60.5
4_242	1_286	36.585	82	51	1	230	311	197	277	4.94e-10	55.1
4_242	1_409	30.147	136	88	4	202	333	112	244	6.89e-11	58.5
4_242	1_409	28.431	102	68	3	10	106	6	107	3.09e-08	50.1
4_242	1_409	25.287	87	64	1	224	310	404	489	3.94e-05	40.0
4_242	1_177	31.313	99	67	1	232	330	136	233	3.41e-10	54.7
4_242	1_489	32.990	97	63	1	10	106	1	95	7.54e-10	55.5
4_242	1_59	28.030	132	92	1	204	332	131	262	8.04e-10	54.7
4_242	1_290	31.313	99	68	0	211	309	133	231	5.09e-09	51.6
4_242	1_442	32.394	142	92	3	211	351	107	245	9.70e-09	52.0
4_242	1_442	32.955	88	57	1	16	103	7	92	1.07e-08	51.6
4_242	1_322	31.915	94	62	1	10	103	1	92	1.14e-08	51.6
4_242	1_322	39.535	86	46	3	229	312	126	207	2.27e-08	50.4
4_242	1_526	36.232	69	44	0	10	78	324	392	1.70e-07	47.8
4_242	1_526	32.710	107	55	3	193	293	419	514	6.97e-06	42.7
4_242	1_72	30.488	82	54	2	232	312	407	486	3.48e-07	46.6
4_242	1_72	28.333	60	43	0	11	70	8	67	3.78e-04	37.0
4_242	1_447	30.769	78	53	1	1	77	327	404	5.54e-06	42.7
4_242	1_447	36.364	66	39	1	229	294	464	526	5.20e-05	39.7
4_242	1_265	31.765	85	54	1	226	310	150	230	1.63e-05	41.6
4_242	1_265	27.586	58	42	0	10	67	1	58	2.09e-05	41.2
4_242	1_437	32.787	61	41	0	11	71	327	387	3.48e-05	40.4
4_242	1_229	38.667	75	43	2	224	296	485	558	1.16e-04	38.9
4_242	1_562	36.471	85	48	3	185	263	66	150	1.18e-04	37.7
4_243	1_403	99.650	286	1	0	1	286	1	286	0.0	553
4_243	1_302	25.150	167	115	4	75	237	73	233	6.39e-05	38.1
4_244	1_302	99.270	274	2	0	1	274	1	274	0.0	536
4_244	1_403	25.150	167	115	4	73	233	75	237	5.60e-05	38.1
4_245	1_47	99.650	571	2	0	1	571	1	571	0.0	1145
4_246	1_301	99.640	278	1	0	1	278	1	278	0.0	539
4_246	1_274	27.350	117	73	3	110	226	48	152	1.58e-06	42.7
4_246	1_274	31.092	119	70	4	121	239	35	141	2.88e-05	38.9
4_247	1_300	99.429	175	1	0	1	175	1	175	4.39e-125	344
4_248	1_299	99.351	308	2	0	1	308	1	308	0.0	578
4_249	1_404	99.052	1477	6	2	1	1469	1	1477	0.0	2958
4_249	1_343	22.222	720	356	26	788	1425	188	785	2.30e-17	82.4
4_250	1_405	99.767	429	1	0	1	429	1	429	0.0	863
4_251	1_406	98.165	109	2	0	1	109	1	109	1.28e-73	209
4_251	1_390	33.846	65	42	1	38	101	79	143	2.34e-06	38.5
4_252	1_50	99.306	144	1	0	1	144	1	144	5.49e-107	296
4_253	1_235	100.000	856	0	0	1	856	1	856	0.0	1721
4_253	1_392	35.361	707	433	11	50	746	6	698	2.45e-130	406
4_253	1_392	25.000	132	88	5	727	854	582	706	3.62e-04	38.5
4_254	1_51	99.548	221	1	0	1	221	1	221	6.98e-161	438
4_255	1_369	99.569	232	1	0	1	232	1	232	3.94e-163	445
4_256	1_407	99.495	1982	10	0	1	1982	1	1982	0.0	3861
4_256	1_566	30.230	870	558	19	45	884	8	858	4.54e-94	322
4_256	1_527	35.516	397	209	11	60	425	37	417	1.58e-54	196
4_257	1_553	99.597	993	4	0	1	993	1	993	0.0	1939
4_257	1_400	68.103	1392	421	6	1	1385	1	1376	0.0	1818
4_257	1_552	99.746	394	1	0	993	1386	4	397	0.0	798
4_258	1_298	99.835	607	1	0	1	607	1	607	0.0	1219
4_259	1_236	100.000	132	0	0	1	132	1	132	3.02e-95	265
4_260	1_237	100.000	297	0	0	1	297	1	297	0.0	599
4_261	1_297	99.024	205	2	0	1	205	1	205	5.28e-143	392
4_262	1_238	100.000	416	0	0	1	416	1	416	0.0	798
4_263	1_409	99.805	512	1	0	1	512	1	512	0.0	1016
4_263	1_72	30.469	512	327	14	11	511	12	505	2.32e-54	186
4_263	1_489	23.938	259	169	9	6	263	1	232	1.65e-14	70.9
4_263	1_489	23.301	206	140	4	282	487	16	203	1.49e-06	45.1
4_263	1_286	25.108	231	157	8	6	228	60	282	5.91e-14	67.4
4_263	1_286	30.263	76	53	0	412	487	199	274	1.94e-04	37.7
4_263	1_442	25.592	211	143	5	6	215	1	198	8.79e-14	68.6
4_263	1_442	26.531	196	126	5	277	472	11	188	9.64e-11	58.5
4_263	1_177	25.676	222	145	6	6	221	5	212	1.00e-13	65.5
4_263	1_177	25.446	224	142	7	283	501	22	225	7.03e-09	51.2
4_263	1_322	28.194	227	133	7	282	505	16	215	2.37e-13	67.0
4_263	1_322	25.688	218	140	7	20	235	15	212	2.60e-13	66.6
4_263	1_33	24.576	236	141	7	13	223	14	237	3.43e-12	62.0
4_263	1_33	27.027	222	133	8	286	489	26	236	4.38e-12	61.6
4_263	1_262	27.273	220	125	10	21	225	19	218	3.99e-12	61.2
4_263	1_262	25.541	231	157	8	264	492	1	218	6.45e-06	42.4
4_263	1_290	24.464	233	160	7	22	245	27	252	1.54e-11	59.3
4_263	1_290	21.875	224	167	5	267	487	12	230	1.34e-07	47.4
4_263	1_233	30.147	136	88	4	112	244	202	333	8.09e-11	58.5
4_263	1_233	28.431	102	68	3	6	107	10	106	3.56e-08	50.1
4_263	1_233	25.287	87	64	1	404	489	224	310	4.46e-05	40.0
4_263	1_266	36.634	101	54	3	129	223	264	360	8.58e-11	58.2
4_263	1_266	35.443	79	50	1	412	489	281	359	3.99e-07	46.6
4_263	1_266	41.071	56	29	1	6	57	43	98	6.20e-06	42.7
4_263	1_294	34.409	93	54	2	402	490	498	587	1.55e-10	58.2
4_263	1_294	29.213	89	58	2	133	220	500	584	8.53e-08	49.3
4_263	1_294	29.348	92	54	4	16	104	48	131	7.95e-07	46.2
4_263	1_526	29.545	220	114	7	2	206	320	513	2.23e-10	57.4
4_263	1_490	23.333	270	154	9	28	246	29	296	1.03e-09	54.7
4_263	1_490	32.609	92	57	2	399	489	184	271	1.00e-06	45.4
4_263	1_205	25.424	236	134	10	22	230	143	363	1.19e-09	54.7
4_263	1_205	25.296	253	145	8	262	487	118	353	4.76e-08	49.7
4_263	1_412	30.097	103	62	3	129	225	601	699	4.56e-08	50.1
4_263	1_412	27.723	101	72	1	410	509	616	716	1.43e-05	42.0
4_263	1_265	24.599	187	125	4	6	176	1	187	4.87e-07	46.6
4_263	1_59	26.267	217	134	9	32	230	40	248	5.51e-06	42.7
4_263	1_59	33.333	81	53	1	410	489	160	240	6.10e-05	39.7
4_263	1_562	25.000	160	108	5	22	179	4	153	5.56e-06	42.0
4_263	1_101	22.353	170	119	4	37	202	500	660	2.69e-05	41.2
4_263	1_331	26.230	183	118	8	37	215	365	534	5.70e-04	36.6
4_263	1_229	27.184	103	72	1	373	472	795	897	7.33e-04	36.6
4_264	1_239	100.000	419	0	0	1	419	1	419	0.0	848
4_265	1_410	99.509	611	3	0	1	611	1	611	0.0	1222
4_265	1_572	31.004	229	154	4	385	609	4	232	2.07e-32	119
4_265	1_557	30.597	134	91	1	167	300	4	135	7.23e-16	69.7
4_265	1_573	28.713	101	68	1	285	385	15	111	7.21e-09	48.9
4_265	1_192	24.277	346	195	13	155	482	2	298	5.03e-08	49.3
4_265	1_161	26.351	148	100	5	335	477	159	302	1.19e-04	39.3
4_266	1_497	35.227	88	39	4	124	201	197	276	5.36e-04	37.4
4_269	1_411	99.787	939	2	0	1	939	1	939	0.0	1901
4_270	1_240	100.000	351	0	0	1	351	1	351	0.0	685
4_270	1_457	27.358	318	207	7	6	316	61	361	6.46e-23	93.2
4_271	1_59	99.713	349	1	0	1	349	1	349	0.0	713
4_271	1_205	40.240	333	193	3	5	332	116	447	4.39e-79	244
4_271	1_412	37.267	161	81	3	118	266	570	722	8.97e-31	117
4_271	1_266	37.500	136	83	1	131	266	252	385	1.04e-27	107
4_271	1_266	29.630	135	70	5	7	125	32	157	3.72e-09	52.4
4_271	1_262	31.330	233	127	7	29	252	19	227	3.54e-23	92.0
4_271	1_286	28.972	214	133	6	14	221	58	258	1.04e-18	80.1
4_271	1_177	24.783	230	150	7	30	257	22	230	1.16e-13	64.3
4_271	1_233	28.125	128	89	1	131	258	204	328	1.53e-13	65.9
4_271	1_33	33.043	115	74	2	140	254	139	250	2.37e-13	64.3
4_271	1_294	29.358	109	76	1	159	267	505	612	9.64e-13	63.5
4_271	1_294	25.899	139	83	6	4	139	30	151	2.46e-04	37.4
4_271	1_490	27.778	126	87	2	142	267	176	297	1.09e-12	62.8
4_271	1_290	38.462	78	48	0	162	239	154	231	2.28e-12	60.8
4_271	1_447	29.612	206	115	11	29	228	351	532	1.24e-08	50.8
4_271	1_409	26.267	217	134	9	40	248	32	230	3.71e-08	49.3
4_271	1_409	33.333	81	53	1	160	240	410	489	5.82e-07	45.4
4_271	1_322	32.941	85	55	1	160	244	127	209	1.73e-07	47.4
4_271	1_489	24.880	209	125	7	29	232	16	197	2.35e-07	47.0
4_271	1_229	30.702	114	67	5	161	265	833	943	3.65e-07	46.2
4_271	1_442	30.682	88	57	2	145	232	114	197	9.78e-07	45.1
4_271	1_526	26.341	205	122	8	29	228	339	519	2.01e-06	43.9
4_271	1_72	25.000	236	148	10	28	249	273	493	4.87e-06	42.4
4_271	1_265	27.143	70	47	2	163	232	449	514	3.36e-04	36.6
4_271	1_437	26.857	175	106	8	49	223	361	513	3.69e-04	36.6
4_272	1_413	99.097	443	4	0	1	443	1	443	0.0	876
4_273	1_414	99.368	1425	9	0	1	1425	1	1425	0.0	2857
4_274	1_415	99.672	305	1	0	1	305	1	305	0.0	609
4_275	1_296	97.436	78	2	0	1	78	1	78	6.27e-51	149
4_276	1_183	99.795	487	1	0	1	487	1	487	0.0	967
4_277	1_417	99.810	527	1	0	1	527	1	527	0.0	1025
4_278	1_241	100.000	184	0	0	1	184	1	184	4.67e-136	372
4_279	1_418	99.359	156	1	0	1	156	1	156	1.53e-112	311
4_280	1_419	99.460	741	3	1	1	740	1	741	0.0	1483
4_281	1_422	99.541	218	1	0	1	218	1	218	5.92e-161	438
4_282	1_423	99.585	241	1	0	1	241	1	241	5.55e-180	488
4_283	1_424	99.187	246	2	0	1	246	1	246	0.0	495
4_284	1_177	99.580	238	1	0	1	238	1	238	6.58e-175	475
4_284	1_72	34.498	229	125	6	25	237	26	245	5.14e-24	94.7
4_284	1_72	32.051	78	53	0	136	213	407	484	3.78e-07	44.7
4_284	1_33	40.000	85	51	0	133	217	156	240	7.78e-17	72.8
4_284	1_205	28.444	225	136	8	22	223	143	365	1.42e-16	72.8
4_284	1_262	27.805	205	136	6	22	218	20	220	2.33e-15	68.2
4_284	1_409	25.676	222	145	6	5	212	6	221	3.93e-14	65.9
4_284	1_409	25.446	224	142	7	22	225	283	501	3.15e-09	51.2
4_284	1_266	32.353	102	68	1	133	233	278	379	1.71e-12	60.8
4_284	1_490	33.571	140	82	4	90	221	143	279	1.95e-12	60.5
4_284	1_412	30.108	93	64	1	133	224	615	707	7.06e-12	59.3
4_284	1_412	40.426	47	28	0	21	67	23	69	2.42e-07	45.4
4_284	1_294	32.292	96	63	2	127	221	500	594	1.88e-11	57.8
4_284	1_294	30.556	72	46	3	21	89	53	123	3.89e-04	35.8
4_284	1_322	28.814	236	143	8	8	235	4	222	3.72e-11	57.0
4_284	1_101	29.630	189	109	7	38	212	501	679	1.69e-10	55.1
4_284	1_233	31.313	99	67	1	136	233	232	330	1.97e-10	54.7
4_284	1_59	24.783	230	150	7	22	230	30	257	2.56e-10	54.3
4_284	1_562	31.544	149	93	4	24	167	6	150	3.86e-10	52.4
4_284	1_526	28.646	192	103	6	22	197	340	513	1.36e-09	52.4
4_284	1_286	24.272	206	141	6	25	220	83	283	1.68e-09	51.6
4_284	1_447	31.522	184	108	8	24	198	354	528	2.28e-09	51.6
4_284	1_489	27.000	200	123	7	22	211	17	203	9.45e-09	49.7
4_284	1_265	21.397	229	162	8	5	226	319	536	6.23e-07	44.3
4_284	1_265	22.363	237	149	6	5	213	1	230	1.07e-05	40.4
4_284	1_442	27.174	184	109	7	24	196	19	188	7.38e-07	44.3
4_284	1_331	25.943	212	129	9	8	205	336	533	8.17e-07	43.9
4_284	1_290	26.582	79	57	1	135	212	153	231	3.15e-06	41.6
4_284	1_437	25.414	181	122	5	22	197	342	514	3.62e-06	42.0
4_285	1_426	99.574	705	3	0	1	705	1	705	0.0	1380
4_286	1_427	99.679	312	1	0	1	312	1	312	0.0	621
4_287	1_428	99.270	548	4	0	1	548	1	548	0.0	1118
4_287	1_429	65.598	468	138	6	83	533	192	653	0.0	594
4_287	1_429	78.947	38	8	0	4	41	1	38	3.91e-13	66.2
4_287	1_551	38.104	517	291	8	19	513	110	619	1.24e-107	330
4_287	1_531	35.815	497	260	18	51	512	35	507	8.19e-75	241
4_287	1_577	33.266	496	267	14	63	514	21	496	2.21e-73	237
4_287	1_22	30.496	423	234	11	144	519	131	540	8.72e-44	158
4_288	1_429	99.697	660	2	0	1	660	1	660	0.0	1330
4_288	1_428	65.605	471	139	6	189	653	80	533	0.0	598
4_288	1_428	78.947	38	8	0	1	38	4	41	4.58e-13	66.2
4_288	1_551	43.560	427	222	5	209	633	210	619	1.06e-107	334
4_288	1_531	37.407	540	270	19	126	632	3	507	2.20e-79	256
4_288	1_577	34.698	464	245	11	204	634	58	496	6.94e-72	236
4_288	1_22	31.670	461	251	12	214	632	95	533	3.14e-52	184
4_289	1_242	100.000	176	0	0	1	176	1	176	4.15e-131	359
4_289	1_247	40.741	54	29	1	19	69	6	59	2.02e-06	41.6
4_289	1_247	28.415	183	118	5	5	175	157	338	2.91e-06	40.8
4_289	1_335	39.344	61	33	3	19	76	10	69	1.46e-04	35.8
4_290	1_430	93.951	3571	200	11	1	3561	1	3565	0.0	6603
4_290	1_431	25.283	265	139	13	496	739	346	572	8.95e-05	42.7
4_291	1_431	96.530	2738	85	4	1	2736	1	2730	0.0	5262
4_291	1_430	25.660	265	138	13	346	572	496	739	4.87e-05	43.5
4_292	1_433	99.667	300	1	0	1	300	1	300	0.0	603
4_292	1_5	31.481	270	146	14	25	283	23	264	3.98e-23	91.7
4_292	1_282	33.824	136	63	8	16	150	4	113	4.42e-06	41.6
4_293	1_434	97.931	145	3	0	1	145	1	145	3.16e-103	286
4_294	1_62	99.502	201	1	0	1	201	1	201	1.30e-147	403
4_294	1_435	37.888	161	95	3	3	162	4	160	1.90e-27	98.2
4_295	1_435	98.969	194	2	0	1	194	1	194	3.82e-142	389
4_295	1_62	38.509	161	94	3	4	160	3	162	9.78e-28	99.0
4_296	1_243	100.000	238	0	0	1	238	1	238	6.52e-173	470
4_297	1_396	99.900	999	1	0	1	999	1	999	0.0	2020
4_298	1_161	99.781	457	1	0	1	457	1	457	0.0	935
4_298	1_573	28.916	83	51	1	106	188	16	90	7.15e-05	37.0
4_298	1_410	26.351	148	100	5	159	302	335	477	1.15e-04	38.9
4_299	1_244	100.000	452	0	0	1	452	1	452	0.0	885
4_300	1_245	100.000	166	0	0	1	166	1	166	3.68e-117	323
4_301	1_246	100.000	76	0	0	1	76	1	76	2.76e-50	147
4_302	1_247	100.000	437	0	0	1	437	1	437	0.0	877
4_302	1_128	35.897	156	83	4	172	315	218	368	3.70e-20	87.0
4_302	1_128	30.337	89	60	2	6	93	220	307	1.30e-05	41.6
4_302	1_335	29.530	149	90	6	5	143	9	152	4.53e-09	52.0
4_302	1_335	35.593	59	38	0	173	231	9	67	4.15e-06	42.7
4_302	1_242	40.741	54	29	1	6	59	19	69	5.01e-06	41.6
4_302	1_242	28.415	183	118	5	157	338	5	175	7.23e-06	40.8
4_302	1_158	28.108	185	98	8	174	341	10	176	4.57e-05	40.0
4_302	1_518	33.846	65	33	4	5	65	113	171	2.63e-04	37.0
4_303	1_157	99.559	227	1	0	1	227	1	227	3.58e-169	460
4_304	1_156	99.734	376	1	0	1	376	1	376	0.0	773
4_305	1_248	100.000	600	0	0	1	600	1	600	0.0	1198
4_306	1_395	99.613	517	2	0	1	517	1	517	0.0	1004
4_307	1_394	99.306	1585	11	0	1	1585	1	1585	0.0	3112
4_307	1_209	26.625	323	183	13	917	1223	623	907	5.68e-14	71.6
4_307	1_209	37.383	107	59	3	281	385	297	397	1.21e-05	44.3
4_308	1_153	99.638	276	1	0	1	276	1	276	0.0	564
4_309	1_310	99.855	691	1	0	1	691	1	691	0.0	1389
4_310	1_151	99.780	455	1	0	1	455	1	455	0.0	929
4_311	1_150	99.318	440	3	0	1	440	1	440	0.0	874
4_311	1_7	35.751	193	111	4	101	283	125	314	4.17e-26	102
4_312	1_249	100.000	306	0	0	1	306	1	306	0.0	608
4_313	1_149	98.758	161	2	0	1	161	1	161	5.62e-117	322
4_314	1_314	98.701	385	5	0	1	385	1	385	0.0	739
4_315	1_315	99.502	402	2	0	1	402	1	402	0.0	796
4_316	1_250	100.000	120	0	0	1	120	1	120	4.28e-85	238
4_317	1_141	99.703	337	1	0	1	337	1	337	0.0	671
4_318	1_140	99.856	694	1	0	1	694	1	694	0.0	1389
4_319	1_139	99.702	336	1	0	1	336	1	336	0.0	685
4_320	1_393	99.844	641	1	0	1	641	1	641	0.0	1284
4_320	1_42	44.131	639	334	9	3	626	5	635	7.46e-168	489
4_321	1_392	99.412	850	5	0	1	850	1	850	0.0	1684
4_321	1_235	35.261	709	431	12	6	698	50	746	9.54e-128	399
4_321	1_235	25.000	132	88	5	582	706	727	854	4.26e-04	38.1
4_322	1_138	99.661	886	3	0	1	886	1	886	0.0	1798
4_322	1_320	24.069	698	428	16	34	711	18	633	1.11e-46	174
4_322	1_325	22.941	340	205	10	440	753	393	701	9.93e-15	72.8
4_322	1_325	23.563	174	120	3	27	199	8	169	7.00e-09	53.9
4_322	1_462	26.490	151	100	3	50	200	2	141	2.69e-09	54.7
4_322	1_462	34.426	61	35	2	574	634	294	349	4.59e-05	41.2
4_323	1_391	99.020	204	2	0	1	204	1	204	3.64e-142	390
4_324	1_390	99.333	150	1	0	1	150	1	150	8.20e-105	291
4_324	1_406	37.662	77	47	1	67	143	26	101	4.59e-11	51.6
4_325	1_251	100.000	333	0	0	1	333	1	333	0.0	659
4_326	1_389	99.774	443	1	0	1	443	1	443	0.0	873
4_327	1_252	100.000	120	0	0	1	120	1	120	7.25e-85	238
4_328	1_388	99.355	465	3	0	1	465	1	465	0.0	923
4_329	1_137	99.317	439	3	0	1	439	1	439	0.0	868
4_330	1_136	98.969	97	1	0	1	97	1	97	3.35e-66	189
4_331	1_253	100.000	287	0	0	1	287	1	287	0.0	577
4_331	1_472	36.220	254	121	7	1	234	1	233	1.39e-33	119
4_332	1_254	100.000	81	0	0	1	81	1	81	1.05e-57	166
4_333	1_387	99.438	534	3	0	1	534	1	534	0.0	1055
4_334	1_6	99.701	335	1	0	1	335	1	335	0.0	662
4_335	1_7	99.700	333	1	0	1	333	1	333	0.0	662
4_335	1_150	34.375	192	115	3	125	314	101	283	3.65e-25	99.8
4_336	1_436	99.383	324	2	0	1	324	1	324	0.0	662
4_336	1_285	22.941	340	195	13	1	296	321	637	2.15e-09	53.1
4_337	1_385	99.672	609	2	0	1	609	1	609	0.0	1215
4_338	1_318	99.872	783	1	0	1	783	1	783	0.0	1563
4_339	1_319	99.150	353	3	0	1	353	1	353	0.0	694
4_339	1_372	27.129	317	167	15	46	345	64	333	4.65e-07	45.4
4_340	1_320	99.392	823	5	0	1	823	1	823	0.0	1650
4_340	1_138	24.291	741	451	18	18	668	34	754	6.36e-49	181
4_340	1_325	22.781	338	192	11	393	679	398	717	6.15e-14	70.1
4_340	1_325	27.174	184	113	4	6	186	3	168	6.35e-09	53.9
4_340	1_462	24.084	191	113	4	32	222	3	161	9.61e-08	49.7
4_341	1_384	99.687	638	2	0	1	638	1	638	0.0	1247
4_342	1_13	99.688	321	1	0	1	321	1	321	0.0	622
4_343	1_321	99.038	520	5	0	1	520	1	520	0.0	1006
4_344	1_255	100.000	160	0	0	1	160	1	160	9.79e-114	314
4_345	1_383	99.057	212	2	0	1	212	1	212	4.69e-147	403
4_346	1_437	99.439	535	3	0	1	535	1	535	0.0	1034
4_346	1_331	31.445	512	325	9	31	526	35	536	1.57e-54	187
4_346	1_447	31.132	212	136	3	321	526	331	538	1.84e-30	119
4_346	1_526	31.202	391	220	16	155	521	155	520	1.24e-24	102
4_346	1_562	32.086	187	123	2	343	526	5	190	3.86e-16	71.6
4_346	1_262	32.353	204	117	11	327	514	2	200	7.68e-13	63.5
4_346	1_442	30.882	204	134	4	327	527	2	201	2.46e-11	60.8
4_346	1_101	32.184	174	95	8	352	510	495	660	1.04e-10	58.5
4_346	1_489	29.167	216	128	8	327	530	2	204	6.01e-09	53.1
4_346	1_322	29.167	216	137	9	327	534	2	209	3.37e-08	50.4
4_346	1_286	29.570	186	108	8	341	510	79	257	1.86e-07	47.4
4_346	1_265	35.185	54	35	0	335	388	10	63	9.02e-06	42.7
4_346	1_177	25.414	181	122	5	342	514	22	197	1.50e-05	41.2
4_346	1_233	32.787	61	41	0	327	387	11	71	4.82e-05	40.0
4_346	1_294	25.301	83	59	1	324	406	36	115	3.04e-04	37.7
4_346	1_72	25.532	188	118	5	346	517	27	208	6.25e-04	36.6
4_347	1_438	96.522	115	4	0	1	115	19	133	3.18e-77	219
4_348	1_439	98.850	1217	8	3	1	1213	1	1215	0.0	2391
4_348	1_399	31.988	322	208	5	1	314	4	322	5.59e-43	165
4_348	1_399	26.573	286	168	7	720	1002	521	767	1.02e-16	80.1
4_348	1_399	38.542	96	56	3	472	566	357	450	1.42e-10	60.1
4_348	1_468	32.867	286	182	5	3	285	11	289	1.59e-34	137
4_348	1_468	30.822	292	137	10	737	1016	545	783	2.60e-23	101
4_348	1_468	32.231	121	72	5	477	594	361	474	1.81e-05	43.5
4_348	1_521	24.096	249	165	5	6	249	25	254	6.96e-14	70.9
4_348	1_524	26.556	241	150	8	1	234	1	221	4.31e-11	62.0
4_348	1_524	28.276	145	81	7	968	1101	851	983	3.63e-05	42.4
4_348	1_398	22.624	221	146	6	14	234	31	226	1.37e-04	40.4
4_349	1_440	97.704	1176	15	1	1	1176	1	1164	0.0	2297
4_349	1_522	32.197	264	157	5	7	261	5	255	2.43e-28	117
4_349	1_522	25.183	409	207	17	584	972	445	774	8.41e-14	70.5
4_349	1_467	32.258	248	151	8	10	252	13	248	6.55e-24	103
4_349	1_523	29.560	159	99	4	6	161	2	150	5.14e-11	61.6
4_349	1_365	22.680	388	252	14	7	383	2	352	2.33e-05	42.7
4_349	1_307	39.474	38	23	0	281	318	260	297	4.29e-04	38.9
4_350	1_441	99.798	496	1	0	1	496	1	496	0.0	969
4_350	1_525	27.750	400	245	15	122	489	180	567	9.65e-23	95.9
4_351	1_14	99.128	344	3	0	1	344	1	344	0.0	699
4_351	1_108	27.451	204	135	5	121	314	3	203	2.21e-15	69.7
4_352	1_16	99.634	273	1	0	1	273	1	273	0.0	560
4_353	1_442	99.482	772	4	0	1	772	1	772	0.0	1501
4_353	1_322	48.402	438	198	9	1	416	1	432	5.31e-108	339
4_353	1_322	45.736	129	70	0	644	772	518	646	1.27e-22	97.4
4_353	1_489	37.232	419	238	7	1	408	1	405	5.62e-73	248
4_353	1_286	29.442	197	127	5	16	202	79	273	5.75e-19	83.2
4_353	1_72	32.673	202	122	5	6	195	12	211	1.47e-15	74.7
4_353	1_409	25.592	211	143	5	1	198	6	215	1.31e-13	68.6
4_353	1_409	26.020	196	127	5	11	188	277	472	4.80e-10	57.0
4_353	1_33	25.000	208	129	5	17	198	23	229	1.50e-13	66.6
4_353	1_447	26.415	212	137	7	1	201	336	539	7.35e-12	62.8
4_353	1_290	27.451	204	119	8	18	198	28	225	1.02e-11	60.5
4_353	1_331	31.373	204	111	9	13	200	346	536	3.21e-11	60.8
4_353	1_437	30.882	204	134	4	2	201	327	527	4.26e-11	60.5
4_353	1_265	22.993	274	175	5	1	240	1	272	9.40e-11	59.3
4_353	1_265	24.762	210	137	8	1	200	319	517	8.80e-06	43.5
4_353	1_294	31.897	116	70	2	102	208	474	589	1.59e-09	55.5
4_353	1_294	32.673	101	60	2	2	97	39	136	2.83e-07	48.1
4_353	1_490	30.986	142	89	5	59	197	128	263	1.81e-09	54.7
4_353	1_490	52.778	36	17	0	21	56	27	62	5.37e-05	40.4
4_353	1_526	28.866	194	127	6	1	188	324	512	8.81e-09	53.1
4_353	1_233	32.394	142	92	3	107	245	211	351	1.75e-08	52.0
4_353	1_233	32.955	88	57	1	7	92	16	103	1.86e-08	51.6
4_353	1_262	23.618	199	141	6	13	202	16	212	8.46e-08	48.9
4_353	1_266	25.191	131	91	3	72	197	223	351	1.60e-07	48.9
4_353	1_101	24.479	192	131	5	23	204	491	678	3.02e-07	48.1
4_353	1_229	38.144	97	51	4	110	200	815	908	5.94e-07	47.4
4_353	1_229	28.571	147	88	6	64	193	416	562	1.44e-04	39.7
4_353	1_412	27.957	93	65	1	108	198	597	689	6.74e-07	47.0
4_353	1_177	27.174	184	109	7	19	188	24	196	2.29e-06	44.3
4_353	1_205	25.592	211	123	8	16	197	142	347	5.60e-06	43.9
4_353	1_562	27.684	177	117	5	16	185	3	175	1.58e-05	41.2
4_353	1_59	30.682	88	57	2	114	197	145	232	2.10e-04	38.5
4_354	1_322	99.846	650	1	0	1	650	1	650	0.0	1263
4_354	1_442	48.402	438	198	9	1	432	1	416	7.98e-108	338
4_354	1_442	39.344	183	105	1	470	646	590	772	8.09e-31	123
4_354	1_489	39.602	452	247	10	1	438	1	440	2.59e-89	289
4_354	1_489	29.348	184	126	2	467	646	587	770	3.15e-16	77.0
4_354	1_286	30.244	205	123	6	16	206	79	277	3.41e-20	86.3
4_354	1_447	29.717	212	130	8	1	201	336	539	3.62e-15	73.2
4_354	1_331	32.558	215	117	9	2	200	334	536	3.83e-15	72.8
4_354	1_33	28.169	213	128	6	18	205	24	236	2.48e-14	68.9
4_354	1_262	31.081	222	129	11	1	205	1	215	1.29e-13	66.2
4_354	1_409	25.688	218	140	7	15	212	20	235	3.77e-13	66.6
4_354	1_409	27.753	227	134	7	16	215	282	505	1.04e-12	65.1
4_354	1_72	29.524	210	134	5	10	205	12	221	1.37e-12	64.7
4_354	1_72	28.755	233	134	9	2	208	261	487	4.52e-09	53.5
4_354	1_265	25.214	234	142	6	1	205	1	230	2.61e-12	63.9
4_354	1_265	28.095	210	134	8	1	202	319	519	2.84e-09	54.3
4_354	1_177	29.596	223	136	8	4	214	8	221	9.26e-11	57.0
4_354	1_526	27.885	208	111	6	1	188	324	512	1.04e-10	58.9
4_354	1_101	30.726	179	101	8	32	195	500	670	7.98e-10	56.2
4_354	1_294	32.967	91	59	1	119	207	498	588	9.92e-10	55.8
4_354	1_294	33.333	99	58	3	2	95	39	134	7.03e-07	46.6
4_354	1_490	28.667	150	100	3	60	207	129	273	2.40e-09	53.9
4_354	1_490	43.636	55	31	0	2	56	8	62	1.23e-05	42.4
4_354	1_290	26.407	231	131	10	14	214	24	245	6.15e-09	52.0
4_354	1_412	34.940	83	52	1	127	207	616	698	6.17e-09	53.5
4_354	1_205	25.688	218	138	7	16	209	142	359	1.07e-08	52.4
4_354	1_233	31.915	94	62	1	1	92	10	103	2.01e-08	51.2
4_354	1_233	39.535	86	46	3	126	207	229	312	3.24e-08	50.8
4_354	1_437	29.167	216	137	9	2	209	327	534	4.54e-08	50.4
4_354	1_266	32.692	104	64	3	115	215	267	367	6.10e-08	49.7
4_354	1_562	29.677	155	98	4	16	163	3	153	3.44e-06	42.7
4_354	1_59	32.941	85	55	1	127	209	160	244	2.69e-05	41.2
4_354	1_229	36.905	84	44	4	121	198	826	906	1.25e-04	39.7
4_355	1_568	98.077	416	8	0	149	564	1	416	0.0	835
4_355	1_496	45.399	489	199	15	126	563	10	481	5.55e-110	332
4_355	1_501	41.242	451	198	15	6	417	7	429	4.93e-94	289
4_355	1_575	41.315	426	211	9	154	559	4	410	3.40e-83	261
4_355	1_228	100.000	118	0	0	1	118	1	118	8.04e-76	231
4_355	1_578	41.924	291	129	8	154	417	1	278	2.91e-55	183
4_355	1_502	69.863	73	21	1	177	249	1	72	5.88e-24	97.4
4_355	1_502	50.000	66	32	1	381	445	255	320	1.56e-15	72.4
4_355	1_491	44.444	108	53	3	6	106	7	114	1.31e-19	79.7
4_356	1_443	94.314	809	39	3	1	808	1	803	0.0	1516
4_356	1_576	45.238	840	396	17	1	808	3	810	0.0	622
4_356	1_492	43.255	467	225	13	1	450	1	444	2.03e-98	319
4_356	1_495	68.293	41	13	0	45	85	22	62	1.99e-14	63.9
4_357	1_323	99.898	979	1	0	1	979	1	979	0.0	1929
4_358	1_345	97.423	194	5	0	1	194	1	194	2.80e-138	379
4_359	1_461	99.360	469	3	0	1	469	1	469	0.0	931
4_360	1_19	99.703	337	1	0	1	337	1	337	0.0	685
4_361	1_346	99.609	256	1	0	1	256	1	256	0.0	509
4_362	1_462	99.222	514	4	0	1	514	1	514	0.0	1032
4_362	1_138	26.490	151	100	3	2	141	50	200	1.92e-09	54.7
4_362	1_138	34.426	61	35	2	294	349	574	634	2.69e-05	41.2
4_362	1_325	34.444	90	58	1	3	91	29	118	4.13e-08	50.1
4_362	1_325	33.000	100	59	3	264	355	513	612	9.94e-08	48.9
4_362	1_320	24.084	191	113	4	3	161	32	222	1.42e-07	48.5
4_362	1_320	21.053	304	175	13	128	396	321	594	6.12e-04	37.0
4_363	1_256	100.000	222	0	0	1	222	1	222	5.84e-163	444
4_364	1_463	99.167	240	2	0	1	240	1	240	0.0	499
4_365	1_348	99.322	295	2	0	1	295	1	295	0.0	590
4_365	1_421	26.552	290	175	9	21	293	10	278	3.57e-20	83.6
4_365	1_216	26.502	283	175	9	19	293	3	260	8.63e-16	70.5
4_365	1_455	27.170	265	163	10	21	275	5	249	1.40e-13	64.3
4_365	1_37	25.368	272	165	12	15	274	1	246	5.96e-05	38.1
4_366	1_24	99.412	170	1	0	1	170	1	170	1.55e-121	335
4_367	1_464	99.249	666	5	0	1	666	1	666	0.0	1333
4_367	1_449	62.963	81	30	0	232	312	218	298	6.82e-25	104
4_368	1_375	99.194	372	3	0	1	372	1	372	0.0	759
4_369	1_349	99.675	615	2	0	1	615	1	615	0.0	1265
4_370	1_351	99.884	865	1	0	1	865	1	865	0.0	1716
4_371	1_352	99.766	428	1	0	1	428	1	428	0.0	852
4_372	1_257	100.000	567	0	0	1	567	1	567	0.0	1147
4_372	1_481	28.455	246	156	9	14	247	18	255	7.69e-13	65.1
4_372	1_481	46.154	39	21	0	503	541	409	447	1.45e-05	42.0
4_372	1_127	27.338	139	98	2	110	245	145	283	2.55e-10	57.4
4_372	1_127	46.809	47	22	1	489	535	439	482	4.67e-08	50.1
4_373	1_353	99.753	1216	3	0	1	1216	1	1216	0.0	2392
4_374	1_258	100.000	880	0	0	1	880	1	880	0.0	1780
4_375	1_26	99.614	259	1	0	1	259	1	259	0.0	525
4_376	1_259	100.000	452	0	0	1	452	1	452	0.0	920
4_377	1_260	100.000	266	0	0	1	266	1	266	0.0	526
4_377	1_92	37.143	105	61	3	22	121	37	141	4.02e-14	65.5
4_378	1_261	100.000	332	0	0	1	332	1	332	0.0	662
4_379	1_356	96.739	184	6	0	1	184	1	184	1.90e-129	356
4_380	1_31	98.969	291	3	0	1	291	1	291	0.0	554
4_380	1_355	32.381	105	65	3	37	139	76	176	6.11e-06	42.0
4_381	1_32	99.582	239	1	0	1	239	1	239	3.98e-174	473
4_382	1_262	100.000	272	0	0	1	272	1	272	0.0	542
4_382	1_33	34.188	234	133	6	19	232	22	254	2.74e-34	120
4_382	1_447	35.204	196	109	5	16	205	348	531	2.52e-19	82.0
4_382	1_205	26.800	250	159	8	3	229	122	370	7.35e-19	80.5
4_382	1_59	31.330	233	127	7	19	227	29	252	1.10e-18	79.3
4_382	1_286	28.636	220	132	4	19	225	79	286	1.58e-18	78.2
4_382	1_177	27.805	205	136	6	20	220	22	218	2.41e-15	68.6
4_382	1_412	36.275	102	64	1	127	227	607	708	2.48e-15	70.5
4_382	1_412	33.333	75	43	3	23	91	27	100	2.67e-04	36.6
4_382	1_331	30.189	212	132	8	2	208	334	534	2.16e-14	67.4
4_382	1_526	32.057	209	122	8	1	204	324	517	3.27e-14	66.6
4_382	1_322	31.081	222	129	11	1	215	1	205	8.98e-14	65.5
4_382	1_233	34.545	110	71	1	118	226	212	321	2.76e-13	63.9
4_382	1_233	26.050	119	79	3	16	128	22	137	1.12e-05	40.8
4_382	1_437	32.353	204	117	11	2	200	327	514	2.77e-13	63.9
4_382	1_294	31.776	107	72	1	116	221	486	592	3.39e-13	63.9
4_382	1_294	31.915	94	55	3	16	106	50	137	3.94e-06	42.4
4_382	1_265	27.778	198	108	5	16	185	13	203	1.11e-12	62.0
4_382	1_409	27.273	220	125	10	19	218	21	225	2.26e-12	61.2
4_382	1_409	25.541	231	157	8	1	218	264	492	3.92e-06	42.0
4_382	1_266	32.500	120	77	3	104	219	244	363	2.48e-12	60.8
4_382	1_72	32.143	196	124	6	28	217	31	223	5.50e-12	60.1
4_382	1_490	24.221	289	161	9	2	236	8	292	3.22e-11	57.4
4_382	1_290	26.848	257	156	9	1	240	9	250	1.75e-08	48.5
4_382	1_442	23.618	199	141	6	16	212	13	202	3.35e-08	48.5
4_382	1_489	27.149	221	125	10	1	208	1	198	6.76e-08	47.8
4_382	1_229	29.801	151	85	7	90	224	783	928	1.17e-07	47.0
4_382	1_101	24.757	206	130	7	2	197	471	661	1.55e-07	46.6
4_382	1_562	32.867	143	73	7	37	169	21	150	1.42e-06	42.4
4_383	1_33	99.333	300	2	0	1	300	1	300	0.0	598
4_383	1_262	34.615	234	132	6	22	254	19	232	7.35e-36	125
4_383	1_233	35.897	156	87	5	130	276	204	355	2.68e-19	82.4
4_383	1_233	26.923	104	54	3	21	123	24	106	1.20e-05	40.8
4_383	1_177	27.854	219	136	3	22	240	21	217	2.25e-18	77.4
4_383	1_412	39.091	110	66	1	140	248	599	708	8.88e-17	75.1
4_383	1_412	38.462	39	23	1	10	48	12	49	6.77e-04	35.4
4_383	1_489	28.169	213	122	8	23	232	17	201	1.39e-16	74.7
4_383	1_322	28.638	213	127	6	24	236	18	205	4.53e-16	73.2
4_383	1_266	36.641	131	75	3	136	260	258	386	5.99e-16	72.4
4_383	1_205	26.695	236	138	7	32	250	152	369	8.18e-16	72.0
4_383	1_72	29.464	224	131	5	22	239	22	224	1.67e-15	71.2
4_383	1_72	21.596	213	160	4	26	236	277	484	2.62e-06	43.1
4_383	1_442	26.190	210	124	6	23	229	17	198	2.30e-15	70.9
4_383	1_409	24.576	236	141	7	14	237	13	223	7.35e-14	66.2
4_383	1_409	28.507	221	129	9	27	236	287	489	4.46e-13	63.9
4_383	1_490	26.045	311	161	12	27	298	27	307	3.23e-13	63.9
4_383	1_286	29.327	208	109	8	21	217	78	258	4.32e-13	63.2
4_383	1_294	25.806	155	88	3	152	279	501	655	9.09e-13	63.2
4_383	1_294	32.143	84	38	3	22	105	53	117	1.04e-06	44.3
4_383	1_59	27.197	239	155	8	20	250	27	254	4.62e-11	57.4
4_383	1_290	31.646	79	53	1	158	235	153	231	2.51e-10	54.3
4_383	1_265	24.762	210	126	6	26	219	20	213	3.76e-08	48.9
4_383	1_229	32.051	78	50	1	145	219	820	897	4.21e-07	45.8
4_383	1_229	28.090	89	62	1	136	222	470	558	1.21e-06	44.3
4_383	1_526	24.878	205	116	6	22	219	339	512	9.30e-06	41.2
4_383	1_331	21.827	197	131	4	22	218	349	522	1.78e-05	40.4
4_383	1_101	23.497	183	101	8	20	193	486	638	0.001	35.0
4_384	1_263	100.000	320	0	0	1	320	1	320	0.0	627
4_385	1_465	99.710	690	2	0	1	690	1	690	0.0	1369
4_386	1_264	100.000	317	0	0	1	317	1	317	0.0	643
4_387	1_466	99.656	871	3	0	1	871	1	871	0.0	1707
4_388	1_381	99.310	145	1	0	1	145	1	145	2.11e-102	284
4_389	1_265	100.000	538	0	0	1	538	1	538	0.0	1101
4_389	1_322	25.641	234	141	6	1	230	1	205	1.12e-12	64.7
4_389	1_322	28.571	210	133	8	319	519	1	202	1.15e-09	55.1
4_389	1_262	27.778	198	108	5	13	203	16	185	2.19e-12	62.0
4_389	1_442	22.993	274	175	5	1	272	1	240	5.90e-11	59.3
4_389	1_442	24.645	211	138	8	319	518	1	201	5.30e-06	43.5
4_389	1_526	28.342	187	110	5	1	187	324	486	1.87e-10	57.8
4_389	1_72	26.271	236	145	9	2	230	8	221	6.50e-10	55.8
4_389	1_72	32.432	74	47	2	453	523	149	222	3.41e-04	37.4
4_389	1_447	23.853	218	133	6	1	213	336	525	5.99e-09	52.8
4_389	1_331	44.898	49	27	0	13	61	346	394	9.17e-08	48.9
4_389	1_409	24.599	187	125	4	1	187	6	176	5.21e-07	46.6
4_389	1_294	35.088	57	37	0	2	58	39	95	6.78e-07	46.2
4_389	1_294	23.810	84	60	1	152	231	504	587	3.48e-05	40.8
4_389	1_33	24.286	210	127	6	20	213	26	219	9.11e-07	45.1
4_389	1_177	21.397	229	162	8	319	536	5	226	1.56e-06	43.9
4_389	1_177	22.363	237	149	6	1	230	5	213	2.47e-05	40.4
4_389	1_437	35.185	54	35	0	10	63	335	388	8.39e-06	42.7
4_389	1_489	20.851	235	133	6	1	219	1	198	9.25e-06	42.7
4_389	1_489	26.027	219	131	9	319	521	1	204	9.91e-06	42.7
4_389	1_233	31.765	85	54	1	150	230	226	310	1.97e-05	41.6
4_389	1_233	27.586	58	42	0	1	58	10	67	2.53e-05	41.2
4_389	1_290	22.511	231	149	6	320	525	10	235	4.51e-05	39.7
4_389	1_290	21.577	241	139	6	14	233	24	235	2.08e-04	37.7
4_389	1_205	23.913	184	111	6	16	187	142	308	1.08e-04	39.3
4_389	1_490	27.174	92	64	1	443	534	188	276	3.44e-04	37.4
4_389	1_101	25.126	199	105	10	32	217	500	667	4.71e-04	37.4
4_389	1_412	28.169	71	47	1	449	515	619	689	6.94e-04	36.6
4_390	1_456	98.999	699	3	1	1	695	1	699	0.0	1368
4_391	1_266	100.000	443	0	0	1	443	1	443	0.0	892
4_391	1_412	37.349	249	138	4	204	437	530	775	4.96e-43	156
4_391	1_412	39.175	97	55	2	61	156	22	115	8.69e-13	64.7
4_391	1_205	45.082	122	66	1	273	394	269	389	1.42e-28	112
4_391	1_205	35.185	108	53	4	59	156	139	239	1.77e-11	60.1
4_391	1_59	37.500	136	83	1	252	385	131	266	1.89e-23	95.5
4_391	1_59	29.630	135	70	5	32	157	7	125	5.16e-09	52.0
4_391	1_233	26.786	392	248	11	43	417	10	379	4.13e-23	95.9
4_391	1_294	38.298	94	57	1	274	366	501	594	5.79e-17	77.8
4_391	1_294	29.688	128	75	3	38	165	33	145	4.58e-10	56.2
4_391	1_290	34.711	121	77	2	251	371	126	244	5.49e-16	72.4
4_391	1_33	36.719	128	73	3	261	386	139	260	2.15e-15	71.2
4_391	1_490	33.333	90	60	0	282	371	194	283	8.79e-15	70.1
4_391	1_286	42.857	84	47	1	276	359	194	276	1.12e-14	68.9
4_391	1_286	31.481	108	69	2	42	147	59	163	1.31e-06	44.3
4_391	1_177	32.353	102	68	1	278	379	133	233	3.50e-12	60.8
4_391	1_262	32.500	120	77	3	244	363	104	219	4.05e-12	60.8
4_391	1_409	36.634	101	54	3	264	360	129	223	7.63e-11	58.2
4_391	1_409	35.443	79	50	1	281	359	412	489	3.39e-07	46.6
4_391	1_409	41.071	56	29	1	43	98	6	57	5.60e-06	42.7
4_391	1_322	32.692	104	64	3	267	367	115	215	3.98e-08	49.7
4_391	1_442	25.191	131	91	3	223	351	72	197	7.81e-08	48.9
4_391	1_489	29.600	125	78	5	267	390	115	230	2.53e-07	47.4
4_391	1_72	25.954	131	94	2	229	359	357	484	1.17e-05	42.0
4_391	1_447	38.983	59	33	1	281	339	467	522	4.47e-05	40.0
4_391	1_526	29.412	85	53	2	30	111	308	388	1.50e-04	38.5
4_391	1_331	27.132	129	76	4	23	138	302	425	5.11e-04	36.6
4_391	1_229	26.984	189	115	7	240	424	450	619	6.07e-04	36.6
4_392	1_458	99.754	2033	5	0	1	2033	1	2033	0.0	4080
4_393	1_459	99.776	892	2	0	1	892	1	892	0.0	1799
4_397	1_288	60.618	259	100	1	18	274	2	260	1.64e-109	312
4_401	1_258	43.700	881	485	8	4	881	2	874	0.0	731
4_402	1_338	100.000	472	0	0	1	472	1	472	0.0	926
4_403	1_132	99.603	504	2	0	1	504	1	504	0.0	974
4_403	1_1	25.901	444	264	16	10	403	51	479	5.32e-21	90.9
4_404	1_570	98.558	208	3	0	1	208	37	244	2.63e-150	412
4_404	1_97	25.654	191	131	5	18	201	28	214	2.75e-10	52.8
4_405	1_339	99.327	594	4	0	1	594	1	594	0.0	1181
4_405	1_272	28.413	630	325	21	34	582	29	613	6.85e-44	162
4_406	1_267	100.000	254	0	0	1	254	1	254	0.0	523
4_407	1_342	98.939	377	4	0	1	377	1	377	0.0	750
4_408	1_343	99.390	984	6	0	1	984	1	984	0.0	1973
4_408	1_404	22.670	719	354	27	188	785	796	1433	1.72e-17	82.4
4_409	1_268	100.000	599	0	0	1	599	1	599	0.0	1221
4_409	1_158	30.093	216	126	7	117	315	10	217	6.12e-17	78.6
4_409	1_159	37.008	127	62	2	116	224	13	139	8.06e-14	68.9
4_409	1_54	32.099	162	90	3	116	257	21	182	2.50e-13	66.6
4_410	1_269	100.000	617	0	0	1	617	1	617	0.0	1244
4_411	1_344	99.850	666	1	0	1	666	1	666	0.0	1348
4_412	1_373	99.655	579	2	0	1	579	1	579	0.0	1174
4_413	1_270	100.000	327	0	0	1	327	1	327	0.0	660
4_414	1_209	99.906	1065	1	0	1	1065	1	1065	0.0	2135
4_414	1_394	26.625	323	183	13	623	907	917	1223	3.82e-14	71.6
4_414	1_394	37.383	107	59	3	297	397	281	385	5.15e-10	58.2
4_415	1_271	100.000	246	0	0	1	246	1	246	2.53e-179	487
4_416	1_473	99.625	267	1	0	1	267	1	267	0.0	511
4_417	1_475	99.351	462	3	0	1	462	1	462	0.0	925
4_418	1_476	99.649	569	2	0	1	569	1	569	0.0	1099
4_418	1_73	30.556	216	124	4	79	285	18	216	9.78e-12	60.8
4_419	1_272	100.000	826	0	0	1	826	1	826	0.0	1676
4_419	1_339	28.413	630	325	21	29	613	34	582	5.36e-49	177
4_420	1_477	98.662	822	11	0	1	822	1	822	0.0	1667
4_420	1_448	28.409	616	327	23	252	805	246	809	1.32e-43	164
4_421	1_478	98.955	670	7	0	1	670	2	671	0.0	1333
4_421	1_567	38.182	660	341	20	28	645	74	708	7.58e-126	385
4_421	1_449	30.838	334	202	9	223	529	327	658	1.34e-34	135
4_421	1_449	65.591	93	19	3	1	92	2	82	3.36e-11	60.8
4_422	1_273	100.000	161	0	0	1	161	1	161	3.52e-114	315
4_422	1_353	26.623	154	99	6	7	151	1054	1202	1.51e-04	35.8
4_423	1_79	99.813	534	1	0	1	534	1	534	0.0	1087
4_424	1_484	98.985	197	2	0	1	197	1	197	1.55e-133	367
4_425	1_361	99.522	627	3	0	1	627	1	627	0.0	1243
4_426	1_360	99.789	475	1	0	1	475	1	475	0.0	919
4_427	1_481	99.555	449	2	0	1	449	1	449	0.0	920
4_427	1_257	28.163	245	158	8	18	255	14	247	1.01e-12	64.3
4_427	1_257	46.154	39	21	0	409	447	503	541	1.14e-05	42.0
4_427	1_127	23.176	466	288	19	14	442	51	483	1.77e-09	53.9
4_428	1_480	99.282	418	3	0	1	418	1	418	0.0	846
4_429	1_376	99.722	720	2	0	1	720	1	720	0.0	1479
4_430	1_274	100.000	263	0	0	1	263	1	263	0.0	506
4_430	1_301	27.350	117	73	3	48	152	110	226	1.50e-06	42.7
4_430	1_301	31.092	119	70	4	35	141	121	239	2.75e-05	38.9
4_431	1_94	99.796	489	1	0	1	489	1	489	0.0	964
4_432	1_275	100.000	467	0	0	1	467	1	467	0.0	955
4_433	1_201	99.425	174	1	0	1	174	1	174	7.28e-130	356
4_434	1_357	99.259	270	2	0	1	270	1	270	0.0	543
4_435	1_126	99.718	709	2	0	1	709	1	709	0.0	1422
4_436	1_337	99.327	297	2	0	1	297	1	297	0.0	574
4_437	1_453	99.660	883	3	0	1	883	1	883	0.0	1781
4_438	1_124	99.559	227	1	0	1	227	1	227	7.82e-167	454
4_439	1_276	100.000	205	0	0	1	205	1	205	8.09e-151	412
4_440	1_277	100.000	214	0	0	1	214	1	214	1.60e-157	429
4_441	1_120	99.645	282	1	0	1	282	1	282	0.0	564
4_442	1_278	100.000	107	0	0	1	107	1	107	2.33e-72	205
4_443	1_279	100.000	259	0	0	1	259	1	259	0.0	522
4_444	1_109	99.789	473	1	0	1	473	1	473	0.0	926
4_445	1_280	100.000	212	0	0	1	212	1	212	9.44e-157	427
4_446	1_281	100.000	120	0	0	1	120	1	120	5.23e-88	246
4_447	1_282	100.000	236	0	0	1	236	1	236	1.77e-172	469
4_447	1_433	33.824	136	63	8	4	113	16	150	3.74e-06	41.6
4_448	1_283	100.000	381	0	0	1	381	1	381	0.0	754
4_449	1_284	100.000	239	0	0	1	239	1	239	6.08e-176	478
4_450	1_336	98.693	153	2	0	1	153	1	153	8.61e-106	293
4_451	1_335	98.976	293	3	0	1	293	1	293	0.0	581
4_451	1_247	28.571	147	96	5	8	152	4	143	5.87e-09	50.8
4_451	1_247	27.711	166	105	5	9	162	173	335	1.17e-06	43.9
4_451	1_128	37.705	61	35	1	5	65	218	275	3.99e-05	39.3
4_451	1_242	39.344	61	33	3	10	69	19	76	2.52e-04	35.8
4_452	1_333	99.298	285	2	0	1	285	1	285	0.0	566
4_453	1_371	99.556	450	2	0	1	450	1	450	0.0	896
4_454	1_450	100.000	403	0	0	1	403	6	408	0.0	805
4_455	1_213	99.507	203	1	0	1	203	1	203	1.10e-146	401
4_456	1_324	99.020	408	4	0	1	408	1	408	0.0	816
4_457	1_444	99.698	662	2	0	1	662	1	662	0.0	1328
4_458	1_325	99.747	790	2	0	1	790	1	790	0.0	1605
4_458	1_138	22.941	340	205	10	393	701	440	753	1.43e-14	72.0
4_458	1_138	23.563	174	120	3	8	169	27	199	6.29e-09	53.9
4_458	1_320	24.103	195	101	6	398	592	393	540	4.61e-12	63.9
4_458	1_320	27.174	184	113	4	3	168	6	186	1.38e-08	52.8
4_458	1_462	34.444	90	58	1	29	118	3	91	6.92e-08	50.1
4_458	1_462	33.000	100	59	3	513	612	264	355	1.69e-07	48.9
4_459	1_285	100.000	665	0	0	1	665	1	665	0.0	1345
4_459	1_436	22.941	340	195	13	321	637	1	296	6.96e-09	52.4
4_460	1_445	99.568	463	2	0	1	463	1	463	0.0	934
4_461	1_167	99.756	410	1	0	1	410	1	410	0.0	808
4_462	1_168	99.559	227	1	0	1	227	1	227	1.24e-163	446
4_463	1_326	99.383	324	2	0	1	324	1	324	0.0	638
4_464	1_327	99.577	946	4	0	1	946	1	946	0.0	1856
4_465	1_173	99.598	249	1	0	1	249	1	249	0.0	499
4_466	1_329	99.571	700	3	0	1	700	1	700	0.0	1417
4_467	1_330	98.797	582	7	0	1	582	1	582	0.0	1164
4_468	1_447	99.629	539	2	0	1	539	1	539	0.0	1046
4_468	1_562	61.905	189	72	0	351	539	3	191	4.27e-63	200
4_468	1_526	28.705	533	354	10	7	533	8	520	5.08e-49	172
4_468	1_437	31.604	212	135	3	331	538	321	526	2.05e-30	119
4_468	1_331	38.462	221	128	7	322	538	320	536	1.83e-29	116
4_468	1_262	34.694	196	110	5	348	531	16	205	8.52e-19	81.3
4_468	1_322	29.717	212	130	8	336	539	1	201	4.94e-15	72.4
4_468	1_489	29.897	194	126	6	336	525	1	188	4.16e-13	66.2
4_468	1_442	26.415	212	137	7	336	539	1	201	6.48e-12	62.4
4_468	1_101	31.138	167	94	7	369	522	502	660	5.21e-10	56.2
4_468	1_177	31.522	184	108	8	354	528	24	198	2.84e-09	52.4
4_468	1_265	23.853	218	133	6	336	525	1	213	8.56e-09	52.4
4_468	1_72	31.148	183	104	8	355	522	26	201	4.95e-08	49.7
4_468	1_286	25.510	196	125	7	351	532	79	267	1.23e-07	48.1
4_468	1_412	38.983	59	33	1	467	522	618	676	5.99e-07	46.6
4_468	1_294	27.778	90	61	2	452	538	493	581	1.50e-06	45.4
4_468	1_490	29.412	85	52	2	441	522	172	251	4.81e-06	43.1
4_468	1_59	29.126	206	116	11	351	532	29	228	6.69e-06	42.7
4_468	1_233	30.769	78	53	1	327	404	1	77	1.01e-05	42.4
4_468	1_233	35.294	68	41	1	464	528	229	296	7.01e-05	39.7
4_468	1_290	26.699	206	131	7	336	523	9	212	3.19e-05	40.0
4_468	1_266	38.983	59	33	1	467	522	281	339	5.74e-05	40.0
4_469	1_331	99.440	536	3	0	1	536	1	536	0.0	1016
4_469	1_437	31.641	512	324	9	35	536	31	526	8.54e-55	188
4_469	1_447	38.914	221	127	7	320	536	322	538	5.45e-30	118
4_469	1_526	35.407	209	123	6	328	531	319	520	1.11e-23	99.0
4_469	1_562	37.500	192	112	3	349	536	3	190	3.76e-16	71.6
4_469	1_322	32.558	215	117	9	334	536	2	200	2.79e-15	73.2
4_469	1_101	31.551	187	110	5	319	495	456	634	4.98e-14	69.3
4_469	1_262	30.189	212	132	8	334	534	2	208	5.13e-14	67.0
4_469	1_442	31.373	204	111	9	346	536	13	200	2.51e-11	60.5
4_469	1_286	31.527	203	114	11	349	536	79	271	2.43e-08	50.1
4_469	1_265	44.898	49	27	0	346	394	13	61	8.75e-08	48.9
4_469	1_489	28.505	214	123	10	334	534	2	198	6.14e-07	46.6
4_469	1_177	27.273	209	130	9	336	533	8	205	2.98e-06	43.1
4_469	1_72	26.136	176	110	6	363	524	36	205	1.65e-05	41.6
4_469	1_294	33.333	66	43	1	331	396	36	100	2.54e-05	41.2
4_469	1_412	36.508	63	34	2	364	424	38	96	8.02e-05	39.7
4_469	1_490	38.000	100	46	5	327	415	1	95	1.56e-04	38.5
4_469	1_266	27.132	129	76	4	302	425	23	138	6.12e-04	36.6
4_469	1_33	22.527	182	118	4	364	522	37	218	7.40e-04	36.2
4_469	1_409	26.230	183	118	8	365	534	37	215	8.50e-04	36.2
4_470	1_448	99.638	828	3	0	1	828	1	828	0.0	1674
4_470	1_477	28.734	616	325	23	246	809	252	805	2.26e-45	169
4_471	1_449	99.357	778	5	0	39	816	1	778	0.0	1567
4_471	1_478	30.539	334	203	9	365	696	224	530	1.20e-33	132
4_471	1_478	61.386	101	12	3	39	120	1	93	7.24e-25	104
4_471	1_567	29.003	331	194	12	366	684	266	567	6.45e-27	111
4_471	1_464	62.963	81	30	0	256	336	232	312	4.99e-25	105
4_472	1_488	99.726	1462	4	0	1	1462	1	1462	0.0	2881
4_473	1_286	100.000	307	0	0	1	307	1	307	0.0	616
4_473	1_489	32.735	223	133	7	60	279	1	209	1.63e-24	98.2
4_473	1_322	30.732	205	122	6	79	277	16	206	9.83e-21	87.0
4_473	1_442	29.442	197	127	5	79	273	16	202	2.33e-19	83.2
4_473	1_262	28.636	220	132	4	79	286	19	225	1.98e-18	78.2
4_473	1_59	28.972	214	133	6	58	258	14	221	1.26e-15	70.9
4_473	1_266	42.857	84	47	1	194	276	276	359	6.15e-15	69.3
4_473	1_266	31.481	108	69	2	59	163	42	147	1.06e-06	44.3
4_473	1_205	31.282	195	113	8	81	258	146	336	1.86e-14	68.2
4_473	1_409	25.108	231	157	8	60	282	6	228	3.42e-14	67.4
4_473	1_409	30.263	76	53	0	199	274	412	487	1.00e-04	38.1
4_473	1_490	24.779	226	119	3	84	258	27	252	7.83e-14	65.9
4_473	1_412	31.000	100	68	1	188	286	607	706	1.18e-13	65.9
4_473	1_290	25.472	212	146	4	56	258	5	213	4.47e-13	62.8
4_473	1_33	27.885	208	112	7	78	258	21	217	3.78e-12	60.5
4_473	1_233	36.170	94	54	2	78	171	24	111	5.00e-12	60.5
4_473	1_233	36.585	82	51	1	197	277	230	311	3.80e-10	54.7
4_473	1_294	34.146	82	53	1	194	274	503	584	8.28e-10	53.9
4_473	1_294	31.707	82	46	2	84	163	58	131	6.55e-08	48.1
4_473	1_177	24.272	206	141	6	83	283	25	220	2.21e-09	51.6
4_473	1_562	26.708	161	104	4	78	233	2	153	2.50e-09	50.8
4_473	1_72	25.405	185	119	6	83	257	26	201	6.42e-09	51.2
4_473	1_72	23.387	248	159	10	59	279	244	487	8.45e-06	41.6
4_473	1_101	29.167	168	103	8	97	257	502	660	1.71e-08	50.1
4_473	1_331	31.527	203	114	11	79	271	349	536	2.38e-08	49.3
4_473	1_447	25.510	196	125	7	79	267	351	532	6.61e-08	48.1
4_473	1_437	29.570	186	108	8	79	257	341	510	8.08e-08	47.8
4_473	1_526	25.405	185	120	5	79	258	339	510	2.27e-07	46.2
4_474	1_287	100.000	380	0	0	1	380	1	380	0.0	774
4_474	1_508	64.912	57	20	0	218	274	21	77	1.56e-23	88.2
4_475	1_487	99.728	367	1	0	1	367	1	367	0.0	745
4_475	1_143	35.433	127	57	2	6	132	160	261	9.26e-15	69.7
4_476	1_362	98.925	186	2	0	1	186	1	186	4.21e-138	378
4_477	1_64	99.387	163	1	0	1	163	1	163	2.99e-118	326
4_478	1_288	100.000	260	0	0	1	260	1	260	0.0	521
4_479	1_363	99.690	323	1	0	1	323	1	323	0.0	635
4_480	1_380	99.553	447	2	0	1	447	1	447	0.0	880
4_480	1_216	31.878	229	138	9	1	221	1	219	7.33e-17	75.1
4_480	1_37	27.239	268	166	13	3	254	4	258	1.35e-08	50.4
4_480	1_421	22.305	269	160	7	8	246	12	261	2.38e-06	43.5
4_481	1_486	100.000	647	0	0	1	647	1	647	0.0	1278
4_482	1_289	100.000	249	0	0	1	249	1	249	1.73e-178	485
4_483	1_500	99.608	510	2	0	1	510	1	510	0.0	1042
4_484	1_290	100.000	256	0	0	1	256	1	256	0.0	509
4_484	1_266	34.711	121	77	2	126	244	251	371	2.26e-16	72.8
4_484	1_490	26.071	280	162	5	8	244	6	283	3.87e-16	71.6
4_484	1_286	27.358	212	142	4	5	213	56	258	1.23e-15	69.7
4_484	1_412	30.508	118	73	2	134	250	597	706	3.11e-14	66.6
4_484	1_442	27.136	199	126	4	28	225	18	198	2.86e-13	63.9
4_484	1_409	24.138	232	162	10	27	252	22	245	3.13e-12	60.5
4_484	1_409	22.566	226	163	6	12	230	267	487	4.42e-09	50.8
4_484	1_205	25.203	246	153	8	4	231	122	354	1.92e-11	58.2
4_484	1_262	27.237	257	155	9	9	250	1	240	6.83e-11	55.8
4_484	1_33	25.806	217	145	9	27	231	23	235	8.68e-11	55.5
4_484	1_322	25.664	226	139	7	24	245	14	214	2.05e-10	55.1
4_484	1_294	33.766	77	51	0	154	230	508	584	2.73e-09	51.6
4_484	1_294	29.885	87	55	2	27	112	54	135	1.82e-04	37.0
4_484	1_233	31.313	99	68	0	133	231	211	309	2.80e-09	51.6
4_484	1_59	27.801	241	145	11	6	231	13	239	1.23e-08	49.3
4_484	1_489	23.188	207	138	6	23	227	13	200	3.94e-08	48.1
4_484	1_72	24.074	216	151	7	20	231	14	220	5.01e-08	47.8
4_484	1_72	24.180	244	146	10	30	251	277	503	1.78e-05	40.0
4_484	1_447	26.699	206	131	7	9	212	336	523	8.43e-08	47.0
4_484	1_177	22.831	219	137	7	22	231	17	212	2.22e-06	42.0
4_484	1_265	22.271	229	152	6	10	235	320	525	3.04e-06	42.4
4_484	1_265	21.992	241	138	8	24	235	14	233	2.78e-05	39.3
4_484	1_101	28.333	180	105	7	40	212	498	660	3.14e-05	39.3
4_484	1_526	21.053	209	141	7	9	214	324	511	2.70e-04	36.2
4_484	1_229	28.889	90	53	4	136	218	815	900	3.46e-04	36.2
4_484	1_331	24.312	218	127	10	8	214	332	522	3.76e-04	35.8
4_485	1_291	100.000	158	0	0	1	158	1	158	1.02e-115	319
4_486	1_292	100.000	309	0	0	1	309	1	309	0.0	598
4_487	1_495	96.000	75	3	0	1	75	1	75	1.54e-49	145
4_487	1_576	71.667	60	17	0	3	62	10	69	4.52e-25	91.3
4_487	1_443	68.293	41	13	0	22	62	45	85	8.55e-16	64.7
4_487	1_492	46.269	67	29	2	9	75	14	73	2.29e-10	49.3
4_488	1_559	100.000	310	0	0	3	312	1	310	0.0	625
4_488	1_373	28.571	126	73	4	73	192	437	551	6.02e-04	35.8
4_489	1_489	99.481	770	0	1	1	766	1	770	0.0	1503
4_489	1_442	30.788	812	476	21	1	766	1	772	2.35e-92	300
4_489	1_322	39.823	452	246	10	1	440	1	438	1.43e-89	290
4_489	1_322	33.588	131	87	0	636	766	516	646	1.69e-15	74.7
4_489	1_286	32.735	223	133	7	1	209	60	279	3.37e-24	98.6
4_489	1_33	27.488	211	126	7	17	201	23	232	5.58e-15	70.9
4_489	1_409	23.938	259	169	9	1	232	6	263	2.34e-14	70.9
4_489	1_409	23.301	206	140	4	16	203	282	487	3.06e-06	44.7
4_489	1_447	30.412	194	125	6	1	188	336	525	3.47e-13	67.0
4_489	1_72	29.630	216	130	6	2	201	8	217	3.75e-13	67.0
4_489	1_233	32.990	97	63	1	1	95	10	106	1.30e-09	55.5
4_489	1_526	27.230	213	130	7	1	199	324	525	2.63e-09	54.7
4_489	1_540	26.076	395	235	18	302	659	86	460	5.94e-09	53.5
4_489	1_437	28.241	216	130	7	2	204	327	530	8.37e-09	53.1
4_489	1_490	34.483	87	53	2	119	202	183	268	1.92e-08	51.6
4_489	1_562	33.557	149	76	7	34	171	21	157	2.92e-08	49.3
4_489	1_294	30.357	112	75	2	2	111	39	149	3.39e-08	51.2
4_489	1_294	31.081	74	49	1	129	200	508	581	1.71e-05	42.4
4_489	1_177	27.000	200	123	7	17	203	22	211	3.89e-08	49.7
4_489	1_205	25.561	223	120	8	15	198	141	356	1.12e-07	49.3
4_489	1_262	27.149	221	125	10	1	198	1	208	2.02e-07	47.8
4_489	1_290	29.545	88	59	2	115	200	141	227	4.41e-07	46.6
4_489	1_266	29.600	125	78	5	115	230	267	390	4.61e-07	47.4
4_489	1_412	30.476	105	65	2	129	225	618	722	5.72e-07	47.4
4_489	1_331	28.505	214	123	10	2	198	334	534	8.99e-07	46.6
4_489	1_59	24.880	209	125	7	16	197	29	232	1.42e-05	42.4
4_489	1_265	26.027	219	131	9	1	204	319	521	1.42e-05	42.7
4_489	1_265	20.851	235	133	6	1	198	1	219	1.54e-05	42.4
4_489	1_229	36.585	82	43	4	129	204	834	912	1.69e-05	42.7
4_489	1_229	31.068	103	61	4	93	190	460	557	0.001	37.0
4_489	1_101	24.638	207	127	6	13	195	469	670	9.77e-05	40.0
4_490	1_3	98.936	188	2	0	1	188	1	188	2.03e-133	366
4_491	1_490	99.741	386	1	0	1	386	1	386	0.0	760
4_491	1_233	32.059	340	185	10	5	304	8	341	4.67e-38	137
4_491	1_294	40.146	137	82	0	166	302	481	617	1.99e-31	120
4_491	1_294	30.088	113	70	2	7	110	38	150	1.76e-11	60.1
4_491	1_412	37.363	91	57	0	194	284	619	709	1.59e-15	72.8
4_491	1_266	33.333	90	60	0	194	283	282	371	7.87e-15	70.1
4_491	1_290	25.357	280	164	5	6	283	8	244	3.09e-14	66.6
4_491	1_286	24.779	226	119	3	27	252	84	258	7.61e-14	66.2
4_491	1_177	32.143	140	84	3	143	279	90	221	8.51e-12	59.3
4_491	1_33	25.600	250	143	8	27	272	27	237	1.08e-11	59.7
4_491	1_205	23.404	141	104	2	164	303	251	388	1.35e-11	60.1
4_491	1_262	24.221	289	161	9	8	292	2	236	3.73e-11	57.8
4_491	1_59	27.778	126	87	2	176	297	142	267	1.00e-10	57.0
4_491	1_409	23.420	269	153	9	30	296	29	246	8.00e-10	54.7
4_491	1_409	32.609	92	57	2	184	271	399	489	7.49e-07	45.4
4_491	1_442	30.986	142	89	5	128	263	59	197	1.05e-09	54.7
4_491	1_442	52.778	36	17	0	27	62	21	56	2.64e-05	40.4
4_491	1_322	29.333	150	99	3	129	273	60	207	1.38e-09	54.3
4_491	1_322	43.636	55	31	0	8	62	2	56	6.68e-06	42.4
4_491	1_489	34.483	87	53	2	183	268	119	202	1.07e-08	51.2
4_491	1_72	28.788	132	85	4	146	271	356	484	8.18e-08	48.5
4_491	1_447	29.412	85	52	2	172	251	441	522	3.13e-06	43.5
4_491	1_331	38.000	100	46	5	1	95	327	415	9.96e-05	38.5
4_491	1_265	27.174	92	64	1	188	276	443	534	2.32e-04	37.4
4_491	1_101	45.588	68	27	4	4	69	466	525	2.96e-04	37.4
4_491	1_526	50.000	46	23	0	8	53	325	370	4.33e-04	36.6
4_492	1_364	99.839	620	1	0	1	620	1	620	0.0	1246
4_493	1_2	99.714	350	1	0	1	350	1	350	0.0	715
4_494	1_1	99.830	589	1	0	1	589	1	589	0.0	1145
4_494	1_132	26.087	460	272	17	51	492	10	419	2.21e-21	92.0
4_495	1_293	100.000	159	0	0	1	159	1	159	2.73e-117	323
4_495	1_206	32.500	120	78	2	22	140	15	132	6.93e-11	52.4
4_496	1_521	99.427	872	5	0	1	872	34	905	0.0	1731
4_496	1_439	25.714	245	153	5	1	221	10	249	7.17e-15	73.6
4_496	1_399	24.936	393	233	13	7	361	26	394	6.99e-14	70.1
4_496	1_468	26.250	240	155	7	1	220	18	255	2.53e-10	58.5
4_496	1_524	27.848	237	146	7	3	224	13	239	4.80e-09	54.7
4_496	1_398	25.578	606	359	26	2	560	25	585	1.44e-08	52.8
4_497	1_468	99.607	1018	4	0	1	1018	1	1018	0.0	1974
4_497	1_399	26.764	1091	677	33	6	1015	1	1050	4.84e-80	277
4_497	1_439	33.566	286	180	5	11	289	3	285	2.27e-35	140
4_497	1_439	31.164	292	136	10	545	783	738	1017	1.37e-23	102
4_497	1_439	32.231	121	72	5	361	474	477	594	1.63e-05	43.1
4_497	1_521	27.500	240	152	8	18	255	34	253	9.19e-11	60.5
4_497	1_524	22.637	804	463	36	11	699	2	761	8.37e-09	53.9
4_497	1_398	25.336	446	277	14	14	436	18	430	2.28e-08	52.4
4_498	1_34	99.558	226	1	0	1	226	1	226	1.29e-170	463
4_499	1_469	99.583	719	3	0	1	719	1	719	0.0	1424
4_500	1_470	99.640	278	1	0	1	278	1	278	0.0	551
4_501	1_366	99.631	271	1	0	1	271	1	271	0.0	532
4_502	1_367	98.347	121	2	0	1	121	1	121	1.26e-78	222
4_503	1_494	99.753	1217	3	0	1	1217	1	1217	0.0	2487
4_504	1_497	98.654	743	3	1	1	736	1	743	0.0	1456
4_504	1_224	26.260	754	440	25	6	720	16	692	8.57e-45	166
4_505	1_382	99.689	322	1	0	1	322	1	322	0.0	650
4_506	1_294	100.000	725	0	0	1	725	1	725	0.0	1470
4_506	1_233	38.624	189	111	4	481	667	205	390	6.29e-35	133
4_506	1_233	47.423	97	51	0	39	135	11	107	1.15e-22	96.3
4_506	1_490	40.146	137	82	0	481	617	166	302	3.60e-31	120
4_506	1_490	30.088	113	70	2	38	150	7	110	3.31e-11	60.1
4_506	1_412	25.735	136	99	2	481	614	590	725	2.65e-17	80.5
4_506	1_412	28.049	164	100	5	42	204	12	158	2.55e-07	48.5
4_506	1_266	38.298	94	57	1	501	594	274	366	9.48e-17	77.8
4_506	1_266	29.688	128	75	3	33	145	38	165	7.50e-10	56.2
4_506	1_205	32.432	111	74	1	505	614	274	384	1.74e-14	70.9
4_506	1_262	31.776	107	72	1	486	592	116	221	9.04e-13	63.9
4_506	1_262	31.915	94	55	3	50	137	16	106	1.05e-05	42.4
4_506	1_33	25.806	155	88	3	501	655	152	279	2.47e-12	62.8
4_506	1_33	30.952	84	39	3	53	117	22	105	1.20e-05	42.4
4_506	1_177	32.292	96	63	2	500	594	127	221	5.11e-11	58.2
4_506	1_409	34.409	93	54	2	498	587	402	490	2.24e-10	57.8
4_506	1_409	29.213	89	58	2	500	584	133	220	1.24e-07	49.3
4_506	1_409	29.348	92	54	4	48	131	16	104	1.11e-06	46.2
4_506	1_322	32.967	91	59	1	498	588	119	207	1.14e-09	55.8
4_506	1_322	33.333	99	58	3	39	134	2	95	6.01e-07	47.0
4_506	1_442	31.897	116	70	2	474	589	102	208	1.52e-09	55.5
4_506	1_442	32.673	101	60	2	39	136	2	97	2.51e-07	48.5
4_506	1_286	34.146	82	53	1	503	584	194	274	2.32e-09	53.9
4_506	1_286	31.707	82	46	2	58	131	84	163	2.17e-07	47.8
4_506	1_59	29.358	109	76	1	505	612	159	267	1.02e-08	52.0
4_506	1_59	25.899	139	83	6	30	151	4	139	4.44e-04	37.4
4_506	1_290	33.766	77	51	0	508	584	154	230	1.35e-08	51.2
4_506	1_489	30.357	112	75	2	39	149	2	111	3.42e-08	51.2
4_506	1_489	31.081	74	49	1	508	581	129	200	1.64e-05	42.4
4_506	1_72	30.476	105	70	1	38	139	7	111	5.11e-08	50.4
4_506	1_72	25.974	77	56	1	508	584	407	482	6.71e-04	37.0
4_506	1_526	34.247	73	48	0	36	108	322	394	5.03e-07	47.4
4_506	1_526	28.788	132	78	6	448	572	393	515	6.00e-05	40.4
4_506	1_265	35.088	57	37	0	39	95	2	58	9.14e-07	46.2
4_506	1_265	23.810	84	60	1	504	587	152	231	4.69e-05	40.8
4_506	1_447	27.778	90	61	2	493	581	452	538	1.41e-06	45.8
4_506	1_562	38.298	47	29	0	493	539	104	150	1.15e-05	41.6
4_506	1_331	33.333	66	43	1	36	100	331	396	2.70e-05	41.6
4_506	1_437	25.301	83	59	1	36	115	324	406	2.68e-04	38.5
4_507	1_493	99.848	659	1	0	1	659	1	659	0.0	1329
4_508	1_185	94.694	245	13	0	1	245	1	245	2.80e-167	457
4_508	1_180	41.791	201	113	2	43	243	84	280	3.08e-46	150
4_508	1_186	38.372	258	135	6	1	243	1	249	7.32e-46	149
4_509	1_186	94.677	263	14	0	1	263	1	263	2.40e-180	491
4_509	1_180	42.748	262	132	5	1	250	26	281	1.90e-53	170
4_509	1_185	38.583	254	140	5	1	249	1	243	2.08e-47	153
4_510	1_498	99.545	220	1	0	1	220	2	221	1.22e-157	430
4_510	1_545	21.364	220	158	6	1	220	100	304	2.28e-05	38.9
4_511	1_365	99.785	931	2	0	1	931	1	931	0.0	1841
4_511	1_522	27.523	218	124	7	9	225	17	201	2.62e-08	52.0
4_511	1_440	22.938	388	251	14	2	352	7	383	5.08e-06	44.7
4_511	1_523	30.864	162	92	7	60	208	55	209	1.72e-05	43.1
4_512	1_499	100.000	59	0	0	1	59	5	63	3.09e-40	120
4_513	1_492	98.395	810	13	0	1	810	1	810	0.0	1591
4_513	1_443	35.550	827	424	30	1	776	1	769	7.07e-108	344
4_513	1_576	33.454	831	450	27	1	779	3	782	1.08e-99	322
4_513	1_495	43.284	67	31	2	14	73	9	75	2.43e-08	46.6
4_514	1_555	98.492	398	6	0	1	398	4	401	0.0	792
4_514	1_503	100.000	40	0	0	359	398	1	40	6.57e-22	85.1
4_515	1_496	99.206	378	3	0	17	394	1	378	0.0	756
4_515	1_575	45.507	345	149	6	54	394	4	313	1.19e-80	249
4_515	1_568	41.783	359	146	10	49	394	1	309	4.70e-57	187
4_515	1_501	62.500	136	46	2	18	150	117	250	3.33e-50	169
4_515	1_578	37.168	339	114	14	54	354	1	278	2.14e-43	147
4_515	1_502	70.423	71	21	0	77	147	1	71	3.72e-26	102
4_515	1_502	55.224	67	28	1	316	382	256	320	9.03e-17	75.1
4_516	1_575	80.588	170	31	1	5	172	246	415	8.65e-87	256
4_516	1_496	54.321	162	66	4	15	171	323	481	2.37e-50	163
4_516	1_568	49.660	147	72	2	1	147	241	385	4.81e-42	140
4_516	1_502	98.276	58	1	0	1	58	263	320	1.09e-35	121
4_517	1_575	84.615	169	24	1	5	171	246	414	2.70e-92	270
4_517	1_496	56.934	137	59	0	12	148	320	456	6.05e-51	165
4_517	1_568	44.633	177	90	3	1	171	241	415	1.28e-43	144
4_517	1_502	98.276	58	1	0	1	58	263	320	2.83e-35	120
4_517	1_501	53.333	30	13	1	1	30	401	429	4.72e-04	34.3
4_517	1_578	53.333	30	13	1	1	30	250	278	4.77e-04	34.3
4_518	1_491	100.000	88	0	0	1	88	35	122	1.74e-60	176
4_518	1_501	98.864	88	1	0	1	88	35	122	5.92e-56	173
4_518	1_228	49.315	73	36	1	8	80	35	106	2.58e-19	71.2
4_519	1_511	100.000	55	0	0	1	55	1	55	5.53e-35	107
4_520	1_512	100.000	288	0	0	1	288	1	288	0.0	563
4_521	1_582	99.705	339	1	0	1	339	1	339	0.0	698
4_522	1_514	100.000	396	0	0	1	396	1	396	0.0	807
4_523	1_519	100.000	331	0	0	1	331	1	331	0.0	665
4_524	1_518	99.620	263	1	0	1	263	1	263	0.0	511
4_524	1_247	33.846	65	33	4	113	171	5	65	1.72e-04	37.0
4_524	1_143	35.000	60	27	2	113	164	159	214	3.39e-04	35.8
4_525	1_530	100.000	516	0	0	1	516	1	516	0.0	1031
4_526	1_522	98.975	1073	9	2	1	1073	1	1071	0.0	2127
4_526	1_467	28.753	1099	646	32	13	1071	17	1018	5.36e-112	367
4_526	1_440	29.765	383	217	11	5	344	7	380	4.01e-30	123
4_526	1_440	23.678	397	223	13	445	778	584	963	9.48e-09	53.9
4_526	1_523	29.677	155	101	3	13	161	10	162	3.25e-13	68.6
4_526	1_365	27.523	218	124	7	17	201	9	225	3.09e-08	52.0
4_527	1_517	97.590	415	8	1	1	415	1	413	0.0	779
4_528	1_516	98.690	229	3	0	1	229	1	229	1.53e-166	453
4_529	1_523	97.230	1372	21	2	1	1365	1	1362	0.0	2664
4_529	1_522	29.677	155	101	3	10	162	13	161	6.92e-13	67.8
4_529	1_440	29.560	159	99	4	2	150	6	161	5.11e-11	61.6
4_529	1_467	26.923	156	100	7	7	156	12	159	5.41e-07	48.5
4_529	1_365	30.864	162	92	7	55	209	60	208	3.11e-05	42.7
4_529	1_427	33.019	106	61	4	466	561	125	230	6.46e-05	40.8
4_530	1_524	99.013	1824	15	2	1	1821	1	1824	0.0	3628
4_530	1_399	24.231	553	310	18	4	509	6	496	3.59e-14	72.4
4_530	1_439	26.556	241	150	8	1	221	1	234	5.56e-11	62.0
4_530	1_439	22.342	649	384	28	403	982	506	1103	8.53e-05	42.0
4_530	1_468	21.303	798	480	33	2	760	11	699	6.21e-09	55.5
4_530	1_521	27.160	243	152	7	7	239	30	257	5.34e-08	52.4
4_530	1_398	22.394	259	169	8	197	453	202	430	6.25e-04	38.9
4_531	1_525	97.935	581	6	1	1	581	1	575	0.0	1111
4_531	1_441	27.750	400	245	15	186	573	122	489	2.21e-22	95.1
4_532	1_431	92.270	1022	73	3	1	1020	2752	3769	0.0	1791
4_533	1_526	99.250	533	4	0	1	533	1	533	0.0	1031
4_533	1_447	29.367	521	346	9	16	520	19	533	9.93e-50	174
4_533	1_437	29.545	528	312	22	20	520	27	521	6.44e-25	102
4_533	1_331	35.437	206	127	5	319	520	328	531	1.56e-23	98.6
4_533	1_562	36.567	134	83	2	357	489	21	153	5.06e-17	74.3
4_533	1_262	32.057	209	122	8	324	517	1	204	3.20e-14	67.8
4_533	1_409	30.909	220	111	7	320	513	2	206	1.09e-11	61.6
4_533	1_322	28.365	208	110	6	324	512	1	188	5.04e-11	59.7
4_533	1_265	28.877	187	109	5	324	486	1	187	7.62e-11	58.9
4_533	1_101	28.571	189	106	7	317	489	463	638	1.60e-09	54.7
4_533	1_489	27.570	214	128	8	324	525	1	199	2.12e-09	54.3
4_533	1_177	28.125	192	104	6	340	513	22	197	7.09e-09	51.2
4_533	1_442	28.351	194	128	6	324	512	1	188	8.37e-09	52.4
4_533	1_286	25.683	183	122	4	339	510	79	258	1.57e-07	47.8
4_533	1_233	36.232	69	44	0	324	392	10	78	2.38e-07	47.4
4_533	1_233	33.645	107	54	3	419	514	193	293	8.30e-06	42.7
4_533	1_294	34.247	73	48	0	322	394	36	108	6.25e-07	46.6
4_533	1_294	29.545	132	77	7	393	515	448	572	4.53e-05	40.4
4_533	1_266	29.412	85	53	2	308	388	30	111	2.56e-04	37.7
4_533	1_59	26.667	210	115	10	339	519	29	228	5.25e-04	36.6
4_533	1_490	50.000	46	23	0	325	370	8	53	7.00e-04	36.2
4_533	1_72	43.182	44	25	0	343	386	26	69	7.14e-04	36.6
4_533	1_412	38.806	67	37	3	449	511	612	678	8.28e-04	36.6
4_534	1_23	99.664	298	1	0	1	298	1	298	0.0	602
4_535	1_467	99.617	261	1	0	1	261	759	1019	0.0	533
4_535	1_522	30.435	276	142	14	25	260	804	1069	1.98e-20	85.1
4_536	1_529	99.589	730	3	0	1	730	1	730	0.0	1483
4_537	1_92	99.648	284	1	0	1	284	1	284	0.0	572
4_537	1_260	37.143	105	61	3	37	141	22	121	3.64e-14	65.5
4_538	1_203	99.213	127	1	0	1	127	1	127	2.07e-87	245
4_539	1_527	99.362	470	3	0	1	470	1	470	0.0	928
4_539	1_407	35.516	397	209	11	37	417	60	425	6.66e-57	198
4_539	1_566	30.591	389	217	9	37	409	23	374	2.97e-40	149
4_540	1_577	98.077	156	3	0	50	205	1	156	7.01e-104	303
4_540	1_531	54.737	190	67	4	28	204	1	184	3.43e-57	183
4_540	1_428	30.542	203	110	9	6	199	8	188	7.84e-13	61.2
4_540	1_429	39.655	58	33	2	143	199	237	293	1.08e-06	43.1
4_540	1_551	45.238	42	22	1	144	185	238	278	9.17e-05	37.4
4_541	1_467	99.245	662	5	0	1	662	1	662	0.0	1297
4_541	1_522	29.178	706	445	15	1	661	1	696	7.05e-70	241
4_541	1_440	32.258	248	151	8	13	248	10	252	1.72e-24	103
4_541	1_523	27.564	156	99	7	12	159	7	156	7.57e-08	50.1
4_542	1_575	94.709	378	20	0	1	378	41	418	0.0	675
4_542	1_496	42.169	415	196	9	1	378	75	482	8.01e-95	286
4_542	1_568	39.612	361	189	9	1	350	43	385	2.82e-70	221
4_542	1_502	38.312	308	141	9	1	261	15	320	6.10e-44	149
4_542	1_578	31.679	262	129	8	1	233	38	278	2.11e-22	90.5
4_542	1_501	31.818	264	127	13	1	233	188	429	1.28e-21	90.5
4_544	1_554	99.197	249	2	0	29	277	1	249	8.73e-180	490
4_545	1_541	100.000	277	0	0	1	277	1	277	0.0	544
4_546	1_565	99.588	486	2	0	1	486	1	486	0.0	963
4_547	1_543	100.000	86	0	0	1	86	1	86	1.33e-59	171
4_548	1_545	100.000	309	0	0	1	309	1	309	0.0	588
4_548	1_498	21.364	220	158	6	100	304	2	221	3.77e-05	38.5
4_549	1_547	100.000	40	0	0	1	40	1	40	7.83e-22	73.2
4_550	1_402	99.438	178	1	0	1	178	104	281	2.85e-130	361
4_551	1_402	96.970	66	2	0	1	66	1	66	6.02e-40	127
4_552	1_548	100.000	591	0	0	1	591	1	591	0.0	1170
4_553	1_549	100.000	41	0	0	1	41	1	41	3.72e-25	81.6
4_554	1_557	98.592	142	2	0	1	142	1	142	1.40e-100	280
4_554	1_410	31.111	135	91	1	4	136	167	301	4.51e-17	71.2
4_555	1_353	33.221	596	339	15	198	776	186	739	1.59e-79	280
4_555	1_273	39.394	165	90	2	1068	1227	1	160	4.07e-26	100
4_555	1_485	52.239	67	31	1	959	1024	68	134	8.89e-13	61.6
4_556	1_540	98.958	576	6	0	1	576	1	576	0.0	1111
4_556	1_489	28.947	190	119	6	40	221	252	433	3.20e-08	50.8
4_557	1_234	100.000	443	0	0	1	443	4	446	0.0	887
4_558	1_408	97.500	40	1	0	1	40	26	65	1.18e-24	80.9
4_559	1_546	99.677	620	2	0	1	620	1	620	0.0	1246
4_560	1_551	99.035	622	4	1	1	620	1	622	0.0	1225
4_560	1_429	43.155	431	226	5	204	617	205	633	3.92e-108	335
4_560	1_428	39.794	485	270	6	140	617	44	513	4.97e-108	331
4_560	1_531	36.802	394	220	9	244	617	124	508	8.88e-61	205
4_560	1_577	32.374	417	231	12	236	617	95	495	1.26e-51	180
4_560	1_22	30.260	423	247	9	235	616	118	533	2.07e-47	170
4_561	1_576	87.059	85	9	1	1	83	728	812	1.08e-44	147
4_561	1_443	31.395	86	46	4	3	81	724	803	8.41e-05	33.9
4_562	1_25	99.310	290	2	0	1	290	1	290	0.0	561
4_563	1_354	99.419	688	4	0	1	688	1	688	0.0	1365
4_565	1_542	98.907	183	2	0	1	183	1	183	2.52e-124	343
4_566	1_558	99.490	392	1	1	1	392	1	391	0.0	782
4_567	1_560	98.000	50	1	0	34	83	1	50	3.42e-32	105
4_568	1_577	99.422	346	2	0	16	361	151	496	0.0	697
4_568	1_531	65.497	342	109	4	22	361	175	509	1.89e-153	437
4_568	1_429	35.635	362	182	7	24	361	300	634	1.17e-60	201
4_568	1_428	33.815	346	186	7	29	361	199	514	1.40e-55	185
4_568	1_22	32.597	362	201	8	25	359	188	533	9.79e-46	159
4_568	1_551	33.429	350	190	9	24	360	300	619	4.61e-44	155
4_569	1_544	99.640	278	1	0	1	278	1	278	0.0	535
4_569	1_196	24.727	275	180	13	5	260	32	298	8.92e-10	53.1
4_570	1_563	100.000	378	0	0	1	378	1	378	0.0	733
4_572	1_567	99.420	690	4	0	1	690	53	742	0.0	1380
4_572	1_478	37.592	681	337	21	17	656	13	646	1.08e-121	373
4_572	1_449	28.399	331	196	11	214	515	328	646	1.27e-27	113
4_574	1_436	42.991	214	116	3	7	218	7	216	2.11e-50	161
4_574	1_285	29.289	239	132	10	9	216	325	557	6.80e-13	61.6
4_575	1_527	97.810	137	3	0	1	137	446	582	1.87e-90	268
4_576	1_566	99.466	936	5	0	1	936	1	936	0.0	1811
4_576	1_407	30.575	870	555	19	8	858	45	884	3.30e-91	313
4_576	1_527	30.402	398	206	11	23	374	37	409	7.75e-40	150
4_577	1_576	93.614	736	39	3	1	728	3	738	0.0	1359
4_577	1_443	46.875	736	343	12	1	712	1	712	0.0	597
4_577	1_492	33.820	754	408	23	1	710	1	707	2.87e-98	316
4_577	1_495	70.000	60	18	0	8	67	3	62	2.96e-23	89.0
4_578	1_197	99.687	319	1	0	1	319	8	326	0.0	632
4_579	1_21	99.422	173	1	0	1	173	1	173	3.19e-126	347
4_580	1_355	98.202	723	10	1	1	723	3	722	0.0	1402
4_580	1_83	42.857	56	28	1	13	64	8	63	2.85e-07	47.4
4_580	1_31	32.381	105	65	3	74	174	37	139	2.12e-05	41.6
4_581	1_572	98.690	229	3	0	111	339	4	232	1.73e-168	463
4_581	1_573	99.107	112	1	0	1	112	1	112	1.26e-74	221
4_581	1_410	30.576	278	189	4	62	339	336	609	2.55e-39	141
4_581	1_192	25.949	158	98	6	56	203	150	298	1.91e-04	37.0
4_581	1_161	23.967	242	162	10	62	286	160	396	3.86e-04	36.6
4_582	1_564	100.000	971	0	0	1	971	1	971	0.0	1946
4_583	1_358	99.203	251	2	0	1	251	2	252	0.0	493
4_583	1_169	29.932	147	96	3	110	251	82	226	6.98e-09	49.3
4_584	1_561	99.502	201	1	0	1	201	1	201	5.98e-141	386
4_585	1_569	98.431	255	4	0	1	255	1	255	9.05e-178	484
4_586	1_332	96.053	76	3	0	2	77	474	549	1.57e-44	144
4_587	1_531	99.214	509	4	0	18	526	1	509	0.0	1010
4_587	1_577	60.159	502	179	8	40	526	1	496	0.0	571
4_587	1_429	39.149	470	236	15	80	524	188	632	9.01e-80	257
4_587	1_428	35.110	544	278	22	7	524	18	512	3.93e-74	239
4_587	1_551	33.210	542	306	18	8	525	110	619	7.73e-61	206
4_587	1_22	31.614	446	261	9	112	524	99	533	1.23e-51	180
4_588	1_574	100.000	167	0	0	1	167	1	167	1.18e-124	342
4_589	1_578	43.568	241	129	4	1	240	44	278	3.47e-60	187
4_589	1_501	42.917	240	133	3	1	240	194	429	1.44e-59	190
4_589	1_568	41.724	290	131	12	1	281	49	309	3.48e-49	163
4_589	1_496	37.224	317	144	15	1	281	81	378	9.05e-40	139
4_589	1_575	34.219	301	144	11	1	281	47	313	1.13e-32	119
4_589	1_502	33.119	311	155	10	1	269	21	320	2.90e-32	116
4_590	1_501	97.895	95	2	0	11	105	118	212	3.08e-63	192
4_590	1_496	73.333	90	22	1	18	105	10	99	5.18e-42	138
4_590	1_575	95.385	65	3	0	41	105	1	65	2.42e-38	127
4_590	1_578	85.000	60	9	0	46	105	3	62	2.04e-31	107
4_590	1_568	82.258	62	11	0	44	105	6	67	1.68e-23	87.8
4_590	1_502	87.179	39	5	0	67	105	1	39	1.27e-17	70.9
4_591	1_496	87.500	96	12	0	1	96	21	116	7.89e-54	169
4_591	1_578	87.805	82	9	1	18	98	1	82	6.81e-46	144
4_591	1_501	68.000	100	29	2	1	99	136	233	4.59e-43	140
4_591	1_502	98.462	65	1	0	41	105	1	65	2.03e-41	133
4_591	1_575	72.941	85	23	0	18	102	4	88	6.24e-40	132
4_591	1_568	85.526	76	11	0	13	88	1	76	6.41e-34	115
4_592	1_127	99.591	489	2	0	2	490	1	489	0.0	979
4_592	1_257	27.500	160	109	3	146	301	110	266	7.15e-12	62.0
4_592	1_257	46.809	47	22	1	440	483	489	535	5.66e-08	49.7
4_592	1_481	22.961	466	289	19	52	484	14	442	2.23e-10	57.0
4_593	1_581	100.000	153	0	0	1	153	1	153	4.34e-113	312
