7_0	2_497	99.379	322	2	0	1	322	1	322	0.0	650
7_1	2_283	99.862	725	1	0	1	725	1	725	0.0	1468
7_1	2_223	38.624	189	111	4	481	667	205	390	6.52e-35	132
7_1	2_223	47.423	97	51	0	39	135	11	107	1.22e-22	95.9
7_1	2_401	40.146	137	82	0	481	617	166	302	3.66e-31	120
7_1	2_401	30.088	113	70	2	38	150	7	110	3.49e-11	60.1
7_1	2_294	25.735	136	99	2	481	614	591	726	2.49e-17	80.9
7_1	2_294	28.049	164	100	5	42	204	12	158	2.53e-07	48.5
7_1	2_253	38.298	94	57	1	501	594	274	366	9.22e-17	77.8
7_1	2_253	29.688	128	75	3	33	145	38	165	7.56e-10	56.2
7_1	2_195	32.432	111	74	1	505	614	274	384	1.77e-14	70.9
7_1	2_250	31.776	107	72	1	486	592	116	221	8.38e-13	63.9
7_1	2_250	31.915	94	55	3	50	137	16	106	1.04e-05	42.4
7_1	2_494	25.806	155	88	3	501	655	152	279	2.49e-12	62.8
7_1	2_494	30.952	84	39	3	53	117	22	105	1.34e-05	42.0
7_1	2_233	32.292	96	63	2	500	594	127	221	5.30e-11	58.2
7_1	2_429	34.409	93	54	2	498	587	402	490	2.17e-10	58.2
7_1	2_429	29.213	89	58	2	500	584	133	220	1.19e-07	49.3
7_1	2_429	29.348	92	54	4	48	131	16	104	1.16e-06	45.8
7_1	2_340	32.967	91	59	1	498	588	119	207	1.14e-09	55.8
7_1	2_340	33.333	99	58	3	39	134	2	95	6.27e-07	47.0
7_1	2_339	31.897	116	70	2	474	589	102	208	1.50e-09	55.5
7_1	2_339	32.673	101	60	2	39	136	2	97	2.44e-07	48.5
7_1	2_274	34.146	82	53	1	503	584	194	274	2.33e-09	53.9
7_1	2_274	31.707	82	46	2	58	131	84	163	2.13e-07	47.8
7_1	2_431	29.358	109	76	1	505	612	159	267	9.97e-09	52.0
7_1	2_431	25.899	139	83	6	30	151	4	139	4.44e-04	37.4
7_1	2_277	33.766	77	51	0	508	584	154	230	1.31e-08	51.2
7_1	2_280	30.357	112	75	2	39	149	2	111	3.05e-08	51.2
7_1	2_280	31.081	74	49	1	508	581	129	200	1.47e-05	42.7
7_1	2_70	30.476	105	70	1	38	139	7	111	5.28e-08	50.4
7_1	2_70	25.974	77	56	1	508	584	407	482	6.87e-04	37.0
7_1	2_513	34.247	73	48	0	36	108	322	394	4.97e-07	47.4
7_1	2_513	28.788	132	78	6	448	572	393	515	5.94e-05	40.4
7_1	2_252	35.088	57	37	0	39	95	2	58	9.29e-07	46.2
7_1	2_252	23.810	84	60	1	504	587	152	231	4.81e-05	40.8
7_1	2_482	27.778	90	61	2	493	581	452	538	1.43e-06	45.8
7_1	2_560	38.298	47	29	0	493	539	104	150	1.16e-05	41.6
7_1	2_350	33.333	66	43	1	36	100	331	396	2.68e-05	41.6
7_1	2_338	25.301	83	59	1	36	115	324	406	2.56e-04	38.5
7_2	2_499	100.000	217	0	0	120	336	1	217	1.59e-154	427
7_2	2_542	25.413	303	204	10	36	336	27	309	3.42e-14	67.0
7_3	2_402	99.893	931	1	0	1	931	1	931	0.0	1841
7_3	2_518	27.523	218	124	7	9	225	17	201	2.95e-08	52.0
7_3	2_476	22.938	388	251	14	2	352	7	383	5.82e-06	44.7
7_3	2_552	30.864	162	92	7	60	208	1	155	1.64e-05	43.1
7_4	2_525	99.543	876	4	0	1	876	34	909	0.0	1743
7_4	2_498	100.000	62	0	0	876	937	1	62	1.43e-37	129
7_4	2_477	25.714	245	153	5	1	221	10	249	5.73e-15	73.9
7_4	2_420	24.936	393	233	13	7	361	26	394	9.20e-14	70.1
7_4	2_490	27.083	240	153	8	1	220	18	255	2.23e-10	58.9
7_4	2_312	25.835	569	339	24	30	560	62	585	3.59e-09	55.1
7_4	2_519	27.426	237	147	7	3	224	13	239	1.37e-08	53.1
7_5	2_0	100.000	159	0	0	1	159	1	159	2.36e-117	323
7_5	2_196	32.500	120	78	2	22	140	15	132	7.83e-11	52.0
7_6	2_1	100.000	96	0	0	1	96	1	96	9.12e-66	188
7_7	2_2	100.000	589	0	0	1	589	1	589	0.0	1146
7_7	2_565	93.671	79	5	0	406	484	1	79	2.09e-42	142
7_7	2_368	26.087	460	272	17	51	492	10	419	6.37e-22	94.0
7_8	2_3	100.000	350	0	0	1	350	1	350	0.0	716
7_9	2_487	99.516	620	3	0	1	620	1	620	0.0	1242
7_10	2_401	99.741	386	1	0	1	386	1	386	0.0	760
7_10	2_223	32.059	340	185	10	5	304	8	341	4.30e-38	137
7_10	2_283	40.146	137	82	0	166	302	481	617	2.02e-31	120
7_10	2_283	30.088	113	70	2	7	110	38	150	1.82e-11	60.1
7_10	2_294	37.363	91	57	0	194	284	620	710	1.50e-15	72.8
7_10	2_253	33.333	90	60	0	194	283	282	371	7.65e-15	70.1
7_10	2_277	25.357	280	164	5	6	283	8	244	3.20e-14	66.6
7_10	2_274	24.779	226	119	3	27	252	84	258	7.66e-14	66.2
7_10	2_494	25.600	250	143	8	27	272	27	237	7.89e-12	60.1
7_10	2_233	32.143	140	84	3	143	279	90	221	8.50e-12	59.3
7_10	2_195	23.404	141	104	2	164	303	251	388	1.48e-11	60.1
7_10	2_250	24.221	289	161	9	8	292	2	236	4.48e-11	57.4
7_10	2_431	27.778	126	87	2	176	297	142	267	1.08e-10	57.0
7_10	2_429	23.333	270	154	9	29	296	28	246	7.85e-10	54.7
7_10	2_429	32.609	92	57	2	184	271	399	489	8.02e-07	45.1
7_10	2_339	30.986	142	89	5	128	263	59	197	9.78e-10	54.7
7_10	2_339	52.778	36	17	0	27	62	21	56	2.59e-05	40.4
7_10	2_340	29.333	150	99	3	129	273	60	207	1.24e-09	54.3
7_10	2_340	43.636	55	31	0	8	62	2	56	6.62e-06	42.4
7_10	2_280	34.483	87	53	2	183	268	119	202	1.02e-08	51.6
7_10	2_70	28.788	132	85	4	146	271	356	484	8.46e-08	48.1
7_10	2_482	29.412	85	52	2	172	251	441	522	2.99e-06	43.5
7_10	2_350	38.000	100	46	5	1	95	327	415	9.44e-05	38.5
7_10	2_252	27.174	92	64	1	188	276	443	534	2.30e-04	37.4
7_10	2_375	45.588	68	27	4	4	69	465	524	2.85e-04	37.4
7_10	2_513	50.000	46	23	0	8	53	325	370	4.11e-04	36.6
7_11	2_281	98.936	188	2	0	1	188	1	188	2.03e-133	366
7_12	2_4	100.000	110	0	0	1	110	1	110	1.59e-79	224
7_13	2_5	100.000	290	0	0	1	290	1	290	0.0	578
7_13	2_442	32.331	266	149	14	23	264	25	283	5.05e-24	94.0
7_14	2_6	100.000	287	0	0	1	287	1	287	0.0	577
7_14	2_62	35.827	254	122	7	1	234	1	233	4.16e-33	117
7_15	2_7	100.000	81	0	0	1	81	1	81	1.00e-57	166
7_16	2_329	99.438	534	3	0	1	534	1	534	0.0	1054
7_17	2_412	98.805	251	3	0	1	251	1	251	5.69e-179	486
7_18	2_8	100.000	335	0	0	1	335	1	335	0.0	664
7_19	2_330	99.851	673	1	0	1	673	1	673	0.0	1348
7_19	2_314	22.437	517	375	10	6	512	10	510	6.67e-32	126
7_20	2_9	100.000	333	0	0	1	333	1	333	0.0	664
7_20	2_144	34.375	192	115	3	125	314	101	283	3.86e-25	99.8
7_21	2_10	100.000	189	0	0	1	189	1	189	2.94e-140	384
7_22	2_331	99.074	324	3	0	1	324	1	324	0.0	660
7_22	2_332	41.846	325	176	7	7	324	7	325	9.66e-57	182
7_22	2_272	22.941	340	195	13	1	296	321	637	2.88e-09	52.8
7_23	2_11	100.000	152	0	0	1	152	1	152	1.21e-110	306
7_24	2_411	99.838	619	1	0	1	619	1	619	0.0	1248
7_25	2_12	100.000	463	0	0	1	463	1	463	0.0	923
7_26	2_13	100.000	47	0	0	1	47	1	47	3.67e-30	94.7
7_27	2_14	100.000	609	0	0	1	609	1	609	0.0	1218
7_28	2_334	99.872	783	1	0	1	783	1	783	0.0	1562
7_29	2_335	99.717	353	1	0	1	353	1	353	0.0	696
7_29	2_453	27.129	317	167	15	46	345	64	333	3.59e-07	45.8
7_30	2_336	99.392	823	5	0	1	823	1	823	0.0	1649
7_30	2_326	24.291	741	451	18	18	668	34	754	7.34e-49	181
7_30	2_343	22.781	338	192	11	393	679	398	717	6.30e-14	70.1
7_30	2_343	27.174	184	113	4	6	186	3	168	8.47e-09	53.5
7_30	2_380	24.084	191	113	4	32	222	3	161	1.05e-07	49.7
7_31	2_15	100.000	638	0	0	1	638	1	638	0.0	1250
7_32	2_16	100.000	321	0	0	1	321	1	321	0.0	623
7_33	2_410	99.231	520	4	0	1	520	1	520	0.0	1009
7_34	2_337	99.057	212	2	0	1	212	1	212	2.68e-147	403
7_35	2_513	99.250	533	4	0	1	533	1	533	0.0	1031
7_35	2_482	29.367	521	346	9	16	520	19	533	7.50e-49	172
7_35	2_338	29.468	526	315	21	20	520	27	521	1.86e-25	104
7_35	2_350	34.928	209	124	6	319	520	328	531	2.74e-23	97.8
7_35	2_560	35.821	134	84	2	357	489	21	153	1.87e-16	72.4
7_35	2_250	32.075	212	118	6	324	517	1	204	6.11e-14	67.0
7_35	2_340	28.365	208	110	6	324	512	1	188	5.16e-11	59.7
7_35	2_429	30.000	220	113	7	320	513	2	206	1.79e-10	57.8
7_35	2_252	28.342	187	110	5	324	486	1	187	2.47e-10	57.4
7_35	2_280	27.570	214	128	8	324	525	1	199	1.84e-09	54.7
7_35	2_233	28.646	192	103	6	340	513	22	197	2.43e-09	52.4
7_35	2_375	28.042	189	107	7	317	489	462	637	8.25e-09	52.4
7_35	2_339	28.351	194	128	6	324	512	1	188	8.80e-09	52.4
7_35	2_223	36.232	69	44	0	324	392	10	78	2.36e-07	47.4
7_35	2_223	33.645	107	54	3	419	514	193	293	6.96e-06	42.7
7_35	2_274	25.405	185	120	5	339	510	79	258	3.96e-07	46.2
7_35	2_283	34.247	73	48	0	322	394	36	108	5.16e-07	46.6
7_35	2_283	29.008	131	79	6	393	515	448	572	6.94e-05	40.0
7_35	2_253	29.412	85	53	2	308	388	30	111	1.98e-04	38.1
7_35	2_401	50.000	46	23	0	325	370	8	53	6.57e-04	36.6
7_35	2_70	43.182	44	25	0	343	386	26	69	7.32e-04	36.6
7_35	2_294	37.313	67	38	2	449	511	613	679	8.42e-04	36.6
7_36	2_338	99.626	535	2	0	1	535	1	535	0.0	1036
7_36	2_350	31.445	512	325	9	31	526	35	536	2.61e-54	187
7_36	2_482	31.132	212	136	3	321	526	331	538	3.42e-30	119
7_36	2_513	31.606	386	214	17	153	514	154	513	3.23e-24	100
7_36	2_560	33.140	172	111	2	343	511	5	175	5.54e-16	71.2
7_36	2_250	32.353	204	117	11	327	514	2	200	6.92e-13	63.5
7_36	2_339	30.882	204	134	4	327	527	2	201	2.95e-11	60.5
7_36	2_375	32.184	174	95	8	352	510	494	659	1.05e-10	58.5
7_36	2_280	29.167	216	128	8	327	530	2	204	8.17e-09	52.8
7_36	2_340	29.167	216	137	9	327	534	2	209	4.03e-08	50.4
7_36	2_274	29.570	186	108	8	341	510	79	257	1.76e-07	47.4
7_36	2_252	35.185	54	35	0	335	388	10	63	9.24e-06	42.7
7_36	2_233	25.414	181	122	5	342	514	22	197	1.72e-05	40.8
7_36	2_223	32.787	61	41	0	327	387	11	71	4.77e-05	40.0
7_36	2_283	25.301	83	59	1	324	406	36	115	2.98e-04	37.7
7_36	2_70	25.532	188	118	5	346	517	27	208	5.87e-04	36.6
7_37	2_477	99.095	1216	9	1	1	1214	1	1216	0.0	2405
7_37	2_420	28.680	394	227	7	1	386	4	351	3.45e-43	166
7_37	2_420	26.667	285	168	8	721	1002	521	767	9.01e-16	77.0
7_37	2_490	32.867	286	182	5	3	285	11	289	1.78e-34	137
7_37	2_490	30.928	291	137	10	738	1016	545	783	3.75e-23	100
7_37	2_490	32.231	121	72	5	477	594	361	474	1.84e-05	43.1
7_37	2_525	24.096	249	165	5	6	249	25	254	6.55e-14	70.9
7_37	2_519	26.556	241	150	8	1	234	1	221	4.31e-11	62.0
7_37	2_312	22.134	253	167	8	14	265	31	254	5.55e-05	41.6
7_38	2_476	98.299	1176	16	2	1	1173	1	1175	0.0	2311
7_38	2_518	32.576	264	156	5	7	261	5	255	3.16e-29	120
7_38	2_518	24.939	409	208	18	584	972	445	774	4.25e-10	58.5
7_38	2_491	31.855	248	152	8	10	252	13	248	1.65e-23	101
7_38	2_552	30.526	95	59	2	70	161	6	96	6.75e-06	44.7
7_38	2_402	22.680	388	252	14	7	383	2	352	1.88e-05	43.1
7_38	2_419	39.474	38	23	0	281	318	260	297	4.31e-04	38.9
7_39	2_17	100.000	344	0	0	1	344	1	344	0.0	704
7_39	2_107	27.451	204	135	5	121	314	3	203	2.27e-15	69.7
7_40	2_18	100.000	50	0	0	1	50	1	50	3.88e-32	99.8
7_40	2_162	35.556	45	26	1	6	50	5	46	1.50e-04	30.0
7_41	2_474	99.634	273	1	0	1	273	1	273	0.0	562
7_42	2_339	99.741	772	2	0	1	772	1	772	0.0	1503
7_42	2_340	48.630	438	197	9	1	416	1	432	1.64e-108	340
7_42	2_340	45.736	129	70	0	644	772	518	646	8.53e-23	98.2
7_42	2_280	30.750	813	475	21	1	772	1	766	1.06e-86	285
7_42	2_274	29.442	197	127	5	16	202	79	273	5.23e-19	83.2
7_42	2_70	32.673	202	122	5	6	195	12	211	1.43e-15	74.7
7_42	2_429	25.592	211	143	5	1	198	6	215	1.35e-13	68.2
7_42	2_429	26.531	196	126	5	11	188	277	472	1.56e-10	58.5
7_42	2_494	24.519	208	130	5	17	198	23	229	4.42e-13	65.5
7_42	2_482	26.415	212	137	7	1	201	336	539	8.00e-12	62.8
7_42	2_277	27.451	204	119	8	18	198	28	225	8.32e-12	60.8
7_42	2_350	31.373	204	111	9	13	200	346	536	3.37e-11	60.8
7_42	2_338	30.882	204	134	4	2	201	327	527	3.46e-11	60.8
7_42	2_252	22.993	274	175	5	1	240	1	272	9.14e-11	59.3
7_42	2_252	24.645	211	138	8	1	201	319	518	8.56e-06	43.5
7_42	2_283	31.897	116	70	2	102	208	474	589	1.76e-09	55.5
7_42	2_283	32.673	101	60	2	2	97	39	136	2.90e-07	48.1
7_42	2_401	30.986	142	89	5	59	197	128	263	1.79e-09	54.7
7_42	2_401	52.778	36	17	0	21	56	27	62	5.22e-05	40.4
7_42	2_513	28.866	194	127	6	1	188	324	512	1.01e-08	52.8
7_42	2_223	32.394	142	92	3	107	245	211	351	1.82e-08	51.6
7_42	2_223	32.955	88	57	1	7	92	16	103	1.84e-08	51.6
7_42	2_250	23.618	199	141	6	13	202	16	212	9.00e-08	48.9
7_42	2_253	25.191	131	91	3	72	197	223	351	1.59e-07	48.9
7_42	2_375	24.479	192	131	5	23	204	490	677	2.67e-07	48.5
7_42	2_218	39.130	92	47	4	115	200	820	908	6.08e-07	47.4
7_42	2_218	28.571	147	88	6	64	193	416	562	1.36e-04	39.7
7_42	2_294	27.957	93	65	1	108	198	598	690	8.48e-07	47.0
7_42	2_233	27.174	184	109	7	19	188	24	196	2.35e-06	44.3
7_42	2_195	25.592	211	123	8	16	197	142	347	6.42e-06	43.5
7_42	2_560	27.684	177	117	5	16	185	3	175	1.70e-05	40.8
7_42	2_431	30.682	88	57	2	114	197	145	232	2.26e-04	38.5
7_43	2_340	99.846	650	1	0	1	650	1	650	0.0	1260
7_43	2_339	48.630	438	197	9	1	432	1	416	1.01e-108	340
7_43	2_339	39.344	183	105	1	470	646	590	772	7.59e-31	123
7_43	2_280	40.044	452	245	10	1	438	1	440	4.62e-90	291
7_43	2_280	29.348	184	126	2	467	646	583	766	2.54e-16	77.0
7_43	2_274	30.732	205	122	6	16	206	79	277	2.04e-20	87.0
7_43	2_350	32.558	215	117	9	2	200	334	536	3.96e-15	72.8
7_43	2_482	29.717	212	130	8	1	201	336	539	4.02e-15	72.8
7_43	2_494	27.700	213	129	6	18	205	24	236	1.18e-13	66.6
7_43	2_250	31.081	222	129	11	1	205	1	215	1.99e-13	65.5
7_43	2_429	28.194	227	133	7	16	215	282	505	3.24e-13	66.6
7_43	2_429	25.688	218	140	7	15	212	20	235	3.27e-13	66.6
7_43	2_70	29.524	210	134	5	10	205	12	221	1.58e-12	64.7
7_43	2_70	28.326	233	135	9	2	208	261	487	7.59e-09	52.8
7_43	2_252	25.641	234	141	6	1	205	1	230	1.73e-12	64.7
7_43	2_252	28.571	210	133	8	1	202	319	519	1.91e-09	54.7
7_43	2_513	28.365	208	110	6	1	188	324	512	7.96e-11	59.3
7_43	2_233	28.814	236	143	8	4	222	8	235	8.99e-11	57.0
7_43	2_375	31.285	179	100	8	32	195	499	669	6.53e-10	56.6
7_43	2_283	32.967	91	59	1	119	207	498	588	1.01e-09	55.8
7_43	2_283	33.333	99	58	3	2	95	39	134	5.86e-07	47.0
7_43	2_401	29.333	150	99	3	60	207	129	273	1.53e-09	54.7
7_43	2_401	43.636	55	31	0	2	56	8	62	1.28e-05	42.4
7_43	2_277	26.141	241	139	10	14	224	24	255	5.50e-09	52.0
7_43	2_294	34.940	83	52	1	127	207	617	699	6.11e-09	53.5
7_43	2_195	25.688	218	138	7	16	209	142	359	1.23e-08	52.0
7_43	2_223	31.915	94	62	1	1	92	10	103	1.64e-08	51.6
7_43	2_223	39.535	86	46	3	126	207	229	312	3.26e-08	50.8
7_43	2_338	29.167	216	137	9	2	209	327	534	5.34e-08	50.1
7_43	2_253	32.692	104	64	3	115	215	267	367	6.19e-08	49.7
7_43	2_560	29.677	155	98	4	16	163	3	153	4.33e-06	42.4
7_43	2_431	32.941	85	55	1	127	209	160	244	2.55e-05	41.2
7_43	2_218	36.905	84	44	4	121	198	826	906	1.26e-04	39.7
7_44	2_341	96.273	805	27	1	1	805	1	802	0.0	1549
7_44	2_462	45.215	836	399	15	1	805	1	808	0.0	632
7_44	2_467	46.396	763	382	12	45	782	27	787	0.0	612
7_44	2_495	35.012	834	418	30	1	768	1	776	1.98e-107	343
7_44	2_409	70.732	41	12	0	45	85	22	62	4.95e-15	65.5
7_45	2_467	98.383	804	12	1	1	804	1	803	0.0	1574
7_45	2_462	76.507	813	180	6	1	805	1	810	0.0	1227
7_45	2_341	46.552	754	366	13	27	773	45	768	0.0	610
7_45	2_495	33.698	822	454	27	1	775	1	778	1.18e-104	335
7_45	2_409	80.328	61	12	0	8	68	3	63	1.38e-28	103
7_46	2_377	97.938	194	4	0	1	194	1	194	3.25e-139	381
7_47	2_378	98.721	469	6	0	1	469	1	469	0.0	926
7_48	2_19	100.000	146	0	0	1	146	1	146	2.36e-105	292
7_49	2_20	100.000	295	0	0	1	295	1	295	0.0	590
7_50	2_21	100.000	337	0	0	1	337	1	337	0.0	685
7_51	2_379	99.219	256	2	0	1	256	1	256	0.0	507
7_52	2_380	99.027	514	5	0	1	514	1	514	0.0	1032
7_52	2_326	25.828	151	101	3	2	141	50	200	2.16e-09	54.3
7_52	2_326	34.426	61	35	2	294	349	574	634	2.66e-05	41.2
7_52	2_343	34.444	90	58	1	3	91	29	118	2.92e-08	50.8
7_52	2_343	33.000	100	59	3	264	355	513	612	1.00e-07	48.9
7_52	2_336	23.560	191	114	4	3	161	32	222	3.29e-07	47.4
7_52	2_336	21.053	304	175	13	128	396	321	594	6.60e-04	36.6
7_53	2_381	99.654	289	1	0	1	289	1	289	0.0	554
7_54	2_22	100.000	225	0	0	1	225	1	225	3.17e-168	457
7_55	2_23	100.000	173	0	0	1	173	1	173	8.53e-127	348
7_56	2_382	99.823	564	1	0	1	564	1	564	0.0	1103
7_56	2_439	31.670	461	251	12	95	533	214	632	1.23e-52	185
7_56	2_517	31.614	446	261	9	99	533	96	508	1.30e-51	179
7_56	2_544	30.260	423	247	9	118	533	247	628	5.50e-47	169
7_56	2_561	31.989	372	210	8	178	533	14	358	9.84e-46	159
7_56	2_284	30.496	423	234	11	131	540	144	519	7.21e-44	159
7_57	2_245	99.550	222	1	0	1	222	1	222	1.60e-162	442
7_58	2_516	99.664	298	1	0	1	298	1	298	0.0	602
7_59	2_383	99.167	240	2	0	1	240	1	240	0.0	500
7_60	2_384	99.661	295	1	0	1	295	1	295	0.0	592
7_60	2_174	26.897	290	174	9	21	293	10	278	1.26e-20	84.7
7_60	2_207	26.502	283	175	9	19	293	3	260	5.40e-16	70.9
7_60	2_450	27.547	265	162	10	21	275	5	249	5.53e-14	65.5
7_60	2_34	25.368	272	165	12	15	274	1	246	2.47e-04	36.2
7_61	2_385	99.412	170	1	0	1	170	1	170	2.76e-122	337
7_62	2_463	99.755	408	1	0	1	408	1	408	0.0	823
7_63	2_464	99.731	372	1	0	1	372	1	372	0.0	762
7_64	2_24	100.000	290	0	0	1	290	1	290	0.0	564
7_65	2_387	99.468	188	1	0	1	188	1	188	3.37e-138	378
7_66	2_388	99.884	865	1	0	1	865	1	865	0.0	1715
7_67	2_389	99.533	428	2	0	1	428	1	428	0.0	850
7_68	2_246	99.824	567	1	0	1	567	1	567	0.0	1142
7_68	2_260	28.049	246	157	9	14	247	18	255	1.56e-12	63.9
7_68	2_260	46.154	39	21	0	503	541	409	447	1.49e-05	42.0
7_68	2_566	27.338	139	98	2	110	245	146	284	3.03e-10	57.0
7_68	2_566	46.809	47	22	1	489	535	440	483	4.17e-08	50.1
7_69	2_390	99.671	1216	4	0	1	1216	1	1216	0.0	2391
7_70	2_247	99.886	880	1	0	1	880	1	880	0.0	1779
7_71	2_25	100.000	259	0	0	1	259	1	259	0.0	526
7_72	2_466	99.557	451	2	0	1	451	1	451	0.0	915
7_73	2_26	100.000	413	0	0	1	413	1	413	0.0	841
7_74	2_27	100.000	177	0	0	1	177	1	177	2.12e-130	358
7_75	2_248	99.624	266	1	0	1	266	1	266	0.0	523
7_75	2_92	37.143	105	61	3	22	121	37	141	1.24e-13	63.9
7_76	2_249	99.699	332	1	0	1	332	1	332	0.0	661
7_77	2_28	100.000	111	0	0	1	111	1	111	2.67e-77	218
7_78	2_556	98.202	723	10	1	3	725	1	720	0.0	1401
7_78	2_82	42.857	56	28	1	15	66	8	63	2.94e-07	47.4
7_79	2_393	98.370	184	3	0	1	184	1	184	3.05e-133	365
7_80	2_29	100.000	211	0	0	1	211	1	211	2.53e-155	424
7_81	2_556	32.381	105	65	3	37	139	74	174	5.93e-06	42.0
7_82	2_30	100.000	239	0	0	1	239	1	239	6.86e-175	475
7_83	2_250	99.632	272	1	0	1	272	1	272	0.0	541
7_83	2_494	34.188	234	133	6	19	232	22	254	2.68e-34	120
7_83	2_482	35.204	196	109	5	16	205	348	531	3.59e-19	81.6
7_83	2_195	26.800	250	159	8	3	229	122	370	1.23e-18	79.7
7_83	2_431	31.330	233	127	7	19	227	29	252	1.57e-18	79.0
7_83	2_274	28.636	220	132	4	19	225	79	286	2.11e-18	78.2
7_83	2_233	27.805	205	136	6	20	220	22	218	2.12e-15	68.6
7_83	2_294	36.275	102	64	1	127	227	608	709	4.08e-15	69.7
7_83	2_294	33.333	75	43	3	23	91	27	100	2.58e-04	36.6
7_83	2_350	30.189	212	132	8	2	208	334	534	1.43e-14	67.8
7_83	2_513	32.057	209	122	8	1	204	324	517	6.13e-14	65.9
7_83	2_340	31.081	222	129	11	1	215	1	205	6.37e-14	65.9
7_83	2_283	31.776	107	72	1	116	221	486	592	2.95e-13	63.9
7_83	2_283	31.915	94	55	3	16	106	50	137	3.80e-06	42.4
7_83	2_338	32.353	204	117	11	2	200	327	514	3.39e-13	63.5
7_83	2_223	34.545	110	71	1	118	226	212	321	6.28e-13	62.8
7_83	2_223	26.050	119	79	3	16	128	22	137	1.11e-05	40.8
7_83	2_252	27.778	198	108	5	16	185	13	203	1.02e-12	62.4
7_83	2_253	32.500	120	77	3	104	219	244	363	1.24e-12	62.0
7_83	2_70	32.143	196	124	6	28	217	31	223	4.09e-12	60.5
7_83	2_429	26.818	220	126	10	19	218	21	225	1.38e-11	58.9
7_83	2_429	25.541	231	157	8	1	218	264	492	2.74e-06	42.7
7_83	2_401	23.875	289	162	9	2	236	8	292	2.45e-10	54.7
7_83	2_339	23.618	199	141	6	16	212	13	202	1.83e-08	49.7
7_83	2_280	26.818	220	127	9	1	208	1	198	5.73e-08	48.1
7_83	2_218	29.801	151	85	7	90	224	783	928	8.89e-08	47.4
7_83	2_277	26.316	209	140	6	1	198	9	214	8.96e-08	46.6
7_83	2_375	24.519	208	132	7	2	199	470	662	1.18e-07	47.0
7_83	2_560	32.867	143	73	7	37	169	21	150	1.41e-06	42.4
7_84	2_494	99.667	300	1	0	1	300	1	300	0.0	600
7_84	2_250	34.188	234	133	6	22	254	19	232	3.40e-35	123
7_84	2_223	35.897	156	87	5	130	276	204	355	2.41e-19	82.4
7_84	2_223	25.962	104	55	3	21	123	24	106	4.89e-05	38.9
7_84	2_233	27.854	219	136	3	22	240	21	217	1.20e-18	78.2
7_84	2_280	28.638	213	121	8	23	232	17	201	3.41e-17	76.6
7_84	2_294	39.091	110	66	1	140	248	600	709	1.00e-16	75.1
7_84	2_294	38.462	39	23	1	10	48	12	49	0.001	35.0
7_84	2_195	26.778	239	140	7	27	248	147	367	3.33e-16	73.2
7_84	2_253	36.641	131	75	3	136	260	258	386	5.93e-16	72.4
7_84	2_340	28.169	213	128	6	24	236	18	205	1.58e-15	71.2
7_84	2_70	29.464	224	131	5	22	239	22	224	2.80e-15	70.5
7_84	2_70	21.127	213	161	4	26	236	277	484	1.19e-05	40.8
7_84	2_339	25.714	210	125	6	23	229	17	198	1.01e-14	68.9
7_84	2_429	25.000	236	140	7	14	237	13	223	2.05e-14	67.8
7_84	2_429	28.054	221	130	8	27	236	287	489	9.65e-14	65.9
7_84	2_274	29.327	208	109	8	21	217	78	258	4.27e-13	63.2
7_84	2_283	25.806	155	88	3	152	279	501	655	9.50e-13	63.2
7_84	2_283	30.952	84	39	3	22	105	53	117	4.64e-06	42.4
7_84	2_401	25.723	311	162	12	27	298	27	307	1.21e-12	62.4
7_84	2_431	25.726	241	156	7	20	250	27	254	7.63e-11	56.6
7_84	2_277	31.646	79	53	1	158	235	153	231	2.46e-10	54.7
7_84	2_252	25.714	210	124	7	26	219	20	213	6.65e-08	48.1
7_84	2_218	32.051	78	50	1	145	219	820	897	4.09e-07	45.8
7_84	2_218	28.090	89	62	1	136	222	470	558	1.24e-06	44.3
7_84	2_350	22.527	182	118	4	37	218	364	522	1.68e-05	40.4
7_84	2_513	24.390	205	117	6	22	219	339	512	3.79e-05	39.3
7_85	2_251	99.688	320	1	0	1	320	1	320	0.0	626
7_86	2_394	99.855	690	1	0	1	690	1	690	0.0	1372
7_87	2_31	100.000	317	0	0	1	317	1	317	0.0	642
7_88	2_493	99.311	871	6	0	1	871	1	871	0.0	1702
7_89	2_492	98.621	145	2	0	1	145	1	145	8.87e-102	283
7_90	2_491	99.548	664	3	0	1	664	1	664	0.0	1304
7_90	2_518	28.964	1091	661	29	17	1018	13	1078	1.35e-111	366
7_90	2_476	32.258	248	151	8	13	248	10	252	5.71e-24	103
7_90	2_476	27.907	215	126	10	537	733	766	969	2.39e-04	39.3
7_90	2_552	29.897	97	62	3	69	159	6	102	4.83e-06	45.1
7_91	2_490	99.509	1018	5	0	1	1018	1	1018	0.0	1971
7_91	2_420	26.764	1091	677	33	6	1015	1	1050	1.11e-80	279
7_91	2_477	33.217	286	181	5	11	289	3	285	4.54e-35	139
7_91	2_477	30.928	291	137	10	545	783	740	1018	2.27e-23	101
7_91	2_477	32.231	121	72	5	361	474	477	594	1.86e-05	43.1
7_91	2_525	27.500	240	152	8	18	255	34	253	6.98e-11	60.8
7_91	2_519	22.636	751	436	32	11	657	2	711	1.57e-09	56.6
7_91	2_312	25.112	446	278	14	14	436	18	430	9.45e-08	50.4
7_92	2_32	100.000	226	0	0	1	226	1	226	3.37e-171	465
7_93	2_282	99.722	719	2	0	1	719	1	719	0.0	1427
7_94	2_489	98.462	65	1	0	1	65	1	65	3.28e-44	131
7_95	2_33	100.000	280	0	0	1	280	1	280	0.0	562
7_96	2_34	100.000	269	0	0	1	269	1	269	0.0	537
7_96	2_484	26.937	271	163	13	4	258	3	254	4.28e-07	45.1
7_96	2_450	24.074	270	159	9	1	246	1	248	3.08e-06	42.0
7_96	2_207	32.203	59	40	0	188	246	183	241	1.12e-04	37.4
7_96	2_384	25.368	272	165	12	1	246	15	274	2.06e-04	36.6
7_96	2_174	32.877	73	43	1	180	246	186	258	2.68e-04	36.2
7_97	2_403	99.631	271	1	0	1	271	1	271	0.0	534
7_98	2_235	98.739	238	3	0	1	238	1	238	5.19e-171	465
7_99	2_218	99.894	947	1	0	1	947	1	947	0.0	1930
7_99	2_250	29.801	151	85	7	783	928	90	224	3.67e-07	47.4
7_99	2_339	39.130	92	47	4	820	908	115	200	6.62e-07	47.4
7_99	2_339	28.571	147	88	6	416	562	64	193	1.61e-04	39.7
7_99	2_494	32.051	78	50	1	820	897	145	219	1.31e-06	45.8
7_99	2_494	30.000	80	54	1	479	558	145	222	6.07e-06	43.5
7_99	2_280	36.585	82	43	4	834	912	129	204	1.75e-05	42.7
7_99	2_340	36.905	84	44	4	826	906	121	198	1.72e-04	39.7
7_99	2_253	25.168	298	194	12	628	907	63	349	1.76e-04	39.3
7_99	2_253	26.984	189	115	7	450	619	240	424	8.72e-04	37.0
7_99	2_294	33.333	102	63	3	476	574	602	701	2.04e-04	39.3
7_99	2_223	38.667	75	43	2	485	558	224	296	2.28e-04	38.9
7_99	2_195	29.897	97	57	4	834	928	277	364	4.08e-04	38.1
7_99	2_431	29.825	114	68	5	833	943	161	265	4.93e-04	37.7
7_99	2_429	25.263	190	119	8	481	655	129	310	6.54e-04	37.7
7_100	2_314	99.878	821	1	0	1	821	1	821	0.0	1661
7_100	2_330	22.437	517	375	10	10	510	6	512	1.76e-31	125
7_101	2_35	100.000	114	0	0	1	114	1	114	6.53e-84	235
7_102	2_313	82.495	497	44	5	4	479	7	481	0.0	735
7_103	2_36	100.000	169	0	0	1	169	1	169	2.24e-121	334
7_104	2_37	100.000	163	0	0	1	163	1	163	1.70e-119	329
7_105	2_38	100.000	326	0	0	1	326	1	326	0.0	653
7_106	2_312	99.263	1086	8	0	1	1086	1	1086	0.0	2123
7_106	2_420	24.222	450	279	15	23	431	12	440	1.20e-08	53.5
7_106	2_490	24.947	469	294	15	18	451	14	459	1.25e-07	50.1
7_106	2_477	22.624	221	146	6	31	226	14	234	6.14e-05	41.6
7_106	2_525	26.667	255	162	9	25	260	29	277	1.21e-04	40.4
7_106	2_519	22.944	462	296	16	16	430	5	453	1.76e-04	40.0
7_107	2_419	99.171	965	8	0	1	965	1	965	0.0	1894
7_107	2_476	23.247	271	155	11	65	297	63	318	3.01e-08	52.0
7_107	2_518	26.286	175	110	5	24	191	12	174	1.68e-04	39.7
7_108	2_220	99.587	242	1	0	1	242	1	242	7.31e-178	483
7_109	2_310	98.864	88	1	0	1	88	1	88	3.09e-59	171
7_110	2_518	97.407	1080	16	2	1	1068	1	1080	0.0	2107
7_110	2_491	28.914	709	449	15	1	699	1	664	3.94e-71	245
7_110	2_476	29.504	383	218	11	5	344	7	380	4.62e-30	123
7_110	2_476	27.523	218	127	10	579	777	769	974	4.38e-06	45.1
7_110	2_552	32.407	108	67	2	60	161	1	108	7.74e-09	54.3
7_110	2_402	27.523	218	124	7	17	201	9	225	3.18e-08	52.0
7_111	2_420	96.632	1069	17	3	1	1060	1	1059	0.0	2040
7_111	2_490	26.335	1086	689	32	1	1051	6	1015	1.49e-79	276
7_111	2_477	31.677	322	209	5	4	322	1	314	3.26e-42	162
7_111	2_477	25.926	297	177	9	521	777	723	1016	9.16e-15	73.6
7_111	2_477	35.088	114	70	4	357	468	472	583	4.24e-10	58.2
7_111	2_519	24.000	525	298	17	6	471	4	486	1.14e-13	70.1
7_111	2_525	24.682	393	234	13	26	394	40	394	1.02e-12	66.6
7_111	2_312	23.414	457	274	16	12	440	23	431	1.83e-07	49.7
7_112	2_39	100.000	639	0	0	1	639	1	639	0.0	1304
7_112	2_416	44.288	639	333	9	5	635	3	626	2.08e-170	496
7_113	2_222	99.379	322	2	0	1	322	1	322	0.0	650
7_114	2_510	98.789	413	5	0	1	413	1	413	0.0	788
7_115	2_309	99.618	524	2	0	1	524	1	524	0.0	1017
7_115	2_486	24.301	465	302	18	9	462	4	429	8.78e-14	68.2
7_116	2_40	100.000	171	0	0	1	171	1	171	3.95e-123	339
7_117	2_308	99.465	374	2	0	1	374	1	374	0.0	770
7_118	2_307	99.701	334	1	0	1	334	1	334	0.0	679
7_119	2_421	99.491	1376	7	0	1	1376	1	1376	0.0	2688
7_119	2_301	67.888	1392	424	6	1	1376	1	1385	0.0	1833
7_120	2_422	84.817	382	48	2	7	382	3	380	0.0	579
7_122	2_534	99.438	178	1	0	104	281	1	178	3.76e-130	362
7_122	2_535	98.485	66	1	0	1	66	1	66	6.24e-40	128
7_123	2_41	100.000	494	0	0	1	494	1	494	0.0	963
7_124	2_42	100.000	231	0	0	1	231	1	231	6.82e-170	462
7_125	2_537	99.164	359	3	0	1	359	1	359	0.0	714
7_126	2_223	99.550	444	2	0	1	444	1	444	0.0	885
7_126	2_401	30.725	345	183	9	8	341	5	304	5.59e-38	137
7_126	2_283	37.766	188	114	2	205	390	481	667	4.60e-35	132
7_126	2_283	47.423	97	51	0	11	107	39	135	7.46e-23	95.9
7_126	2_253	27.041	392	247	11	10	379	43	417	1.18e-23	97.4
7_126	2_294	32.847	137	91	1	199	334	585	721	2.02e-20	88.6
7_126	2_294	40.541	37	22	0	20	56	18	54	6.14e-04	36.6
7_126	2_494	35.616	146	81	5	214	355	140	276	3.29e-17	76.6
7_126	2_494	25.962	104	55	3	24	106	21	123	7.63e-05	38.9
7_126	2_195	32.520	123	71	3	190	312	247	357	5.71e-15	71.2
7_126	2_250	34.545	110	71	1	212	321	118	226	4.22e-13	63.9
7_126	2_250	26.050	119	79	3	22	137	16	128	1.82e-05	40.8
7_126	2_274	36.170	94	54	2	24	111	78	171	9.15e-12	60.5
7_126	2_274	36.585	82	51	1	230	311	197	277	5.06e-10	55.1
7_126	2_429	30.147	136	88	4	202	333	112	244	5.98e-11	58.5
7_126	2_429	28.431	102	68	3	10	106	6	107	2.88e-08	50.1
7_126	2_429	25.287	87	64	1	224	310	404	489	3.39e-05	40.4
7_126	2_233	31.313	99	67	1	232	330	136	233	3.94e-10	54.7
7_126	2_280	32.990	97	63	1	10	106	1	95	6.76e-10	55.5
7_126	2_431	28.030	132	92	1	204	332	131	262	1.00e-09	54.3
7_126	2_277	31.313	99	68	0	211	309	133	231	4.90e-09	51.6
7_126	2_339	32.955	88	57	1	16	103	7	92	1.04e-08	52.0
7_126	2_339	32.394	142	92	3	211	351	107	245	1.17e-08	51.6
7_126	2_340	31.915	94	62	1	10	103	1	92	1.14e-08	51.6
7_126	2_340	37.374	99	56	3	229	325	126	220	2.10e-08	50.8
7_126	2_513	36.232	69	44	0	10	78	324	392	1.62e-07	47.8
7_126	2_513	32.710	107	55	3	193	293	419	514	7.08e-06	42.7
7_126	2_70	27.723	101	70	2	232	331	407	505	2.65e-07	47.0
7_126	2_70	28.333	60	43	0	11	70	8	67	3.84e-04	37.0
7_126	2_482	30.769	78	53	1	1	77	327	404	5.88e-06	42.7
7_126	2_482	35.294	68	41	1	229	296	464	528	5.10e-05	39.7
7_126	2_252	31.765	85	54	1	226	310	150	230	1.54e-05	41.6
7_126	2_252	27.586	58	42	0	10	67	1	58	2.16e-05	41.2
7_126	2_338	32.787	61	41	0	11	71	327	387	3.39e-05	40.4
7_126	2_560	36.471	85	48	3	185	263	66	150	1.14e-04	37.7
7_126	2_218	38.667	75	43	2	224	296	485	558	1.16e-04	38.9
7_127	2_423	99.301	286	2	0	1	286	1	286	0.0	553
7_127	2_306	25.749	167	114	4	75	237	73	233	3.92e-05	38.9
7_128	2_306	98.905	274	3	0	1	274	1	274	0.0	536
7_128	2_423	23.952	167	117	4	73	233	75	237	1.96e-04	36.6
7_129	2_43	100.000	571	0	0	1	571	1	571	0.0	1149
7_130	2_305	99.640	278	1	0	1	278	1	278	0.0	539
7_130	2_261	27.350	117	73	3	110	226	48	152	1.61e-06	42.7
7_130	2_261	34.127	126	50	5	139	262	24	118	2.49e-06	42.4
7_130	2_261	33.333	93	52	3	121	213	35	117	3.18e-05	38.9
7_131	2_304	99.429	175	1	0	1	175	1	175	3.26e-125	344
7_132	2_44	100.000	236	0	0	1	236	1	236	8.91e-176	477
7_133	2_45	100.000	186	0	0	1	186	1	186	1.39e-132	364
7_134	2_424	99.351	308	2	0	1	308	1	308	0.0	578
7_135	2_303	99.767	429	1	0	1	429	1	429	0.0	862
7_136	2_46	100.000	144	0	0	1	144	1	144	5.84e-108	298
7_137	2_225	99.766	856	2	0	1	856	1	856	0.0	1718
7_137	2_325	35.502	707	432	11	50	746	6	698	9.97e-131	407
7_137	2_325	25.000	132	88	5	727	854	582	706	3.80e-04	38.5
7_138	2_226	99.548	221	1	0	1	221	1	221	6.97e-161	438
7_139	2_47	100.000	204	0	0	1	204	1	204	2.19e-151	413
7_140	2_427	99.569	232	1	0	1	232	1	232	2.56e-163	446
7_141	2_48	100.000	872	0	0	1	872	1	872	0.0	1763
7_142	2_49	100.000	402	0	0	1	402	1	402	0.0	818
7_142	2_149	27.083	288	181	10	20	301	8	272	3.00e-16	75.1
7_142	2_255	32.099	162	90	3	21	182	116	257	1.83e-13	66.2
7_142	2_151	34.091	132	84	3	16	145	8	138	2.99e-13	65.9
7_143	2_302	99.496	1985	7	1	1	1985	1	1982	0.0	3855
7_143	2_551	30.460	870	556	19	45	884	8	858	3.54e-94	323
7_143	2_514	35.516	397	209	11	60	425	37	417	1.51e-54	196
7_144	2_301	99.495	1386	7	0	1	1386	1	1386	0.0	2729
7_144	2_421	67.960	1392	423	6	1	1385	1	1376	0.0	1813
7_145	2_508	99.275	138	1	0	319	456	1	138	3.17e-92	270
7_145	2_227	100.000	108	0	0	1	108	1	108	1.15e-73	223
7_146	2_228	99.663	297	1	0	1	297	1	297	0.0	598
7_147	2_299	99.024	205	2	0	1	205	1	205	7.01e-143	392
7_148	2_229	99.519	416	2	0	1	416	1	416	0.0	795
7_149	2_50	100.000	419	0	0	1	419	1	419	0.0	848
7_150	2_51	100.000	316	0	0	1	316	1	316	0.0	632
7_151	2_52	100.000	402	0	0	1	402	1	402	0.0	806
7_152	2_298	99.673	611	2	0	1	611	1	611	0.0	1222
7_152	2_547	30.625	160	108	3	402	558	11	170	3.34e-19	80.1
7_152	2_539	31.343	134	90	1	167	300	4	135	1.54e-16	71.6
7_152	2_219	25.145	346	192	13	155	482	2	298	5.72e-09	52.4
7_152	2_555	28.571	98	62	2	291	385	21	113	2.51e-08	47.4
7_152	2_212	27.778	72	51	1	539	609	13	84	1.06e-05	38.9
7_153	2_53	100.000	306	0	0	1	306	1	306	0.0	610
7_154	2_297	99.681	939	3	0	1	939	1	939	0.0	1898
7_155	2_296	99.715	351	1	0	1	351	1	351	0.0	684
7_155	2_125	27.358	318	207	7	6	316	61	361	1.57e-22	92.0
7_156	2_295	99.740	385	1	0	1	385	1	385	0.0	767
7_156	2_126	32.877	219	139	5	160	377	106	317	2.05e-21	88.6
7_156	2_125	24.000	225	145	7	175	384	151	364	4.86e-04	36.2
7_157	2_431	99.427	349	2	0	1	349	1	349	0.0	712
7_157	2_195	40.240	333	193	3	5	332	116	447	4.29e-79	244
7_157	2_294	37.267	161	81	3	118	266	571	723	7.57e-31	118
7_157	2_253	37.500	136	83	1	131	266	252	385	9.99e-28	107
7_157	2_253	29.630	135	70	5	7	125	32	157	3.58e-09	52.4
7_157	2_250	31.330	233	127	7	29	252	19	227	3.43e-23	92.0
7_157	2_274	28.972	214	133	6	14	221	58	258	9.86e-19	80.1
7_157	2_233	24.783	230	150	7	30	257	22	230	1.01e-13	64.7
7_157	2_223	28.125	128	89	1	131	258	204	328	1.51e-13	65.9
7_157	2_494	33.043	115	74	2	140	254	139	250	2.38e-13	64.3
7_157	2_283	29.358	109	76	1	159	267	505	612	1.04e-12	63.5
7_157	2_283	25.899	139	83	6	4	139	30	151	2.52e-04	37.4
7_157	2_401	27.778	126	87	2	142	267	176	297	1.10e-12	62.8
7_157	2_277	38.462	78	48	0	162	239	154	231	2.27e-12	60.8
7_157	2_482	29.612	206	115	11	29	228	351	532	1.17e-08	50.8
7_157	2_429	26.267	217	134	9	40	248	32	230	4.15e-08	48.9
7_157	2_429	33.333	81	53	1	160	240	410	489	6.23e-07	45.4
7_157	2_340	32.941	85	55	1	160	244	127	209	1.73e-07	47.4
7_157	2_280	24.880	209	125	7	29	232	16	197	1.96e-07	47.0
7_157	2_218	30.702	114	67	5	161	265	833	943	3.90e-07	46.2
7_157	2_339	30.682	88	57	2	145	232	114	197	9.51e-07	45.1
7_157	2_513	26.341	205	122	8	29	228	339	519	2.21e-06	43.5
7_157	2_70	25.000	236	148	10	28	249	273	493	4.91e-06	42.4
7_157	2_252	27.143	70	47	2	163	232	449	514	3.41e-04	36.6
7_157	2_338	26.857	175	106	8	49	223	361	513	3.56e-04	36.6
7_158	2_294	97.938	776	15	1	1	775	1	776	0.0	1495
7_158	2_253	37.751	249	137	4	530	775	204	437	2.69e-43	157
7_158	2_253	39.175	97	55	2	22	115	61	156	1.78e-12	64.7
7_158	2_195	44.737	114	63	0	614	727	273	386	6.00e-30	119
7_158	2_195	31.250	96	61	2	33	123	152	247	6.78e-07	47.0
7_158	2_431	37.037	162	82	3	570	723	118	267	1.08e-25	103
7_158	2_223	32.117	137	92	1	584	720	199	334	4.78e-20	88.2
7_158	2_283	26.761	142	97	3	584	725	480	614	2.44e-17	80.9
7_158	2_283	28.049	164	100	5	12	158	42	204	2.42e-07	48.5
7_158	2_494	39.091	110	66	1	599	708	140	248	2.63e-16	75.1
7_158	2_401	37.363	91	57	0	619	709	194	284	2.92e-15	72.8
7_158	2_250	36.275	102	64	1	607	708	127	227	6.79e-15	70.5
7_158	2_250	33.333	75	43	3	27	100	23	91	7.87e-04	36.6
7_158	2_277	30.508	118	73	2	597	706	134	250	1.54e-13	65.9
7_158	2_274	31.000	100	68	1	607	706	188	286	3.74e-13	65.5
7_158	2_233	30.108	93	64	1	615	707	133	224	2.11e-11	59.3
7_158	2_233	40.426	47	28	0	23	69	21	67	7.79e-07	45.4
7_158	2_340	34.940	83	52	1	616	698	127	207	6.40e-09	53.5
7_158	2_429	30.097	103	62	3	601	699	129	225	7.39e-08	50.1
7_158	2_429	27.723	101	72	1	616	716	410	509	2.32e-05	42.0
7_158	2_280	30.476	105	65	2	618	722	129	225	5.09e-07	47.4
7_158	2_339	27.957	93	65	1	597	689	108	198	6.99e-07	47.0
7_158	2_482	38.983	59	33	1	618	676	467	522	7.31e-07	47.0
7_158	2_70	25.532	94	63	2	609	699	398	487	8.32e-06	43.5
7_158	2_350	36.508	63	34	2	38	96	364	424	1.08e-04	39.7
7_158	2_218	33.333	102	63	3	601	700	476	574	1.50e-04	39.7
7_158	2_513	37.313	67	38	2	612	678	449	511	0.001	36.6
7_158	2_252	28.169	71	47	1	619	689	449	515	0.001	36.6
7_159	2_293	99.549	443	2	0	1	443	1	443	0.0	881
7_160	2_440	94.121	3385	173	13	1	3366	195	3572	0.0	6096
7_160	2_441	25.660	265	138	13	302	545	346	572	9.00e-05	42.7
7_161	2_54	100.000	231	0	0	1	231	1	231	1.06e-170	464
7_162	2_442	99.667	300	1	0	1	300	1	300	0.0	603
7_162	2_5	32.331	266	149	14	25	283	23	264	4.01e-24	94.4
7_162	2_270	33.088	136	64	8	16	150	4	113	8.13e-06	40.8
7_163	2_55	100.000	73	0	0	1	73	1	73	5.60e-53	154
7_164	2_56	100.000	201	0	0	1	201	1	201	2.35e-148	405
7_164	2_443	38.509	161	94	3	3	162	4	160	6.60e-28	99.4
7_165	2_443	99.485	194	1	0	1	194	1	194	7.27e-143	390
7_165	2_56	38.509	161	94	3	4	160	3	162	6.04e-28	99.4
7_166	2_444	99.849	2652	4	0	1	2652	1	2652	0.0	5240
7_166	2_528	36.620	71	39	2	2263	2327	6	76	3.77e-06	42.0
7_167	2_274	99.674	307	1	0	1	307	1	307	0.0	615
7_167	2_280	32.735	223	133	7	60	279	1	209	1.06e-24	99.0
7_167	2_340	30.732	205	122	6	79	277	16	206	9.54e-21	87.0
7_167	2_339	29.442	197	127	5	79	273	16	202	2.02e-19	83.2
7_167	2_250	28.636	220	132	4	79	286	19	225	2.02e-18	78.2
7_167	2_431	28.972	214	133	6	58	258	14	221	1.16e-15	71.2
7_167	2_253	42.857	84	47	1	194	276	276	359	5.91e-15	69.3
7_167	2_253	31.481	108	69	2	59	163	42	147	1.20e-06	43.9
7_167	2_195	30.583	206	123	8	90	277	153	356	2.72e-14	67.4
7_167	2_429	25.108	231	157	8	60	282	6	228	3.32e-14	67.4
7_167	2_429	30.263	76	53	0	199	274	412	487	1.02e-04	38.1
7_167	2_401	24.779	226	119	3	84	258	27	252	8.04e-14	65.9
7_167	2_294	31.000	100	68	1	188	286	608	707	1.17e-13	65.9
7_167	2_277	25.472	212	146	4	56	258	5	213	2.91e-13	63.2
7_167	2_494	27.885	208	112	7	78	258	21	217	2.57e-12	60.8
7_167	2_223	36.170	94	54	2	78	171	24	111	3.50e-12	61.2
7_167	2_223	36.585	82	51	1	197	277	230	311	3.60e-10	55.1
7_167	2_233	23.913	230	153	7	66	283	1	220	7.60e-10	52.8
7_167	2_283	34.146	82	53	1	194	274	503	584	8.56e-10	53.9
7_167	2_283	31.707	82	46	2	84	163	58	131	6.90e-08	48.1
7_167	2_560	26.708	161	104	4	78	233	2	153	1.99e-09	51.2
7_167	2_70	25.405	185	119	6	83	257	26	201	6.07e-09	51.2
7_167	2_70	23.636	220	146	8	78	279	272	487	1.21e-05	40.8
7_167	2_375	29.167	168	103	8	97	257	501	659	1.74e-08	50.1
7_167	2_350	31.527	203	114	11	79	271	349	536	3.00e-08	49.3
7_167	2_482	25.510	196	125	7	79	267	351	532	4.70e-08	48.5
7_167	2_338	29.570	186	108	8	79	257	341	510	7.45e-08	47.8
7_167	2_513	25.405	185	120	5	79	258	339	510	2.09e-07	46.6
7_168	2_398	99.474	380	2	0	1	380	1	380	0.0	770
7_169	2_57	100.000	271	0	0	1	271	1	271	0.0	552
7_170	2_275	98.910	367	4	0	1	367	1	367	0.0	739
7_170	2_137	36.220	127	56	2	6	132	160	261	4.15e-15	70.5
7_171	2_399	98.925	186	2	0	1	186	1	186	2.30e-138	379
7_172	2_445	99.387	163	1	0	1	163	1	163	4.20e-118	325
7_173	2_276	98.077	260	5	0	1	260	1	260	0.0	514
7_174	2_400	99.690	323	1	0	1	323	1	323	0.0	634
7_175	2_484	99.553	447	2	0	1	447	1	447	0.0	882
7_175	2_207	31.878	229	138	9	1	221	1	219	8.19e-17	74.7
7_175	2_34	27.675	271	161	14	3	254	4	258	3.26e-08	49.3
7_175	2_174	22.305	269	160	7	8	246	12	261	2.89e-06	43.5
7_176	2_485	99.572	701	3	0	1	701	1	701	0.0	1379
7_177	2_507	99.612	516	2	0	19	534	1	516	0.0	1027
7_178	2_58	100.000	110	0	0	1	110	1	110	2.12e-78	221
7_179	2_59	100.000	249	0	0	1	249	1	249	2.39e-178	485
7_180	2_506	99.747	396	1	0	1	396	1	396	0.0	805
7_181	2_277	99.609	256	1	0	1	256	1	256	0.0	507
7_181	2_253	34.711	121	77	2	126	244	251	371	2.55e-16	72.4
7_181	2_401	26.071	280	162	5	8	244	6	283	3.16e-16	72.0
7_181	2_274	27.358	212	142	4	5	213	56	258	4.46e-16	71.2
7_181	2_294	30.508	118	73	2	134	250	598	707	3.92e-14	66.2
7_181	2_339	27.273	198	125	4	29	225	19	198	4.21e-13	63.2
7_181	2_429	24.569	232	161	10	27	252	22	245	9.12e-13	62.0
7_181	2_429	22.566	226	163	6	12	230	267	487	5.70e-09	50.8
7_181	2_195	25.203	246	153	8	4	231	122	354	2.31e-11	57.8
7_181	2_250	27.237	257	155	9	9	250	1	240	5.75e-11	55.8
7_181	2_494	31.646	79	53	1	153	231	158	235	1.99e-10	54.7
7_181	2_340	25.664	226	139	7	24	245	14	214	2.62e-10	54.7
7_181	2_223	31.313	99	68	0	133	231	211	309	2.80e-09	51.6
7_181	2_283	33.766	77	51	0	154	230	508	584	2.88e-09	51.6
7_181	2_283	29.885	87	55	2	27	112	54	135	2.50e-04	36.6
7_181	2_431	27.083	240	148	10	6	231	13	239	1.80e-08	48.9
7_181	2_70	24.074	216	151	7	20	231	14	220	1.93e-08	48.9
7_181	2_70	23.897	272	164	12	2	251	253	503	1.73e-05	40.0
7_181	2_280	23.188	207	138	6	23	227	13	200	4.04e-08	48.1
7_181	2_482	26.214	206	132	7	9	212	336	523	2.50e-07	45.8
7_181	2_233	22.831	219	137	7	22	231	17	212	2.06e-06	42.4
7_181	2_252	22.271	229	152	6	10	235	320	525	2.95e-06	42.4
7_181	2_252	21.992	241	138	8	24	235	14	233	2.43e-05	39.7
7_181	2_375	28.333	180	105	7	40	212	497	659	2.76e-05	39.3
7_181	2_513	21.053	209	141	7	9	214	324	511	2.08e-04	36.6
7_181	2_350	24.312	218	127	10	8	214	332	522	3.00e-04	36.2
7_181	2_218	31.111	90	51	5	136	218	815	900	3.30e-04	36.2
7_182	2_408	99.646	565	2	0	1	565	1	565	0.0	1096
7_183	2_409	97.333	75	2	0	1	75	1	75	2.54e-50	147
7_183	2_467	78.689	61	13	0	3	63	8	68	1.30e-29	103
7_183	2_462	71.667	60	17	0	3	62	8	67	4.34e-25	91.3
7_183	2_341	68.293	41	13	0	22	62	45	85	9.05e-16	64.7
7_183	2_495	43.284	67	31	2	9	75	14	73	9.47e-10	47.8
7_184	2_60	100.000	220	0	0	1	220	1	220	9.94e-158	430
7_185	2_457	95.469	618	27	1	1	617	1	618	0.0	1201
7_185	2_496	37.179	78	31	4	124	191	197	266	6.39e-04	37.0
7_186	2_539	98.473	131	2	0	1	131	12	142	3.73e-92	258
7_186	2_298	29.600	125	86	1	2	124	176	300	7.36e-15	64.7
7_187	2_61	100.000	384	0	0	1	384	1	384	0.0	767
7_188	2_62	100.000	276	0	0	1	276	1	276	0.0	550
7_188	2_6	35.857	251	126	6	1	233	1	234	5.50e-31	112
7_189	2_458	99.663	594	2	0	1	594	1	594	0.0	1186
7_189	2_259	28.413	630	325	21	34	582	29	613	4.50e-44	162
7_190	2_254	99.606	254	1	0	1	254	1	254	0.0	522
7_191	2_369	99.512	205	1	0	1	205	1	205	3.27e-153	417
7_192	2_63	100.000	144	0	0	1	144	1	144	6.39e-107	296
7_193	2_370	99.635	274	1	0	1	274	1	274	0.0	559
7_194	2_64	100.000	225	0	0	1	225	1	225	1.67e-163	445
7_195	2_65	100.000	293	0	0	1	293	1	293	0.0	579
7_196	2_372	98.882	984	8	2	1	981	1	984	0.0	1954
7_196	2_425	22.083	720	357	26	188	785	796	1433	1.54e-17	82.4
7_197	2_255	99.833	599	1	0	1	599	1	599	0.0	1219
7_197	2_149	30.093	216	126	7	117	315	10	217	6.38e-17	78.6
7_197	2_151	37.008	127	62	2	116	224	13	139	8.12e-14	68.9
7_197	2_49	32.099	162	90	3	116	257	21	182	2.43e-13	66.6
7_198	2_256	99.838	617	1	0	1	617	1	617	0.0	1241
7_199	2_373	99.850	666	1	0	1	666	1	666	0.0	1351
7_200	2_459	99.655	579	2	0	1	579	1	579	0.0	1175
7_201	2_66	100.000	118	0	0	1	118	1	118	4.17e-79	223
7_202	2_258	99.593	246	1	0	1	246	1	246	4.71e-179	486
7_203	2_67	100.000	97	0	0	1	97	1	97	2.03e-67	192
7_204	2_68	100.000	505	0	0	1	505	1	505	0.0	1029
7_205	2_69	100.000	184	0	0	1	184	1	184	1.28e-136	374
7_206	2_70	100.000	508	0	0	1	508	1	508	0.0	1011
7_206	2_429	30.469	512	327	14	12	505	11	511	2.55e-54	186
7_206	2_233	34.498	229	125	6	26	245	25	237	1.09e-23	94.7
7_206	2_233	32.051	78	53	0	407	484	136	213	8.05e-07	44.7
7_206	2_339	32.673	202	122	5	12	211	6	195	8.87e-16	74.7
7_206	2_280	29.630	216	130	6	8	217	2	201	1.71e-13	67.4
7_206	2_280	24.229	227	142	7	261	482	2	203	8.89e-04	36.2
7_206	2_494	29.018	224	132	5	22	224	22	239	9.08e-13	63.5
7_206	2_494	21.127	213	161	4	277	484	26	236	2.23e-04	37.7
7_206	2_340	29.524	210	134	5	12	221	10	205	1.15e-12	64.7
7_206	2_340	28.326	233	135	9	261	487	2	208	4.94e-09	53.1
7_206	2_250	32.143	196	124	6	31	223	28	217	1.02e-11	60.1
7_206	2_252	26.271	236	145	9	8	221	2	230	6.13e-10	55.8
7_206	2_252	32.432	74	47	2	149	222	453	523	3.22e-04	37.4
7_206	2_274	25.405	185	119	6	26	201	83	257	1.00e-08	51.2
7_206	2_274	23.387	248	159	10	244	487	59	279	1.14e-05	41.6
7_206	2_195	28.444	225	127	11	23	224	145	358	1.83e-08	50.8
7_206	2_195	25.106	235	140	8	278	493	147	364	1.23e-05	42.0
7_206	2_482	31.694	183	103	8	26	201	355	522	2.39e-08	50.8
7_206	2_283	30.476	105	70	1	7	111	38	139	3.58e-08	50.4
7_206	2_283	25.974	77	56	1	407	482	508	584	4.69e-04	37.0
7_206	2_401	28.030	132	86	4	356	484	146	271	2.68e-07	47.0
7_206	2_560	31.034	145	86	3	40	180	21	155	2.69e-07	45.8
7_206	2_223	30.488	82	54	2	407	486	232	312	3.98e-07	46.6
7_206	2_223	28.333	60	43	0	8	67	11	70	4.32e-04	37.0
7_206	2_277	23.148	216	153	7	14	220	20	231	1.93e-06	43.9
7_206	2_277	24.180	244	146	10	277	503	30	251	2.61e-04	37.4
7_206	2_294	25.532	94	63	2	398	487	610	700	6.10e-06	43.1
7_206	2_253	25.954	131	94	2	357	484	229	359	1.34e-05	42.0
7_206	2_350	25.568	176	111	6	36	205	363	524	3.61e-05	40.4
7_206	2_338	25.000	184	124	4	27	208	346	517	3.56e-04	37.4
7_206	2_431	25.000	236	148	10	273	493	28	249	4.10e-04	37.0
7_206	2_513	43.182	44	25	0	26	69	343	386	6.56e-04	36.6
7_207	2_71	100.000	303	0	0	1	303	1	303	0.0	577
7_207	2_374	31.050	219	119	5	18	216	79	285	1.60e-11	59.3
7_208	2_72	100.000	184	0	0	1	184	1	184	6.17e-138	377
7_209	2_73	100.000	89	0	0	1	89	1	89	2.38e-60	174
7_210	2_259	99.879	826	1	0	1	826	1	826	0.0	1673
7_210	2_458	28.571	630	324	21	29	613	34	582	1.11e-49	179
7_211	2_461	98.780	820	5	2	1	817	1	818	0.0	1656
7_211	2_352	25.982	866	484	33	20	804	20	809	8.10e-43	162
7_212	2_548	98.645	664	9	0	69	732	1	664	0.0	1321
7_212	2_430	38.196	754	391	25	1	707	1	726	3.12e-139	422
7_212	2_483	30.838	334	202	9	285	591	320	651	3.55e-34	134
7_212	2_483	41.379	87	38	3	69	154	1	75	5.54e-06	43.9
7_213	2_74	100.000	165	0	0	1	165	1	165	6.43e-118	325
7_214	2_405	99.174	121	1	0	1	121	1	121	4.32e-79	223
7_215	2_406	99.918	1217	1	0	1	1217	1	1217	0.0	2490
7_216	2_75	100.000	1411	0	0	1	1411	1	1411	0.0	2888
7_217	2_407	98.561	139	2	0	1	139	1	139	3.19e-98	273
7_218	2_483	99.092	771	7	0	69	839	1	771	0.0	1553
7_218	2_548	30.240	334	204	9	388	719	217	523	5.24e-33	130
7_218	2_548	58.511	94	12	3	69	143	1	86	5.23e-20	89.4
7_218	2_430	28.829	333	192	12	389	707	284	585	4.78e-27	112
7_218	2_430	35.256	156	89	7	1	147	1	153	5.73e-11	60.5
7_218	2_386	64.198	81	29	0	279	359	232	312	9.68e-26	107
7_219	2_390	26.623	154	99	6	7	151	1054	1202	1.11e-04	36.2
7_221	2_76	100.000	534	0	0	1	534	1	534	0.0	1088
7_222	2_397	97.970	197	4	0	1	197	1	197	5.48e-132	363
7_223	2_77	100.000	214	0	0	1	214	1	214	2.74e-154	421
7_224	2_78	100.000	632	0	0	1	632	1	632	0.0	1287
7_225	2_79	100.000	120	0	0	1	120	1	120	5.81e-85	238
7_226	2_80	100.000	227	0	0	1	227	1	227	1.95e-169	461
7_227	2_81	100.000	87	0	0	1	87	1	87	1.79e-62	179
7_228	2_82	100.000	321	0	0	1	321	1	321	0.0	642
7_228	2_556	41.379	58	30	1	8	65	13	66	1.42e-07	47.4
7_229	2_396	99.579	475	2	0	1	475	1	475	0.0	920
7_230	2_523	99.867	753	1	0	1	753	1	753	0.0	1524
7_231	2_541	100.000	154	0	0	58	211	1	154	7.03e-107	299
7_232	2_83	100.000	418	0	0	1	418	1	418	0.0	851
7_233	2_84	100.000	109	0	0	1	109	1	109	1.16e-79	224
7_234	2_85	100.000	155	0	0	1	155	1	155	8.18e-113	311
7_235	2_469	99.583	720	3	0	1	720	1	720	0.0	1479
7_236	2_86	100.000	64	0	0	1	64	1	64	6.86e-43	127
7_237	2_87	100.000	116	0	0	1	116	1	116	4.11e-83	233
7_238	2_88	100.000	478	0	0	1	478	1	478	0.0	968
7_239	2_261	99.620	263	1	0	1	263	1	263	0.0	503
7_239	2_305	27.350	117	73	3	48	152	110	226	1.61e-06	42.7
7_239	2_305	33.333	93	52	3	35	117	121	213	3.09e-05	38.9
7_240	2_470	98.901	91	1	0	1	91	1	91	3.29e-62	178
7_241	2_89	100.000	356	0	0	1	356	1	356	0.0	721
7_242	2_90	100.000	99	0	0	1	99	1	99	6.01e-69	196
7_243	2_91	100.000	84	0	0	1	84	1	84	2.21e-57	166
7_244	2_92	100.000	284	0	0	1	284	1	284	0.0	576
7_244	2_248	37.143	105	61	3	37	141	22	121	4.28e-14	65.5
7_245	2_93	100.000	369	0	0	1	369	1	369	0.0	745
7_246	2_94	100.000	489	0	0	1	489	1	489	0.0	965
7_247	2_95	100.000	315	0	0	1	315	1	315	0.0	627
7_247	2_168	21.908	283	199	6	36	309	31	300	1.23e-12	62.0
7_248	2_96	100.000	361	0	0	1	361	1	361	0.0	734
7_249	2_97	100.000	242	0	0	1	242	1	242	9.13e-176	478
7_249	2_354	26.772	127	68	4	81	203	46	151	3.05e-04	35.0
7_250	2_262	99.786	467	1	0	1	467	1	467	0.0	954
7_251	2_559	99.005	201	2	0	1	201	1	201	1.33e-140	385
7_252	2_471	99.537	216	1	0	1	216	1	216	4.58e-146	400
7_253	2_395	99.630	270	1	0	1	270	1	270	0.0	545
7_254	2_446	100.000	406	0	0	6	411	1	406	0.0	810
7_255	2_447	99.556	450	2	0	1	450	1	450	0.0	897
7_256	2_98	100.000	216	0	0	1	216	1	216	1.05e-156	427
7_256	2_376	25.654	191	131	5	28	214	18	201	4.88e-10	52.0
7_257	2_353	99.298	285	2	0	1	285	1	285	0.0	569
7_258	2_99	100.000	193	0	0	1	193	1	193	2.88e-139	381
7_259	2_354	98.925	186	2	0	1	186	1	186	6.33e-136	372
7_259	2_97	26.772	127	68	4	46	151	81	203	2.16e-04	35.4
7_260	2_553	98.889	180	2	0	34	213	1	180	1.06e-130	360
7_261	2_355	99.317	293	2	0	1	293	1	293	0.0	582
7_261	2_239	29.530	149	90	6	9	152	5	143	2.90e-09	52.0
7_261	2_239	26.220	164	110	4	9	162	173	335	2.70e-06	42.7
7_261	2_124	37.705	61	35	1	5	65	218	275	4.13e-05	39.3
7_261	2_165	39.344	61	33	3	10	69	19	76	2.45e-04	35.8
7_262	2_100	100.000	131	0	0	1	131	1	131	2.99e-94	263
7_263	2_101	100.000	150	0	0	1	150	1	150	1.62e-109	303
7_264	2_375	99.853	679	1	0	2	680	1	679	0.0	1342
7_264	2_350	27.719	285	184	6	358	634	225	495	3.49e-14	70.1
7_264	2_338	32.184	174	95	8	495	660	352	510	9.00e-11	59.3
7_264	2_340	31.285	179	100	8	500	670	32	195	5.28e-10	57.0
7_264	2_482	31.138	167	94	7	502	660	369	522	6.85e-10	56.2
7_264	2_233	29.630	189	109	7	501	679	38	212	7.37e-10	54.7
7_264	2_560	30.496	141	90	3	502	640	21	155	2.02e-09	52.4
7_264	2_513	28.042	189	107	7	463	638	317	489	7.33e-09	53.1
7_264	2_274	29.167	168	103	8	502	660	97	257	4.13e-08	50.1
7_264	2_339	24.479	192	131	5	491	678	23	204	2.48e-07	48.1
7_264	2_250	25.359	209	123	8	464	661	11	197	3.64e-07	46.6
7_264	2_429	22.353	170	119	4	500	660	37	202	4.74e-05	40.8
7_264	2_280	24.510	204	131	6	469	670	13	195	1.20e-04	39.7
7_264	2_277	28.814	177	108	5	498	660	40	212	3.49e-04	37.4
7_264	2_401	45.588	68	27	4	466	525	4	69	5.16e-04	37.4
7_264	2_252	25.126	199	105	10	500	667	32	217	6.00e-04	37.4
7_265	2_356	99.749	398	1	0	1	398	1	398	0.0	810
7_266	2_271	99.582	239	1	0	1	239	1	239	3.40e-175	476
7_267	2_358	99.738	381	1	0	1	381	1	381	0.0	753
7_268	2_270	99.576	236	1	0	1	236	1	236	2.02e-171	466
7_268	2_442	33.824	136	63	8	4	113	16	150	3.25e-06	41.6
7_269	2_269	98.333	120	2	0	1	120	1	120	1.85e-86	242
7_270	2_102	100.000	332	0	0	1	332	1	332	0.0	667
7_271	2_103	100.000	134	0	0	1	134	1	134	3.33e-97	270
7_272	2_104	100.000	137	0	0	1	137	1	137	1.89e-97	271
7_273	2_105	100.000	37	0	0	1	37	1	37	1.09e-20	70.1
7_274	2_106	100.000	75	0	0	1	75	1	75	3.30e-53	154
7_275	2_107	100.000	250	0	0	1	250	1	250	0.0	511
7_275	2_17	27.451	204	135	5	3	203	121	314	1.65e-15	69.7
7_276	2_268	99.057	212	2	0	1	212	1	212	8.84e-156	425
7_277	2_359	99.366	473	3	0	1	473	1	473	0.0	922
7_278	2_108	100.000	147	0	0	1	147	1	147	7.26e-107	296
7_279	2_267	99.614	259	1	0	1	259	1	259	0.0	518
7_280	2_360	98.347	121	2	0	1	121	1	121	1.36e-86	243
7_281	2_109	100.000	179	0	0	1	179	1	179	4.19e-130	357
7_282	2_110	100.000	131	0	0	1	131	1	131	2.23e-94	263
7_283	2_111	100.000	61	0	0	1	61	1	61	5.60e-42	125
7_284	2_112	100.000	181	0	0	1	181	1	181	5.21e-135	370
7_285	2_266	99.065	107	1	0	1	107	1	107	3.94e-72	205
7_286	2_113	100.000	122	0	0	1	122	1	122	1.03e-84	238
7_287	2_114	100.000	121	0	0	1	121	1	121	1.58e-81	229
7_288	2_448	99.265	136	1	0	1	136	1	136	4.69e-99	275
7_289	2_115	100.000	227	0	0	1	227	1	227	2.14e-167	455
7_290	2_116	100.000	173	0	0	1	173	1	173	1.76e-125	345
7_291	2_117	100.000	90	0	0	1	90	1	90	1.45e-65	187
7_292	2_118	100.000	282	0	0	1	282	1	282	0.0	566
7_293	2_119	100.000	163	0	0	1	163	1	163	1.59e-116	322
7_294	2_265	99.533	214	1	0	1	214	1	214	1.34e-156	427
7_295	2_120	100.000	233	0	0	1	233	1	233	4.03e-170	462
7_296	2_121	100.000	106	0	0	1	106	1	106	6.79e-75	212
7_297	2_264	99.512	205	1	0	1	205	1	205	4.10e-150	410
7_298	2_122	100.000	227	0	0	1	227	1	227	2.41e-167	455
7_299	2_361	99.773	883	2	0	1	883	1	883	0.0	1781
7_300	2_123	100.000	184	0	0	1	184	1	184	1.68e-136	374
7_301	2_362	99.327	297	2	0	1	297	1	297	0.0	576
7_302	2_363	99.859	709	1	0	1	709	1	709	0.0	1424
7_303	2_566	99.796	489	1	0	1	489	2	490	0.0	979
7_303	2_246	27.500	160	109	3	145	300	110	266	6.34e-12	62.0
7_303	2_246	46.809	47	22	1	439	482	489	535	4.34e-08	50.1
7_303	2_260	23.176	466	288	19	51	483	14	442	1.33e-10	57.8
7_304	2_450	99.638	276	1	0	1	276	1	276	0.0	565
7_304	2_384	26.894	264	165	9	5	249	21	275	8.57e-14	64.7
7_304	2_207	23.529	272	197	8	2	272	4	265	4.50e-11	56.6
7_304	2_34	24.074	270	159	9	1	248	1	246	2.94e-06	42.0
7_304	2_174	27.397	73	51	1	2	72	7	79	4.86e-05	38.5
7_304	2_484	26.316	228	142	10	7	224	8	219	3.58e-04	36.2
7_305	2_124	100.000	442	0	0	1	442	1	442	0.0	874
7_305	2_239	35.897	156	83	4	218	368	172	315	3.44e-20	87.0
7_305	2_239	30.337	89	60	2	220	307	6	93	1.49e-05	41.6
7_305	2_355	37.705	61	35	1	218	275	5	65	5.85e-05	39.3
7_306	2_252	99.814	538	1	0	1	538	1	538	0.0	1097
7_306	2_340	25.641	234	141	6	1	230	1	205	1.18e-12	64.7
7_306	2_340	28.571	210	133	8	319	519	1	202	1.25e-09	55.1
7_306	2_250	27.778	198	108	5	13	203	16	185	2.76e-12	62.0
7_306	2_339	22.993	274	175	5	1	272	1	240	6.54e-11	59.3
7_306	2_339	24.645	211	138	8	319	518	1	201	5.81e-06	43.5
7_306	2_513	28.342	187	110	5	1	187	324	486	1.95e-10	57.4
7_306	2_70	26.271	236	145	9	2	230	8	221	3.47e-10	56.6
7_306	2_70	32.432	74	47	2	453	523	149	222	3.38e-04	37.7
7_306	2_482	23.853	218	133	6	1	213	336	525	5.48e-09	52.8
7_306	2_350	44.898	49	27	0	13	61	346	394	8.92e-08	48.9
7_306	2_429	24.378	201	108	6	1	187	6	176	6.02e-07	46.2
7_306	2_283	35.088	57	37	0	2	58	39	95	6.95e-07	46.2
7_306	2_283	28.788	66	43	1	152	213	504	569	3.76e-05	40.8
7_306	2_494	24.286	210	127	6	20	213	26	219	9.26e-07	45.1
7_306	2_233	21.397	229	162	8	319	536	5	226	1.44e-06	44.3
7_306	2_233	22.363	237	149	6	1	230	5	213	2.29e-05	40.4
7_306	2_338	32.812	64	43	0	10	73	335	398	7.30e-06	42.7
7_306	2_280	26.027	219	131	9	319	521	1	204	8.25e-06	42.7
7_306	2_280	20.851	235	133	6	1	219	1	198	9.88e-06	42.7
7_306	2_223	31.765	85	54	1	150	230	226	310	1.40e-05	42.0
7_306	2_223	27.586	58	42	0	1	58	10	67	2.71e-05	40.8
7_306	2_277	21.491	228	155	5	320	525	10	235	4.67e-05	39.7
7_306	2_277	21.577	241	139	6	14	233	24	235	2.94e-04	37.4
7_306	2_195	23.913	184	111	6	16	187	142	308	9.11e-05	39.3
7_306	2_401	27.174	92	64	1	443	534	188	276	3.65e-04	37.4
7_306	2_375	25.126	199	105	10	32	217	499	666	4.47e-04	37.4
7_306	2_294	28.169	71	47	1	449	515	620	690	6.76e-04	36.6
7_307	2_364	99.712	695	2	0	1	695	1	695	0.0	1376
7_309	2_453	99.419	344	2	0	1	344	1	344	0.0	678
7_309	2_335	24.606	317	175	11	64	333	46	345	1.72e-05	40.4
7_310	2_125	100.000	366	0	0	1	366	1	366	0.0	723
7_310	2_296	27.358	318	207	7	61	361	6	316	8.82e-23	92.8
7_311	2_126	100.000	321	0	0	1	321	1	321	0.0	634
7_311	2_295	32.877	219	139	5	106	317	160	377	2.29e-20	85.5
7_312	2_253	99.774	443	1	0	1	443	1	443	0.0	890
7_312	2_294	37.349	249	138	4	204	437	531	776	4.97e-43	156
7_312	2_294	39.175	97	55	2	61	156	22	115	9.07e-13	64.7
7_312	2_195	45.082	122	66	1	273	394	269	389	1.41e-28	112
7_312	2_195	35.185	108	53	4	59	156	139	239	1.75e-11	60.1
7_312	2_431	37.500	136	83	1	252	385	131	266	2.00e-23	95.5
7_312	2_431	29.630	135	70	5	32	157	7	125	5.15e-09	52.0
7_312	2_223	26.786	392	248	11	43	417	10	379	3.72e-23	95.9
7_312	2_283	38.298	94	57	1	274	366	501	594	5.78e-17	77.8
7_312	2_283	29.688	128	75	3	38	165	33	145	4.27e-10	56.2
7_312	2_277	34.711	121	77	2	251	371	126	244	5.33e-16	72.4
7_312	2_494	36.937	111	69	1	261	371	139	248	2.21e-15	71.2
7_312	2_401	33.333	90	60	0	282	371	194	283	8.62e-15	70.1
7_312	2_274	42.857	84	47	1	276	359	194	276	1.08e-14	69.3
7_312	2_274	31.481	108	69	2	42	147	59	163	1.28e-06	44.3
7_312	2_233	32.353	102	68	1	278	379	133	233	3.43e-12	60.8
7_312	2_250	32.500	120	77	3	244	363	104	219	4.04e-12	60.8
7_312	2_429	36.634	101	54	3	264	360	129	223	7.95e-11	58.2
7_312	2_429	35.443	79	50	1	281	359	412	489	3.76e-07	46.6
7_312	2_429	41.071	56	29	1	43	98	6	57	5.45e-06	42.7
7_312	2_340	35.556	90	52	3	281	367	129	215	4.01e-08	49.7
7_312	2_339	25.191	131	91	3	223	351	72	197	8.21e-08	48.9
7_312	2_280	29.600	125	78	5	267	390	115	230	2.16e-07	47.8
7_312	2_70	25.954	131	94	2	229	359	357	484	1.17e-05	42.0
7_312	2_482	38.983	59	33	1	281	339	467	522	4.58e-05	40.0
7_312	2_513	29.412	85	53	2	30	111	308	388	1.51e-04	38.5
7_312	2_350	27.132	129	76	4	23	138	302	425	5.14e-04	36.6
7_312	2_218	26.984	189	115	7	240	424	450	619	6.55e-04	36.6
7_313	2_454	99.557	2033	9	0	1	2033	1	2033	0.0	4073
7_314	2_365	99.888	892	1	0	1	892	1	892	0.0	1802
7_315	2_366	99.296	142	1	0	1	142	1	142	4.86e-103	286
7_316	2_367	99.723	361	1	0	1	361	1	361	0.0	717
7_317	2_455	99.592	490	2	0	1	490	1	490	0.0	957
7_318	2_127	100.000	259	0	0	1	259	1	259	0.0	515
7_319	2_368	99.008	504	5	0	1	504	1	504	0.0	970
7_319	2_2	25.901	444	264	16	10	403	51	479	3.72e-21	91.3
7_319	2_565	33.333	78	43	3	331	403	1	74	0.001	33.1
7_320	2_128	100.000	91	0	0	1	91	1	91	6.74e-61	175
7_320	2_1	28.571	91	61	3	1	88	3	92	8.86e-07	38.5
7_321	2_129	100.000	98	0	0	1	98	1	98	9.74e-67	191
7_322	2_130	100.000	207	0	0	1	207	1	207	5.35e-147	402
7_324	2_131	100.000	97	0	0	1	97	1	97	7.27e-67	191
7_325	2_132	100.000	439	0	0	1	439	1	439	0.0	875
7_326	2_413	99.785	465	1	0	1	465	1	465	0.0	927
7_327	2_414	99.097	443	4	0	1	443	1	443	0.0	866
7_328	2_415	97.898	333	7	0	1	333	1	333	0.0	644
7_329	2_328	99.333	150	1	0	1	150	1	150	1.26e-104	290
7_329	2_426	31.724	145	91	5	1	142	1	140	1.68e-11	53.5
7_330	2_327	99.510	204	1	0	1	204	1	204	5.95e-143	392
7_331	2_326	99.774	886	2	0	1	886	1	886	0.0	1799
7_331	2_336	24.069	698	428	16	34	711	18	633	1.29e-46	174
7_331	2_343	22.941	340	205	10	440	753	393	701	9.58e-15	72.8
7_331	2_343	23.563	174	120	3	27	199	8	169	6.87e-09	53.9
7_331	2_380	26.490	151	100	3	50	200	2	141	3.22e-09	54.7
7_331	2_380	34.426	61	35	2	574	634	294	349	4.91e-05	41.2
7_332	2_325	99.882	850	1	0	1	850	1	850	0.0	1695
7_332	2_225	35.361	707	433	11	6	698	50	746	5.07e-130	405
7_332	2_225	25.000	132	88	5	582	706	727	854	3.78e-04	38.5
7_333	2_133	100.000	336	0	0	1	336	1	336	0.0	687
7_334	2_544	97.468	632	6	1	1	622	1	632	0.0	1223
7_334	2_284	38.969	485	274	6	142	619	44	513	3.49e-107	329
7_334	2_439	43.560	427	222	5	210	619	209	633	3.05e-106	330
7_334	2_517	36.432	398	216	10	246	619	125	509	1.27e-60	205
7_334	2_382	30.496	423	246	10	237	618	118	533	1.03e-47	171
7_334	2_561	33.429	350	190	9	300	619	23	359	1.07e-43	155
7_335	2_134	100.000	694	0	0	1	694	1	694	0.0	1391
7_336	2_135	100.000	337	0	0	1	337	1	337	0.0	672
7_337	2_136	100.000	240	0	0	1	240	1	240	3.10e-178	484
7_338	2_137	100.000	419	0	0	1	419	1	419	0.0	828
7_338	2_275	35.433	127	57	2	160	261	6	132	1.49e-14	69.3
7_338	2_239	25.112	223	154	7	159	375	173	388	1.90e-04	37.7
7_338	2_511	35.000	60	27	2	159	214	113	164	6.56e-04	35.8
7_339	2_243	99.167	120	1	0	1	120	1	120	3.84e-84	236
7_340	2_324	100.000	291	0	0	1	291	1	291	0.0	581
7_341	2_138	100.000	141	0	0	1	141	1	141	1.22e-99	277
7_342	2_323	98.701	385	5	0	1	385	1	385	0.0	738
7_343	2_139	100.000	242	0	0	1	242	1	242	8.58e-173	470
7_344	2_140	100.000	102	0	0	1	102	1	102	1.57e-71	203
7_345	2_141	100.000	179	0	0	1	179	1	179	3.49e-127	350
7_346	2_142	100.000	187	0	0	1	187	1	187	4.43e-132	363
7_347	2_322	99.606	507	2	0	1	507	1	507	0.0	1010
7_347	2_287	43.385	325	173	6	125	444	105	423	1.35e-74	239
7_347	2_320	26.757	370	260	7	58	421	44	408	8.10e-26	104
7_347	2_173	21.988	332	249	6	37	363	15	341	8.11e-08	48.9
7_348	2_321	99.638	276	1	0	1	276	1	276	0.0	542
7_349	2_320	99.788	471	1	0	1	471	1	471	0.0	951
7_349	2_173	37.168	452	279	4	7	456	2	450	3.03e-104	313
7_349	2_322	27.027	370	259	7	44	408	58	421	1.35e-26	107
7_349	2_287	22.712	295	216	6	63	348	49	340	4.53e-08	49.7
7_350	2_143	100.000	161	0	0	1	161	1	161	1.09e-117	324
7_351	2_512	99.396	331	2	0	1	331	1	331	0.0	663
7_352	2_242	99.672	305	1	0	1	305	1	305	0.0	605
7_353	2_144	100.000	440	0	0	1	440	1	440	0.0	877
7_353	2_9	36.269	193	110	4	101	283	125	314	1.19e-26	104
7_354	2_145	100.000	455	0	0	1	455	1	455	0.0	930
7_355	2_319	99.566	691	3	0	1	691	1	691	0.0	1386
7_356	2_146	100.000	257	0	0	1	257	1	257	0.0	518
7_357	2_147	100.000	276	0	0	1	276	1	276	0.0	564
7_358	2_318	99.758	414	1	0	1	414	1	414	0.0	828
7_359	2_417	99.621	1585	6	0	1	1585	1	1585	0.0	3128
7_359	2_199	26.625	323	183	13	917	1223	623	907	1.03e-13	70.9
7_359	2_199	37.383	107	59	3	281	385	297	397	1.10e-05	44.7
7_360	2_241	99.420	517	3	0	1	517	1	517	0.0	1001
7_361	2_317	99.020	102	1	0	1	102	1	102	5.33e-69	196
7_362	2_240	99.833	600	1	0	1	600	1	600	0.0	1197
7_363	2_418	99.734	376	1	0	1	376	1	376	0.0	775
7_364	2_148	100.000	227	0	0	1	227	1	227	8.96e-170	461
7_365	2_239	99.771	437	1	0	1	437	1	437	0.0	875
7_365	2_124	35.897	156	83	4	172	315	218	368	3.83e-20	86.7
7_365	2_124	29.032	124	83	4	6	126	220	341	3.45e-06	43.5
7_365	2_355	29.530	149	90	6	5	143	9	152	4.69e-09	52.0
7_365	2_355	35.593	59	38	0	173	231	9	67	4.21e-06	42.7
7_365	2_165	40.741	54	29	1	6	59	19	69	5.01e-06	41.6
7_365	2_165	28.415	183	118	5	157	338	5	175	6.63e-06	41.2
7_365	2_149	28.108	185	98	8	174	341	10	176	4.57e-05	40.0
7_365	2_511	33.846	65	33	4	5	65	113	171	2.67e-04	37.0
7_366	2_238	98.684	76	1	0	1	76	1	76	5.01e-49	144
7_367	2_149	100.000	598	0	0	1	598	1	598	0.0	1210
7_367	2_151	36.898	187	106	4	2	183	6	185	1.18e-24	103
7_367	2_151	23.009	226	143	9	165	370	266	480	7.32e-07	46.6
7_367	2_151	22.599	177	118	5	322	480	509	684	3.29e-06	44.3
7_367	2_255	30.093	216	126	7	10	217	117	315	7.20e-17	78.6
7_367	2_49	27.083	288	181	10	8	272	20	301	4.46e-16	75.1
7_367	2_239	28.108	185	98	8	10	176	174	341	6.25e-05	40.0
7_368	2_150	100.000	323	0	0	1	323	1	323	0.0	657
7_369	2_151	100.000	694	0	0	1	694	1	694	0.0	1425
7_369	2_149	36.898	187	106	4	6	185	2	183	1.37e-24	103
7_369	2_149	23.009	226	143	9	266	480	165	370	8.50e-07	46.6
7_369	2_149	22.599	177	118	5	509	684	322	480	3.82e-06	44.3
7_369	2_255	37.008	127	62	2	13	139	116	224	9.16e-14	68.9
7_369	2_49	34.091	132	84	3	8	138	16	145	5.16e-13	65.9
7_370	2_152	100.000	141	0	0	1	141	1	141	5.99e-104	288
7_371	2_237	99.398	166	1	0	1	166	1	166	1.37e-116	322
7_372	2_236	99.558	452	2	0	1	452	1	452	0.0	880
7_373	2_153	100.000	457	0	0	1	457	1	457	0.0	936
7_373	2_298	26.351	148	100	5	159	302	335	477	1.27e-04	38.5
7_373	2_555	28.916	83	53	1	106	188	16	92	7.35e-04	34.3
7_374	2_154	100.000	427	0	0	1	427	1	427	0.0	847
7_375	2_316	99.569	232	1	0	1	232	1	232	3.05e-173	471
7_376	2_315	99.700	999	1	1	1	999	1	997	0.0	2010
7_376	2_501	51.282	78	38	0	381	458	2	79	2.08e-22	87.0
7_377	2_155	100.000	93	0	0	1	93	1	93	4.80e-68	193
7_378	2_515	27.966	354	203	13	345	663	268	604	4.40e-19	86.3
7_380	2_342	99.898	979	1	0	1	979	1	979	0.0	1929
7_381	2_472	99.755	408	1	0	1	408	1	408	0.0	822
7_382	2_156	100.000	259	0	0	1	259	1	259	0.0	514
7_383	2_157	100.000	144	0	0	1	144	1	144	8.29e-108	298
7_384	2_158	100.000	132	0	0	1	132	1	132	6.79e-95	264
7_385	2_159	100.000	662	0	0	1	662	1	662	0.0	1330
7_386	2_343	99.620	790	3	0	1	790	1	790	0.0	1603
7_386	2_326	22.941	340	205	10	393	701	440	753	1.17e-14	72.4
7_386	2_326	23.563	174	120	3	8	169	27	199	5.92e-09	53.9
7_386	2_336	24.103	195	101	6	398	592	393	540	4.68e-12	63.9
7_386	2_336	27.174	184	113	4	3	168	6	186	1.36e-08	52.8
7_386	2_380	34.444	90	58	1	29	118	3	91	6.84e-08	50.1
7_386	2_380	33.000	100	59	3	513	612	264	355	1.74e-07	48.9
7_387	2_479	99.310	145	1	0	1	145	1	145	1.17e-101	282
7_388	2_273	99.756	410	1	0	1	410	1	410	0.0	808
7_389	2_345	99.119	227	2	0	1	227	1	227	6.96e-163	444
7_390	2_160	100.000	229	0	0	1	229	1	229	5.13e-169	459
7_390	2_558	29.252	147	97	3	82	226	110	251	9.36e-09	48.9
7_391	2_161	100.000	181	0	0	1	181	1	181	1.20e-134	369
7_392	2_162	100.000	46	0	0	1	46	1	46	2.32e-29	92.4
7_393	2_346	99.383	324	2	0	1	324	1	324	0.0	639
7_394	2_481	99.471	946	5	0	1	946	1	946	0.0	1854
7_395	2_163	100.000	195	0	0	1	195	1	195	2.45e-144	394
7_396	2_164	100.000	249	0	0	1	249	1	249	0.0	500
7_397	2_347	99.592	245	1	0	1	245	1	245	2.50e-176	479
7_398	2_348	99.714	700	2	0	1	700	1	700	0.0	1419
7_399	2_349	98.969	582	6	0	1	582	1	582	0.0	1167
7_400	2_482	99.629	539	2	0	1	539	1	539	0.0	1045
7_400	2_560	61.376	189	73	0	351	539	3	191	1.84e-62	198
7_400	2_513	28.705	533	354	10	7	533	8	520	5.26e-48	169
7_400	2_338	31.604	212	135	3	331	538	321	526	1.38e-30	120
7_400	2_350	38.462	221	128	7	322	538	320	536	1.63e-29	116
7_400	2_250	34.694	196	110	5	348	531	16	205	8.27e-19	81.3
7_400	2_340	30.189	212	129	8	336	539	1	201	1.61e-15	73.9
7_400	2_280	29.897	194	126	6	336	525	1	188	5.61e-13	65.9
7_400	2_339	26.887	212	136	7	336	539	1	201	1.99e-12	64.3
7_400	2_375	31.138	167	94	7	369	522	501	659	5.57e-10	56.2
7_400	2_233	32.065	184	107	8	354	528	24	198	1.06e-09	53.5
7_400	2_252	23.853	218	133	6	336	525	1	213	8.40e-09	52.4
7_400	2_70	31.148	183	104	8	355	522	26	201	4.65e-08	50.1
7_400	2_274	25.510	196	125	7	351	532	79	267	1.24e-07	48.1
7_400	2_294	38.983	59	33	1	467	522	619	677	6.36e-07	46.6
7_400	2_283	27.778	90	61	2	452	538	493	581	1.42e-06	45.4
7_400	2_401	29.412	85	52	2	441	522	172	251	4.44e-06	43.5
7_400	2_431	28.293	205	119	10	351	532	29	228	5.96e-06	42.7
7_400	2_223	30.769	78	53	1	327	404	1	77	9.42e-06	42.4
7_400	2_223	35.294	68	41	1	464	528	229	296	6.70e-05	39.7
7_400	2_277	26.699	206	131	7	336	523	9	212	3.21e-05	40.0
7_400	2_253	38.983	59	33	1	467	522	281	339	5.83e-05	40.0
7_401	2_350	99.254	536	4	0	1	536	1	536	0.0	1012
7_401	2_338	31.445	512	325	9	35	536	31	526	1.60e-54	187
7_401	2_482	38.914	221	127	7	320	536	322	538	6.92e-30	117
7_401	2_513	35.407	209	123	6	328	531	319	520	1.21e-23	99.0
7_401	2_560	37.500	192	112	3	349	536	3	190	3.87e-16	71.6
7_401	2_340	32.558	215	117	9	334	536	2	200	2.62e-15	73.2
7_401	2_250	30.189	212	132	8	334	534	2	208	4.37e-14	67.4
7_401	2_375	31.551	187	110	5	319	495	455	633	4.52e-14	69.3
7_401	2_339	31.373	204	111	9	346	536	13	200	2.19e-11	60.8
7_401	2_274	31.527	203	114	11	349	536	79	271	2.56e-08	50.1
7_401	2_252	44.898	49	27	0	346	394	13	61	8.81e-08	48.9
7_401	2_280	28.505	214	123	10	334	534	2	198	7.72e-07	46.2
7_401	2_233	27.273	209	130	9	336	533	8	205	3.06e-06	43.1
7_401	2_70	26.136	176	110	6	363	524	36	205	1.66e-05	41.6
7_401	2_283	33.333	66	43	1	331	396	36	100	2.72e-05	41.2
7_401	2_294	36.508	63	34	2	364	424	38	96	8.29e-05	39.7
7_401	2_401	38.000	100	46	5	327	415	1	95	1.49e-04	38.5
7_401	2_494	22.527	182	118	4	364	522	37	218	5.06e-04	36.6
7_401	2_253	27.132	129	76	4	302	425	23	138	6.44e-04	36.6
7_401	2_429	26.230	183	118	8	365	534	37	215	8.20e-04	36.2
7_402	2_165	100.000	176	0	0	1	176	1	176	4.67e-131	359
7_402	2_239	40.741	54	29	1	19	69	6	59	2.05e-06	41.6
7_402	2_239	28.415	183	118	5	5	175	157	338	2.77e-06	41.2
7_402	2_355	39.344	61	33	3	19	76	10	69	1.44e-04	35.8
7_403	2_439	98.788	660	8	0	1	660	1	660	0.0	1321
7_403	2_284	65.393	471	140	6	189	653	80	533	0.0	599
7_403	2_284	42.500	120	41	6	1	104	4	111	4.99e-14	69.3
7_403	2_544	42.857	427	225	5	209	633	220	629	1.34e-104	326
7_403	2_517	37.064	545	265	19	126	632	4	508	3.61e-80	258
7_403	2_561	35.635	362	182	7	300	634	23	360	3.31e-60	201
7_403	2_382	31.670	461	251	12	214	632	95	533	4.48e-52	184
7_403	2_524	39.655	58	33	2	237	293	143	199	4.07e-06	42.7
7_404	2_166	100.000	457	0	0	1	457	1	457	0.0	937
7_405	2_438	99.502	201	1	0	1	201	1	201	3.30e-149	407
7_406	2_167	100.000	316	0	0	1	316	1	316	0.0	625
7_407	2_285	99.433	705	4	0	1	705	1	705	0.0	1377
7_408	2_233	99.580	238	1	0	1	238	1	238	6.57e-175	475
7_408	2_70	35.349	215	114	6	25	223	26	231	5.76e-24	94.4
7_408	2_70	32.051	78	53	0	136	213	407	484	3.44e-07	45.1
7_408	2_494	40.000	85	51	0	133	217	156	240	6.57e-17	72.8
7_408	2_195	28.444	225	136	8	22	223	143	365	9.50e-17	73.6
7_408	2_250	27.805	205	136	6	22	218	20	220	2.11e-15	68.6
7_408	2_429	25.676	222	145	6	5	212	6	221	4.96e-14	65.5
7_408	2_429	25.446	224	142	7	22	225	283	501	3.29e-09	51.2
7_408	2_253	32.353	102	68	1	133	233	278	379	1.88e-12	60.8
7_408	2_253	31.915	47	32	0	22	68	63	109	0.001	34.3
7_408	2_401	33.571	140	82	4	90	221	143	279	2.08e-12	60.5
7_408	2_294	30.108	93	64	1	133	224	616	708	6.43e-12	59.3
7_408	2_294	40.426	47	28	0	21	67	23	69	1.86e-07	45.8
7_408	2_283	32.292	96	63	2	127	221	500	594	1.68e-11	58.2
7_408	2_283	30.556	72	46	3	21	89	53	123	3.28e-04	35.8
7_408	2_340	29.596	223	136	8	8	221	4	214	4.04e-11	57.0
7_408	2_223	31.313	99	67	1	136	233	232	330	1.82e-10	54.7
7_408	2_375	29.630	189	109	7	38	212	500	678	1.83e-10	55.1
7_408	2_431	24.783	230	150	7	22	230	30	257	2.39e-10	54.3
7_408	2_560	31.544	149	93	4	24	167	6	150	3.26e-10	52.8
7_408	2_513	28.646	192	103	6	22	197	340	513	1.28e-09	52.4
7_408	2_482	31.522	184	108	8	24	198	354	528	1.95e-09	51.6
7_408	2_274	24.272	206	141	6	25	220	83	283	2.13e-09	51.2
7_408	2_280	27.000	200	123	7	22	211	17	203	8.84e-09	50.1
7_408	2_350	25.943	212	129	9	8	205	336	533	6.74e-07	44.3
7_408	2_339	27.174	184	109	7	24	196	19	188	6.79e-07	44.3
7_408	2_252	21.397	229	162	8	5	226	319	536	6.87e-07	43.9
7_408	2_252	22.363	237	149	6	5	213	1	230	1.09e-05	40.4
7_408	2_277	26.582	79	57	1	135	212	153	231	3.09e-06	41.6
7_408	2_338	25.414	181	122	5	22	197	342	514	3.99e-06	41.6
7_409	2_168	100.000	304	0	0	1	304	1	304	0.0	591
7_409	2_95	21.908	283	199	6	31	300	36	309	1.18e-12	62.0
7_410	2_286	99.827	578	1	0	1	578	1	578	0.0	1159
7_411	2_495	99.877	810	1	0	1	810	1	810	0.0	1617
7_411	2_341	35.542	830	419	31	1	776	1	768	3.39e-108	345
7_411	2_467	34.634	820	448	28	1	778	1	774	1.04e-107	343
7_411	2_462	33.333	831	451	26	1	779	1	780	8.97e-102	328
7_411	2_409	44.776	67	30	2	14	73	9	75	5.97e-09	48.1
7_412	2_169	100.000	127	0	0	1	127	1	127	2.16e-88	248
7_413	2_170	100.000	285	0	0	1	285	1	285	0.0	552
7_413	2_171	42.748	262	132	5	26	281	1	250	4.92e-54	171
7_413	2_176	42.786	201	111	2	84	280	43	243	6.49e-48	155
7_414	2_171	100.000	263	0	0	1	263	1	263	0.0	518
7_414	2_170	42.748	262	132	5	1	250	26	281	4.54e-54	171
7_414	2_176	38.976	254	139	5	1	249	1	243	3.93e-48	155
7_415	2_176	99.592	245	1	0	1	245	1	245	2.57e-180	489
7_415	2_170	42.786	201	111	2	43	243	84	280	5.46e-48	155
7_415	2_171	38.281	256	138	6	1	243	1	249	8.65e-48	154
7_416	2_432	99.088	1425	12	1	1	1425	1	1424	0.0	2841
7_417	2_172	100.000	411	0	0	1	411	1	411	0.0	820
7_419	2_434	99.505	202	1	0	1	202	1	202	7.07e-145	396
7_420	2_291	99.795	487	1	0	1	487	1	487	0.0	968
7_421	2_290	99.567	231	1	0	1	231	1	231	3.42e-161	440
7_422	2_289	99.051	527	5	0	1	527	1	527	0.0	1015
7_423	2_230	99.457	184	1	0	1	184	1	184	2.42e-135	371
7_424	2_505	100.000	161	0	0	1	161	128	288	1.04e-110	311
7_425	2_287	99.804	511	1	0	1	511	1	511	0.0	1044
7_425	2_322	43.385	325	173	6	105	423	125	444	1.15e-74	239
7_425	2_320	22.712	295	216	6	49	340	63	348	3.85e-08	50.1
7_425	2_173	22.819	298	203	11	116	400	119	402	4.06e-06	43.5
7_426	2_173	100.000	457	0	0	1	457	1	457	0.0	926
7_426	2_320	37.168	452	279	4	2	450	7	456	1.83e-104	314
7_426	2_322	24.291	247	181	5	15	260	37	278	7.38e-08	48.9
7_426	2_287	22.819	298	203	11	119	402	116	400	3.36e-06	43.5
7_427	2_174	100.000	306	0	0	1	306	1	306	0.0	630
7_427	2_384	27.241	290	173	9	10	278	21	293	1.79e-21	87.0
7_427	2_207	22.939	279	185	10	9	277	5	263	2.28e-08	48.9
7_427	2_484	22.137	262	169	7	12	261	8	246	2.77e-06	42.7
7_427	2_450	27.397	73	51	1	7	79	2	72	3.90e-05	38.9
7_427	2_34	32.877	73	43	1	186	258	180	246	2.62e-04	36.2
7_428	2_175	100.000	361	0	0	1	361	1	361	0.0	736
7_429	2_435	99.083	218	2	0	1	218	1	218	3.77e-161	439
7_430	2_436	99.170	241	2	0	1	241	1	241	5.13e-180	488
7_431	2_232	99.593	246	1	0	1	246	1	246	0.0	497
7_432	2_332	99.701	335	1	0	1	335	1	335	0.0	675
7_432	2_331	41.538	325	177	7	7	325	7	324	1.57e-71	220
7_432	2_272	27.195	353	208	16	9	326	325	663	5.47e-13	64.3
7_433	2_177	100.000	120	0	0	1	120	1	120	6.14e-85	238
7_434	2_416	99.376	641	4	0	1	641	1	641	0.0	1279
7_434	2_39	44.288	639	333	9	3	626	5	635	1.57e-168	491
7_435	2_178	100.000	77	0	0	1	77	1	77	1.96e-49	145
7_436	2_551	98.825	936	11	0	26	961	1	936	0.0	1798
7_436	2_302	30.343	903	577	20	3	883	12	884	2.93e-91	314
7_436	2_514	29.844	449	225	15	1	399	1	409	1.96e-40	152
7_437	2_179	100.000	90	0	0	1	90	1	90	1.26e-61	177
7_438	2_180	100.000	156	0	0	1	156	1	156	1.35e-117	323
7_439	2_181	100.000	126	0	0	1	126	1	126	2.44e-88	247
7_440	2_182	100.000	174	0	0	1	174	1	174	6.42e-126	346
7_441	2_219	99.344	305	2	0	1	305	1	305	0.0	617
7_441	2_298	24.128	344	194	13	4	298	157	482	1.72e-04	37.4
7_442	2_221	99.296	142	1	0	1	142	1	142	3.46e-98	273
7_443	2_224	99.776	446	1	0	1	446	1	446	0.0	891
7_444	2_425	98.849	1477	10	1	1	1470	1	1477	0.0	2954
7_444	2_372	22.222	720	356	26	789	1426	188	785	2.46e-17	82.4
7_445	2_300	99.835	607	1	0	1	607	1	607	0.0	1220
7_446	2_429	99.609	512	2	0	1	512	1	512	0.0	1014
7_446	2_70	30.392	510	327	13	11	509	12	504	4.81e-54	185
7_446	2_280	23.938	259	169	9	6	263	1	232	1.51e-14	70.9
7_446	2_280	23.301	206	140	4	282	487	16	203	1.42e-06	45.4
7_446	2_274	25.108	231	157	8	6	228	60	282	5.49e-14	67.4
7_446	2_274	30.263	76	53	0	412	487	199	274	1.89e-04	37.7
7_446	2_339	25.592	211	143	5	6	215	1	198	8.04e-14	68.6
7_446	2_339	26.531	196	126	5	277	472	11	188	9.14e-11	58.9
7_446	2_233	25.676	222	145	6	6	221	5	212	1.05e-13	65.5
7_446	2_233	25.446	224	142	7	283	501	22	225	8.84e-09	50.8
7_446	2_340	28.194	227	133	7	282	505	16	215	2.04e-13	67.0
7_446	2_340	25.688	218	140	7	20	235	15	212	2.34e-13	67.0
7_446	2_250	27.273	220	125	10	21	225	19	218	3.77e-12	61.2
7_446	2_250	25.541	231	157	8	264	492	1	218	6.27e-06	42.4
7_446	2_494	27.027	222	133	8	286	489	26	236	4.14e-12	61.6
7_446	2_494	24.576	236	141	7	13	223	14	237	4.42e-12	61.6
7_446	2_277	24.464	233	160	7	22	245	27	252	1.41e-11	59.3
7_446	2_277	21.875	224	167	5	267	487	12	230	1.32e-07	47.4
7_446	2_223	30.147	136	88	4	112	244	202	333	7.66e-11	58.5
7_446	2_223	28.431	102	68	3	6	107	10	106	3.40e-08	50.1
7_446	2_223	25.287	87	64	1	404	489	224	310	4.45e-05	40.0
7_446	2_253	36.634	101	54	3	129	223	264	360	8.88e-11	58.2
7_446	2_253	35.443	79	50	1	412	489	281	359	3.98e-07	46.6
7_446	2_253	41.071	56	29	1	6	57	43	98	5.82e-06	43.1
7_446	2_283	34.409	93	54	2	402	490	498	587	1.52e-10	58.2
7_446	2_283	29.213	89	58	2	133	220	500	584	8.37e-08	49.3
7_446	2_283	29.348	92	54	4	16	104	48	131	7.60e-07	46.2
7_446	2_513	29.545	220	114	7	2	206	320	513	1.99e-10	57.4
7_446	2_401	23.420	269	153	9	29	246	30	296	1.03e-09	54.7
7_446	2_401	32.609	92	57	2	399	489	184	271	1.00e-06	45.4
7_446	2_195	25.424	236	134	10	22	230	143	363	1.12e-09	54.7
7_446	2_195	25.296	253	145	8	262	487	118	353	4.36e-08	49.7
7_446	2_294	30.097	103	62	3	129	225	602	700	4.72e-08	50.1
7_446	2_294	27.723	101	72	1	410	509	617	717	1.48e-05	42.0
7_446	2_252	24.064	187	126	4	6	176	1	187	4.94e-07	46.6
7_446	2_431	26.267	217	134	9	32	230	40	248	4.45e-06	43.1
7_446	2_431	33.333	81	53	1	410	489	160	240	6.53e-05	39.7
7_446	2_560	25.000	160	108	5	22	179	4	153	5.76e-06	41.6
7_446	2_375	22.353	170	119	4	37	202	499	659	2.69e-05	41.2
7_446	2_350	26.230	183	118	8	37	215	365	534	5.08e-04	37.0
7_446	2_218	27.184	103	72	1	373	472	795	897	7.32e-04	36.6
7_447	2_552	95.199	1333	34	4	55	1374	1	1316	0.0	2424
7_447	2_433	86.000	50	7	0	1	50	1	50	4.65e-22	85.5
7_447	2_518	29.677	155	101	3	10	162	13	161	8.49e-13	67.4
7_447	2_476	28.931	159	100	4	2	150	6	161	8.14e-11	61.2
7_447	2_491	26.923	156	100	7	7	156	12	159	8.84e-07	47.8
7_447	2_402	30.864	162	92	7	55	209	60	208	8.72e-05	41.2
7_448	2_519	98.409	1823	26	2	1	1820	1	1823	0.0	3604
7_448	2_420	24.412	553	309	19	4	509	6	496	1.04e-14	74.3
7_448	2_477	26.556	241	150	8	1	221	1	234	5.32e-11	62.0
7_448	2_490	21.375	800	478	30	2	761	11	699	4.53e-09	55.8
7_448	2_525	27.160	243	152	7	7	239	30	257	5.41e-08	52.4
7_449	2_292	99.016	305	3	0	1	305	1	305	0.0	603
7_450	2_231	99.359	156	1	0	1	156	1	156	3.88e-112	310
7_451	2_288	99.055	741	7	0	1	741	1	741	0.0	1481
7_452	2_437	98.131	321	1	1	1	316	1	321	0.0	623
7_453	2_183	100.000	147	0	0	1	147	1	147	3.02e-106	294
7_454	2_234	99.310	145	1	0	1	145	1	145	5.38e-105	291
7_455	2_184	100.000	87	0	0	1	87	1	87	2.05e-61	176
7_456	2_517	99.804	510	1	0	27	536	1	510	0.0	1017
7_456	2_561	65.789	342	108	4	202	536	21	360	5.30e-154	439
7_456	2_439	39.121	478	225	15	90	534	188	632	2.26e-80	259
7_456	2_524	62.562	203	66	3	1	197	1	199	9.69e-77	236
7_456	2_284	34.926	544	279	22	17	534	18	512	8.73e-74	239
7_456	2_544	36.548	394	221	9	151	535	256	629	4.26e-60	204
7_456	2_382	31.614	446	261	9	122	534	99	533	1.92e-51	179
7_457	2_561	100.000	343	0	0	203	545	18	360	0.0	701
7_457	2_517	61.905	525	179	8	27	545	1	510	0.0	611
7_457	2_524	99.512	205	1	0	1	205	1	205	1.34e-141	402
7_457	2_284	32.849	551	294	17	17	545	18	514	2.49e-75	243
7_457	2_439	34.914	464	244	11	107	545	204	634	2.77e-73	241
7_457	2_544	32.374	417	231	12	144	544	248	629	2.68e-51	180
7_457	2_382	30.901	466	255	14	116	543	97	533	3.62e-49	173
7_458	2_486	99.618	524	2	0	1	524	1	524	0.0	1013
7_458	2_309	24.301	465	302	18	4	429	9	462	1.05e-13	67.8
7_459	2_185	100.000	510	0	0	1	510	1	510	0.0	1046
7_460	2_278	99.367	158	1	0	1	158	1	158	1.77e-114	316
7_461	2_279	98.382	309	5	0	1	309	1	309	0.0	591
7_462	2_280	99.869	766	1	0	1	766	1	766	0.0	1509
7_462	2_339	30.788	812	476	21	1	766	1	772	2.42e-92	300
7_462	2_340	39.823	452	246	10	1	440	1	438	1.55e-89	290
7_462	2_340	33.588	131	87	0	636	766	516	646	1.64e-15	74.7
7_462	2_274	32.735	223	133	7	1	209	60	279	3.53e-24	98.6
7_462	2_429	24.324	259	168	9	1	232	6	263	1.81e-14	71.2
7_462	2_429	23.301	206	140	4	16	203	282	487	3.01e-06	44.7
7_462	2_494	27.014	211	127	7	17	201	23	232	1.94e-14	69.3
7_462	2_482	30.412	194	125	6	1	188	336	525	3.53e-13	67.0
7_462	2_70	29.630	216	130	6	2	201	8	217	3.88e-13	67.0
7_462	2_223	32.990	97	63	1	1	95	10	106	1.28e-09	55.5
7_462	2_513	27.230	213	130	7	1	199	324	525	2.69e-09	54.7
7_462	2_536	25.823	395	236	18	302	659	86	460	7.60e-09	53.1
7_462	2_338	28.708	209	138	6	2	204	327	530	8.15e-09	53.1
7_462	2_401	34.483	87	53	2	119	202	183	268	2.01e-08	51.6
7_462	2_560	33.557	149	76	7	34	171	21	157	2.97e-08	49.3
7_462	2_233	27.000	200	123	7	17	203	22	211	3.39e-08	49.7
7_462	2_283	30.357	112	75	2	2	111	39	149	3.39e-08	51.2
7_462	2_283	31.081	74	49	1	129	200	508	581	1.71e-05	42.4
7_462	2_195	25.561	223	120	8	15	198	141	356	1.01e-07	49.3
7_462	2_250	27.149	221	125	10	1	198	1	208	2.09e-07	47.8
7_462	2_277	29.545	88	59	2	115	200	141	227	4.44e-07	46.6
7_462	2_253	29.600	125	78	5	115	230	267	390	4.48e-07	47.4
7_462	2_294	30.476	105	65	2	129	225	619	723	5.87e-07	47.4
7_462	2_350	28.505	214	123	10	2	198	334	534	9.45e-07	46.6
7_462	2_252	26.027	219	131	9	1	204	319	521	1.39e-05	42.7
7_462	2_252	20.851	235	133	6	1	198	1	219	1.57e-05	42.4
7_462	2_431	32.051	78	51	1	122	197	155	232	1.44e-05	42.4
7_462	2_218	36.585	82	43	4	129	204	834	912	1.68e-05	42.7
7_462	2_218	31.068	103	61	4	93	190	460	557	0.001	37.0
7_462	2_375	24.638	207	127	6	13	195	468	669	9.18e-05	40.0
7_463	2_186	100.000	321	0	0	1	321	1	321	0.0	642
7_463	2_531	22.892	249	168	11	57	298	29	260	2.34e-05	39.7
7_464	2_496	99.462	743	4	0	1	743	1	743	0.0	1475
7_464	2_215	25.878	769	431	26	6	727	16	692	1.84e-44	165
7_464	2_457	37.179	78	31	4	197	266	124	191	8.84e-04	37.0
7_465	2_473	73.077	104	28	0	8	111	5	108	7.01e-50	150
7_465	2_543	49.573	117	48	4	13	122	4	116	1.46e-27	93.6
7_466	2_543	99.130	115	1	0	8	122	1	115	8.81e-79	223
7_466	2_473	44.444	108	53	3	7	114	6	106	5.74e-22	79.7
7_467	2_404	99.393	659	4	0	1	659	1	659	0.0	1319
7_468	2_473	62.698	126	46	1	8	132	5	130	4.02e-50	151
7_468	2_543	50.893	112	48	3	13	117	4	115	5.80e-28	94.7
7_469	2_386	99.700	666	2	0	1	666	1	666	0.0	1342
7_469	2_483	64.198	81	29	0	232	312	211	291	6.63e-26	107
7_470	2_392	99.029	103	1	0	1	103	1	103	2.66e-69	197
7_471	2_187	100.000	93	0	0	1	93	1	93	6.75e-61	175
7_472	2_188	100.000	278	0	0	1	278	1	278	0.0	552
7_473	2_468	99.681	627	2	0	1	627	1	627	0.0	1244
7_474	2_260	99.555	449	2	0	1	449	1	449	0.0	919
7_474	2_246	28.049	246	157	9	18	255	14	247	9.86e-13	64.3
7_474	2_246	46.154	39	21	0	409	447	503	541	1.14e-05	42.0
7_474	2_566	23.176	466	288	19	14	442	52	484	2.24e-09	53.5
7_475	2_189	100.000	64	0	0	1	64	1	64	8.34e-41	122
7_476	2_190	100.000	216	0	0	1	216	1	216	3.75e-157	429
7_477	2_191	100.000	136	0	0	1	136	1	136	5.62e-92	257
7_478	2_263	99.425	174	1	0	1	174	1	174	7.27e-130	356
7_479	2_192	100.000	146	0	0	1	146	1	146	2.59e-102	284
7_480	2_193	100.000	127	0	0	1	127	1	127	1.92e-87	245
7_481	2_357	99.346	153	1	0	1	153	1	153	1.95e-107	298
7_482	2_194	100.000	143	0	0	1	143	1	143	1.84e-100	279
7_483	2_449	98.621	145	2	0	1	145	1	145	5.74e-105	291
7_484	2_195	100.000	469	0	0	1	469	1	469	0.0	967
7_484	2_431	40.361	332	194	3	116	447	5	332	1.47e-74	233
7_484	2_294	44.737	114	63	0	273	386	615	728	2.69e-30	119
7_484	2_294	31.579	95	60	2	153	247	34	123	2.78e-07	47.4
7_484	2_253	45.082	122	66	1	269	389	273	394	1.41e-28	112
7_484	2_253	35.185	108	53	4	139	239	59	156	1.62e-11	60.5
7_484	2_250	26.800	250	159	8	122	370	3	229	1.79e-18	80.1
7_484	2_233	28.444	225	136	8	143	365	22	223	3.88e-16	72.4
7_484	2_223	32.520	123	71	3	247	357	190	312	7.34e-15	70.9
7_484	2_283	32.432	111	74	1	274	384	505	614	7.51e-15	71.2
7_484	2_494	27.778	234	146	5	146	367	26	248	2.68e-14	68.2
7_484	2_274	30.769	195	114	7	146	336	81	258	3.13e-14	67.8
7_484	2_401	23.448	145	108	2	244	388	162	303	1.68e-11	60.1
7_484	2_429	25.424	236	134	10	143	363	22	230	1.68e-09	54.3
7_484	2_429	25.581	258	148	8	115	355	259	489	3.96e-08	49.7
7_484	2_277	26.033	242	156	9	122	354	4	231	3.30e-09	52.0
7_484	2_340	25.688	218	138	7	142	359	16	209	1.20e-08	51.6
7_484	2_70	28.444	225	127	11	145	358	23	224	2.38e-08	50.4
7_484	2_70	24.483	290	175	11	99	364	224	493	1.27e-05	42.0
7_484	2_280	25.561	223	120	8	141	356	15	198	4.80e-08	49.7
7_484	2_339	25.592	211	123	8	142	347	16	197	4.67e-06	43.5
7_484	2_252	23.913	184	111	6	142	308	16	187	1.08e-04	38.9
7_484	2_218	29.897	97	57	4	277	364	834	928	1.89e-04	38.1
7_485	2_196	100.000	151	0	0	1	151	1	151	1.09e-108	301
7_485	2_0	32.500	120	78	2	15	132	22	140	7.44e-11	52.0
7_486	2_456	95.931	467	19	0	11	477	11	477	0.0	828
7_487	2_456	97.904	477	10	0	1	477	1	477	0.0	950
7_488	2_456	97.292	480	10	1	1	480	1	477	0.0	937
7_489	2_197	100.000	113	0	0	1	113	1	113	7.11e-82	230
7_490	2_198	100.000	96	0	0	1	96	1	96	1.58e-68	195
7_491	2_257	99.694	327	1	0	1	327	1	327	0.0	659
7_492	2_199	100.000	1065	0	0	1	1065	1	1065	0.0	2137
7_492	2_417	26.625	323	183	13	623	907	917	1223	8.58e-14	70.5
7_492	2_417	37.383	107	59	3	297	397	281	385	5.06e-10	58.2
7_493	2_200	100.000	285	0	0	1	285	1	285	0.0	558
7_494	2_201	100.000	266	0	0	1	266	1	266	0.0	511
7_495	2_460	99.784	462	1	0	1	462	1	462	0.0	930
7_496	2_374	99.824	569	1	0	1	569	1	569	0.0	1102
7_496	2_71	30.556	216	124	4	79	285	18	216	5.92e-12	61.2
7_497	2_352	99.155	828	7	0	1	828	1	828	0.0	1665
7_497	2_461	28.734	616	325	23	246	809	252	805	1.28e-45	170
7_498	2_202	100.000	190	0	0	1	190	1	190	3.93e-143	391
7_499	2_480	99.752	404	1	0	1	404	1	404	0.0	811
7_500	2_272	99.850	665	1	0	1	665	1	665	0.0	1345
7_500	2_331	23.235	340	194	13	321	637	1	296	1.47e-09	54.3
7_500	2_332	28.452	239	134	10	325	557	9	216	1.52e-08	51.2
7_501	2_203	100.000	331	0	0	1	331	1	331	0.0	660
7_502	2_204	100.000	203	0	0	1	203	1	203	7.05e-147	401
7_503	2_514	99.656	582	2	0	1	582	1	582	0.0	1155
7_503	2_302	35.516	397	209	11	37	417	60	425	3.10e-55	197
7_503	2_551	30.402	398	206	11	37	409	23	374	4.16e-40	151
7_505	2_473	99.231	130	1	0	1	130	1	130	3.01e-92	257
7_505	2_543	45.217	115	56	3	7	114	1	115	9.07e-26	89.0
7_506	2_205	100.000	149	0	0	1	149	1	149	1.74e-111	308
7_507	2_244	99.375	160	1	0	1	160	1	160	5.30e-113	312
7_508	2_206	100.000	112	0	0	1	112	1	112	2.69e-78	221
7_509	2_207	100.000	267	0	0	1	267	1	267	0.0	541
7_509	2_384	26.502	283	175	9	3	260	19	293	4.52e-16	71.2
7_509	2_484	32.895	228	137	8	1	219	1	221	4.19e-15	69.3
7_509	2_450	23.897	272	196	8	4	265	2	272	2.25e-11	57.4
7_509	2_174	22.968	283	187	11	2	263	5	277	1.52e-08	48.9
7_509	2_34	32.203	59	40	0	183	241	188	246	1.11e-04	37.4
7_510	2_488	100.000	311	0	0	169	479	1	311	0.0	626
7_510	2_564	100.000	171	0	0	1	171	1	171	5.88e-125	356
7_510	2_459	23.592	373	216	15	38	359	197	551	6.27e-04	36.6
7_511	2_465	99.512	615	3	0	1	615	1	615	0.0	1262
7_512	2_208	100.000	90	0	0	1	90	1	90	1.90e-57	166
7_513	2_209	100.000	221	0	0	1	221	1	221	2.70e-164	447
7_514	2_210	100.000	219	0	0	1	219	1	219	3.27e-160	436
7_515	2_211	100.000	70	0	0	1	70	1	70	3.07e-44	131
7_516	2_344	99.352	463	3	0	1	463	1	463	0.0	931
7_517	2_478	96.992	133	4	0	1	133	1	133	2.47e-89	250
7_518	2_440	100.000	154	0	0	1	154	1	154	7.32e-106	327
7_519	2_391	99.569	696	3	0	1	696	1	696	0.0	1381
7_520	2_311	99.855	692	1	0	1	692	1	692	0.0	1370
7_521	2_522	88.764	267	9	1	1	267	1	246	6.47e-173	472
7_522	2_213	100.000	95	0	0	1	95	1	95	2.42e-67	192
7_524	2_214	100.000	78	0	0	1	78	1	78	3.09e-52	152
7_525	2_284	99.273	550	4	0	1	550	4	553	0.0	1120
7_525	2_439	64.756	471	143	6	77	530	189	653	0.0	594
7_525	2_439	43.333	120	40	6	1	108	1	104	7.53e-14	68.6
7_525	2_544	39.794	485	270	6	41	510	152	629	8.84e-108	331
7_525	2_517	35.785	503	257	20	43	509	36	508	2.39e-74	240
7_525	2_561	34.104	346	185	7	196	511	28	360	9.23e-56	186
7_525	2_382	30.496	423	234	11	141	516	131	540	5.49e-44	159
7_525	2_524	30.476	210	115	9	5	192	6	206	1.74e-12	61.2
7_526	2_441	93.873	3803	187	13	1	3784	1	3776	0.0	6936
7_526	2_440	25.660	265	138	13	346	572	496	739	3.19e-05	44.3
7_527	2_473	63.492	126	43	1	8	130	5	130	3.09e-50	151
7_527	2_543	50.000	112	49	3	13	117	4	115	1.09e-27	94.0
7_528	2_215	100.000	699	0	0	1	699	1	699	0.0	1417
7_528	2_496	25.878	769	431	26	16	692	6	727	1.35e-44	165
7_529	2_475	98.992	496	5	0	1	496	1	496	0.0	964
7_529	2_520	27.250	400	247	14	122	489	186	573	1.80e-22	95.1
7_530	2_216	100.000	181	0	0	1	181	1	181	8.06e-131	359
7_531	2_558	98.805	251	3	0	2	252	1	251	4.35e-180	489
7_531	2_160	29.932	147	96	3	111	252	82	226	5.77e-09	49.7
7_533	2_426	98.165	109	2	0	1	109	41	149	6.60e-73	208
7_533	2_328	38.298	47	29	0	38	84	79	125	1.19e-05	36.6
7_534	2_428	94.118	51	3	0	1	51	1	51	2.68e-31	97.8
7_535	2_451	98.148	54	1	0	1	54	33	86	3.83e-35	109
7_536	2_452	98.214	56	1	0	1	56	1	56	1.58e-34	107
7_537	2_217	100.000	232	0	0	1	232	1	232	5.78e-171	465
7_538	2_422	55.024	209	91	2	3	211	174	379	5.48e-57	180
7_539	2_504	100.000	55	0	0	1	55	1	55	5.52e-35	107
7_540	2_505	100.000	288	0	0	1	288	1	288	0.0	563
7_541	2_509	98.253	229	4	0	1	229	1	229	1.12e-164	449
7_542	2_430	97.832	692	14	1	35	726	70	760	0.0	1362
7_542	2_548	37.997	679	350	21	41	692	5	639	5.49e-121	372
7_542	2_483	28.399	331	196	11	250	551	321	639	1.30e-27	113
7_543	2_569	99.705	339	1	0	1	339	1	339	0.0	698
7_544	2_511	99.620	263	1	0	1	263	1	263	0.0	511
7_544	2_239	33.846	65	33	4	113	171	5	65	1.70e-04	37.0
7_544	2_137	35.000	60	27	2	113	164	159	214	3.32e-04	35.8
7_544	2_355	29.524	105	66	3	113	212	9	110	0.001	34.3
7_546	2_536	98.785	576	7	0	1	576	1	576	0.0	1109
7_546	2_280	26.722	363	209	17	40	382	252	577	1.69e-09	55.1
7_547	2_550	99.639	277	1	0	1	277	1	277	0.0	543
7_548	2_562	98.942	378	4	0	1	378	1	378	0.0	725
7_549	2_212	100.000	46	0	0	1	46	1	46	1.37e-29	94.7
7_549	2_547	90.625	32	3	0	1	32	139	170	2.02e-17	65.9
7_550	2_371	99.180	366	3	0	1	366	12	377	0.0	734
7_551	2_546	99.454	183	1	0	1	183	1	183	1.66e-124	343
7_552	2_549	99.588	486	2	0	1	486	1	486	0.0	963
7_553	2_324	98.864	88	1	0	1	88	315	402	7.30e-56	172
7_554	2_529	100.000	86	0	0	1	86	1	86	1.32e-59	171
7_555	2_532	99.839	620	1	0	1	620	1	620	0.0	1247
7_557	2_515	99.010	101	1	0	3	103	1	101	1.49e-64	203
7_558	2_520	98.132	589	3	2	1	589	1	581	0.0	1128
7_558	2_475	28.000	400	244	15	194	581	122	489	9.06e-23	96.3
7_559	2_538	99.831	591	1	0	1	591	1	591	0.0	1167
7_560	2_530	100.000	319	0	0	1	319	1	319	0.0	633
7_561	2_473	69.388	98	30	0	8	105	5	102	1.63e-45	138
7_561	2_543	48.000	100	45	3	13	105	4	103	9.17e-22	77.8
7_562	2_540	99.745	392	1	0	1	392	1	392	0.0	790
7_563	2_557	99.788	945	2	0	1	945	1	945	0.0	1895
7_564	2_554	98.431	255	4	0	1	255	1	255	1.10e-176	481
7_565	2_376	99.038	208	2	0	38	245	1	208	6.87e-151	414
7_565	2_98	26.554	177	119	5	55	224	28	200	4.63e-10	52.8
7_566	2_521	94.088	592	33	2	1	592	1	590	0.0	1068
7_567	2_521	95.932	590	23	1	1	589	1	590	0.0	1090
7_568	2_521	96.441	590	20	1	1	589	1	590	0.0	1122
7_569	2_333	99.724	362	1	0	1	362	17	378	0.0	719
7_570	2_545	99.278	277	2	0	17	293	1	277	0.0	537
7_571	2_531	100.000	278	0	0	1	278	1	278	0.0	536
7_571	2_186	24.364	275	181	13	5	260	32	298	1.77e-09	52.0
7_572	2_542	99.353	309	2	0	1	309	6	314	0.0	584
7_572	2_499	21.659	217	155	6	103	304	1	217	6.67e-05	37.7
7_573	2_563	99.567	462	2	0	1	462	49	510	0.0	917
7_573	2_503	39.915	471	209	17	1	457	19	429	3.36e-77	243
7_573	2_527	35.673	342	147	11	40	360	1	290	3.61e-47	159
7_573	2_500	78.261	92	19	1	305	395	5	96	2.08e-45	148
7_573	2_526	71.622	74	21	0	29	102	1	74	5.46e-28	108
7_573	2_526	75.000	56	14	0	305	360	263	318	1.58e-23	95.5
7_574	2_527	49.310	290	143	3	38	323	1	290	8.73e-92	274
7_574	2_563	70.222	225	57	5	210	425	287	510	3.85e-86	267
7_574	2_563	68.367	98	28	2	4	101	54	148	4.83e-36	133
7_574	2_503	42.271	414	188	11	4	400	24	403	7.67e-84	258
7_574	2_500	90.625	96	9	0	263	358	1	96	1.83e-57	179
7_574	2_526	58.025	81	31	1	27	107	1	78	5.57e-22	90.9
7_574	2_526	61.644	73	24	2	254	323	247	318	4.14e-21	88.2
7_575	2_527	99.310	290	2	0	40	329	1	290	0.0	589
7_575	2_503	47.191	445	190	14	1	430	19	433	2.91e-101	303
7_575	2_563	44.213	432	186	11	1	390	49	467	1.19e-96	294
7_575	2_526	40.653	337	145	15	29	329	1	318	2.39e-53	176
7_575	2_500	79.348	92	19	0	273	364	5	96	1.32e-49	159
7_577	2_533	100.000	40	0	0	1	40	1	40	7.81e-22	73.2
7_580	2_526	99.686	318	1	0	48	365	1	318	0.0	640
7_580	2_503	45.455	484	196	13	2	468	1	433	4.77e-103	310
7_580	2_563	82.203	118	21	0	1	118	30	147	7.60e-60	199
7_580	2_563	64.957	117	39	1	310	426	353	467	8.27e-46	161
7_580	2_527	38.957	326	144	15	59	365	1	290	8.88e-47	159
7_580	2_500	77.660	94	20	1	308	400	3	96	4.35e-46	150
7_581	2_547	94.611	167	9	0	121	287	4	170	8.47e-116	326
7_581	2_555	97.368	114	1	1	1	112	1	114	3.93e-72	213
7_581	2_298	32.645	242	160	3	62	303	336	574	6.52e-36	131
7_581	2_212	97.826	46	1	0	256	301	1	46	9.79e-27	95.9
7_581	2_219	26.582	158	97	5	56	203	150	298	1.05e-04	37.7
7_582	2_503	99.078	434	4	0	1	434	1	434	0.0	873
7_582	2_527	42.809	299	133	12	58	327	1	290	6.42e-54	176
7_582	2_563	72.269	119	32	1	1	119	31	148	8.89e-50	171
7_582	2_563	50.694	144	64	3	251	392	331	469	6.99e-39	141
7_582	2_526	39.275	331	138	12	47	327	1	318	2.72e-48	162
7_582	2_500	60.417	96	36	2	268	361	1	96	8.04e-34	117
7_583	2_568	99.145	117	1	0	1	117	101	217	9.22e-83	236
7_584	2_567	100.000	23	0	0	1	23	1	23	1.33e-12	48.9
