30_0	21_401	99.545	220	1	0	1	220	1	220	8.88e-157	428
30_1	21_297	98.750	160	2	0	1	160	1	160	7.69e-111	307
30_2	21_86	100.000	227	0	0	1	227	1	227	5.08e-165	449
30_3	21_480	99.719	356	1	0	1	356	1	356	0.0	721
30_4	21_238	99.853	679	1	0	1	679	1	679	0.0	1340
30_4	21_585	24.324	407	264	14	272	655	122	507	5.44e-15	72.8
30_4	21_408	28.070	285	183	6	357	633	225	495	3.29e-14	70.1
30_4	21_601	30.061	326	181	16	349	653	44	343	2.40e-13	66.6
30_4	21_539	32.258	217	111	11	458	659	315	510	8.16e-12	62.8
30_4	21_166	29.193	161	93	4	500	652	38	185	1.34e-10	57.0
30_4	21_409	31.548	168	92	7	501	659	369	522	1.62e-10	58.5
30_4	21_476	31.214	173	96	8	499	663	32	189	2.19e-09	55.1
30_4	21_212	29.861	144	87	6	501	637	98	234	7.57e-09	52.4
30_4	21_82	31.176	170	93	7	499	659	365	519	8.41e-09	53.1
30_4	21_11	25.243	206	129	8	470	660	2	197	2.36e-07	47.4
30_4	21_380	31.707	164	100	5	499	660	32	185	5.11e-07	47.4
30_4	21_471	38.333	60	37	0	601	660	127	186	1.55e-06	45.8
30_4	21_475	24.590	183	124	5	499	677	32	204	3.16e-06	45.1
30_4	21_73	23.529	170	117	5	499	659	37	202	5.71e-05	40.8
30_4	21_504	44.000	50	24	1	602	647	127	176	6.07e-05	40.8
30_4	21_503	38.095	63	31	2	602	660	64	122	6.29e-05	40.8
30_4	21_325	38.095	63	31	2	602	660	127	185	8.44e-05	40.4
30_4	21_98	25.114	219	139	9	470	666	2	217	1.09e-04	39.7
30_4	21_506	41.667	48	24	1	601	644	126	173	1.24e-04	38.1
30_4	21_136	24.870	193	103	9	497	659	36	216	1.27e-04	39.3
30_4	21_505	37.288	59	33	1	593	647	118	176	1.82e-04	39.3
30_4	21_53	25.568	176	113	6	499	660	42	213	2.63e-04	37.7
30_4	21_472	33.898	59	39	0	602	660	127	185	5.89e-04	37.4
30_5	21_131	100.000	250	0	0	1	250	1	250	0.0	506
30_5	21_152	30.542	203	130	4	3	203	121	314	2.56e-17	75.1
30_6	21_105	97.600	250	6	0	1	250	1	250	2.50e-173	473
30_7	21_437	97.048	542	16	0	1	542	1	542	0.0	1061
30_8	21_152	100.000	345	0	0	1	345	1	345	0.0	706
30_8	21_131	30.542	203	130	4	121	314	3	203	3.53e-17	75.1
30_9	21_223	99.492	197	1	0	1	197	1	197	9.55e-140	383
30_10	21_465	99.720	715	2	0	1	715	1	715	0.0	1434
30_11	21_615	98.799	583	7	0	1	583	1	583	0.0	1169
30_12	21_630	98.271	1504	26	0	1	1504	1	1504	0.0	2909
30_12	21_631	98.201	278	5	0	1698	1975	1	278	0.0	572
30_13	21_547	95.726	117	5	0	1	117	1	117	1.01e-78	222
30_14	21_563	93.567	171	11	0	337	507	1	171	6.26e-111	327
30_14	21_565	91.018	167	15	0	193	359	1	167	2.52e-106	315
30_14	21_564	86.826	167	22	0	193	359	1	167	6.17e-102	304
30_14	21_489	34.034	714	395	16	2	692	3	663	7.80e-97	308
30_14	21_643	35.395	582	326	12	112	689	1	536	9.41e-88	280
30_14	21_571	42.857	84	42	3	609	690	52	131	3.50e-13	62.0
30_14	21_326	27.425	299	168	15	257	540	256	520	1.29e-12	65.5
30_15	21_383	95.848	554	16	2	1	554	1	547	0.0	1070
30_15	21_626	32.218	478	270	14	103	554	167	616	5.46e-68	226
30_15	21_647	33.686	472	275	12	93	550	164	611	9.63e-68	225
30_15	21_271	30.065	459	268	12	131	554	98	538	3.88e-51	179
30_15	21_384	40.367	218	73	6	1	208	1	171	1.72e-36	129
30_16	21_191	99.346	459	3	0	1	459	1	459	0.0	935
30_17	21_214	100.000	607	0	0	1	607	1	607	0.0	1220
30_18	21_427	99.885	870	1	0	1	870	1	870	0.0	1750
30_19	21_527	97.800	818	18	0	1	818	1	818	0.0	1643
30_19	21_537	26.248	621	341	22	251	808	244	810	1.82e-40	154
30_20	21_537	99.270	822	6	0	1	822	1	822	0.0	1665
30_20	21_527	25.280	625	342	20	244	810	251	808	1.65e-31	126
30_21	21_571	97.710	131	3	0	1	131	1	131	3.07e-91	255
30_21	21_489	49.351	77	36	2	55	130	586	660	8.16e-20	79.0
30_21	21_643	48.052	77	37	2	55	130	462	536	1.00e-15	67.0
30_22	21_326	79.487	39	8	0	14	52	526	564	4.51e-16	64.7
30_23	21_596	98.286	175	3	0	1	175	1	175	4.39e-121	334
30_24	21_626	96.019	628	9	1	1	612	1	628	0.0	1221
30_24	21_647	38.673	437	247	5	163	597	195	612	1.81e-100	313
30_24	21_383	28.710	620	336	18	8	600	7	547	9.62e-71	233
30_24	21_271	29.148	446	250	11	198	600	116	538	6.97e-48	171
30_25	21_655	96.491	57	2	0	30	86	303	359	6.26e-34	115
30_25	21_655	96.552	29	1	0	1	29	1	29	2.07e-13	58.5
30_26	21_663	99.795	975	2	0	1	975	1	975	0.0	1951
