30_0	9_0	100.000	220	0	0	1	220	1	220	1.19e-157	430
30_1	9_164	98.750	160	2	0	1	160	1	160	1.23e-111	309
30_2	9_107	100.000	227	0	0	1	227	1	227	5.36e-165	449
30_3	9_49	99.438	356	2	0	1	356	1	356	0.0	719
30_4	9_226	99.411	679	4	0	1	679	1	679	0.0	1333
30_4	9_634	25.307	407	260	14	272	655	122	507	3.28e-17	79.7
30_4	9_475	27.114	402	249	12	255	633	115	495	2.77e-14	70.5
30_4	9_651	30.061	326	181	16	349	653	44	343	1.93e-13	67.0
30_4	9_501	32.258	217	111	11	458	659	315	510	1.05e-11	62.4
30_4	9_476	31.548	168	92	7	501	659	368	521	1.11e-10	58.9
30_4	9_396	29.193	161	93	4	500	652	38	185	1.41e-10	57.0
30_4	9_627	30.556	144	86	6	501	637	94	230	2.90e-09	53.5
30_4	9_314	31.214	173	96	8	499	663	32	189	3.81e-09	54.3
30_4	9_104	31.176	170	93	7	499	659	365	519	8.87e-09	53.1
30_4	9_342	31.707	164	100	5	499	660	32	185	4.47e-07	47.8
30_4	9_526	24.757	206	130	8	470	660	2	197	7.79e-07	45.8
30_4	9_587	25.000	172	102	5	499	660	32	186	1.45e-06	45.8
30_4	9_315	25.137	183	123	5	499	677	32	204	1.47e-06	46.2
30_4	9_528	33.803	71	47	0	601	671	126	196	1.36e-05	42.7
30_4	9_606	28.079	203	115	11	470	660	2	185	1.61e-05	42.7
30_4	9_422	22.941	170	118	5	499	659	37	202	8.50e-05	40.0
30_4	9_161	37.931	58	32	1	594	647	119	176	1.18e-04	40.0
30_4	9_523	25.114	219	139	9	470	666	2	217	1.19e-04	39.7
30_4	9_295	24.870	193	103	9	497	659	36	216	1.71e-04	38.9
30_4	9_352	25.568	176	113	6	499	660	42	213	2.75e-04	37.7
30_4	9_136	33.898	59	39	0	602	660	127	185	5.76e-04	37.7
30_5	9_220	98.000	250	5	0	1	250	1	250	0.0	498
30_5	9_492	31.034	203	129	4	3	203	121	314	9.91e-18	76.3
30_5	9_414	28.333	120	74	4	58	166	501	619	2.55e-04	36.6
30_6	9_327	99.600	250	1	0	1	250	1	250	2.14e-176	480
30_7	9_413	97.601	542	13	0	1	542	1	542	0.0	1065
30_8	9_492	98.551	345	5	0	1	345	1	345	0.0	696
30_8	9_220	30.542	203	130	4	121	314	3	203	3.01e-17	75.1
30_9	9_168	100.000	197	0	0	1	197	1	197	6.79e-140	384
30_10	9_251	99.720	715	2	0	1	715	1	715	0.0	1436
30_11	9_603	98.285	583	10	0	1	583	1	583	0.0	1164
30_12	9_320	98.430	1975	31	0	1	1975	1	1975	0.0	3879
30_13	9_311	97.436	117	3	0	1	117	1	117	6.03e-80	226
30_14	9_196	93.795	693	43	0	1	693	1	693	0.0	1304
30_14	9_332	96.364	110	4	0	584	693	106	215	3.84e-66	212
30_14	9_332	91.892	111	9	0	1	111	1	111	4.75e-61	199
30_14	9_619	42.857	84	42	3	609	690	52	131	9.99e-13	60.8
30_15	9_348	96.029	554	16	2	1	554	1	548	0.0	1076
30_15	9_688	55.357	280	113	4	281	552	1	276	2.69e-100	300
30_15	9_677	29.126	618	340	19	7	554	8	597	6.96e-70	231
30_15	9_682	34.793	434	248	12	128	550	220	629	2.22e-67	225
30_15	9_359	30.065	459	268	12	131	554	98	538	2.45e-51	179
30_15	9_625	39.450	218	75	6	1	208	1	171	2.17e-35	126
30_16	9_394	98.475	459	7	0	1	459	1	459	0.0	931
30_17	9_427	99.176	607	5	0	1	607	1	607	0.0	1212
30_18	9_428	99.770	870	2	0	1	870	1	870	0.0	1749
30_19	9_467	98.289	818	14	0	1	818	1	818	0.0	1652
30_19	9_602	26.248	621	341	21	251	808	244	810	5.84e-41	156
30_20	9_602	98.905	822	9	0	1	822	1	822	0.0	1662
30_20	9_467	25.522	623	343	19	244	810	251	808	2.05e-32	129
30_21	9_619	98.473	131	2	0	1	131	1	131	1.67e-92	258
30_21	9_332	42.857	84	42	3	52	131	131	212	8.41e-15	63.2
30_21	9_196	42.857	84	42	3	52	131	609	690	2.78e-14	63.2
30_23	9_650	98.286	175	3	0	1	175	1	175	4.63e-121	334
30_24	9_677	94.617	613	28	2	1	612	1	609	0.0	1178
30_24	9_682	38.215	437	249	4	163	597	213	630	8.74e-100	312
30_24	9_348	29.355	620	333	19	8	600	7	548	7.52e-71	233
30_24	9_359	29.372	446	249	11	198	600	116	538	6.33e-49	174
30_24	9_688	29.930	284	155	5	331	596	17	274	2.50e-35	129
30_25	9_437	96.512	86	3	0	1	86	1	86	2.94e-57	169
30_26	9_236	98.960	962	10	0	14	975	4	965	0.0	1907
