3_0	1_498	99.545	220	1	0	117	336	2	221	1.53e-155	430
3_0	1_545	25.083	303	205	10	36	336	22	304	9.12e-14	65.5
3_1	1_293	99.371	159	1	0	1	159	1	159	1.38e-116	321
3_1	1_206	32.500	120	78	2	22	140	15	132	7.84e-11	52.0
3_2	1_0	100.000	96	0	0	1	96	1	96	9.14e-66	188
3_3	1_4	100.000	110	0	0	1	110	1	110	1.59e-79	224
3_4	1_5	100.000	290	0	0	1	290	1	290	0.0	578
3_4	1_433	31.955	266	150	14	23	264	25	283	3.92e-23	91.3
3_5	1_253	99.303	287	2	0	1	287	1	287	0.0	573
3_5	1_472	36.255	251	125	6	1	234	1	233	1.96e-33	118
3_6	1_254	98.765	81	1	0	1	81	1	81	4.73e-57	165
3_7	1_386	98.406	251	4	0	1	251	1	251	2.77e-178	485
3_8	1_6	100.000	335	0	0	1	335	1	335	0.0	664
3_9	1_7	100.000	333	0	0	1	333	1	333	0.0	664
3_9	1_150	34.375	192	115	3	125	314	101	283	3.87e-25	99.8
3_10	1_8	100.000	189	0	0	1	189	1	189	2.95e-140	384
3_11	1_9	100.000	152	0	0	1	152	1	152	1.21e-110	306
3_12	1_11	100.000	463	0	0	1	463	1	463	0.0	923
3_13	1_12	100.000	47	0	0	1	47	1	47	3.67e-30	94.7
3_14	1_385	99.836	609	1	0	1	609	1	609	0.0	1217
3_15	1_384	99.843	638	1	0	1	638	1	638	0.0	1248
3_16	1_13	100.000	321	0	0	1	321	1	321	0.0	623
3_17	1_14	100.000	344	0	0	1	344	1	344	0.0	704
3_17	1_108	27.451	204	135	5	121	314	3	203	2.27e-15	69.7
3_18	1_15	100.000	50	0	0	1	50	1	50	3.88e-32	99.8
3_18	1_171	35.556	45	26	1	6	50	5	46	1.50e-04	30.0
3_19	1_16	100.000	273	0	0	1	273	1	273	0.0	562
3_20	1_17	100.000	146	0	0	1	146	1	146	2.36e-105	292
3_21	1_18	100.000	295	0	0	1	295	1	295	0.0	590
3_22	1_19	100.000	337	0	0	1	337	1	337	0.0	685
3_23	1_20	100.000	225	0	0	1	225	1	225	3.17e-168	457
3_24	1_21	100.000	173	0	0	1	173	1	173	8.54e-127	348
3_25	1_374	99.755	408	1	0	1	408	1	408	0.0	823
3_26	1_375	99.731	372	1	0	1	372	1	372	0.0	762
3_27	1_25	100.000	290	0	0	1	290	1	290	0.0	564
3_28	1_26	100.000	259	0	0	1	259	1	259	0.0	526
3_29	1_27	100.000	413	0	0	1	413	1	413	0.0	841
3_30	1_28	100.000	177	0	0	1	177	1	177	2.13e-130	358
3_31	1_29	100.000	111	0	0	1	111	1	111	2.68e-77	218
3_32	1_30	100.000	211	0	0	1	211	1	211	2.54e-155	424
3_33	1_31	100.000	291	0	0	1	291	1	291	0.0	559
3_33	1_355	32.381	105	65	3	37	139	76	176	6.00e-06	42.0
3_34	1_32	100.000	239	0	0	1	239	1	239	6.88e-175	475
3_35	1_33	100.000	300	0	0	1	300	1	300	0.0	602
3_35	1_262	34.188	234	133	6	22	254	19	232	3.41e-35	123
3_35	1_233	35.897	156	87	5	130	276	204	355	2.41e-19	82.4
3_35	1_233	25.962	104	55	3	21	123	24	106	4.90e-05	38.9
3_35	1_177	27.854	219	136	3	22	240	21	217	1.24e-18	78.2
3_35	1_489	28.638	213	121	8	23	232	17	201	3.55e-17	76.3
3_35	1_412	39.091	110	66	1	140	248	599	708	1.05e-16	75.1
3_35	1_412	38.462	39	23	1	10	48	12	49	0.001	35.0
3_35	1_205	26.778	239	140	7	27	248	147	367	3.33e-16	73.2
3_35	1_266	36.641	131	75	3	136	260	258	386	5.94e-16	72.4
3_35	1_322	28.169	213	128	6	24	236	18	205	1.59e-15	71.2
3_35	1_72	29.464	224	131	5	22	239	22	224	2.80e-15	70.5
3_35	1_72	21.127	213	161	4	26	236	277	484	1.19e-05	40.8
3_35	1_442	25.714	210	125	6	23	229	17	198	9.62e-15	68.9
3_35	1_409	25.000	236	140	7	14	237	13	223	2.29e-14	67.8
3_35	1_409	28.959	221	128	9	27	236	287	489	1.39e-13	65.5
3_35	1_286	29.327	208	109	8	21	217	78	258	4.28e-13	63.2
3_35	1_294	25.806	155	88	3	152	279	501	655	9.51e-13	63.2
3_35	1_294	30.952	84	39	3	22	105	53	117	4.65e-06	42.4
3_35	1_490	25.723	311	162	12	27	298	27	307	1.20e-12	62.4
3_35	1_59	27.197	239	155	8	20	250	27	254	8.77e-11	56.6
3_35	1_290	31.646	79	53	1	158	235	153	231	2.47e-10	54.7
3_35	1_265	25.714	210	124	7	26	219	20	213	6.66e-08	48.1
3_35	1_229	32.051	78	50	1	145	219	820	897	4.10e-07	45.8
3_35	1_229	28.090	89	62	1	136	222	470	558	1.24e-06	44.3
3_35	1_331	22.527	182	118	4	37	218	364	522	1.69e-05	40.4
3_35	1_526	24.390	205	117	6	22	219	339	512	3.53e-05	39.3
3_36	1_35	100.000	65	0	0	1	65	1	65	1.18e-44	132
3_37	1_36	100.000	280	0	0	1	280	1	280	0.0	562
3_38	1_37	100.000	269	0	0	1	269	1	269	0.0	537
3_38	1_380	26.937	271	163	13	4	258	3	254	4.28e-07	45.1
3_38	1_455	23.704	270	160	9	1	246	1	248	8.77e-06	40.4
3_38	1_216	32.203	59	40	0	188	246	183	241	1.12e-04	37.4
3_38	1_421	32.877	73	43	1	180	246	186	258	1.64e-04	37.0
3_38	1_348	25.368	272	165	12	1	246	15	274	2.06e-04	36.6
3_39	1_38	100.000	114	0	0	1	114	1	114	6.54e-84	235
3_40	1_39	100.000	169	0	0	1	169	1	169	2.25e-121	334
3_41	1_40	100.000	163	0	0	1	163	1	163	1.71e-119	329
3_42	1_42	100.000	639	0	0	1	639	1	639	0.0	1304
3_42	1_393	44.131	639	334	9	5	635	3	626	9.59e-170	494
3_43	1_43	100.000	171	0	0	1	171	1	171	3.96e-123	339
3_44	1_45	100.000	231	0	0	1	231	1	231	6.83e-170	462
3_45	1_47	100.000	571	0	0	1	571	1	571	0.0	1149
3_46	1_48	100.000	236	0	0	1	236	1	236	8.92e-176	477
3_47	1_49	100.000	186	0	0	1	186	1	186	1.39e-132	364
3_48	1_50	100.000	144	0	0	1	144	1	144	5.85e-108	298
3_49	1_52	100.000	204	0	0	1	204	1	204	2.19e-151	413
3_50	1_53	100.000	872	0	0	1	872	1	872	0.0	1763
3_51	1_54	100.000	402	0	0	1	402	1	402	0.0	818
3_51	1_158	27.083	288	181	10	20	301	8	272	3.01e-16	75.1
3_51	1_268	32.099	162	90	3	21	182	116	257	1.83e-13	66.2
3_51	1_159	34.091	132	84	3	16	145	8	138	2.99e-13	65.9
3_52	1_239	99.761	419	1	0	1	419	1	419	0.0	846
3_53	1_55	100.000	316	0	0	1	316	1	316	0.0	632
3_54	1_56	100.000	402	0	0	1	402	1	402	0.0	806
3_55	1_57	100.000	306	0	0	1	306	1	306	0.0	610
3_56	1_60	100.000	231	0	0	1	231	1	231	1.06e-170	464
3_57	1_61	100.000	73	0	0	1	73	1	73	5.61e-53	154
3_58	1_62	100.000	201	0	0	1	201	1	201	2.35e-148	405
3_58	1_435	37.888	161	95	3	3	162	4	160	1.90e-27	98.2
3_59	1_63	100.000	271	0	0	1	271	1	271	0.0	552
3_60	1_64	100.000	163	0	0	1	163	1	163	1.05e-118	327
3_61	1_65	100.000	110	0	0	1	110	1	110	2.13e-78	221
3_62	1_289	99.197	249	2	0	1	249	1	249	3.64e-177	482
3_63	1_66	100.000	220	0	0	1	220	1	220	9.96e-158	430
3_64	1_471	99.740	384	1	0	1	384	1	384	0.0	766
3_65	1_472	99.275	276	2	0	1	276	1	276	0.0	546
3_65	1_253	35.857	251	126	6	1	233	1	234	4.03e-31	112
3_66	1_67	100.000	144	0	0	1	144	1	144	6.40e-107	296
3_67	1_571	100.000	225	0	0	1	225	18	242	1.41e-163	446
3_68	1_68	100.000	293	0	0	1	293	1	293	0.0	579
3_68	1_583	32.500	80	43	2	74	146	6	81	8.62e-05	35.8
3_69	1_69	100.000	118	0	0	1	118	1	118	4.18e-79	223
3_70	1_70	100.000	97	0	0	1	97	1	97	2.04e-67	192
3_71	1_71	100.000	505	0	0	1	505	1	505	0.0	1029
3_72	1_474	99.457	184	1	0	1	184	1	184	6.21e-136	372
3_73	1_72	100.000	508	0	0	1	508	1	508	0.0	1011
3_73	1_409	30.273	512	328	14	12	505	11	511	8.93e-54	184
3_73	1_177	35.349	215	114	6	26	231	25	223	1.23e-23	94.4
3_73	1_177	32.051	78	53	0	407	484	136	213	7.36e-07	45.1
3_73	1_442	32.673	202	122	5	12	211	6	195	9.20e-16	74.7
3_73	1_489	29.630	216	130	6	8	217	2	201	1.75e-13	67.4
3_73	1_489	24.229	227	142	7	261	482	2	203	0.001	36.2
3_73	1_33	29.464	224	131	5	22	224	22	239	2.55e-13	65.1
3_73	1_33	21.127	213	161	4	277	484	26	236	2.51e-04	37.4
3_73	1_322	29.524	210	134	5	12	221	10	205	1.15e-12	64.7
3_73	1_322	28.326	233	135	9	261	487	2	208	4.95e-09	53.1
3_73	1_262	32.143	196	124	6	31	223	28	217	1.03e-11	60.1
3_73	1_265	26.271	236	145	9	8	221	2	230	6.14e-10	55.8
3_73	1_265	32.432	74	47	2	149	222	453	523	3.22e-04	37.4
3_73	1_286	25.405	185	119	6	26	201	83	257	1.01e-08	51.2
3_73	1_286	23.387	248	159	10	244	487	59	279	1.14e-05	41.6
3_73	1_205	28.444	225	127	11	23	224	145	358	1.83e-08	50.8
3_73	1_205	25.106	235	140	8	278	493	147	364	1.23e-05	42.0
3_73	1_447	31.694	183	103	8	26	201	355	522	2.66e-08	50.4
3_73	1_294	30.476	105	70	1	7	111	38	139	3.58e-08	50.4
3_73	1_294	25.974	77	56	1	407	482	508	584	4.70e-04	37.0
3_73	1_490	28.030	132	86	4	356	484	146	271	2.68e-07	47.0
3_73	1_562	31.034	145	86	3	40	180	21	155	2.70e-07	45.8
3_73	1_233	30.488	82	54	2	407	486	232	312	3.98e-07	46.6
3_73	1_233	28.333	60	43	0	8	67	11	70	4.33e-04	37.0
3_73	1_290	23.148	216	153	7	14	220	20	231	1.94e-06	43.9
3_73	1_290	24.180	244	146	10	277	503	30	251	2.62e-04	37.4
3_73	1_412	25.532	94	63	2	398	487	609	699	5.56e-06	43.5
3_73	1_266	25.954	131	94	2	357	484	229	359	1.34e-05	42.0
3_73	1_331	25.568	176	111	6	36	205	363	524	3.61e-05	40.4
3_73	1_437	25.532	188	118	5	27	208	346	517	3.33e-04	37.4
3_73	1_59	25.000	236	148	10	273	493	28	249	3.83e-04	37.0
3_73	1_526	43.182	44	25	0	26	69	343	386	6.46e-04	36.6
3_74	1_73	100.000	303	0	0	1	303	1	303	0.0	577
3_74	1_476	31.050	219	119	5	18	216	79	285	1.85e-11	58.9
3_75	1_74	100.000	184	0	0	1	184	1	184	6.18e-138	377
3_76	1_75	100.000	89	0	0	1	89	1	89	2.38e-60	174
3_77	1_76	100.000	165	0	0	1	165	1	165	6.44e-118	325
3_78	1_77	100.000	1411	0	0	1	1411	1	1411	0.0	2888
3_79	1_79	100.000	534	0	0	1	534	1	534	0.0	1088
3_80	1_80	100.000	214	0	0	1	214	1	214	2.75e-154	421
3_81	1_483	99.842	632	1	0	1	632	1	632	0.0	1285
3_82	1_81	100.000	120	0	0	1	120	1	120	5.82e-85	238
3_83	1_82	100.000	227	0	0	1	227	1	227	1.96e-169	461
3_84	1_482	98.851	87	1	0	1	87	1	87	9.84e-62	177
3_85	1_83	100.000	321	0	0	1	321	1	321	0.0	642
3_85	1_355	41.379	58	30	1	8	65	15	68	1.38e-07	47.4
3_86	1_513	99.867	753	1	0	1	753	1	753	0.0	1523
3_87	1_480	99.522	418	2	0	1	418	1	418	0.0	848
3_88	1_84	100.000	109	0	0	1	109	1	109	1.16e-79	224
3_89	1_85	100.000	155	0	0	1	155	1	155	8.19e-113	311
3_90	1_86	100.000	64	0	0	1	64	1	64	6.87e-43	127
3_91	1_87	100.000	116	0	0	1	116	1	116	4.11e-83	233
3_92	1_88	100.000	478	0	0	1	478	1	478	0.0	968
3_93	1_274	99.620	263	1	0	1	263	1	263	0.0	503
3_93	1_301	27.350	117	73	3	48	152	110	226	1.61e-06	42.7
3_93	1_301	33.333	93	52	3	35	117	121	213	3.10e-05	38.9
3_94	1_377	98.901	91	1	0	1	91	1	91	3.30e-62	178
3_95	1_89	100.000	356	0	0	1	356	1	356	0.0	721
3_96	1_90	100.000	99	0	0	1	99	1	99	6.02e-69	196
3_97	1_91	100.000	84	0	0	1	84	1	84	2.21e-57	166
3_98	1_93	100.000	369	0	0	1	369	1	369	0.0	745
3_99	1_94	100.000	489	0	0	1	489	1	489	0.0	965
3_100	1_95	100.000	315	0	0	1	315	1	315	0.0	627
3_100	1_425	21.908	283	199	6	36	309	31	300	1.05e-12	62.0
3_101	1_96	100.000	242	0	0	1	242	1	242	9.14e-176	478
3_101	1_334	26.772	127	68	4	81	203	46	151	3.06e-04	35.0
3_102	1_378	99.537	216	1	0	1	216	1	216	4.59e-146	400
3_103	1_97	100.000	216	0	0	1	216	1	216	1.05e-156	427
3_103	1_570	25.654	191	131	5	28	214	54	237	5.45e-10	52.4
3_104	1_98	100.000	193	0	0	1	193	1	193	2.89e-139	381
3_105	1_99	100.000	131	0	0	1	131	1	131	3.00e-94	263
3_106	1_100	100.000	150	0	0	1	150	1	150	1.62e-109	303
3_107	1_103	100.000	332	0	0	1	332	1	332	0.0	667
3_108	1_104	100.000	134	0	0	1	134	1	134	3.34e-97	270
3_109	1_105	100.000	137	0	0	1	137	1	137	1.90e-97	271
3_110	1_106	100.000	37	0	0	1	37	1	37	1.09e-20	70.1
3_111	1_107	100.000	75	0	0	1	75	1	75	3.31e-53	154
3_112	1_108	100.000	250	0	0	1	250	1	250	0.0	511
3_112	1_14	27.451	204	135	5	3	203	121	314	1.65e-15	69.7
3_113	1_110	100.000	147	0	0	1	147	1	147	7.27e-107	296
3_114	1_112	100.000	131	0	0	1	131	1	131	2.23e-94	263
3_115	1_113	100.000	61	0	0	1	61	1	61	5.61e-42	125
3_116	1_114	100.000	181	0	0	1	181	1	181	5.22e-135	370
3_117	1_115	100.000	122	0	0	1	122	1	122	1.04e-84	238
3_118	1_116	100.000	121	0	0	1	121	1	121	1.59e-81	229
3_119	1_117	100.000	136	0	0	1	136	1	136	9.16e-100	277
3_120	1_118	100.000	227	0	0	1	227	1	227	2.14e-167	455
3_121	1_452	99.422	173	1	0	1	173	1	173	1.01e-124	343
3_122	1_119	100.000	90	0	0	1	90	1	90	1.45e-65	187
3_123	1_120	100.000	282	0	0	1	282	1	282	0.0	566
3_124	1_121	100.000	163	0	0	1	163	1	163	1.59e-116	322
3_125	1_122	100.000	233	0	0	1	233	1	233	4.04e-170	462
3_126	1_123	100.000	106	0	0	1	106	1	106	6.80e-75	212
3_127	1_124	100.000	227	0	0	1	227	1	227	2.42e-167	455
3_128	1_125	100.000	184	0	0	1	184	1	184	1.68e-136	374
3_129	1_455	99.638	276	1	0	1	276	1	276	0.0	565
3_129	1_348	26.894	264	165	9	5	249	21	275	8.59e-14	64.7
3_129	1_216	23.529	272	197	8	2	272	4	265	4.51e-11	56.6
3_129	1_37	24.074	270	159	9	1	248	1	246	2.94e-06	42.0
3_129	1_421	27.397	73	51	1	2	72	7	79	5.00e-05	38.5
3_129	1_380	26.316	228	142	10	7	224	8	219	3.58e-04	36.2
3_130	1_128	100.000	442	0	0	1	442	1	442	0.0	874
3_130	1_247	35.897	156	83	4	218	368	172	315	3.44e-20	87.0
3_130	1_247	30.337	89	60	2	220	307	6	93	1.49e-05	41.6
3_130	1_335	37.705	61	35	1	218	275	5	65	5.86e-05	39.3
3_132	1_457	99.727	366	1	0	1	366	1	366	0.0	722
3_132	1_240	27.358	318	207	7	61	361	6	316	9.01e-23	92.8
3_133	1_129	100.000	321	0	0	1	321	1	321	0.0	634
3_133	1_58	32.877	219	139	5	106	317	160	377	2.11e-20	85.5
3_134	1_131	100.000	259	0	0	1	259	1	259	0.0	515
3_135	1_133	100.000	91	0	0	1	91	1	91	6.75e-61	175
3_135	1_0	28.571	91	61	3	1	88	3	92	8.87e-07	38.5
3_136	1_134	100.000	98	0	0	1	98	1	98	9.76e-67	191
3_137	1_135	100.000	207	0	0	1	207	1	207	5.36e-147	402
3_139	1_136	100.000	97	0	0	1	97	1	97	7.28e-67	191
3_140	1_137	100.000	439	0	0	1	439	1	439	0.0	875
3_141	1_139	100.000	336	0	0	1	336	1	336	0.0	687
3_142	1_140	100.000	694	0	0	1	694	1	694	0.0	1391
3_143	1_141	100.000	337	0	0	1	337	1	337	0.0	672
3_144	1_142	100.000	240	0	0	1	240	1	240	3.11e-178	484
3_145	1_143	100.000	419	0	0	1	419	1	419	0.0	828
3_145	1_487	35.433	127	57	2	160	261	6	132	1.44e-14	69.3
3_145	1_247	25.112	223	154	7	159	375	173	388	1.91e-04	37.7
3_145	1_518	35.000	60	27	2	159	214	113	164	6.57e-04	35.8
3_146	1_144	100.000	141	0	0	1	141	1	141	1.22e-99	277
3_147	1_145	100.000	242	0	0	1	242	1	242	8.59e-173	470
3_148	1_146	100.000	102	0	0	1	102	1	102	1.57e-71	203
3_149	1_147	100.000	179	0	0	1	179	1	179	3.50e-127	350
3_150	1_148	100.000	187	0	0	1	187	1	187	4.44e-132	363
3_151	1_149	100.000	161	0	0	1	161	1	161	1.09e-117	324
3_152	1_150	100.000	440	0	0	1	440	1	440	0.0	877
3_152	1_7	36.269	193	110	4	101	283	125	314	1.20e-26	104
3_153	1_151	100.000	455	0	0	1	455	1	455	0.0	930
3_154	1_156	100.000	376	0	0	1	376	1	376	0.0	775
3_155	1_157	100.000	227	0	0	1	227	1	227	8.97e-170	461
3_156	1_247	99.771	437	1	0	1	437	1	437	0.0	875
3_156	1_128	35.897	156	83	4	172	315	218	368	3.83e-20	86.7
3_156	1_128	29.032	124	83	4	6	126	220	341	3.46e-06	43.5
3_156	1_335	29.530	149	90	6	5	143	9	152	4.70e-09	52.0
3_156	1_335	35.593	59	38	0	173	231	9	67	4.22e-06	42.7
3_156	1_242	40.741	54	29	1	6	59	19	69	4.88e-06	41.6
3_156	1_242	28.415	183	118	5	157	338	5	175	7.16e-06	40.8
3_156	1_158	28.108	185	98	8	174	341	10	176	4.57e-05	40.0
3_156	1_518	33.846	65	33	4	5	65	113	171	2.68e-04	37.0
3_157	1_158	100.000	598	0	0	1	598	1	598	0.0	1210
3_157	1_159	36.898	187	106	4	2	183	6	185	1.18e-24	103
3_157	1_159	23.009	226	143	9	165	370	266	480	7.34e-07	46.6
3_157	1_159	22.599	177	118	5	322	480	509	684	3.30e-06	44.3
3_157	1_268	30.093	216	126	7	10	217	117	315	7.21e-17	78.6
3_157	1_54	27.083	288	181	10	8	272	20	301	4.47e-16	75.1
3_157	1_247	28.108	185	98	8	10	176	174	341	6.26e-05	40.0
3_158	1_159	100.000	694	0	0	1	694	1	694	0.0	1425
3_158	1_158	36.898	187	106	4	6	185	2	183	1.37e-24	103
3_158	1_158	23.009	226	143	9	266	480	165	370	8.51e-07	46.6
3_158	1_158	22.599	177	118	5	509	684	322	480	3.83e-06	44.3
3_158	1_268	37.008	127	62	2	13	139	116	224	9.18e-14	68.9
3_158	1_54	34.091	132	84	3	8	138	16	145	5.17e-13	65.9
3_159	1_160	100.000	141	0	0	1	141	1	141	6.00e-104	288
3_160	1_161	100.000	457	0	0	1	457	1	457	0.0	936
3_160	1_573	28.916	83	51	1	106	188	16	90	7.43e-05	37.0
3_160	1_410	26.351	148	100	5	159	302	335	477	1.24e-04	38.9
3_161	1_162	100.000	427	0	0	1	427	1	427	0.0	847
3_162	1_163	100.000	93	0	0	1	93	1	93	4.81e-68	193
3_163	1_164	100.000	259	0	0	1	259	1	259	0.0	514
3_164	1_165	100.000	144	0	0	1	144	1	144	8.31e-108	298
3_165	1_166	100.000	132	0	0	1	132	1	132	6.80e-95	264
3_166	1_444	99.849	662	1	0	1	662	1	662	0.0	1330
3_167	1_169	100.000	229	0	0	1	229	1	229	5.14e-169	459
3_167	1_358	29.252	147	97	3	82	226	111	252	9.52e-09	48.9
3_168	1_170	100.000	181	0	0	1	181	1	181	1.20e-134	369
3_169	1_171	100.000	46	0	0	1	46	1	46	2.33e-29	92.4
3_170	1_172	100.000	195	0	0	1	195	1	195	2.45e-144	394
3_171	1_173	100.000	249	0	0	1	249	1	249	0.0	500
3_172	1_242	99.432	176	1	0	1	176	1	176	2.59e-130	357
3_172	1_247	40.741	54	29	1	19	69	6	59	2.06e-06	41.6
3_172	1_247	28.415	183	118	5	5	175	157	338	2.78e-06	41.2
3_172	1_335	39.344	61	33	3	19	76	10	69	1.44e-04	35.8
3_173	1_174	100.000	457	0	0	1	457	1	457	0.0	937
3_174	1_175	100.000	201	0	0	1	201	1	201	6.87e-150	409
3_175	1_176	100.000	316	0	0	1	316	1	316	0.0	625
3_176	1_492	99.012	810	8	0	1	810	1	810	0.0	1607
3_176	1_443	35.990	828	419	31	1	776	1	769	3.27e-110	350
3_176	1_576	33.333	831	451	26	1	779	3	782	9.68e-102	328
3_176	1_495	43.284	67	31	2	14	73	9	75	2.26e-08	46.6
3_177	1_179	100.000	127	0	0	1	127	1	127	2.16e-88	248
3_178	1_180	100.000	285	0	0	1	285	1	285	0.0	552
3_178	1_186	43.077	260	134	4	26	281	1	250	2.18e-54	172
3_178	1_185	42.786	201	111	2	84	280	43	243	6.50e-48	155
3_179	1_186	98.479	263	4	0	1	263	1	263	0.0	509
3_179	1_180	42.748	262	132	5	1	250	26	281	4.55e-54	171
3_179	1_185	38.976	254	139	5	1	249	1	243	3.93e-48	155
3_180	1_181	100.000	411	0	0	1	411	1	411	0.0	820
3_181	1_182	100.000	202	0	0	1	202	1	202	1.51e-145	398
3_182	1_184	100.000	457	0	0	1	457	1	457	0.0	926
3_182	1_311	37.168	452	279	4	2	450	7	456	1.83e-104	314
3_182	1_313	24.291	247	181	5	15	260	37	278	7.39e-08	48.9
3_182	1_420	22.819	298	203	11	119	402	116	400	3.39e-06	43.5
3_183	1_421	99.673	306	1	0	1	306	1	306	0.0	629
3_183	1_348	27.241	290	173	9	10	278	21	293	1.80e-21	87.0
3_183	1_216	22.939	279	185	10	9	277	5	263	2.28e-08	48.9
3_183	1_380	22.137	262	169	7	12	261	8	246	2.78e-06	42.7
3_183	1_455	27.397	73	51	1	7	79	2	72	4.16e-05	38.9
3_183	1_37	32.877	73	43	1	186	258	180	246	2.62e-04	36.2
3_184	1_185	100.000	245	0	0	1	245	1	245	0.0	491
3_184	1_180	42.786	201	111	2	43	243	84	280	5.59e-48	155
3_184	1_186	39.062	256	136	6	1	243	1	249	1.94e-47	153
3_185	1_252	98.333	120	2	0	1	120	1	120	9.88e-84	235
3_186	1_187	100.000	77	0	0	1	77	1	77	1.96e-49	145
3_187	1_188	100.000	90	0	0	1	90	1	90	1.26e-61	177
3_188	1_189	100.000	156	0	0	1	156	1	156	1.35e-117	323
3_189	1_190	100.000	126	0	0	1	126	1	126	2.44e-88	247
3_190	1_191	100.000	174	0	0	1	174	1	174	6.43e-126	346
3_191	1_432	99.320	147	1	0	1	147	1	147	5.19e-106	293
3_192	1_194	100.000	87	0	0	1	87	1	87	2.05e-61	176
3_193	1_196	100.000	321	0	0	1	321	1	321	0.0	642
3_193	1_544	22.892	249	168	11	57	298	29	260	2.35e-05	39.7
3_194	1_491	99.194	124	1	0	1	124	1	124	1.44e-84	238
3_194	1_501	99.187	123	1	0	1	123	1	123	6.73e-80	236
3_194	1_228	44.444	108	53	3	7	114	6	106	2.01e-22	80.9
3_195	1_197	100.000	326	0	0	1	326	1	326	0.0	649
3_196	1_198	100.000	93	0	0	1	93	1	93	6.76e-61	175
3_197	1_470	99.640	278	1	0	1	278	1	278	0.0	550
3_198	1_199	100.000	64	0	0	1	64	1	64	8.35e-41	122
3_199	1_479	99.537	216	1	0	1	216	1	216	4.25e-156	426
3_200	1_200	100.000	136	0	0	1	136	1	136	5.63e-92	257
3_201	1_201	100.000	174	0	0	1	174	1	174	1.53e-130	358
3_202	1_202	100.000	146	0	0	1	146	1	146	2.60e-102	284
3_203	1_203	100.000	127	0	0	1	127	1	127	1.92e-87	245
3_204	1_204	100.000	143	0	0	1	143	1	143	1.84e-100	279
3_205	1_454	99.310	145	1	0	1	145	1	145	1.28e-105	293
3_206	1_205	100.000	469	0	0	1	469	1	469	0.0	967
3_206	1_59	40.240	333	193	3	116	447	5	332	1.89e-74	233
3_206	1_412	44.737	114	63	0	273	386	614	727	2.62e-30	119
3_206	1_412	31.579	95	60	2	153	247	34	123	2.74e-07	47.4
3_206	1_266	45.082	122	66	1	269	389	273	394	1.41e-28	112
3_206	1_266	35.185	108	53	4	139	239	59	156	1.63e-11	60.5
3_206	1_262	26.800	250	159	8	122	370	3	229	1.80e-18	80.1
3_206	1_177	28.444	225	136	8	143	365	22	223	3.15e-16	72.8
3_206	1_233	32.520	123	71	3	247	357	190	312	7.35e-15	70.9
3_206	1_294	32.432	111	74	1	274	384	505	614	7.52e-15	71.2
3_206	1_286	30.769	195	114	7	146	336	81	258	3.14e-14	67.8
3_206	1_33	27.350	234	147	5	146	367	26	248	6.98e-14	66.6
3_206	1_490	23.448	145	108	2	244	388	162	303	1.64e-11	60.1
3_206	1_409	25.424	236	134	10	143	363	22	230	1.76e-09	54.3
3_206	1_409	25.194	258	149	8	115	355	259	489	5.47e-08	49.3
3_206	1_290	26.033	242	156	9	122	354	4	231	3.31e-09	52.0
3_206	1_322	25.688	218	138	7	142	359	16	209	1.20e-08	51.6
3_206	1_72	28.444	225	127	11	145	358	23	224	2.38e-08	50.4
3_206	1_72	24.483	290	175	11	99	364	224	493	1.27e-05	42.0
3_206	1_489	25.561	223	120	8	141	356	15	198	6.29e-08	49.3
3_206	1_442	25.592	211	123	8	142	347	16	197	4.45e-06	43.5
3_206	1_265	23.913	184	111	6	142	308	16	187	1.08e-04	38.9
3_206	1_229	29.897	97	57	4	277	364	834	928	1.89e-04	38.1
3_207	1_206	100.000	151	0	0	1	151	1	151	1.09e-108	301
3_207	1_293	32.500	120	78	2	15	132	22	140	6.58e-11	52.4
3_208	1_207	100.000	113	0	0	1	113	1	113	7.12e-82	230
3_209	1_208	100.000	96	0	0	1	96	1	96	1.58e-68	195
3_210	1_209	100.000	1065	0	0	1	1065	1	1065	0.0	2137
3_210	1_394	26.625	323	183	13	623	907	917	1223	8.17e-14	70.5
3_210	1_394	37.383	107	59	3	297	397	281	385	4.94e-10	58.2
3_211	1_210	100.000	285	0	0	1	285	1	285	0.0	558
3_212	1_473	100.000	265	0	0	2	266	3	267	0.0	509
3_213	1_211	100.000	190	0	0	1	190	1	190	3.94e-143	391
3_214	1_446	99.752	404	1	0	1	404	1	404	0.0	813
3_215	1_212	100.000	331	0	0	1	331	1	331	0.0	660
3_216	1_213	100.000	203	0	0	1	203	1	203	7.06e-147	401
3_217	1_214	100.000	149	0	0	1	149	1	149	1.74e-111	308
3_218	1_215	100.000	112	0	0	1	112	1	112	2.69e-78	221
3_219	1_216	100.000	267	0	0	1	267	1	267	0.0	541
3_219	1_348	26.502	283	175	9	3	260	19	293	4.53e-16	71.2
3_219	1_380	32.895	228	137	8	1	219	1	221	4.20e-15	69.3
3_219	1_455	23.897	272	196	8	4	265	2	272	8.62e-12	58.5
3_219	1_421	22.968	283	187	11	2	263	5	277	1.42e-08	49.3
3_219	1_37	32.203	59	40	0	183	241	188	246	1.11e-04	37.4
3_220	1_217	100.000	90	0	0	1	90	1	90	1.90e-57	166
3_221	1_218	100.000	221	0	0	1	221	1	221	2.71e-164	447
3_222	1_219	100.000	219	0	0	1	219	1	219	3.28e-160	436
3_223	1_220	100.000	70	0	0	1	70	1	70	3.07e-44	131
3_224	1_222	100.000	95	0	0	1	95	1	95	2.42e-67	192
3_225	1_224	100.000	699	0	0	1	699	1	699	0.0	1417
3_225	1_497	25.878	769	431	26	16	692	6	727	2.05e-44	165
3_226	1_225	100.000	181	0	0	1	181	1	181	8.08e-131	359
3_227	1_223	98.718	78	1	0	13	90	1	78	1.40e-51	151
3_228	1_227	100.000	232	0	0	1	232	1	232	5.79e-171	465
3_229	1_229	100.000	947	0	0	1	947	1	947	0.0	1932
3_229	1_262	29.801	151	85	7	783	928	90	224	3.74e-07	47.4
3_229	1_442	39.130	92	47	4	820	908	115	200	6.64e-07	47.4
3_229	1_442	28.571	147	88	6	416	562	64	193	1.58e-04	39.7
3_229	1_33	32.051	78	50	1	820	897	145	219	1.35e-06	45.8
3_229	1_33	30.000	80	54	1	479	558	145	222	5.92e-06	43.5
3_229	1_489	36.585	82	43	4	834	912	129	204	2.09e-05	42.7
3_229	1_322	36.905	84	44	4	826	906	121	198	1.77e-04	39.7
3_229	1_266	25.168	298	194	12	628	907	63	349	1.89e-04	39.3
3_229	1_412	33.333	102	63	3	476	574	601	700	1.89e-04	39.7
3_229	1_233	38.667	75	43	2	485	558	224	296	2.30e-04	38.9
3_229	1_205	29.897	97	57	4	834	928	277	364	4.13e-04	38.1
3_229	1_59	29.825	114	68	5	833	943	161	265	5.02e-04	37.7
3_229	1_409	24.737	190	120	8	481	655	129	310	5.06e-04	38.1
3_230	1_192	99.344	305	2	0	1	305	1	305	0.0	617
3_230	1_410	24.419	344	193	13	4	298	157	482	1.98e-04	37.4
3_231	1_231	100.000	242	0	0	1	242	1	242	1.66e-178	484
3_232	1_193	99.296	142	1	0	1	142	1	142	3.47e-98	273
3_233	1_233	100.000	444	0	0	1	444	1	444	0.0	887
3_233	1_490	30.725	345	183	9	8	341	5	304	4.39e-38	137
3_233	1_294	38.624	189	111	4	205	390	481	667	3.85e-35	133
3_233	1_294	47.423	97	51	0	11	107	39	135	7.01e-23	96.3
3_233	1_266	26.786	392	248	11	10	379	43	417	4.14e-23	95.9
3_233	1_412	32.117	137	92	1	199	334	584	720	2.87e-20	88.2
3_233	1_412	40.541	37	22	0	20	56	18	54	6.09e-04	36.6
3_233	1_33	35.616	146	81	5	214	355	140	276	2.42e-17	77.0
3_233	1_33	25.962	104	55	3	24	106	21	123	9.04e-05	38.5
3_233	1_205	32.520	123	71	3	190	312	247	357	5.62e-15	71.2
3_233	1_262	34.545	110	71	1	212	321	118	226	4.51e-13	63.9
3_233	1_262	26.050	119	79	3	22	137	16	128	1.82e-05	40.8
3_233	1_286	36.170	94	54	2	24	111	78	171	9.17e-12	60.5
3_233	1_286	36.585	82	51	1	230	311	197	277	4.94e-10	55.1
3_233	1_409	30.147	136	88	4	202	333	112	244	6.89e-11	58.5
3_233	1_409	28.431	102	68	3	10	106	6	107	3.09e-08	50.1
3_233	1_409	25.287	87	64	1	224	310	404	489	3.94e-05	40.0
3_233	1_177	31.313	99	67	1	232	330	136	233	3.41e-10	54.7
3_233	1_489	32.990	97	63	1	10	106	1	95	7.54e-10	55.5
3_233	1_59	28.030	132	92	1	204	332	131	262	8.04e-10	54.7
3_233	1_290	31.313	99	68	0	211	309	133	231	5.09e-09	51.6
3_233	1_442	32.394	142	92	3	211	351	107	245	9.70e-09	52.0
3_233	1_442	32.955	88	57	1	16	103	7	92	1.07e-08	51.6
3_233	1_322	31.915	94	62	1	10	103	1	92	1.14e-08	51.6
3_233	1_322	39.535	86	46	3	229	312	126	207	2.27e-08	50.4
3_233	1_526	36.232	69	44	0	10	78	324	392	1.70e-07	47.8
3_233	1_526	32.710	107	55	3	193	293	419	514	6.97e-06	42.7
3_233	1_72	30.488	82	54	2	232	312	407	486	3.48e-07	46.6
3_233	1_72	28.333	60	43	0	11	70	8	67	3.78e-04	37.0
3_233	1_447	30.769	78	53	1	1	77	327	404	5.54e-06	42.7
3_233	1_447	36.364	66	39	1	229	294	464	526	5.20e-05	39.7
3_233	1_265	31.765	85	54	1	226	310	150	230	1.63e-05	41.6
3_233	1_265	27.586	58	42	0	10	67	1	58	2.09e-05	41.2
3_233	1_437	32.787	61	41	0	11	71	327	387	3.48e-05	40.4
3_233	1_229	38.667	75	43	2	224	296	485	558	1.16e-04	38.9
3_233	1_562	36.471	85	48	3	185	263	66	150	1.18e-04	37.7
3_234	1_403	99.650	286	1	0	1	286	1	286	0.0	553
3_234	1_302	25.150	167	115	4	75	237	73	233	6.39e-05	38.1
3_235	1_234	100.000	446	0	0	1	446	1	446	0.0	892
3_236	1_235	100.000	856	0	0	1	856	1	856	0.0	1721
3_236	1_392	35.361	707	433	11	50	746	6	698	2.45e-130	406
3_236	1_392	25.000	132	88	5	727	854	582	706	3.62e-04	38.5
3_237	1_51	99.548	221	1	0	1	221	1	221	6.98e-161	438
3_238	1_236	100.000	132	0	0	1	132	1	132	3.02e-95	265
3_239	1_237	100.000	297	0	0	1	297	1	297	0.0	599
3_240	1_238	100.000	416	0	0	1	416	1	416	0.0	798
3_241	1_241	100.000	184	0	0	1	184	1	184	4.67e-136	372
3_242	1_418	99.359	156	1	0	1	156	1	156	1.53e-112	311
3_243	1_422	99.541	218	1	0	1	218	1	218	5.92e-161	438
3_244	1_423	99.585	241	1	0	1	241	1	241	5.55e-180	488
3_245	1_424	99.187	246	2	0	1	246	1	246	0.0	495
3_246	1_177	99.580	238	1	0	1	238	1	238	6.58e-175	475
3_246	1_72	34.498	229	125	6	25	237	26	245	5.14e-24	94.7
3_246	1_72	32.051	78	53	0	136	213	407	484	3.78e-07	44.7
3_246	1_33	40.000	85	51	0	133	217	156	240	7.78e-17	72.8
3_246	1_205	28.444	225	136	8	22	223	143	365	1.42e-16	72.8
3_246	1_262	27.805	205	136	6	22	218	20	220	2.33e-15	68.2
3_246	1_409	25.676	222	145	6	5	212	6	221	3.93e-14	65.9
3_246	1_409	25.446	224	142	7	22	225	283	501	3.15e-09	51.2
3_246	1_266	32.353	102	68	1	133	233	278	379	1.71e-12	60.8
3_246	1_490	33.571	140	82	4	90	221	143	279	1.95e-12	60.5
3_246	1_412	30.108	93	64	1	133	224	615	707	7.06e-12	59.3
3_246	1_412	40.426	47	28	0	21	67	23	69	2.42e-07	45.4
3_246	1_294	32.292	96	63	2	127	221	500	594	1.88e-11	57.8
3_246	1_294	30.556	72	46	3	21	89	53	123	3.89e-04	35.8
3_246	1_322	28.814	236	143	8	8	235	4	222	3.72e-11	57.0
3_246	1_101	29.630	189	109	7	38	212	501	679	1.69e-10	55.1
3_246	1_233	31.313	99	67	1	136	233	232	330	1.97e-10	54.7
3_246	1_59	24.783	230	150	7	22	230	30	257	2.56e-10	54.3
3_246	1_562	31.544	149	93	4	24	167	6	150	3.86e-10	52.4
3_246	1_526	28.646	192	103	6	22	197	340	513	1.36e-09	52.4
3_246	1_286	24.272	206	141	6	25	220	83	283	1.68e-09	51.6
3_246	1_447	31.522	184	108	8	24	198	354	528	2.28e-09	51.6
3_246	1_489	27.000	200	123	7	22	211	17	203	9.45e-09	49.7
3_246	1_265	21.397	229	162	8	5	226	319	536	6.23e-07	44.3
3_246	1_265	22.363	237	149	6	5	213	1	230	1.07e-05	40.4
3_246	1_442	27.174	184	109	7	24	196	19	188	7.38e-07	44.3
3_246	1_331	25.943	212	129	9	8	205	336	533	8.17e-07	43.9
3_246	1_290	26.582	79	57	1	135	212	153	231	3.15e-06	41.6
3_246	1_437	25.414	181	122	5	22	197	342	514	3.62e-06	42.0
3_247	1_434	97.931	145	3	0	1	145	1	145	3.16e-103	286
3_248	1_435	98.969	194	2	0	1	194	1	194	3.82e-142	389
3_248	1_62	38.509	161	94	3	4	160	3	162	9.78e-28	99.0
3_249	1_243	100.000	238	0	0	1	238	1	238	6.52e-173	470
3_250	1_245	100.000	166	0	0	1	166	1	166	3.68e-117	323
3_251	1_246	100.000	76	0	0	1	76	1	76	2.76e-50	147
3_252	1_248	100.000	600	0	0	1	600	1	600	0.0	1198
3_253	1_395	99.613	517	2	0	1	517	1	517	0.0	1004
3_254	1_250	100.000	120	0	0	1	120	1	120	4.28e-85	238
3_255	1_389	99.774	443	1	0	1	443	1	443	0.0	873
3_256	1_255	100.000	160	0	0	1	160	1	160	9.79e-114	314
3_257	1_256	100.000	222	0	0	1	222	1	222	5.84e-163	444
3_258	1_257	100.000	567	0	0	1	567	1	567	0.0	1147
3_258	1_481	28.455	246	156	9	14	247	18	255	7.69e-13	65.1
3_258	1_481	46.154	39	21	0	503	541	409	447	1.45e-05	42.0
3_258	1_127	27.338	139	98	2	110	245	145	283	2.55e-10	57.4
3_258	1_127	46.809	47	22	1	489	535	439	482	4.67e-08	50.1
3_259	1_258	100.000	880	0	0	1	880	1	880	0.0	1780
3_260	1_259	100.000	452	0	0	1	452	1	452	0.0	920
3_261	1_260	100.000	266	0	0	1	266	1	266	0.0	526
3_261	1_92	37.143	105	61	3	22	121	37	141	4.02e-14	65.5
3_262	1_261	100.000	332	0	0	1	332	1	332	0.0	662
3_263	1_262	100.000	272	0	0	1	272	1	272	0.0	542
3_263	1_33	34.188	234	133	6	19	232	22	254	2.74e-34	120
3_263	1_447	35.204	196	109	5	16	205	348	531	2.52e-19	82.0
3_263	1_205	26.800	250	159	8	3	229	122	370	7.35e-19	80.5
3_263	1_59	31.330	233	127	7	19	227	29	252	1.10e-18	79.3
3_263	1_286	28.636	220	132	4	19	225	79	286	1.58e-18	78.2
3_263	1_177	27.805	205	136	6	20	220	22	218	2.41e-15	68.6
3_263	1_412	36.275	102	64	1	127	227	607	708	2.48e-15	70.5
3_263	1_412	33.333	75	43	3	23	91	27	100	2.67e-04	36.6
3_263	1_331	30.189	212	132	8	2	208	334	534	2.16e-14	67.4
3_263	1_526	32.057	209	122	8	1	204	324	517	3.27e-14	66.6
3_263	1_322	31.081	222	129	11	1	215	1	205	8.98e-14	65.5
3_263	1_233	34.545	110	71	1	118	226	212	321	2.76e-13	63.9
3_263	1_233	26.050	119	79	3	16	128	22	137	1.12e-05	40.8
3_263	1_437	32.353	204	117	11	2	200	327	514	2.77e-13	63.9
3_263	1_294	31.776	107	72	1	116	221	486	592	3.39e-13	63.9
3_263	1_294	31.915	94	55	3	16	106	50	137	3.94e-06	42.4
3_263	1_265	27.778	198	108	5	16	185	13	203	1.11e-12	62.0
3_263	1_409	27.273	220	125	10	19	218	21	225	2.26e-12	61.2
3_263	1_409	25.541	231	157	8	1	218	264	492	3.92e-06	42.0
3_263	1_266	32.500	120	77	3	104	219	244	363	2.48e-12	60.8
3_263	1_72	32.143	196	124	6	28	217	31	223	5.50e-12	60.1
3_263	1_490	24.221	289	161	9	2	236	8	292	3.22e-11	57.4
3_263	1_290	26.848	257	156	9	1	240	9	250	1.75e-08	48.5
3_263	1_442	23.618	199	141	6	16	212	13	202	3.35e-08	48.5
3_263	1_489	27.149	221	125	10	1	208	1	198	6.76e-08	47.8
3_263	1_229	29.801	151	85	7	90	224	783	928	1.17e-07	47.0
3_263	1_101	24.757	206	130	7	2	197	471	661	1.55e-07	46.6
3_263	1_562	32.867	143	73	7	37	169	21	150	1.42e-06	42.4
3_264	1_263	100.000	320	0	0	1	320	1	320	0.0	627
3_265	1_264	100.000	317	0	0	1	317	1	317	0.0	643
3_266	1_265	100.000	538	0	0	1	538	1	538	0.0	1101
3_266	1_322	25.641	234	141	6	1	230	1	205	1.12e-12	64.7
3_266	1_322	28.571	210	133	8	319	519	1	202	1.15e-09	55.1
3_266	1_262	27.778	198	108	5	13	203	16	185	2.19e-12	62.0
3_266	1_442	22.993	274	175	5	1	272	1	240	5.90e-11	59.3
3_266	1_442	24.645	211	138	8	319	518	1	201	5.30e-06	43.5
3_266	1_526	28.342	187	110	5	1	187	324	486	1.87e-10	57.8
3_266	1_72	26.271	236	145	9	2	230	8	221	6.50e-10	55.8
3_266	1_72	32.432	74	47	2	453	523	149	222	3.41e-04	37.4
3_266	1_447	23.853	218	133	6	1	213	336	525	5.99e-09	52.8
3_266	1_331	44.898	49	27	0	13	61	346	394	9.17e-08	48.9
3_266	1_409	24.599	187	125	4	1	187	6	176	5.21e-07	46.6
3_266	1_294	35.088	57	37	0	2	58	39	95	6.78e-07	46.2
3_266	1_294	23.810	84	60	1	152	231	504	587	3.48e-05	40.8
3_266	1_33	24.286	210	127	6	20	213	26	219	9.11e-07	45.1
3_266	1_177	21.397	229	162	8	319	536	5	226	1.56e-06	43.9
3_266	1_177	22.363	237	149	6	1	230	5	213	2.47e-05	40.4
3_266	1_437	35.185	54	35	0	10	63	335	388	8.39e-06	42.7
3_266	1_489	20.851	235	133	6	1	219	1	198	9.25e-06	42.7
3_266	1_489	26.027	219	131	9	319	521	1	204	9.91e-06	42.7
3_266	1_233	31.765	85	54	1	150	230	226	310	1.97e-05	41.6
3_266	1_233	27.586	58	42	0	1	58	10	67	2.53e-05	41.2
3_266	1_290	22.511	231	149	6	320	525	10	235	4.51e-05	39.7
3_266	1_290	21.577	241	139	6	14	233	24	235	2.08e-04	37.7
3_266	1_205	23.913	184	111	6	16	187	142	308	1.08e-04	39.3
3_266	1_490	27.174	92	64	1	443	534	188	276	3.44e-04	37.4
3_266	1_101	25.126	199	105	10	32	217	500	667	4.71e-04	37.4
3_266	1_412	28.169	71	47	1	449	515	619	689	6.94e-04	36.6
3_267	1_266	100.000	443	0	0	1	443	1	443	0.0	892
3_267	1_412	37.349	249	138	4	204	437	530	775	4.96e-43	156
3_267	1_412	39.175	97	55	2	61	156	22	115	8.69e-13	64.7
3_267	1_205	45.082	122	66	1	273	394	269	389	1.42e-28	112
3_267	1_205	35.185	108	53	4	59	156	139	239	1.77e-11	60.1
3_267	1_59	37.500	136	83	1	252	385	131	266	1.89e-23	95.5
3_267	1_59	29.630	135	70	5	32	157	7	125	5.16e-09	52.0
3_267	1_233	26.786	392	248	11	43	417	10	379	4.13e-23	95.9
3_267	1_294	38.298	94	57	1	274	366	501	594	5.79e-17	77.8
3_267	1_294	29.688	128	75	3	38	165	33	145	4.58e-10	56.2
3_267	1_290	34.711	121	77	2	251	371	126	244	5.49e-16	72.4
3_267	1_33	36.719	128	73	3	261	386	139	260	2.15e-15	71.2
3_267	1_490	33.333	90	60	0	282	371	194	283	8.79e-15	70.1
3_267	1_286	42.857	84	47	1	276	359	194	276	1.12e-14	68.9
3_267	1_286	31.481	108	69	2	42	147	59	163	1.31e-06	44.3
3_267	1_177	32.353	102	68	1	278	379	133	233	3.50e-12	60.8
3_267	1_262	32.500	120	77	3	244	363	104	219	4.05e-12	60.8
3_267	1_409	36.634	101	54	3	264	360	129	223	7.63e-11	58.2
3_267	1_409	35.443	79	50	1	281	359	412	489	3.39e-07	46.6
3_267	1_409	41.071	56	29	1	43	98	6	57	5.60e-06	42.7
3_267	1_322	32.692	104	64	3	267	367	115	215	3.98e-08	49.7
3_267	1_442	25.191	131	91	3	223	351	72	197	7.81e-08	48.9
3_267	1_489	29.600	125	78	5	267	390	115	230	2.53e-07	47.4
3_267	1_72	25.954	131	94	2	229	359	357	484	1.17e-05	42.0
3_267	1_447	38.983	59	33	1	281	339	467	522	4.47e-05	40.0
3_267	1_526	29.412	85	53	2	30	111	308	388	1.50e-04	38.5
3_267	1_331	27.132	129	76	4	23	138	302	425	5.11e-04	36.6
3_267	1_229	26.984	189	115	7	240	424	450	619	6.07e-04	36.6
3_268	1_267	100.000	254	0	0	1	254	1	254	0.0	523
3_269	1_268	100.000	599	0	0	1	599	1	599	0.0	1221
3_269	1_158	30.093	216	126	7	117	315	10	217	6.12e-17	78.6
3_269	1_159	37.008	127	62	2	116	224	13	139	8.06e-14	68.9
3_269	1_54	32.099	162	90	3	116	257	21	182	2.50e-13	66.6
3_270	1_269	100.000	617	0	0	1	617	1	617	0.0	1244
3_271	1_270	100.000	327	0	0	1	327	1	327	0.0	660
3_272	1_271	100.000	246	0	0	1	246	1	246	2.53e-179	487
3_273	1_272	100.000	826	0	0	1	826	1	826	0.0	1676
3_273	1_339	28.413	630	325	21	29	613	34	582	5.36e-49	177
3_274	1_481	99.555	449	2	0	1	449	1	449	0.0	920
3_274	1_257	28.163	245	158	8	18	255	14	247	1.01e-12	64.3
3_274	1_257	46.154	39	21	0	409	447	503	541	1.14e-05	42.0
3_274	1_127	23.176	466	288	19	14	442	51	483	1.77e-09	53.9
3_275	1_275	100.000	467	0	0	1	467	1	467	0.0	955
3_276	1_276	100.000	205	0	0	1	205	1	205	8.09e-151	412
3_277	1_277	100.000	214	0	0	1	214	1	214	1.60e-157	429
3_278	1_278	100.000	107	0	0	1	107	1	107	2.33e-72	205
3_279	1_279	100.000	259	0	0	1	259	1	259	0.0	522
3_280	1_281	100.000	120	0	0	1	120	1	120	5.23e-88	246
3_281	1_282	100.000	236	0	0	1	236	1	236	1.77e-172	469
3_281	1_433	33.824	136	63	8	4	113	16	150	3.74e-06	41.6
3_282	1_284	100.000	239	0	0	1	239	1	239	6.08e-176	478
3_283	1_285	100.000	665	0	0	1	665	1	665	0.0	1345
3_283	1_436	22.941	340	195	13	321	637	1	296	6.96e-09	52.4
3_284	1_167	99.756	410	1	0	1	410	1	410	0.0	808
3_285	1_286	100.000	307	0	0	1	307	1	307	0.0	616
3_285	1_489	32.735	223	133	7	60	279	1	209	1.63e-24	98.2
3_285	1_322	30.732	205	122	6	79	277	16	206	9.83e-21	87.0
3_285	1_442	29.442	197	127	5	79	273	16	202	2.33e-19	83.2
3_285	1_262	28.636	220	132	4	79	286	19	225	1.98e-18	78.2
3_285	1_59	28.972	214	133	6	58	258	14	221	1.26e-15	70.9
3_285	1_266	42.857	84	47	1	194	276	276	359	6.15e-15	69.3
3_285	1_266	31.481	108	69	2	59	163	42	147	1.06e-06	44.3
3_285	1_205	31.282	195	113	8	81	258	146	336	1.86e-14	68.2
3_285	1_409	25.108	231	157	8	60	282	6	228	3.42e-14	67.4
3_285	1_409	30.263	76	53	0	199	274	412	487	1.00e-04	38.1
3_285	1_490	24.779	226	119	3	84	258	27	252	7.83e-14	65.9
3_285	1_412	31.000	100	68	1	188	286	607	706	1.18e-13	65.9
3_285	1_290	25.472	212	146	4	56	258	5	213	4.47e-13	62.8
3_285	1_33	27.885	208	112	7	78	258	21	217	3.78e-12	60.5
3_285	1_233	36.170	94	54	2	78	171	24	111	5.00e-12	60.5
3_285	1_233	36.585	82	51	1	197	277	230	311	3.80e-10	54.7
3_285	1_294	34.146	82	53	1	194	274	503	584	8.28e-10	53.9
3_285	1_294	31.707	82	46	2	84	163	58	131	6.55e-08	48.1
3_285	1_177	24.272	206	141	6	83	283	25	220	2.21e-09	51.6
3_285	1_562	26.708	161	104	4	78	233	2	153	2.50e-09	50.8
3_285	1_72	25.405	185	119	6	83	257	26	201	6.42e-09	51.2
3_285	1_72	23.387	248	159	10	59	279	244	487	8.45e-06	41.6
3_285	1_101	29.167	168	103	8	97	257	502	660	1.71e-08	50.1
3_285	1_331	31.527	203	114	11	79	271	349	536	2.38e-08	49.3
3_285	1_447	25.510	196	125	7	79	267	351	532	6.61e-08	48.1
3_285	1_437	29.570	186	108	8	79	257	341	510	8.08e-08	47.8
3_285	1_526	25.405	185	120	5	79	258	339	510	2.27e-07	46.2
3_286	1_487	99.728	367	1	0	1	367	1	367	0.0	745
3_286	1_143	35.433	127	57	2	6	132	160	261	9.26e-15	69.7
3_287	1_288	100.000	260	0	0	1	260	1	260	0.0	521
3_288	1_290	100.000	256	0	0	1	256	1	256	0.0	509
3_288	1_266	34.711	121	77	2	126	244	251	371	2.26e-16	72.8
3_288	1_490	26.071	280	162	5	8	244	6	283	3.87e-16	71.6
3_288	1_286	27.358	212	142	4	5	213	56	258	1.23e-15	69.7
3_288	1_412	30.508	118	73	2	134	250	597	706	3.11e-14	66.6
3_288	1_442	27.136	199	126	4	28	225	18	198	2.86e-13	63.9
3_288	1_409	24.138	232	162	10	27	252	22	245	3.13e-12	60.5
3_288	1_409	22.566	226	163	6	12	230	267	487	4.42e-09	50.8
3_288	1_205	25.203	246	153	8	4	231	122	354	1.92e-11	58.2
3_288	1_262	27.237	257	155	9	9	250	1	240	6.83e-11	55.8
3_288	1_33	25.806	217	145	9	27	231	23	235	8.68e-11	55.5
3_288	1_322	25.664	226	139	7	24	245	14	214	2.05e-10	55.1
3_288	1_294	33.766	77	51	0	154	230	508	584	2.73e-09	51.6
3_288	1_294	29.885	87	55	2	27	112	54	135	1.82e-04	37.0
3_288	1_233	31.313	99	68	0	133	231	211	309	2.80e-09	51.6
3_288	1_59	27.801	241	145	11	6	231	13	239	1.23e-08	49.3
3_288	1_489	23.188	207	138	6	23	227	13	200	3.94e-08	48.1
3_288	1_72	24.074	216	151	7	20	231	14	220	5.01e-08	47.8
3_288	1_72	24.180	244	146	10	30	251	277	503	1.78e-05	40.0
3_288	1_447	26.699	206	131	7	9	212	336	523	8.43e-08	47.0
3_288	1_177	22.831	219	137	7	22	231	17	212	2.22e-06	42.0
3_288	1_265	22.271	229	152	6	10	235	320	525	3.04e-06	42.4
3_288	1_265	21.992	241	138	8	24	235	14	233	2.78e-05	39.3
3_288	1_101	28.333	180	105	7	40	212	498	660	3.14e-05	39.3
3_288	1_526	21.053	209	141	7	9	214	324	511	2.70e-04	36.2
3_288	1_229	28.889	90	53	4	136	218	815	900	3.46e-04	36.2
3_288	1_331	24.312	218	127	10	8	214	332	522	3.76e-04	35.8
3_289	1_291	100.000	158	0	0	1	158	1	158	1.02e-115	319
3_290	1_292	100.000	309	0	0	1	309	1	309	0.0	598
3_291	1_559	100.000	310	0	0	3	312	1	310	0.0	625
3_291	1_373	28.571	126	73	4	73	192	437	551	6.02e-04	35.8
3_292	1_489	99.481	770	0	1	1	766	1	770	0.0	1503
3_292	1_442	30.788	812	476	21	1	766	1	772	2.35e-92	300
3_292	1_322	39.823	452	246	10	1	440	1	438	1.43e-89	290
3_292	1_322	33.588	131	87	0	636	766	516	646	1.69e-15	74.7
3_292	1_286	32.735	223	133	7	1	209	60	279	3.37e-24	98.6
3_292	1_33	27.488	211	126	7	17	201	23	232	5.58e-15	70.9
3_292	1_409	23.938	259	169	9	1	232	6	263	2.34e-14	70.9
3_292	1_409	23.301	206	140	4	16	203	282	487	3.06e-06	44.7
3_292	1_447	30.412	194	125	6	1	188	336	525	3.47e-13	67.0
3_292	1_72	29.630	216	130	6	2	201	8	217	3.75e-13	67.0
3_292	1_233	32.990	97	63	1	1	95	10	106	1.30e-09	55.5
3_292	1_526	27.230	213	130	7	1	199	324	525	2.63e-09	54.7
3_292	1_540	26.076	395	235	18	302	659	86	460	5.94e-09	53.5
3_292	1_437	28.241	216	130	7	2	204	327	530	8.37e-09	53.1
3_292	1_490	34.483	87	53	2	119	202	183	268	1.92e-08	51.6
3_292	1_562	33.557	149	76	7	34	171	21	157	2.92e-08	49.3
3_292	1_294	30.357	112	75	2	2	111	39	149	3.39e-08	51.2
3_292	1_294	31.081	74	49	1	129	200	508	581	1.71e-05	42.4
3_292	1_177	27.000	200	123	7	17	203	22	211	3.89e-08	49.7
3_292	1_205	25.561	223	120	8	15	198	141	356	1.12e-07	49.3
3_292	1_262	27.149	221	125	10	1	198	1	208	2.02e-07	47.8
3_292	1_290	29.545	88	59	2	115	200	141	227	4.41e-07	46.6
3_292	1_266	29.600	125	78	5	115	230	267	390	4.61e-07	47.4
3_292	1_412	30.476	105	65	2	129	225	618	722	5.72e-07	47.4
3_292	1_331	28.505	214	123	10	2	198	334	534	8.99e-07	46.6
3_292	1_59	24.880	209	125	7	16	197	29	232	1.42e-05	42.4
3_292	1_265	26.027	219	131	9	1	204	319	521	1.42e-05	42.7
3_292	1_265	20.851	235	133	6	1	198	1	219	1.54e-05	42.4
3_292	1_229	36.585	82	43	4	129	204	834	912	1.69e-05	42.7
3_292	1_229	31.068	103	61	4	93	190	460	557	0.001	37.0
3_292	1_101	24.638	207	127	6	13	195	469	670	9.77e-05	40.0
3_293	1_3	98.936	188	2	0	1	188	1	188	2.03e-133	366
3_294	1_2	99.714	350	1	0	1	350	1	350	0.0	715
3_295	1_34	99.558	226	1	0	1	226	1	226	1.29e-170	463
3_296	1_469	99.583	719	3	0	1	719	1	719	0.0	1424
3_297	1_294	100.000	725	0	0	1	725	1	725	0.0	1470
3_297	1_233	38.624	189	111	4	481	667	205	390	6.29e-35	133
3_297	1_233	47.423	97	51	0	39	135	11	107	1.15e-22	96.3
3_297	1_490	40.146	137	82	0	481	617	166	302	3.60e-31	120
3_297	1_490	30.088	113	70	2	38	150	7	110	3.31e-11	60.1
3_297	1_412	25.735	136	99	2	481	614	590	725	2.65e-17	80.5
3_297	1_412	28.049	164	100	5	42	204	12	158	2.55e-07	48.5
3_297	1_266	38.298	94	57	1	501	594	274	366	9.48e-17	77.8
3_297	1_266	29.688	128	75	3	33	145	38	165	7.50e-10	56.2
3_297	1_205	32.432	111	74	1	505	614	274	384	1.74e-14	70.9
3_297	1_262	31.776	107	72	1	486	592	116	221	9.04e-13	63.9
3_297	1_262	31.915	94	55	3	50	137	16	106	1.05e-05	42.4
3_297	1_33	25.806	155	88	3	501	655	152	279	2.47e-12	62.8
3_297	1_33	30.952	84	39	3	53	117	22	105	1.20e-05	42.4
3_297	1_177	32.292	96	63	2	500	594	127	221	5.11e-11	58.2
3_297	1_409	34.409	93	54	2	498	587	402	490	2.24e-10	57.8
3_297	1_409	29.213	89	58	2	500	584	133	220	1.24e-07	49.3
3_297	1_409	29.348	92	54	4	48	131	16	104	1.11e-06	46.2
3_297	1_322	32.967	91	59	1	498	588	119	207	1.14e-09	55.8
3_297	1_322	33.333	99	58	3	39	134	2	95	6.01e-07	47.0
3_297	1_442	31.897	116	70	2	474	589	102	208	1.52e-09	55.5
3_297	1_442	32.673	101	60	2	39	136	2	97	2.51e-07	48.5
3_297	1_286	34.146	82	53	1	503	584	194	274	2.32e-09	53.9
3_297	1_286	31.707	82	46	2	58	131	84	163	2.17e-07	47.8
3_297	1_59	29.358	109	76	1	505	612	159	267	1.02e-08	52.0
3_297	1_59	25.899	139	83	6	30	151	4	139	4.44e-04	37.4
3_297	1_290	33.766	77	51	0	508	584	154	230	1.35e-08	51.2
3_297	1_489	30.357	112	75	2	39	149	2	111	3.42e-08	51.2
3_297	1_489	31.081	74	49	1	508	581	129	200	1.64e-05	42.4
3_297	1_72	30.476	105	70	1	38	139	7	111	5.11e-08	50.4
3_297	1_72	25.974	77	56	1	508	584	407	482	6.71e-04	37.0
3_297	1_526	34.247	73	48	0	36	108	322	394	5.03e-07	47.4
3_297	1_526	28.788	132	78	6	448	572	393	515	6.00e-05	40.4
3_297	1_265	35.088	57	37	0	39	95	2	58	9.14e-07	46.2
3_297	1_265	23.810	84	60	1	504	587	152	231	4.69e-05	40.8
3_297	1_447	27.778	90	61	2	493	581	452	538	1.41e-06	45.8
3_297	1_562	38.298	47	29	0	493	539	104	150	1.15e-05	41.6
3_297	1_331	33.333	66	43	1	36	100	331	396	2.70e-05	41.6
3_297	1_437	25.301	83	59	1	36	115	324	406	2.68e-04	38.5
3_298	1_433	99.333	300	2	0	1	300	1	300	0.0	601
3_298	1_5	31.955	266	150	14	25	283	23	264	1.96e-23	92.4
3_298	1_282	33.088	136	64	8	16	150	4	113	8.37e-06	40.8
3_299	1_431	94.415	3778	183	8	1	3759	1	3769	0.0	6984
3_299	1_430	24.335	263	144	12	346	572	496	739	2.60e-05	44.7
3_300	1_430	94.678	3570	176	9	1	3561	1	3565	0.0	6655
3_300	1_431	25.283	265	139	13	496	739	346	572	9.02e-05	42.7
3_301	1_429	99.394	660	4	0	1	660	1	660	0.0	1327
3_301	1_428	65.393	471	140	6	189	653	80	533	0.0	597
3_301	1_428	78.947	38	8	0	1	38	4	41	4.31e-13	66.6
3_301	1_551	43.326	427	223	5	209	633	210	619	9.48e-107	332
3_301	1_531	38.912	478	226	15	188	632	63	507	2.77e-79	256
3_301	1_577	34.698	464	245	11	204	634	58	496	2.10e-72	237
3_301	1_22	31.670	461	251	12	214	632	95	533	4.10e-52	184
3_302	1_428	99.453	548	3	0	1	548	1	548	0.0	1118
3_302	1_429	65.605	471	139	6	80	533	189	653	0.0	598
3_302	1_429	42.500	120	41	6	4	111	1	104	6.09e-14	68.9
3_302	1_551	39.175	485	273	6	44	513	142	619	2.11e-108	332
3_302	1_577	33.669	496	265	14	63	514	21	496	3.98e-74	239
3_302	1_531	35.614	497	261	18	51	512	35	507	3.82e-73	237
3_302	1_22	30.496	423	234	11	144	519	131	540	7.08e-44	159
3_303	1_427	97.161	317	3	2	1	316	1	312	0.0	605
3_304	1_426	99.433	705	4	0	1	705	1	705	0.0	1377
3_305	1_425	99.671	304	1	0	1	304	1	304	0.0	590
3_305	1_95	22.261	283	198	6	31	300	36	309	2.93e-13	63.9
3_306	1_178	99.827	578	1	0	1	578	1	578	0.0	1159
3_307	1_295	100.000	361	0	0	1	361	1	361	0.0	736
3_308	1_420	99.609	511	2	0	1	511	1	511	0.0	1042
3_308	1_313	43.385	325	173	6	105	423	125	444	1.42e-74	239
3_308	1_311	22.712	295	216	6	49	340	63	348	4.07e-08	50.1
3_308	1_184	22.819	298	203	11	116	400	119	402	3.76e-06	43.5
3_309	1_419	99.325	741	5	0	1	741	1	741	0.0	1484
3_310	1_417	99.051	527	5	0	1	527	1	527	0.0	1018
3_311	1_416	98.268	231	4	0	1	231	1	231	4.51e-159	435
3_312	1_183	99.795	487	1	0	1	487	1	487	0.0	968
3_313	1_415	98.689	305	4	0	1	305	1	305	0.0	600
3_314	1_414	99.649	1425	4	1	1	1424	1	1425	0.0	2859
3_315	1_413	99.774	443	1	0	1	443	1	443	0.0	883
3_316	1_412	98.325	776	12	1	1	776	1	775	0.0	1501
3_316	1_266	37.349	249	138	4	531	776	204	437	1.01e-42	155
3_316	1_266	39.175	97	55	2	22	115	61	156	1.68e-12	64.7
3_316	1_205	44.737	114	63	0	615	728	273	386	5.97e-30	119
3_316	1_205	31.250	96	61	2	33	123	152	247	6.75e-07	47.0
3_316	1_59	37.037	162	82	3	571	724	118	267	9.28e-26	103
3_316	1_233	32.117	137	92	1	585	721	199	334	4.93e-20	88.2
3_316	1_294	26.761	142	97	3	585	726	480	614	2.29e-17	80.9
3_316	1_294	28.049	164	100	5	12	158	42	204	2.43e-07	48.5
3_316	1_33	39.091	110	66	1	600	709	140	248	2.79e-16	75.1
3_316	1_490	37.363	91	57	0	620	710	194	284	2.99e-15	72.8
3_316	1_262	36.275	102	64	1	608	709	127	227	6.94e-15	70.5
3_316	1_262	33.333	75	43	3	27	100	23	91	7.83e-04	36.6
3_316	1_290	30.508	118	73	2	598	707	134	250	1.50e-13	66.2
3_316	1_286	31.000	100	68	1	608	707	188	286	4.08e-13	65.5
3_316	1_177	30.108	93	64	1	616	708	133	224	2.08e-11	59.3
3_316	1_177	40.426	47	28	0	23	69	21	67	6.00e-07	45.8
3_316	1_322	34.940	83	52	1	617	699	127	207	6.82e-09	53.5
3_316	1_409	30.097	103	62	3	602	700	129	225	7.67e-08	50.1
3_316	1_409	27.723	101	72	1	617	717	410	509	2.23e-05	42.0
3_316	1_489	30.476	105	65	2	619	723	129	225	6.44e-07	47.4
3_316	1_447	38.983	59	33	1	619	677	467	522	7.52e-07	46.6
3_316	1_442	27.957	93	65	1	598	690	108	198	8.39e-07	47.0
3_316	1_72	25.532	94	63	2	610	700	398	487	9.33e-06	43.1
3_316	1_331	36.508	63	34	2	38	96	364	424	1.19e-04	39.7
3_316	1_229	33.333	102	63	3	602	701	476	574	1.61e-04	39.3
3_316	1_265	28.169	71	47	1	620	690	449	515	8.89e-04	37.0
3_316	1_526	37.313	67	38	2	613	679	449	511	0.001	36.6
3_317	1_59	99.713	349	1	0	1	349	1	349	0.0	714
3_317	1_205	40.361	332	194	3	5	332	116	447	4.49e-79	244
3_317	1_412	37.037	162	82	3	118	267	570	723	8.09e-31	118
3_317	1_266	37.500	136	83	1	131	266	252	385	1.01e-27	107
3_317	1_266	29.630	135	70	5	7	125	32	157	3.49e-09	52.4
3_317	1_262	33.047	233	123	9	29	252	19	227	3.47e-23	92.0
3_317	1_286	28.972	214	133	6	14	221	58	258	1.03e-18	80.1
3_317	1_177	24.783	230	150	7	30	257	22	230	1.02e-13	64.7
3_317	1_233	28.125	128	89	1	131	258	204	328	1.63e-13	65.9
3_317	1_33	33.043	115	74	2	140	254	139	250	2.39e-13	64.3
3_317	1_490	27.778	126	87	2	142	267	176	297	1.03e-12	63.2
3_317	1_294	29.358	109	76	1	159	267	505	612	1.06e-12	63.5
3_317	1_294	25.899	139	83	6	4	139	30	151	2.33e-04	37.4
3_317	1_290	38.462	78	48	0	162	239	154	231	2.30e-12	60.8
3_317	1_409	26.267	217	134	9	40	248	32	230	2.67e-08	49.7
3_317	1_409	33.333	81	53	1	160	240	410	489	5.87e-07	45.4
3_317	1_447	29.126	206	116	11	29	228	351	532	3.02e-08	49.7
3_317	1_322	32.941	85	55	1	160	244	127	209	1.67e-07	47.4
3_317	1_489	24.880	209	125	7	29	232	16	197	2.41e-07	47.0
3_317	1_229	30.702	114	67	5	161	265	833	943	3.84e-07	46.2
3_317	1_442	30.682	88	57	2	145	232	114	197	9.96e-07	45.1
3_317	1_72	25.000	236	148	10	28	249	273	493	5.09e-06	42.4
3_317	1_526	25.854	205	123	8	29	228	339	519	5.32e-06	42.4
3_317	1_265	27.143	70	47	2	163	232	449	514	3.48e-04	36.6
3_318	1_58	99.740	385	1	0	1	385	1	385	0.0	767
3_318	1_129	32.877	219	139	5	160	377	106	317	2.13e-21	88.6
3_318	1_457	24.000	225	145	7	175	384	151	364	5.00e-04	36.2
3_319	1_240	99.715	351	1	0	1	351	1	351	0.0	684
3_319	1_457	27.358	318	207	7	6	316	61	361	7.05e-23	92.8
3_320	1_411	99.681	939	3	0	1	939	1	939	0.0	1898
3_321	1_567	98.172	711	10	1	70	780	35	742	0.0	1396
3_321	1_478	37.412	711	350	23	63	746	4	646	9.86e-124	381
3_321	1_449	28.829	333	192	12	304	605	328	646	2.76e-27	112
3_322	1_410	99.836	611	1	0	1	611	1	611	0.0	1226
3_322	1_572	31.004	229	154	4	385	609	4	232	2.07e-32	119
3_322	1_557	30.597	134	91	1	167	300	4	135	7.02e-16	69.7
3_322	1_573	28.713	101	68	1	285	385	15	111	1.23e-08	48.1
3_322	1_192	24.419	344	193	13	157	482	4	298	4.06e-08	49.7
3_322	1_161	26.351	148	100	5	335	477	159	302	1.20e-04	39.3
3_323	1_409	99.414	512	3	0	1	512	1	512	0.0	1014
3_323	1_72	30.469	512	327	14	11	511	12	505	4.57e-54	185
3_323	1_489	24.324	259	168	9	6	263	1	232	2.03e-14	70.5
3_323	1_489	23.301	206	140	4	282	487	16	203	1.42e-06	45.4
3_323	1_286	25.108	231	157	8	6	228	60	282	5.91e-14	67.4
3_323	1_286	30.263	76	53	0	412	487	199	274	1.89e-04	37.7
3_323	1_442	25.592	211	143	5	6	215	1	198	8.49e-14	68.6
3_323	1_442	26.531	196	126	5	277	472	11	188	9.39e-11	58.5
3_323	1_177	25.676	222	145	6	6	221	5	212	9.28e-14	65.5
3_323	1_177	25.446	224	142	7	283	501	22	225	6.47e-09	51.2
3_323	1_322	28.194	227	133	7	282	505	16	215	2.23e-13	67.0
3_323	1_322	26.190	210	138	7	20	227	15	209	2.89e-13	66.6
3_323	1_262	27.273	220	125	10	21	225	19	218	3.85e-12	61.2
3_323	1_262	25.541	231	157	8	264	492	1	218	6.22e-06	42.4
3_323	1_33	24.576	236	141	7	13	223	14	237	4.04e-12	61.6
3_323	1_33	27.027	222	133	8	286	489	26	236	5.12e-12	61.2
3_323	1_290	24.681	235	157	8	22	245	27	252	1.81e-11	58.9
3_323	1_290	21.875	224	167	5	267	487	12	230	1.30e-07	47.4
3_323	1_233	30.147	136	88	4	112	244	202	333	2.40e-11	60.1
3_323	1_233	28.431	102	68	3	6	107	10	106	3.56e-08	50.1
3_323	1_233	25.287	87	64	1	404	489	224	310	4.39e-05	40.0
3_323	1_266	36.634	101	54	3	129	223	264	360	9.21e-11	58.2
3_323	1_266	35.443	79	50	1	412	489	281	359	4.31e-07	46.6
3_323	1_266	41.071	56	29	1	6	57	43	98	6.25e-06	42.7
3_323	1_294	34.409	93	54	2	402	490	498	587	1.66e-10	57.8
3_323	1_294	26.496	117	78	4	133	246	500	611	5.12e-08	50.1
3_323	1_294	29.348	92	54	4	16	104	48	131	8.52e-07	45.8
3_323	1_526	29.545	220	114	7	2	206	320	513	2.23e-10	57.4
3_323	1_490	23.333	270	154	9	28	246	29	296	5.38e-10	55.5
3_323	1_490	32.609	92	57	2	399	489	184	271	9.93e-07	45.4
3_323	1_205	25.424	236	134	10	22	230	143	363	1.24e-09	54.7
3_323	1_205	25.692	253	144	8	262	487	118	353	3.45e-08	50.1
3_323	1_412	30.097	103	62	3	129	225	601	699	4.45e-08	50.1
3_323	1_412	27.723	101	72	1	410	509	616	716	1.35e-05	42.0
3_323	1_265	24.599	187	125	4	6	176	1	187	5.08e-07	46.6
3_323	1_562	25.000	160	108	5	22	179	4	153	5.46e-06	42.0
3_323	1_59	26.267	217	134	9	32	230	40	248	5.96e-06	42.7
3_323	1_59	33.333	81	53	1	410	489	160	240	6.26e-05	39.7
3_323	1_101	22.353	170	119	4	37	202	500	660	2.88e-05	41.2
3_323	1_331	26.230	183	118	8	37	215	365	534	5.23e-04	37.0
3_323	1_229	27.184	103	72	1	373	472	795	897	7.33e-04	36.6
3_324	1_297	100.000	205	0	0	1	205	1	205	3.71e-144	395
3_325	1_298	100.000	607	0	0	1	607	1	607	0.0	1221
3_326	1_553	99.496	993	5	0	1	993	1	993	0.0	1938
3_326	1_400	68.032	1392	422	6	1	1385	1	1376	0.0	1817
3_326	1_552	99.746	394	1	0	993	1386	4	397	0.0	798
3_327	1_407	99.647	1982	7	0	1	1982	1	1982	0.0	3864
3_327	1_566	30.230	870	558	19	45	884	8	858	3.84e-94	323
3_327	1_527	35.516	397	209	11	60	425	37	417	1.57e-54	196
3_328	1_369	99.138	232	2	0	1	232	1	232	6.31e-163	444
3_329	1_406	97.248	109	3	0	1	109	1	109	1.05e-72	206
3_329	1_390	33.846	65	42	1	38	101	79	143	2.56e-06	38.5
3_330	1_405	99.767	429	1	0	1	429	1	429	0.0	862
3_331	1_404	99.932	1477	1	0	1	1477	1	1477	0.0	2991
3_331	1_343	22.222	720	356	26	796	1433	188	785	2.31e-17	82.4
3_332	1_299	100.000	308	0	0	1	308	1	308	0.0	579
3_333	1_300	100.000	175	0	0	1	175	1	175	7.58e-126	346
3_334	1_301	100.000	278	0	0	1	278	1	278	0.0	541
3_334	1_274	27.350	117	73	3	110	226	48	152	1.58e-06	42.7
3_334	1_274	31.092	119	70	4	121	239	35	141	2.91e-05	38.9
3_335	1_302	100.000	274	0	0	1	274	1	274	0.0	539
3_335	1_403	25.150	167	115	4	73	233	75	237	2.33e-05	39.3
3_336	1_44	99.798	494	1	0	1	494	1	494	0.0	962
3_337	1_401	99.437	355	2	0	1	355	26	380	0.0	683
3_338	1_400	99.855	1376	2	0	1	1376	1	1376	0.0	2703
3_338	1_553	66.499	997	314	3	1	981	1	993	0.0	1283
3_338	1_552	71.717	396	109	3	981	1376	4	396	0.0	556
3_339	1_303	100.000	334	0	0	1	334	1	334	0.0	681
3_340	1_304	100.000	374	0	0	1	374	1	374	0.0	775
3_341	1_305	100.000	524	0	0	1	524	1	524	0.0	1022
3_341	1_195	24.301	465	302	18	9	462	4	429	9.02e-14	68.2
3_342	1_232	99.689	322	1	0	1	322	1	322	0.0	649
3_343	1_399	99.812	1063	2	0	1	1063	1	1063	0.0	2109
3_343	1_468	26.514	1090	681	33	1	1050	6	1015	7.46e-82	283
3_343	1_439	31.988	322	208	5	4	322	1	314	3.89e-43	165
3_343	1_439	26.174	298	176	8	521	777	721	1015	7.92e-17	80.1
3_343	1_439	35.965	114	69	4	357	468	472	583	1.26e-10	60.1
3_343	1_524	24.774	553	307	20	6	496	4	509	1.55e-14	72.8
3_343	1_521	24.682	393	234	13	26	394	40	394	4.77e-13	67.8
3_343	1_398	24.444	450	278	15	12	440	23	431	3.10e-08	52.0
3_344	1_306	100.000	88	0	0	1	88	1	88	6.79e-60	172
3_345	1_221	99.855	692	1	0	1	692	1	692	0.0	1370
3_346	1_307	100.000	965	0	0	1	965	1	965	0.0	1906
3_346	1_440	23.247	271	155	11	65	297	63	318	4.88e-08	51.2
3_346	1_522	26.286	175	110	5	24	191	12	174	1.26e-04	40.0
3_347	1_398	99.540	1086	5	0	1	1086	1	1086	0.0	2127
3_347	1_399	23.725	451	280	15	23	431	12	440	1.40e-08	53.1
3_347	1_468	24.947	469	294	15	18	451	14	459	1.03e-07	50.4
3_347	1_439	22.134	253	167	8	31	254	14	265	4.73e-05	42.0
3_347	1_521	26.667	255	162	9	25	260	29	277	8.15e-05	40.8
3_347	1_524	22.707	458	302	16	16	430	5	453	1.40e-04	40.4
3_348	1_41	99.693	326	1	0	1	326	1	326	0.0	651
3_349	1_397	99.376	481	3	0	1	481	1	481	0.0	926
3_350	1_230	99.756	821	2	0	1	821	1	821	0.0	1659
3_350	1_316	22.437	517	375	10	10	510	6	512	1.70e-31	125
3_351	1_396	99.700	999	1	1	1	997	1	999	0.0	2010
3_352	1_308	100.000	232	0	0	1	232	1	232	6.29e-174	472
3_353	1_244	99.779	452	1	0	1	452	1	452	0.0	883
3_354	1_309	100.000	323	0	0	1	323	1	323	0.0	657
3_355	1_155	99.020	102	1	0	1	102	1	102	5.34e-69	196
3_356	1_394	99.874	1585	2	0	1	1585	1	1585	0.0	3135
3_356	1_209	26.625	323	183	13	917	1223	623	907	1.08e-13	70.9
3_356	1_209	37.383	107	59	3	281	385	297	397	1.16e-05	44.3
3_357	1_154	99.758	414	1	0	1	414	1	414	0.0	828
3_358	1_153	99.638	276	1	0	1	276	1	276	0.0	563
3_359	1_152	99.611	257	1	0	1	257	1	257	0.0	514
3_360	1_310	100.000	691	0	0	1	691	1	691	0.0	1391
3_361	1_249	99.346	306	2	0	1	306	1	306	0.0	603
3_362	1_311	100.000	471	0	0	1	471	1	471	0.0	954
3_362	1_184	37.168	452	279	4	7	456	2	450	1.89e-104	314
3_362	1_313	26.757	370	260	7	44	408	58	421	3.73e-26	105
3_362	1_420	22.712	295	216	6	63	348	49	340	3.69e-08	50.1
3_363	1_312	100.000	276	0	0	1	276	1	276	0.0	544
3_364	1_313	100.000	507	0	0	1	507	1	507	0.0	1013
3_364	1_420	43.385	325	173	6	125	444	105	423	2.15e-74	239
3_364	1_311	26.757	370	260	7	58	421	44	408	4.01e-26	105
3_364	1_184	24.291	247	181	5	37	278	15	260	8.20e-08	48.9
3_365	1_314	100.000	385	0	0	1	385	1	385	0.0	749
3_366	1_315	100.000	402	0	0	1	402	1	402	0.0	799
3_367	1_393	99.688	641	2	0	1	641	1	641	0.0	1282
3_367	1_42	44.288	639	333	9	3	626	5	635	8.94e-169	491
3_368	1_392	99.882	850	1	0	1	850	1	850	0.0	1695
3_368	1_235	35.543	709	429	12	6	698	50	746	4.29e-130	405
3_368	1_235	25.000	132	88	5	582	706	727	854	3.75e-04	38.5
3_369	1_138	99.774	886	2	0	1	886	1	886	0.0	1799
3_369	1_320	24.069	698	428	16	34	711	18	633	1.23e-46	174
3_369	1_325	22.941	340	205	10	440	753	393	701	9.27e-15	72.8
3_369	1_325	23.563	174	120	3	27	199	8	169	6.94e-09	53.9
3_369	1_462	26.490	151	100	3	50	200	2	141	2.83e-09	54.7
3_369	1_462	34.426	61	35	2	574	634	294	349	4.55e-05	41.2
3_370	1_391	98.529	204	3	0	1	204	1	204	6.17e-141	387
3_371	1_390	98.667	150	2	0	1	150	1	150	3.73e-104	289
3_371	1_406	38.158	76	46	1	67	142	26	100	4.54e-11	51.6
3_372	1_251	98.799	333	4	0	1	333	1	333	0.0	650
3_373	1_388	99.570	465	2	0	1	465	1	465	0.0	924
3_374	1_387	99.625	534	2	0	1	534	1	534	0.0	1057
3_375	1_316	100.000	673	0	0	1	673	1	673	0.0	1349
3_375	1_230	22.437	517	375	10	6	512	10	510	1.11e-31	126
3_376	1_436	99.383	324	2	0	1	324	1	324	0.0	662
3_376	1_285	23.235	340	194	13	1	296	321	637	6.88e-10	54.7
3_377	1_436	41.538	325	177	7	7	325	7	324	1.19e-71	220
3_377	1_285	27.195	353	208	16	9	326	325	663	5.84e-13	64.3
3_378	1_10	99.838	619	1	0	1	619	1	619	0.0	1247
3_379	1_317	100.000	378	0	0	1	378	1	378	0.0	754
3_380	1_318	100.000	783	0	0	1	783	1	783	0.0	1564
3_381	1_319	100.000	353	0	0	1	353	1	353	0.0	697
3_381	1_372	27.129	317	167	15	46	345	64	333	6.47e-07	45.1
3_382	1_320	100.000	823	0	0	1	823	1	823	0.0	1656
3_382	1_138	24.157	741	452	18	18	668	34	754	7.05e-48	177
3_382	1_325	21.557	334	201	9	393	679	398	717	2.94e-14	71.2
3_382	1_325	27.174	184	113	4	6	186	3	168	1.27e-08	52.8
3_382	1_462	24.084	191	113	4	32	222	3	161	1.90e-07	48.9
3_382	1_462	21.053	304	175	13	321	594	128	396	0.001	37.0
3_383	1_321	100.000	520	0	0	1	520	1	520	0.0	1014
3_384	1_383	98.585	212	3	0	1	212	1	212	1.57e-146	401
3_385	1_437	99.252	535	4	0	1	535	1	535	0.0	1033
3_385	1_331	31.445	512	325	9	31	526	35	536	1.64e-54	187
3_385	1_447	31.132	212	136	3	321	526	331	538	1.92e-30	119
3_385	1_526	31.202	391	220	16	155	521	155	520	1.28e-24	102
3_385	1_562	32.086	187	123	2	343	526	5	190	3.83e-16	71.6
3_385	1_262	32.353	204	117	11	327	514	2	200	7.54e-13	63.5
3_385	1_442	30.882	204	134	4	327	527	2	201	2.48e-11	60.8
3_385	1_101	32.184	174	95	8	352	510	495	660	1.01e-10	58.5
3_385	1_489	29.187	209	137	7	327	530	2	204	5.71e-09	53.1
3_385	1_322	29.167	216	137	9	327	534	2	209	3.42e-08	50.4
3_385	1_286	29.570	186	108	8	341	510	79	257	1.82e-07	47.4
3_385	1_265	35.185	54	35	0	335	388	10	63	9.26e-06	42.7
3_385	1_177	25.414	181	122	5	342	514	22	197	1.39e-05	41.2
3_385	1_233	32.787	61	41	0	327	387	11	71	4.82e-05	40.0
3_385	1_294	25.301	83	59	1	324	406	36	115	3.04e-04	37.7
3_385	1_72	25.532	188	118	5	346	517	27	208	6.09e-04	36.6
3_386	1_438	98.261	115	2	0	1	115	19	133	1.97e-79	224
3_387	1_439	99.014	1217	9	2	1	1216	1	1215	0.0	2402
3_387	1_399	31.988	322	208	5	1	314	4	322	5.48e-43	165
3_387	1_399	26.923	286	166	8	723	1004	521	767	5.77e-16	77.8
3_387	1_399	38.542	96	56	3	472	566	357	450	1.55e-10	60.1
3_387	1_468	32.867	286	182	5	3	285	11	289	1.82e-34	137
3_387	1_468	30.928	291	137	10	740	1018	545	783	2.96e-23	101
3_387	1_468	32.231	121	72	5	477	594	361	474	1.70e-05	43.5
3_387	1_521	24.096	249	165	5	6	249	25	254	7.35e-14	70.9
3_387	1_524	26.556	241	150	8	1	234	1	221	4.66e-11	61.6
3_387	1_524	27.397	146	82	7	970	1104	851	983	2.25e-04	39.7
3_387	1_398	22.624	221	146	6	14	234	31	226	1.47e-04	40.4
3_388	1_440	98.044	1176	11	1	1	1176	1	1164	0.0	2306
3_388	1_522	32.197	264	157	5	7	261	5	255	4.08e-29	120
3_388	1_522	25.000	408	209	16	584	972	445	774	2.46e-14	72.4
3_388	1_467	31.855	248	152	8	10	252	13	248	2.58e-23	101
3_388	1_467	26.070	257	163	10	722	970	496	733	3.54e-04	38.9
3_388	1_523	28.931	159	100	4	6	161	2	150	5.23e-11	61.6
3_388	1_365	22.938	388	251	14	7	383	2	352	1.08e-05	43.9
3_388	1_307	39.474	38	23	0	281	318	260	297	4.26e-04	38.9
3_389	1_441	98.790	496	6	0	1	496	1	496	0.0	962
3_389	1_525	28.000	400	244	15	122	489	180	567	4.18e-23	97.1
3_390	1_442	99.870	772	1	0	1	772	1	772	0.0	1506
3_390	1_322	48.402	438	198	9	1	416	1	432	3.87e-108	339
3_390	1_322	45.736	129	70	0	644	772	518	646	6.75e-23	98.6
3_390	1_489	30.970	804	489	19	1	772	1	770	7.29e-85	280
3_390	1_286	29.442	197	127	5	16	202	79	273	5.86e-19	83.2
3_390	1_72	32.673	202	122	5	6	195	12	211	1.35e-15	74.7
3_390	1_409	25.592	211	143	5	1	198	6	215	1.23e-13	68.6
3_390	1_409	26.020	196	127	5	11	188	277	472	4.36e-10	57.0
3_390	1_33	25.000	208	129	5	17	198	23	229	1.37e-13	67.0
3_390	1_447	26.415	212	137	7	1	201	336	539	8.15e-12	62.8
3_390	1_290	27.451	204	119	8	18	198	28	225	8.89e-12	60.8
3_390	1_331	31.373	204	111	9	13	200	346	536	3.47e-11	60.8
3_390	1_437	30.882	204	134	4	2	201	327	527	4.37e-11	60.5
3_390	1_265	22.993	274	175	5	1	240	1	272	8.47e-11	59.3
3_390	1_265	24.645	211	138	8	1	201	319	518	7.73e-06	43.5
3_390	1_294	31.897	116	70	2	102	208	474	589	1.63e-09	55.5
3_390	1_294	32.673	101	60	2	2	97	39	136	2.67e-07	48.5
3_390	1_490	30.986	142	89	5	59	197	128	263	1.70e-09	54.7
3_390	1_490	52.778	36	17	0	21	56	27	62	5.41e-05	40.4
3_390	1_526	28.866	194	127	6	1	188	324	512	9.78e-09	52.8
3_390	1_233	32.394	142	92	3	107	245	211	351	1.66e-08	52.0
3_390	1_233	32.955	88	57	1	7	92	16	103	1.81e-08	52.0
3_390	1_262	23.618	199	141	6	13	202	16	212	9.35e-08	48.9
3_390	1_266	25.191	131	91	3	72	197	223	351	1.34e-07	48.9
3_390	1_101	24.479	192	131	5	23	204	491	678	3.21e-07	48.1
3_390	1_229	38.144	97	51	4	110	200	815	908	6.31e-07	47.4
3_390	1_229	28.571	147	88	6	64	193	416	562	1.50e-04	39.7
3_390	1_412	27.957	93	65	1	108	198	597	689	7.67e-07	47.0
3_390	1_177	27.174	184	109	7	19	188	24	196	2.21e-06	44.3
3_390	1_205	25.592	211	123	8	16	197	142	347	5.65e-06	43.9
3_390	1_562	27.684	177	117	5	16	185	3	175	1.50e-05	41.2
3_390	1_59	30.682	88	57	2	114	197	145	232	1.90e-04	38.9
3_391	1_322	100.000	650	0	0	1	650	1	650	0.0	1263
3_391	1_442	48.402	438	198	9	1	432	1	416	5.94e-108	338
3_391	1_442	39.344	183	105	1	470	646	590	772	7.94e-31	123
3_391	1_489	39.823	452	246	10	1	438	1	440	2.00e-89	290
3_391	1_489	29.348	184	126	2	467	646	587	770	3.37e-16	76.6
3_391	1_286	30.732	205	122	6	16	206	79	277	2.12e-20	87.0
3_391	1_331	32.558	215	117	9	2	200	334	536	3.86e-15	72.8
3_391	1_447	29.717	212	130	8	1	201	336	539	4.28e-15	72.8
3_391	1_33	28.169	213	128	6	18	205	24	236	3.61e-14	68.2
3_391	1_262	31.081	222	129	11	1	205	1	215	1.90e-13	65.9
3_391	1_409	25.688	218	140	7	15	212	20	235	3.14e-13	66.6
3_391	1_409	27.753	227	134	7	16	215	282	505	8.93e-13	65.5
3_391	1_72	29.524	210	134	5	10	205	12	221	1.59e-12	64.7
3_391	1_72	28.326	233	135	9	2	208	261	487	7.09e-09	52.8
3_391	1_265	25.641	234	141	6	1	205	1	230	1.73e-12	64.7
3_391	1_265	28.571	210	133	8	1	202	319	519	1.81e-09	54.7
3_391	1_526	28.365	208	110	6	1	188	324	512	7.64e-11	59.3
3_391	1_177	29.596	223	136	8	4	214	8	221	9.70e-11	57.0
3_391	1_101	31.285	179	100	8	32	195	500	670	5.61e-10	56.6
3_391	1_294	32.967	91	59	1	119	207	498	588	1.01e-09	55.8
3_391	1_294	33.333	99	58	3	2	95	39	134	5.77e-07	47.0
3_391	1_490	29.333	150	99	3	60	207	129	273	1.69e-09	54.7
3_391	1_490	43.636	55	31	0	2	56	8	62	1.23e-05	42.4
3_391	1_290	26.407	231	131	10	14	214	24	245	5.77e-09	52.0
3_391	1_412	34.940	83	52	1	127	207	616	698	6.44e-09	53.1
3_391	1_205	25.688	218	138	7	16	209	142	359	1.29e-08	52.0
3_391	1_233	31.915	94	62	1	1	92	10	103	1.67e-08	51.6
3_391	1_233	39.535	86	46	3	126	207	229	312	3.27e-08	50.8
3_391	1_266	32.692	104	64	3	115	215	267	367	6.43e-08	49.7
3_391	1_437	29.167	216	137	9	2	209	327	534	6.75e-08	49.7
3_391	1_562	29.677	155	98	4	16	163	3	153	4.18e-06	42.7
3_391	1_59	32.941	85	55	1	127	209	160	244	2.65e-05	41.2
3_391	1_229	36.905	84	44	4	121	198	826	906	1.31e-04	39.3
3_392	1_568	99.279	416	3	0	145	560	1	416	0.0	841
3_392	1_496	44.785	489	202	13	122	559	10	481	7.65e-110	332
3_392	1_501	41.518	448	197	15	6	413	7	429	2.00e-94	290
3_392	1_575	41.784	426	209	9	150	555	4	410	6.47e-84	262
3_392	1_228	100.000	118	0	0	1	118	1	118	6.71e-76	231
3_392	1_578	41.924	291	129	8	150	413	1	278	2.00e-55	183
3_392	1_502	69.863	73	21	1	173	245	1	72	5.79e-24	97.4
3_392	1_502	50.000	66	32	1	377	441	255	320	1.65e-15	72.4
3_392	1_491	44.444	108	53	3	6	106	7	114	1.33e-19	79.7
3_393	1_443	98.007	803	15	1	1	802	1	803	0.0	1572
3_393	1_576	44.724	834	403	15	1	802	3	810	0.0	637
3_393	1_492	43.469	467	224	13	1	450	1	444	2.50e-99	321
3_393	1_495	68.293	41	13	0	45	85	22	62	2.08e-14	63.9
3_394	1_323	100.000	979	0	0	1	979	1	979	0.0	1930
3_395	1_324	100.000	408	0	0	1	408	1	408	0.0	823
3_396	1_325	100.000	790	0	0	1	790	1	790	0.0	1608
3_396	1_138	22.941	340	205	10	393	701	440	753	8.55e-15	72.8
3_396	1_138	23.563	174	120	3	8	169	27	199	6.14e-09	53.9
3_396	1_320	24.103	195	101	6	398	592	393	540	2.17e-12	65.1
3_396	1_320	27.174	184	113	4	3	168	6	186	1.37e-08	52.8
3_396	1_462	34.444	90	58	1	29	118	3	91	6.57e-08	50.1
3_396	1_462	33.000	100	59	3	513	612	264	355	1.69e-07	48.9
3_397	1_379	98.621	145	2	0	1	145	1	145	2.47e-101	281
3_398	1_445	99.352	463	3	0	1	463	1	463	0.0	932
3_399	1_168	99.119	227	2	0	1	227	1	227	6.97e-163	444
3_400	1_326	100.000	324	0	0	1	324	1	324	0.0	643
3_401	1_327	100.000	946	0	0	1	946	1	946	0.0	1862
3_402	1_328	100.000	245	0	0	1	245	1	245	8.37e-177	481
3_403	1_329	100.000	700	0	0	1	700	1	700	0.0	1422
3_404	1_330	100.000	582	0	0	1	582	1	582	0.0	1180
3_405	1_447	99.814	539	1	0	1	539	1	539	0.0	1047
3_405	1_562	62.434	189	71	0	351	539	3	191	2.98e-63	200
3_405	1_526	28.893	533	353	10	7	533	8	520	3.61e-49	172
3_405	1_437	31.132	212	136	3	331	538	321	526	3.36e-30	119
3_405	1_331	38.462	221	128	7	322	538	320	536	1.56e-29	117
3_405	1_262	35.204	196	109	5	348	531	16	205	5.33e-19	82.0
3_405	1_322	29.717	212	130	8	336	539	1	201	3.90e-15	72.8
3_405	1_489	30.412	194	125	6	336	525	1	188	2.82e-13	67.0
3_405	1_442	26.415	212	137	7	336	539	1	201	6.15e-12	62.8
3_405	1_101	31.138	167	94	7	369	522	502	660	7.24e-10	55.8
3_405	1_177	31.522	184	108	8	354	528	24	198	4.03e-09	52.0
3_405	1_265	23.853	218	133	6	336	525	1	213	6.83e-09	52.8
3_405	1_72	31.694	183	103	8	355	522	26	201	3.02e-08	50.4
3_405	1_286	25.510	196	125	7	351	532	79	267	8.26e-08	48.5
3_405	1_412	38.983	59	33	1	467	522	618	676	5.99e-07	46.6
3_405	1_294	27.778	90	61	2	452	538	493	581	1.31e-06	45.4
3_405	1_59	29.612	206	115	11	351	532	29	228	4.31e-06	43.1
3_405	1_490	29.412	85	52	2	441	522	172	251	4.68e-06	43.1
3_405	1_233	30.769	78	53	1	327	404	1	77	7.93e-06	42.7
3_405	1_233	35.294	68	41	1	464	528	229	296	6.77e-05	39.7
3_405	1_290	26.699	206	131	7	336	523	9	212	3.92e-05	40.0
3_405	1_266	38.983	59	33	1	467	522	281	339	5.84e-05	40.0
3_406	1_331	100.000	536	0	0	1	536	1	536	0.0	1022
3_406	1_437	32.031	512	322	10	35	536	31	526	1.54e-54	187
3_406	1_447	38.462	221	128	7	320	536	322	538	1.69e-29	116
3_406	1_526	34.928	209	124	6	328	531	319	520	3.71e-23	97.4
3_406	1_562	37.500	192	112	3	349	536	3	190	3.42e-16	72.0
3_406	1_322	32.558	215	117	9	334	536	2	200	3.02e-15	73.2
3_406	1_262	30.189	212	132	8	334	534	2	208	7.02e-14	66.6
3_406	1_101	31.016	187	111	5	319	495	456	634	1.61e-13	67.4
3_406	1_442	31.373	204	111	9	346	536	13	200	2.77e-11	60.5
3_406	1_286	31.527	203	114	11	349	536	79	271	4.09e-08	49.3
3_406	1_265	44.898	49	27	0	346	394	13	61	8.82e-08	48.9
3_406	1_489	28.505	214	123	10	334	534	2	198	6.93e-07	46.2
3_406	1_177	25.943	212	129	9	336	533	8	205	2.35e-06	43.5
3_406	1_294	33.333	66	43	1	331	396	36	100	2.39e-05	41.2
3_406	1_72	25.568	176	111	6	363	524	36	205	4.90e-05	40.0
3_406	1_412	36.508	63	34	2	364	424	38	96	7.89e-05	39.7
3_406	1_490	38.000	100	46	5	327	415	1	95	1.52e-04	38.5
3_406	1_266	27.132	129	76	4	302	425	23	138	6.34e-04	36.6
3_406	1_409	26.230	183	118	8	365	534	37	215	7.80e-04	36.2
3_406	1_33	22.527	182	118	4	364	522	37	218	7.87e-04	36.2
3_407	1_332	100.000	549	0	0	1	549	1	549	0.0	1071
3_408	1_448	99.758	828	2	0	1	828	1	828	0.0	1675
3_408	1_477	28.734	616	325	23	246	809	252	805	2.52e-45	169
3_409	1_449	98.942	756	8	0	1	756	23	778	0.0	1521
3_409	1_478	29.940	334	205	9	305	636	224	530	1.48e-33	132
3_409	1_478	50.633	79	12	3	1	60	23	93	1.25e-10	58.9
3_409	1_567	28.097	331	197	11	306	624	266	567	2.94e-27	112
3_409	1_464	62.963	81	30	0	196	276	232	312	4.27e-25	105
3_410	1_450	99.755	408	1	0	1	408	1	408	0.0	811
3_411	1_371	99.778	450	1	0	1	450	1	450	0.0	897
3_412	1_333	100.000	285	0	0	1	285	1	285	0.0	573
3_413	1_334	100.000	186	0	0	1	186	1	186	1.41e-136	374
3_413	1_96	26.772	127	68	4	46	151	81	203	2.35e-04	35.0
3_414	1_335	100.000	293	0	0	1	293	1	293	0.0	586
3_414	1_247	29.530	149	90	6	9	152	5	143	3.04e-09	52.0
3_414	1_247	35.593	59	38	0	9	67	173	231	2.78e-06	42.7
3_414	1_128	37.705	61	35	1	5	65	218	275	3.89e-05	39.3
3_414	1_242	39.344	61	33	3	10	69	19	76	2.43e-04	35.8
3_415	1_102	99.749	398	1	0	1	398	1	398	0.0	810
3_416	1_336	100.000	153	0	0	1	153	1	153	4.29e-108	299
3_417	1_283	99.738	381	1	0	1	381	1	381	0.0	752
3_418	1_280	99.528	212	1	0	1	212	1	212	1.73e-156	426
3_419	1_109	99.366	473	3	0	1	473	1	473	0.0	922
3_420	1_451	99.174	121	1	0	1	121	1	121	1.06e-87	245
3_421	1_111	99.441	179	1	0	1	179	1	179	1.82e-129	355
3_422	1_453	99.547	883	4	0	1	883	1	883	0.0	1778
3_423	1_337	100.000	297	0	0	1	297	1	297	0.0	578
3_424	1_126	99.859	709	1	0	1	709	1	709	0.0	1424
3_425	1_456	99.142	699	2	1	1	695	1	699	0.0	1370
3_426	1_226	98.148	54	1	0	1	54	3	56	3.90e-33	103
3_427	1_372	99.128	344	3	0	1	344	1	344	0.0	676
3_427	1_319	24.606	317	175	11	64	333	46	345	2.30e-05	40.0
3_428	1_458	99.459	2033	11	0	1	2033	1	2033	0.0	4073
3_429	1_459	99.776	892	2	0	1	892	1	892	0.0	1800
3_430	1_130	99.296	142	1	0	1	142	1	142	4.87e-103	286
3_431	1_460	99.446	361	2	0	1	361	1	361	0.0	715
3_432	1_338	100.000	490	0	0	1	490	1	490	0.0	961
3_433	1_132	99.008	504	5	0	1	504	1	504	0.0	970
3_433	1_1	25.901	444	264	16	10	403	51	479	1.83e-21	92.0
3_434	1_555	99.790	477	1	0	1	477	4	480	0.0	968
3_434	1_503	91.964	112	9	0	359	470	1	112	7.76e-72	218
3_435	1_339	100.000	594	0	0	1	594	1	594	0.0	1190
3_435	1_272	28.413	630	325	21	34	582	29	613	4.59e-44	162
3_436	1_340	100.000	205	0	0	1	205	1	205	9.49e-154	419
3_437	1_341	100.000	274	0	0	1	274	1	274	0.0	560
3_438	1_342	100.000	377	0	0	1	377	1	377	0.0	759
3_439	1_343	100.000	984	0	0	1	984	1	984	0.0	1987
3_439	1_404	21.989	714	365	24	188	785	796	1433	1.99e-17	82.0
3_440	1_344	100.000	666	0	0	1	666	1	666	0.0	1352
3_441	1_373	99.827	579	1	0	1	579	1	579	0.0	1177
3_442	1_475	99.567	462	2	0	1	462	1	462	0.0	926
3_443	1_476	99.824	569	1	0	1	569	1	569	0.0	1101
3_443	1_73	30.556	216	124	4	79	285	18	216	9.52e-12	60.8
3_444	1_477	99.270	822	3	1	1	819	1	822	0.0	1672
3_444	1_448	28.571	616	326	23	249	802	246	809	3.40e-45	169
3_445	1_478	100.000	649	0	0	1	649	23	671	0.0	1306
3_445	1_567	37.821	661	342	19	7	624	74	708	2.88e-124	380
3_445	1_449	30.240	334	204	9	202	508	327	658	5.90e-34	132
3_446	1_101	99.853	679	1	0	1	679	2	680	0.0	1342
3_446	1_331	27.719	285	184	6	357	633	225	495	2.91e-14	70.1
3_446	1_437	32.184	174	95	8	494	659	352	510	1.08e-10	58.9
3_446	1_322	31.285	179	100	8	499	669	32	195	5.10e-10	57.0
3_446	1_177	29.630	189	109	7	500	678	38	212	6.97e-10	54.7
3_446	1_447	31.138	167	94	7	501	659	369	522	6.97e-10	56.2
3_446	1_562	30.496	141	90	3	501	639	21	155	1.82e-09	52.8
3_446	1_526	28.042	189	107	7	462	637	317	489	7.65e-09	52.8
3_446	1_286	29.167	168	103	8	501	659	97	257	3.95e-08	50.1
3_446	1_442	24.479	192	131	5	490	677	23	204	2.12e-07	48.5
3_446	1_262	26.540	211	118	10	463	660	11	197	3.80e-07	46.6
3_446	1_409	22.353	170	119	4	499	659	37	202	4.46e-05	40.8
3_446	1_489	24.510	204	131	6	468	669	13	195	9.77e-05	40.0
3_446	1_290	28.814	177	108	5	497	659	40	212	3.52e-04	37.4
3_446	1_490	45.588	68	27	4	465	524	4	69	5.30e-04	37.4
3_446	1_265	25.126	199	105	10	499	666	32	217	5.45e-04	37.4
3_447	1_576	99.831	593	1	0	1	593	220	812	0.0	1197
3_447	1_443	43.167	600	299	14	2	591	236	803	1.93e-136	412
3_447	1_492	31.536	612	316	20	3	563	220	779	1.82e-54	192
3_448	1_345	100.000	194	0	0	1	194	1	194	1.41e-142	390
3_449	1_461	99.787	469	1	0	1	469	1	469	0.0	933
3_450	1_346	100.000	256	0	0	1	256	1	256	0.0	510
3_451	1_462	99.805	514	1	0	1	514	1	514	0.0	1038
3_451	1_138	26.490	151	100	3	2	141	50	200	1.87e-09	54.7
3_451	1_138	34.426	61	35	2	294	349	574	634	2.85e-05	41.2
3_451	1_325	34.444	90	58	1	3	91	29	118	4.38e-08	50.1
3_451	1_325	33.000	100	59	3	264	355	513	612	1.14e-07	48.9
3_451	1_320	24.084	191	113	4	3	161	32	222	1.28e-07	48.5
3_451	1_320	21.053	304	175	13	128	396	321	594	5.62e-04	37.0
3_452	1_347	100.000	289	0	0	1	289	1	289	0.0	558
3_453	1_22	99.823	564	1	0	1	564	1	564	0.0	1103
3_453	1_429	31.670	461	251	12	95	533	214	632	2.85e-52	184
3_453	1_531	31.614	446	261	9	99	533	95	507	2.70e-51	178
3_453	1_577	30.901	466	255	14	97	533	67	494	2.53e-49	173
3_453	1_551	30.024	423	248	9	118	533	237	618	4.19e-47	169
3_453	1_428	30.496	423	234	11	131	540	144	519	6.68e-44	159
3_454	1_463	99.583	240	1	0	1	240	1	240	0.0	501
3_455	1_348	100.000	295	0	0	1	295	1	295	0.0	594
3_455	1_421	27.241	290	173	9	21	293	10	278	2.48e-21	86.7
3_455	1_216	26.502	283	175	9	19	293	3	260	5.01e-16	71.2
3_455	1_455	26.894	264	165	9	21	275	5	249	1.09e-13	64.7
3_455	1_37	25.368	272	165	12	15	274	1	246	2.26e-04	36.6
3_456	1_24	99.412	170	1	0	1	170	1	170	2.76e-122	337
3_457	1_464	99.249	666	5	0	1	666	1	666	0.0	1335
3_457	1_449	64.198	81	29	0	232	312	218	298	1.45e-25	106
3_458	1_349	100.000	615	0	0	1	615	1	615	0.0	1266
3_459	1_350	100.000	188	0	0	1	188	1	188	6.51e-139	380
3_460	1_351	100.000	865	0	0	1	865	1	865	0.0	1717
3_461	1_352	100.000	428	0	0	1	428	1	428	0.0	853
3_462	1_353	100.000	1216	0	0	1	1216	1	1216	0.0	2399
3_463	1_354	100.000	696	0	0	1	696	1	696	0.0	1387
3_464	1_556	100.000	67	0	0	1	67	1	67	4.35e-46	137
3_465	1_356	100.000	184	0	0	1	184	1	184	2.14e-135	371
3_466	1_465	99.855	690	1	0	1	690	1	690	0.0	1370
3_467	1_466	99.656	871	3	0	1	871	1	871	0.0	1709
3_468	1_381	98.621	145	2	0	1	145	1	145	8.23e-102	283
3_469	1_357	100.000	270	0	0	1	270	1	270	0.0	546
3_470	1_358	100.000	252	0	0	1	252	1	252	0.0	496
3_470	1_169	29.252	147	97	3	111	252	82	226	1.05e-08	48.9
3_471	1_359	100.000	361	0	0	1	361	1	361	0.0	735
3_472	1_376	99.444	720	4	0	1	720	1	720	0.0	1476
3_473	1_360	100.000	475	0	0	1	475	1	475	0.0	922
3_474	1_361	100.000	627	0	0	1	627	1	627	0.0	1247
3_475	1_484	99.492	197	1	0	1	197	1	197	1.33e-133	367
3_476	1_576	76.108	812	182	6	1	803	3	811	0.0	1221
3_476	1_443	45.685	788	387	14	27	802	45	803	0.0	618
3_476	1_492	33.660	817	460	26	1	774	1	778	1.21e-104	335
3_476	1_495	78.689	61	13	0	8	68	3	63	5.60e-28	102
3_477	1_488	99.932	1460	1	0	1	1460	3	1462	0.0	2885
3_478	1_287	99.737	380	1	0	1	380	1	380	0.0	773
3_478	1_508	64.912	57	20	0	218	274	21	77	1.56e-23	88.2
3_479	1_362	100.000	186	0	0	1	186	1	186	7.58e-140	382
3_480	1_380	99.776	447	1	0	1	447	1	447	0.0	883
3_480	1_216	31.878	229	138	9	1	221	1	219	8.05e-17	75.1
3_480	1_37	27.675	271	161	14	3	254	4	258	2.63e-08	49.3
3_480	1_421	22.305	269	160	7	8	246	12	261	4.17e-06	42.7
3_481	1_486	99.691	647	2	0	1	647	1	647	0.0	1274
3_482	1_521	99.656	873	3	0	1	873	34	906	0.0	1737
3_482	1_439	25.306	245	154	5	1	221	10	249	2.25e-14	72.0
3_482	1_399	24.682	393	234	13	7	361	26	394	3.85e-13	67.8
3_482	1_468	27.083	240	153	8	1	220	18	255	2.39e-10	58.5
3_482	1_398	25.835	569	339	24	30	560	62	585	1.46e-08	52.8
3_482	1_524	27.004	237	148	7	3	224	13	239	4.61e-08	51.2
3_483	1_1	99.830	589	1	0	1	589	1	589	0.0	1145
3_483	1_132	26.087	460	272	17	51	492	10	419	1.35e-21	92.8
3_484	1_364	100.000	620	0	0	1	620	1	620	0.0	1248
3_485	1_490	99.741	386	1	0	1	386	1	386	0.0	759
3_485	1_233	30.725	345	183	9	5	304	8	341	3.55e-38	137
3_485	1_294	40.146	137	82	0	166	302	481	617	2.03e-31	120
3_485	1_294	30.088	113	70	2	7	110	38	150	1.86e-11	60.1
3_485	1_412	37.363	91	57	0	194	284	619	709	1.57e-15	72.8
3_485	1_290	25.714	280	163	5	6	283	8	244	5.01e-15	68.9
3_485	1_266	33.333	90	60	0	194	283	282	371	7.73e-15	70.1
3_485	1_286	24.779	226	119	3	27	252	84	258	7.68e-14	66.2
3_485	1_177	33.571	140	82	4	143	279	90	221	3.37e-12	60.5
3_485	1_205	23.404	141	104	2	164	303	251	388	1.36e-11	60.1
3_485	1_33	25.723	311	162	12	27	307	27	298	1.80e-11	58.9
3_485	1_262	24.221	289	161	9	8	292	2	236	5.06e-11	57.4
3_485	1_59	27.778	126	87	2	176	297	142	267	1.12e-10	57.0
3_485	1_409	23.420	269	153	9	30	296	29	246	6.42e-10	55.1
3_485	1_409	32.609	92	57	2	184	271	399	489	7.10e-07	45.4
3_485	1_442	30.986	142	89	5	128	263	59	197	7.66e-10	55.1
3_485	1_442	52.778	36	17	0	27	62	21	56	2.64e-05	40.4
3_485	1_322	29.333	150	99	3	129	273	60	207	1.04e-09	54.7
3_485	1_322	43.636	55	31	0	8	62	2	56	6.51e-06	42.4
3_485	1_489	34.483	87	53	2	183	268	119	202	1.09e-08	51.2
3_485	1_489	31.579	95	58	3	8	95	2	96	8.88e-04	35.8
3_485	1_72	28.030	132	86	4	146	271	356	484	2.04e-07	47.0
3_485	1_447	29.412	85	52	2	172	251	441	522	2.99e-06	43.5
3_485	1_331	38.000	100	46	5	1	95	327	415	9.29e-05	38.9
3_485	1_265	27.174	92	64	1	188	276	443	534	2.49e-04	37.4
3_485	1_101	45.588	68	27	4	4	69	466	525	2.88e-04	37.4
3_485	1_526	50.000	46	23	0	8	53	325	370	4.11e-04	36.6
3_486	1_499	100.000	63	0	0	3	65	1	63	9.19e-43	127
3_487	1_365	100.000	931	0	0	1	931	1	931	0.0	1843
3_487	1_522	27.523	218	124	7	9	225	17	201	2.62e-08	52.0
3_487	1_440	22.938	388	251	14	2	352	7	383	5.39e-06	44.7
3_487	1_523	30.864	162	92	7	60	208	55	209	1.78e-05	43.1
3_488	1_382	99.689	322	1	0	1	322	1	322	0.0	650
3_489	1_497	99.596	743	3	0	1	743	1	743	0.0	1476
3_489	1_224	25.878	769	431	26	6	727	16	692	2.48e-44	164
3_490	1_468	99.607	1018	4	0	1	1018	1	1018	0.0	1973
3_490	1_399	26.764	1091	677	33	6	1015	1	1050	6.09e-80	277
3_490	1_439	33.566	286	180	5	11	289	3	285	2.34e-35	140
3_490	1_439	30.822	292	137	10	545	783	738	1017	3.15e-23	100
3_490	1_439	32.231	121	72	5	361	474	477	594	1.61e-05	43.1
3_490	1_521	27.500	240	152	8	18	255	34	253	9.75e-11	60.1
3_490	1_524	22.444	802	467	34	11	699	2	761	7.25e-09	54.3
3_490	1_398	25.336	446	277	14	14	436	18	430	2.42e-08	52.4
3_491	1_366	100.000	271	0	0	1	271	1	271	0.0	534
3_492	1_575	79.630	162	32	1	5	166	258	418	1.53e-80	239
3_492	1_496	53.614	166	71	4	3	166	321	482	4.89e-50	162
3_492	1_568	50.000	138	67	2	1	138	250	385	5.52e-40	134
3_492	1_502	80.000	45	8	1	5	49	277	320	1.27e-18	75.9
3_492	1_501	100.000	20	0	0	1	20	410	429	3.08e-08	46.6
3_492	1_578	100.000	20	0	0	1	20	259	278	3.62e-08	46.2
3_493	1_493	99.393	659	4	0	1	659	1	659	0.0	1322
3_494	1_367	100.000	121	0	0	1	121	1	121	1.17e-79	225
3_495	1_494	99.836	1217	2	0	1	1217	1	1217	0.0	2490
3_496	1_78	98.561	139	2	0	1	139	1	139	3.19e-98	273
3_497	1_577	99.597	496	1	1	50	544	1	496	0.0	992
3_497	1_531	61.950	523	179	8	28	544	1	509	0.0	609
3_497	1_428	32.058	549	299	16	16	544	20	514	5.03e-74	240
3_497	1_429	34.773	463	245	11	107	544	204	634	3.35e-72	238
3_497	1_551	30.275	545	293	20	48	543	113	619	4.09e-52	182
3_497	1_22	31.183	465	254	14	116	542	97	533	9.31e-50	175
3_498	1_195	99.809	524	1	0	1	524	1	524	0.0	1014
3_498	1_305	24.301	465	302	18	4	429	9	462	1.10e-13	67.8
3_499	1_368	100.000	565	0	0	1	565	1	565	0.0	1099
3_500	1_495	98.667	75	1	0	1	75	1	75	6.97e-51	149
3_500	1_576	71.667	60	17	0	3	62	10	69	8.11e-25	90.5
3_500	1_443	70.732	41	12	0	22	62	45	85	4.71e-16	65.5
3_500	1_492	44.776	67	30	2	9	75	14	73	9.21e-10	47.8
3_501	1_502	96.528	288	10	0	1	288	33	320	0.0	565
3_501	1_575	51.238	404	148	9	1	402	59	415	2.95e-106	315
3_501	1_568	33.911	404	207	11	1	397	61	411	3.16e-51	172
3_501	1_496	53.459	159	72	1	245	401	323	481	1.22e-48	167
3_501	1_496	50.000	42	21	0	1	42	93	134	3.64e-07	46.2
3_501	1_501	30.712	267	135	14	1	260	206	429	1.72e-11	59.7
3_501	1_578	28.309	272	134	12	1	260	56	278	3.70e-11	57.8
3_502	1_576	99.552	223	1	0	1	223	3	225	1.47e-155	446
3_502	1_443	52.066	242	95	3	1	223	1	240	4.83e-76	239
3_502	1_492	36.889	225	138	4	1	223	1	223	5.05e-40	140
3_502	1_495	68.852	61	19	0	8	68	3	63	1.53e-25	90.1
3_503	1_511	100.000	55	0	0	1	55	1	55	5.53e-35	107
3_504	1_512	100.000	288	0	0	1	288	1	288	0.0	563
3_505	1_514	100.000	396	0	0	1	396	1	396	0.0	807
3_506	1_530	99.806	516	1	0	1	516	1	516	0.0	1030
3_507	1_525	99.132	576	4	1	1	576	1	575	0.0	1120
3_507	1_441	27.250	400	247	14	181	568	122	489	2.02e-22	95.1
3_508	1_524	98.740	1825	20	2	1	1823	1	1824	0.0	3620
3_508	1_399	24.412	553	309	19	4	509	6	496	2.74e-14	72.8
3_508	1_439	26.556	241	150	8	1	221	1	234	5.71e-11	62.0
3_508	1_439	22.650	649	383	28	403	983	506	1103	9.14e-05	41.6
3_508	1_468	22.057	807	464	33	2	761	11	699	1.74e-09	57.0
3_508	1_521	27.160	243	152	7	7	239	30	257	5.16e-08	52.4
3_508	1_398	22.814	263	163	8	197	453	202	430	4.43e-04	39.3
3_509	1_523	97.078	1369	18	4	1	1354	1	1362	0.0	2642
3_509	1_522	29.677	155	101	3	10	162	13	161	8.99e-13	67.4
3_509	1_440	29.560	159	99	4	2	150	6	161	4.77e-11	62.0
3_509	1_467	26.923	156	100	7	7	156	12	159	4.52e-07	48.9
3_509	1_365	30.864	162	92	7	55	209	60	208	2.81e-05	42.7
3_510	1_515	100.000	138	0	0	1	138	1	138	9.69e-98	272
3_511	1_516	100.000	229	0	0	1	229	1	229	2.55e-167	455
3_512	1_517	100.000	413	0	0	1	413	1	413	0.0	799
3_513	1_522	98.694	1072	10	3	1	1069	1	1071	0.0	2115
3_513	1_467	28.728	1093	650	30	13	1067	17	1018	5.31e-113	370
3_513	1_440	29.947	374	210	11	5	335	7	371	8.66e-30	122
3_513	1_440	24.433	397	219	15	445	777	584	963	2.95e-10	58.9
3_513	1_523	29.677	155	101	3	13	161	10	162	3.31e-13	68.6
3_513	1_365	27.523	218	124	7	17	201	9	225	3.44e-08	52.0
3_514	1_518	100.000	263	0	0	1	263	1	263	0.0	512
3_514	1_247	33.846	65	33	4	113	171	5	65	1.69e-04	37.0
3_514	1_143	35.000	60	27	2	113	164	159	214	3.42e-04	35.8
3_515	1_519	100.000	331	0	0	1	331	1	331	0.0	665
3_516	1_526	99.625	533	2	0	1	533	1	533	0.0	1033
3_516	1_447	29.175	521	347	9	16	520	19	533	1.78e-49	173
3_516	1_437	29.094	519	312	21	20	513	27	514	5.35e-24	100
3_516	1_331	34.928	209	124	6	319	520	328	531	2.95e-23	97.8
3_516	1_562	35.075	134	85	2	357	489	21	153	2.55e-16	72.0
3_516	1_262	32.057	209	122	8	324	517	1	204	9.90e-14	66.2
3_516	1_322	28.365	208	110	6	324	512	1	188	5.36e-11	59.3
3_516	1_265	28.342	187	110	5	324	486	1	187	1.90e-10	57.4
3_516	1_409	29.545	220	114	7	320	513	2	206	2.43e-10	57.0
3_516	1_489	27.570	214	128	8	324	525	1	199	2.07e-09	54.3
3_516	1_177	28.646	192	103	6	340	513	22	197	3.86e-09	52.0
3_516	1_442	28.866	194	127	6	324	512	1	188	6.25e-09	52.8
3_516	1_101	28.042	189	107	7	317	489	463	638	6.38e-09	52.8
3_516	1_233	36.232	69	44	0	324	392	10	78	2.26e-07	47.8
3_516	1_233	32.710	107	55	3	419	514	193	293	9.29e-06	42.4
3_516	1_286	25.405	185	120	5	339	510	79	258	3.04e-07	46.6
3_516	1_294	34.247	73	48	0	322	394	36	108	4.82e-07	47.0
3_516	1_294	28.788	132	78	6	393	515	448	572	4.85e-05	40.4
3_516	1_266	29.412	85	53	2	308	388	30	111	1.97e-04	38.1
3_516	1_490	50.000	46	23	0	325	370	8	53	6.94e-04	36.2
3_516	1_72	43.182	44	25	0	343	386	26	69	7.08e-04	36.6
3_516	1_59	26.341	205	122	8	339	519	29	228	7.32e-04	36.2
3_516	1_412	37.313	67	38	2	449	511	612	678	8.72e-04	36.2
3_517	1_527	99.828	582	1	0	1	582	1	582	0.0	1159
3_517	1_407	35.516	397	209	11	37	417	60	425	4.15e-55	196
3_517	1_566	30.402	398	206	11	37	409	23	374	5.14e-40	150
3_518	1_520	100.000	783	0	0	1	783	1	783	0.0	1575
3_519	1_528	96.780	590	18	1	1	589	1	590	0.0	1130
3_520	1_23	99.664	298	1	0	1	298	1	298	0.0	602
3_521	1_92	99.296	284	2	0	1	284	1	284	0.0	570
3_521	1_260	37.143	105	61	3	37	141	22	121	3.50e-14	65.9
3_522	1_531	99.411	509	3	0	2	510	1	509	0.0	1011
3_522	1_577	60.159	502	179	8	24	510	1	496	0.0	570
3_522	1_429	39.149	470	236	15	64	508	188	632	6.74e-80	257
3_522	1_428	36.289	485	249	19	48	508	64	512	3.86e-74	239
3_522	1_551	36.548	394	221	9	125	509	246	619	5.86e-61	206
3_522	1_22	31.614	446	261	9	96	508	99	533	1.18e-51	179
3_523	1_496	99.038	104	1	0	1	104	2	105	4.53e-69	209
3_523	1_501	74.038	104	25	1	1	104	117	218	2.75e-51	161
3_523	1_578	100.000	68	0	0	37	104	1	68	1.63e-43	137
3_523	1_575	82.090	67	12	0	37	103	4	70	6.32e-34	115
3_523	1_568	83.562	73	12	0	32	104	1	73	2.61e-30	106
3_523	1_502	100.000	45	0	0	60	104	1	45	3.15e-25	91.3
3_524	1_541	100.000	277	0	0	1	277	1	277	0.0	544
3_525	1_543	100.000	86	0	0	1	86	1	86	1.33e-59	171
3_526	1_544	100.000	278	0	0	1	278	1	278	0.0	536
3_526	1_196	24.364	275	181	13	5	260	32	298	1.77e-09	52.0
3_527	1_546	100.000	620	0	0	1	620	1	620	0.0	1249
3_528	1_547	100.000	40	0	0	1	40	1	40	7.83e-22	73.2
3_529	1_402	96.970	66	2	0	1	66	1	66	6.02e-40	127
3_530	1_46	99.164	359	3	0	1	359	1	359	0.0	714
3_531	1_557	98.592	142	2	0	1	142	1	142	1.40e-100	280
3_531	1_410	31.111	135	91	1	4	136	167	301	4.51e-17	71.2
3_532	1_558	99.745	392	0	1	1	392	1	391	0.0	784
3_533	1_550	100.000	154	0	0	1	154	1	154	4.68e-108	299
3_534	1_496	77.236	123	27	1	1	122	360	482	6.43e-61	189
3_534	1_568	50.407	123	55	2	4	121	294	415	5.25e-33	114
3_534	1_575	50.000	122	58	2	1	121	295	414	1.24e-30	108
3_535	1_554	99.598	249	1	0	29	277	1	249	1.78e-180	491
3_536	1_542	99.454	183	1	0	1	183	1	183	1.66e-124	343
3_537	1_548	99.831	591	1	0	1	591	1	591	0.0	1168
3_538	1_540	98.785	576	7	0	1	576	1	576	0.0	1109
3_538	1_489	28.947	190	119	6	40	221	252	433	3.29e-08	50.8
3_539	1_402	100.000	154	0	0	1	154	128	281	8.28e-110	308
3_540	1_551	98.567	628	3	1	1	628	1	622	0.0	1231
3_540	1_429	43.155	431	226	5	212	625	205	633	4.92e-108	335
3_540	1_428	39.794	485	270	6	148	625	44	513	5.78e-108	331
3_540	1_531	36.548	394	221	9	252	625	124	508	3.97e-60	204
3_540	1_577	32.374	417	231	12	244	625	95	495	1.20e-51	180
3_540	1_22	30.260	423	247	9	243	624	118	533	7.19e-47	168
3_541	1_572	96.804	219	7	0	2	220	14	232	1.22e-159	436
3_541	1_410	29.717	212	145	4	9	220	402	609	2.05e-28	106
3_542	1_363	99.648	284	1	0	1	284	40	323	0.0	554
3_543	1_545	99.676	309	1	0	1	309	1	309	0.0	585
3_543	1_498	21.818	220	157	6	100	304	2	221	1.02e-05	40.4
3_544	1_566	99.252	936	7	0	1	936	1	936	0.0	1804
3_544	1_407	30.575	870	555	19	8	858	45	884	1.33e-90	311
3_544	1_527	30.402	398	206	11	23	374	37	409	7.82e-40	150
3_545	1_560	100.000	180	0	0	1	180	1	180	1.89e-133	365
3_546	1_569	98.431	255	4	0	1	255	1	255	6.38e-177	482
3_547	1_573	97.391	115	1	1	1	115	1	113	4.55e-75	213
3_548	1_355	100.000	720	0	0	1	720	3	722	0.0	1426
3_548	1_83	42.857	56	28	1	13	64	8	63	2.97e-07	47.4
3_548	1_31	32.381	105	65	3	74	174	37	139	2.27e-05	41.2
3_549	1_564	100.000	945	0	0	1	945	27	971	0.0	1895
3_550	1_561	100.000	201	0	0	1	201	1	201	2.32e-142	390
3_551	1_562	100.000	192	0	0	1	192	1	192	9.29e-135	370
3_551	1_447	62.434	189	71	0	3	191	351	539	1.49e-75	231
3_551	1_437	34.682	173	107	4	5	175	343	511	2.58e-25	96.7
3_551	1_526	35.912	181	113	3	6	185	342	520	8.49e-25	95.5
3_551	1_331	37.500	192	112	3	3	190	349	536	1.57e-22	89.0
3_551	1_177	30.286	175	111	5	6	174	24	193	6.13e-14	62.8
3_551	1_286	26.882	186	117	6	2	174	78	257	2.63e-12	58.9
3_551	1_262	33.333	192	102	8	12	188	28	208	5.03e-12	57.8
3_551	1_489	30.481	187	104	8	3	177	16	188	1.72e-11	57.0
3_551	1_101	30.636	173	105	6	19	182	500	666	3.67e-11	55.8
3_551	1_72	30.337	178	108	4	9	174	28	201	1.61e-10	53.9
3_551	1_409	24.479	192	130	7	4	182	22	211	5.29e-10	52.4
3_551	1_409	38.158	76	39	4	99	170	396	467	2.30e-04	35.8
3_551	1_322	28.889	180	116	5	3	177	16	188	9.86e-10	51.6
3_551	1_442	27.684	177	117	5	3	175	16	185	5.63e-08	46.6
3_551	1_233	35.652	115	65	5	66	177	185	293	1.10e-07	45.4
3_551	1_412	38.983	59	33	1	119	174	618	676	1.49e-06	42.4
3_551	1_294	38.298	47	29	0	104	150	493	539	2.98e-06	41.6
3_551	1_265	24.771	218	128	8	3	191	16	226	4.23e-06	40.8
3_551	1_490	30.952	84	50	2	94	174	173	251	1.24e-05	39.3
3_551	1_266	37.288	59	34	1	119	174	281	339	5.70e-05	37.4
3_552	1_563	100.000	378	0	0	1	378	1	378	0.0	733
3_553	1_565	100.000	486	0	0	1	486	1	486	0.0	966
3_554	1_570	99.180	244	2	0	1	244	1	244	1.04e-176	480
3_554	1_97	25.654	191	131	5	54	237	28	214	5.41e-10	52.4
3_555	1_467	99.392	658	4	0	1	658	1	658	0.0	1290
3_555	1_522	29.028	689	435	14	1	644	1	680	7.54e-68	235
3_555	1_440	31.855	248	152	8	13	248	10	252	9.07e-24	101
3_555	1_523	26.923	156	100	7	12	159	7	156	3.94e-07	47.8
3_556	1_500	100.000	505	0	0	1	505	6	510	0.0	1035
3_557	1_501	94.643	112	6	0	12	123	117	228	8.10e-74	221
3_557	1_578	88.235	85	10	0	46	130	1	85	4.84e-50	155
3_557	1_496	70.000	110	31	1	22	129	12	121	5.98e-49	157
3_557	1_575	82.500	80	14	0	43	122	1	80	1.32e-42	140
3_557	1_568	74.118	85	22	0	46	130	6	90	5.78e-32	111
3_557	1_502	77.966	59	12	1	69	127	1	58	2.82e-25	92.4
3_558	1_574	100.000	169	0	0	1	169	1	169	6.08e-126	346
3_559	1_496	100.000	298	0	0	1	298	81	378	0.0	602
3_559	1_575	40.728	302	140	6	1	298	47	313	7.05e-56	181
3_559	1_568	36.013	311	136	10	1	298	49	309	4.34e-38	134
3_559	1_502	55.224	67	28	1	220	286	256	320	3.71e-17	75.1
3_559	1_502	60.784	51	20	0	1	51	21	71	3.92e-14	66.2
3_559	1_578	28.716	296	112	14	1	258	44	278	2.64e-14	66.2
3_559	1_501	52.459	61	26	1	1	58	194	254	2.07e-11	58.5
3_560	1_578	43.568	241	129	4	1	240	44	278	4.65e-60	187
3_560	1_501	43.333	240	132	3	1	240	194	429	5.93e-60	191
3_560	1_568	41.724	290	131	12	1	281	49	309	4.13e-49	162
3_560	1_496	36.909	317	145	15	1	281	81	378	1.27e-39	139
3_560	1_575	34.615	286	163	10	1	281	47	313	2.50e-32	118
3_560	1_502	32.797	311	156	10	1	269	21	320	5.19e-32	115
3_561	1_127	99.796	489	1	0	2	490	1	489	0.0	979
3_561	1_257	27.500	160	109	3	146	301	110	266	7.21e-12	62.0
3_561	1_257	46.809	47	22	1	440	483	489	535	4.29e-08	50.1
3_561	1_481	22.961	466	289	19	52	484	14	442	2.37e-10	57.0
3_562	1_581	100.000	153	0	0	1	153	1	153	4.34e-113	312
3_564	1_582	100.000	339	0	0	1	339	1	339	0.0	698
