6_0	1_0	100.000	96	0	0	1	96	1	96	9.14e-66	188
6_1	1_1	100.000	589	0	0	1	589	1	589	0.0	1146
6_1	1_132	26.087	460	272	17	51	492	10	419	1.45e-21	92.8
6_2	1_4	100.000	110	0	0	1	110	1	110	1.59e-79	224
6_3	1_5	100.000	290	0	0	1	290	1	290	0.0	578
6_3	1_433	31.955	266	150	14	23	264	25	283	3.92e-23	91.3
6_4	1_253	99.303	287	2	0	1	287	1	287	0.0	573
6_4	1_472	36.255	251	125	6	1	234	1	233	1.96e-33	118
6_5	1_254	98.765	81	1	0	1	81	1	81	4.73e-57	165
6_6	1_8	100.000	189	0	0	1	189	1	189	2.95e-140	384
6_7	1_9	100.000	152	0	0	1	152	1	152	1.21e-110	306
6_8	1_317	99.735	378	1	0	1	378	1	378	0.0	751
6_9	1_12	100.000	47	0	0	1	47	1	47	3.67e-30	94.7
6_10	1_385	99.836	609	1	0	1	609	1	609	0.0	1217
6_11	1_319	99.717	353	1	0	1	353	1	353	0.0	696
6_11	1_372	27.129	317	167	15	46	345	64	333	3.59e-07	45.8
6_12	1_15	100.000	50	0	0	1	50	1	50	3.88e-32	99.8
6_12	1_171	35.556	45	26	1	6	50	5	46	1.50e-04	30.0
6_13	1_16	100.000	273	0	0	1	273	1	273	0.0	562
6_14	1_17	100.000	146	0	0	1	146	1	146	2.36e-105	292
6_15	1_18	100.000	295	0	0	1	295	1	295	0.0	590
6_16	1_19	100.000	337	0	0	1	337	1	337	0.0	685
6_17	1_20	100.000	225	0	0	1	225	1	225	3.17e-168	457
6_18	1_22	100.000	564	0	0	1	564	1	564	0.0	1105
6_18	1_429	31.670	461	251	12	95	533	214	632	2.76e-52	184
6_18	1_531	31.614	446	261	9	99	533	95	507	2.78e-51	178
6_18	1_577	30.901	466	255	14	97	533	67	494	3.03e-49	172
6_18	1_551	30.024	423	248	9	118	533	237	618	5.40e-47	169
6_18	1_428	30.496	423	234	11	131	540	144	519	7.52e-44	159
6_19	1_23	100.000	298	0	0	1	298	1	298	0.0	603
6_20	1_348	99.661	295	1	0	1	295	1	295	0.0	592
6_20	1_421	26.897	290	174	9	21	293	10	278	1.17e-20	84.7
6_20	1_216	26.502	283	175	9	19	293	3	260	5.41e-16	70.9
6_20	1_455	27.170	265	163	10	21	275	5	249	1.01e-13	64.7
6_20	1_37	25.368	272	165	12	15	274	1	246	2.47e-04	36.2
6_21	1_24	100.000	170	0	0	1	170	1	170	1.21e-122	337
6_22	1_375	99.731	372	1	0	1	372	1	372	0.0	762
6_23	1_258	99.886	880	1	0	1	880	1	880	0.0	1779
6_24	1_26	100.000	259	0	0	1	259	1	259	0.0	526
6_25	1_27	100.000	413	0	0	1	413	1	413	0.0	841
6_26	1_29	100.000	111	0	0	1	111	1	111	2.68e-77	218
6_27	1_355	98.207	725	10	1	1	725	1	722	0.0	1405
6_27	1_83	42.857	56	28	1	15	66	8	63	2.94e-07	47.4
6_27	1_31	32.381	105	65	3	76	176	37	139	2.35e-05	41.2
6_28	1_30	100.000	211	0	0	1	211	1	211	2.54e-155	424
6_29	1_31	100.000	291	0	0	1	291	1	291	0.0	559
6_29	1_355	32.381	105	65	3	37	139	76	176	6.00e-06	42.0
6_30	1_32	100.000	239	0	0	1	239	1	239	6.88e-175	475
6_31	1_33	100.000	300	0	0	1	300	1	300	0.0	602
6_31	1_262	34.188	234	133	6	22	254	19	232	3.41e-35	123
6_31	1_233	35.897	156	87	5	130	276	204	355	2.41e-19	82.4
6_31	1_233	25.962	104	55	3	21	123	24	106	4.90e-05	38.9
6_31	1_177	27.854	219	136	3	22	240	21	217	1.24e-18	78.2
6_31	1_489	28.638	213	121	8	23	232	17	201	3.55e-17	76.3
6_31	1_412	39.091	110	66	1	140	248	599	708	1.05e-16	75.1
6_31	1_412	38.462	39	23	1	10	48	12	49	0.001	35.0
6_31	1_205	26.778	239	140	7	27	248	147	367	3.33e-16	73.2
6_31	1_266	36.641	131	75	3	136	260	258	386	5.94e-16	72.4
6_31	1_322	28.169	213	128	6	24	236	18	205	1.59e-15	71.2
6_31	1_72	29.464	224	131	5	22	239	22	224	2.80e-15	70.5
6_31	1_72	21.127	213	161	4	26	236	277	484	1.19e-05	40.8
6_31	1_442	25.714	210	125	6	23	229	17	198	9.62e-15	68.9
6_31	1_409	25.000	236	140	7	14	237	13	223	2.29e-14	67.8
6_31	1_409	28.959	221	128	9	27	236	287	489	1.39e-13	65.5
6_31	1_286	29.327	208	109	8	21	217	78	258	4.28e-13	63.2
6_31	1_294	25.806	155	88	3	152	279	501	655	9.51e-13	63.2
6_31	1_294	30.952	84	39	3	22	105	53	117	4.65e-06	42.4
6_31	1_490	25.723	311	162	12	27	298	27	307	1.20e-12	62.4
6_31	1_59	27.197	239	155	8	20	250	27	254	8.77e-11	56.6
6_31	1_290	31.646	79	53	1	158	235	153	231	2.47e-10	54.7
6_31	1_265	25.714	210	124	7	26	219	20	213	6.66e-08	48.1
6_31	1_229	32.051	78	50	1	145	219	820	897	4.10e-07	45.8
6_31	1_229	28.090	89	62	1	136	222	470	558	1.24e-06	44.3
6_31	1_331	22.527	182	118	4	37	218	364	522	1.69e-05	40.4
6_31	1_526	24.390	205	117	6	22	219	339	512	3.53e-05	39.3
6_32	1_36	100.000	280	0	0	1	280	1	280	0.0	562
6_33	1_366	99.631	271	1	0	1	271	1	271	0.0	534
6_34	1_38	100.000	114	0	0	1	114	1	114	6.54e-84	235
6_35	1_40	100.000	163	0	0	1	163	1	163	1.71e-119	329
6_36	1_41	100.000	326	0	0	1	326	1	326	0.0	653
6_37	1_42	100.000	639	0	0	1	639	1	639	0.0	1304
6_37	1_393	44.131	639	334	9	5	635	3	626	9.59e-170	494
6_38	1_43	100.000	171	0	0	1	171	1	171	3.96e-123	339
6_39	1_303	99.701	334	1	0	1	334	1	334	0.0	679
6_40	1_44	100.000	494	0	0	1	494	1	494	0.0	963
6_41	1_45	100.000	231	0	0	1	231	1	231	6.83e-170	462
6_42	1_403	99.301	286	2	0	1	286	1	286	0.0	553
6_42	1_302	25.749	167	114	4	75	237	73	233	3.93e-05	38.9
6_43	1_47	100.000	571	0	0	1	571	1	571	0.0	1149
6_44	1_48	100.000	236	0	0	1	236	1	236	8.92e-176	477
6_45	1_49	100.000	186	0	0	1	186	1	186	1.39e-132	364
6_46	1_50	100.000	144	0	0	1	144	1	144	5.85e-108	298
6_47	1_51	100.000	221	0	0	1	221	1	221	5.30e-162	441
6_48	1_52	100.000	204	0	0	1	204	1	204	2.19e-151	413
6_49	1_54	100.000	402	0	0	1	402	1	402	0.0	818
6_49	1_158	27.083	288	181	10	20	301	8	272	3.01e-16	75.1
6_49	1_268	32.099	162	90	3	21	182	116	257	1.83e-13	66.2
6_49	1_159	34.091	132	84	3	16	145	8	138	2.99e-13	65.9
6_50	1_55	100.000	316	0	0	1	316	1	316	0.0	632
6_51	1_56	100.000	402	0	0	1	402	1	402	0.0	806
6_52	1_59	100.000	349	0	0	1	349	1	349	0.0	715
6_52	1_205	40.240	333	193	3	5	332	116	447	4.30e-79	244
6_52	1_412	37.267	161	81	3	118	266	570	722	8.32e-31	118
6_52	1_266	37.500	136	83	1	131	266	252	385	1.00e-27	107
6_52	1_266	29.630	135	70	5	7	125	32	157	3.59e-09	52.4
6_52	1_262	31.330	233	127	7	29	252	19	227	3.44e-23	92.0
6_52	1_286	28.972	214	133	6	14	221	58	258	9.88e-19	80.1
6_52	1_177	24.783	230	150	7	30	257	22	230	1.14e-13	64.7
6_52	1_233	28.125	128	89	1	131	258	204	328	1.51e-13	65.9
6_52	1_33	33.043	115	74	2	140	254	139	250	2.46e-13	64.3
6_52	1_294	29.358	109	76	1	159	267	505	612	1.04e-12	63.5
6_52	1_294	25.899	139	83	6	4	139	30	151	2.52e-04	37.4
6_52	1_490	27.778	126	87	2	142	267	176	297	1.06e-12	63.2
6_52	1_290	38.462	78	48	0	162	239	154	231	2.28e-12	60.8
6_52	1_447	29.612	206	115	11	29	228	351	532	1.26e-08	50.8
6_52	1_409	26.267	217	134	9	40	248	32	230	3.55e-08	49.3
6_52	1_409	33.333	81	53	1	160	240	410	489	5.72e-07	45.4
6_52	1_322	32.941	85	55	1	160	244	127	209	1.73e-07	47.4
6_52	1_489	24.880	209	125	7	29	232	16	197	2.39e-07	47.0
6_52	1_229	30.702	114	67	5	161	265	833	943	3.91e-07	46.2
6_52	1_442	30.682	88	57	2	145	232	114	197	9.45e-07	45.1
6_52	1_526	26.341	205	122	8	29	228	339	519	2.03e-06	43.9
6_52	1_72	25.000	236	148	10	28	249	273	493	4.92e-06	42.4
6_52	1_265	27.143	70	47	2	163	232	449	514	3.42e-04	36.6
6_52	1_437	26.857	175	106	8	49	223	361	513	3.72e-04	36.6
6_53	1_61	100.000	73	0	0	1	73	1	73	5.61e-53	154
6_54	1_62	100.000	201	0	0	1	201	1	201	2.35e-148	405
6_54	1_435	37.888	161	95	3	3	162	4	160	1.90e-27	98.2
6_55	1_286	99.674	307	1	0	1	307	1	307	0.0	615
6_55	1_489	32.735	223	133	7	60	279	1	209	1.52e-24	98.6
6_55	1_322	30.732	205	122	6	79	277	16	206	9.56e-21	87.0
6_55	1_442	29.442	197	127	5	79	273	16	202	2.03e-19	83.2
6_55	1_262	28.636	220	132	4	79	286	19	225	2.02e-18	78.2
6_55	1_59	28.972	214	133	6	58	258	14	221	1.18e-15	71.2
6_55	1_266	42.857	84	47	1	194	276	276	359	5.93e-15	69.3
6_55	1_266	31.481	108	69	2	59	163	42	147	1.21e-06	43.9
6_55	1_205	30.583	206	123	8	90	277	153	356	2.73e-14	67.4
6_55	1_409	25.108	231	157	8	60	282	6	228	3.33e-14	67.4
6_55	1_409	30.263	76	53	0	199	274	412	487	1.02e-04	38.1
6_55	1_490	24.779	226	119	3	84	258	27	252	8.35e-14	65.9
6_55	1_412	31.000	100	68	1	188	286	607	706	1.06e-13	66.2
6_55	1_290	25.472	212	146	4	56	258	5	213	2.91e-13	63.2
6_55	1_33	27.885	208	112	7	78	258	21	217	2.99e-12	60.8
6_55	1_233	36.170	94	54	2	78	171	24	111	3.51e-12	61.2
6_55	1_233	36.585	82	51	1	197	277	230	311	3.60e-10	55.1
6_55	1_177	23.913	230	153	7	66	283	1	220	7.07e-10	53.1
6_55	1_294	34.146	82	53	1	194	274	503	584	8.58e-10	53.9
6_55	1_294	31.707	82	46	2	84	163	58	131	6.91e-08	48.1
6_55	1_562	26.708	161	104	4	78	233	2	153	1.99e-09	51.2
6_55	1_72	25.405	185	119	6	83	257	26	201	6.08e-09	51.2
6_55	1_72	23.636	220	146	8	78	279	272	487	1.21e-05	40.8
6_55	1_101	29.167	168	103	8	97	257	502	660	1.72e-08	50.1
6_55	1_331	31.527	203	114	11	79	271	349	536	3.01e-08	49.3
6_55	1_447	25.510	196	125	7	79	267	351	532	4.97e-08	48.5
6_55	1_437	29.570	186	108	8	79	257	341	510	7.66e-08	47.8
6_55	1_526	25.405	185	120	5	79	258	339	510	2.33e-07	46.2
6_56	1_363	99.690	323	1	0	1	323	1	323	0.0	634
6_57	1_65	100.000	110	0	0	1	110	1	110	2.13e-78	221
6_58	1_368	99.646	565	2	0	1	565	1	565	0.0	1096
6_59	1_495	97.333	75	2	0	1	75	1	75	3.03e-50	147
6_59	1_576	71.667	60	17	0	3	62	10	69	4.52e-25	91.3
6_59	1_443	68.293	41	13	0	22	62	45	85	8.55e-16	64.7
6_59	1_492	43.284	67	31	2	9	75	14	73	1.61e-09	47.0
6_60	1_66	100.000	220	0	0	1	220	1	220	9.96e-158	430
6_61	1_340	99.512	205	1	0	1	205	1	205	3.28e-153	417
6_62	1_67	100.000	144	0	0	1	144	1	144	6.40e-107	296
6_63	1_341	99.635	274	1	0	1	274	1	274	0.0	559
6_64	1_269	99.838	617	1	0	1	617	1	617	0.0	1241
6_65	1_69	100.000	118	0	0	1	118	1	118	4.18e-79	223
6_66	1_70	100.000	97	0	0	1	97	1	97	2.04e-67	192
6_67	1_72	100.000	508	0	0	1	508	1	508	0.0	1011
6_67	1_409	30.273	512	328	14	12	505	11	511	8.93e-54	184
6_67	1_177	35.349	215	114	6	26	231	25	223	1.23e-23	94.4
6_67	1_177	32.051	78	53	0	407	484	136	213	7.36e-07	45.1
6_67	1_442	32.673	202	122	5	12	211	6	195	9.20e-16	74.7
6_67	1_489	29.630	216	130	6	8	217	2	201	1.75e-13	67.4
6_67	1_489	24.229	227	142	7	261	482	2	203	0.001	36.2
6_67	1_33	29.464	224	131	5	22	224	22	239	2.55e-13	65.1
6_67	1_33	21.127	213	161	4	277	484	26	236	2.51e-04	37.4
6_67	1_322	29.524	210	134	5	12	221	10	205	1.15e-12	64.7
6_67	1_322	28.326	233	135	9	261	487	2	208	4.95e-09	53.1
6_67	1_262	32.143	196	124	6	31	223	28	217	1.03e-11	60.1
6_67	1_265	26.271	236	145	9	8	221	2	230	6.14e-10	55.8
6_67	1_265	32.432	74	47	2	149	222	453	523	3.22e-04	37.4
6_67	1_286	25.405	185	119	6	26	201	83	257	1.01e-08	51.2
6_67	1_286	23.387	248	159	10	244	487	59	279	1.14e-05	41.6
6_67	1_205	28.444	225	127	11	23	224	145	358	1.83e-08	50.8
6_67	1_205	25.106	235	140	8	278	493	147	364	1.23e-05	42.0
6_67	1_447	31.694	183	103	8	26	201	355	522	2.66e-08	50.4
6_67	1_294	30.476	105	70	1	7	111	38	139	3.58e-08	50.4
6_67	1_294	25.974	77	56	1	407	482	508	584	4.70e-04	37.0
6_67	1_490	28.030	132	86	4	356	484	146	271	2.68e-07	47.0
6_67	1_562	31.034	145	86	3	40	180	21	155	2.70e-07	45.8
6_67	1_233	30.488	82	54	2	407	486	232	312	3.98e-07	46.6
6_67	1_233	28.333	60	43	0	8	67	11	70	4.33e-04	37.0
6_67	1_290	23.148	216	153	7	14	220	20	231	1.94e-06	43.9
6_67	1_290	24.180	244	146	10	277	503	30	251	2.62e-04	37.4
6_67	1_412	25.532	94	63	2	398	487	609	699	5.56e-06	43.5
6_67	1_266	25.954	131	94	2	357	484	229	359	1.34e-05	42.0
6_67	1_331	25.568	176	111	6	36	205	363	524	3.61e-05	40.4
6_67	1_437	25.532	188	118	5	27	208	346	517	3.33e-04	37.4
6_67	1_59	25.000	236	148	10	273	493	28	249	3.83e-04	37.0
6_67	1_526	43.182	44	25	0	26	69	343	386	6.46e-04	36.6
6_68	1_73	100.000	303	0	0	1	303	1	303	0.0	577
6_68	1_476	31.050	219	119	5	18	216	79	285	1.85e-11	58.9
6_69	1_74	100.000	184	0	0	1	184	1	184	6.18e-138	377
6_70	1_75	100.000	89	0	0	1	89	1	89	2.38e-60	174
6_71	1_76	100.000	165	0	0	1	165	1	165	6.44e-118	325
6_72	1_78	100.000	139	0	0	1	139	1	139	1.65e-99	276
6_73	1_79	100.000	534	0	0	1	534	1	534	0.0	1088
6_74	1_80	100.000	214	0	0	1	214	1	214	2.75e-154	421
6_75	1_483	99.842	632	1	0	1	632	1	632	0.0	1285
6_76	1_81	100.000	120	0	0	1	120	1	120	5.82e-85	238
6_77	1_82	100.000	227	0	0	1	227	1	227	1.96e-169	461
6_78	1_84	100.000	109	0	0	1	109	1	109	1.16e-79	224
6_79	1_85	100.000	155	0	0	1	155	1	155	8.19e-113	311
6_80	1_86	100.000	64	0	0	1	64	1	64	6.87e-43	127
6_81	1_87	100.000	116	0	0	1	116	1	116	4.11e-83	233
6_82	1_88	100.000	478	0	0	1	478	1	478	0.0	968
6_83	1_274	99.620	263	1	0	1	263	1	263	0.0	503
6_83	1_301	27.350	117	73	3	48	152	110	226	1.61e-06	42.7
6_83	1_301	33.333	93	52	3	35	117	121	213	3.10e-05	38.9
6_84	1_377	98.901	91	1	0	1	91	1	91	3.30e-62	178
6_85	1_89	100.000	356	0	0	1	356	1	356	0.0	721
6_86	1_91	100.000	84	0	0	1	84	1	84	2.21e-57	166
6_87	1_94	100.000	489	0	0	1	489	1	489	0.0	965
6_88	1_96	100.000	242	0	0	1	242	1	242	9.14e-176	478
6_88	1_334	26.772	127	68	4	81	203	46	151	3.06e-04	35.0
6_89	1_561	99.005	201	2	0	1	201	1	201	1.33e-140	385
6_90	1_378	99.537	216	1	0	1	216	1	216	4.59e-146	400
6_91	1_371	99.556	450	2	0	1	450	1	450	0.0	897
6_92	1_97	100.000	216	0	0	1	216	1	216	1.05e-156	427
6_92	1_570	25.654	191	131	5	28	214	54	237	5.45e-10	52.4
6_93	1_98	100.000	193	0	0	1	193	1	193	2.89e-139	381
6_94	1_99	100.000	131	0	0	1	131	1	131	3.00e-94	263
6_95	1_100	100.000	150	0	0	1	150	1	150	1.62e-109	303
6_96	1_102	100.000	398	0	0	1	398	1	398	0.0	811
6_97	1_284	99.582	239	1	0	1	239	1	239	3.41e-175	476
6_98	1_103	100.000	332	0	0	1	332	1	332	0.0	667
6_99	1_104	100.000	134	0	0	1	134	1	134	3.34e-97	270
6_100	1_105	100.000	137	0	0	1	137	1	137	1.90e-97	271
6_101	1_106	100.000	37	0	0	1	37	1	37	1.09e-20	70.1
6_102	1_107	100.000	75	0	0	1	75	1	75	3.31e-53	154
6_103	1_110	100.000	147	0	0	1	147	1	147	7.27e-107	296
6_104	1_111	100.000	179	0	0	1	179	1	179	4.19e-130	357
6_105	1_112	100.000	131	0	0	1	131	1	131	2.23e-94	263
6_106	1_113	100.000	61	0	0	1	61	1	61	5.61e-42	125
6_107	1_114	100.000	181	0	0	1	181	1	181	5.22e-135	370
6_108	1_115	100.000	122	0	0	1	122	1	122	1.04e-84	238
6_109	1_116	100.000	121	0	0	1	121	1	121	1.59e-81	229
6_110	1_117	100.000	136	0	0	1	136	1	136	9.16e-100	277
6_111	1_118	100.000	227	0	0	1	227	1	227	2.14e-167	455
6_112	1_119	100.000	90	0	0	1	90	1	90	1.45e-65	187
6_113	1_120	100.000	282	0	0	1	282	1	282	0.0	566
6_114	1_122	100.000	233	0	0	1	233	1	233	4.04e-170	462
6_115	1_123	100.000	106	0	0	1	106	1	106	6.80e-75	212
6_116	1_276	99.512	205	1	0	1	205	1	205	4.10e-150	410
6_117	1_125	100.000	184	0	0	1	184	1	184	1.68e-136	374
6_118	1_128	100.000	442	0	0	1	442	1	442	0.0	874
6_118	1_247	35.897	156	83	4	218	368	172	315	3.44e-20	87.0
6_118	1_247	30.337	89	60	2	220	307	6	93	1.49e-05	41.6
6_118	1_335	37.705	61	35	1	218	275	5	65	5.86e-05	39.3
6_120	1_457	99.727	366	1	0	1	366	1	366	0.0	722
6_120	1_240	27.358	318	207	7	61	361	6	316	9.01e-23	92.8
6_121	1_129	100.000	321	0	0	1	321	1	321	0.0	634
6_121	1_58	32.877	219	139	5	106	317	160	377	2.11e-20	85.5
6_122	1_130	100.000	142	0	0	1	142	1	142	5.86e-104	288
6_123	1_460	99.723	361	1	0	1	361	1	361	0.0	717
6_124	1_131	100.000	259	0	0	1	259	1	259	0.0	515
6_125	1_132	100.000	504	0	0	1	504	1	504	0.0	979
6_125	1_1	25.901	444	264	16	10	403	51	479	3.73e-21	91.3
6_126	1_133	100.000	91	0	0	1	91	1	91	6.75e-61	175
6_126	1_0	28.571	91	61	3	1	88	3	92	8.87e-07	38.5
6_127	1_134	100.000	98	0	0	1	98	1	98	9.76e-67	191
6_128	1_135	100.000	207	0	0	1	207	1	207	5.36e-147	402
6_129	1_136	100.000	97	0	0	1	97	1	97	7.28e-67	191
6_130	1_388	99.570	465	2	0	1	465	1	465	0.0	925
6_131	1_391	99.020	204	2	0	1	204	1	204	1.22e-141	388
6_132	1_139	100.000	336	0	0	1	336	1	336	0.0	687
6_133	1_141	100.000	337	0	0	1	337	1	337	0.0	672
6_134	1_142	100.000	240	0	0	1	240	1	240	3.11e-178	484
6_135	1_143	100.000	419	0	0	1	419	1	419	0.0	828
6_135	1_487	35.433	127	57	2	160	261	6	132	1.44e-14	69.3
6_135	1_247	25.112	223	154	7	159	375	173	388	1.91e-04	37.7
6_135	1_518	35.000	60	27	2	159	214	113	164	6.57e-04	35.8
6_136	1_144	100.000	141	0	0	1	141	1	141	1.22e-99	277
6_137	1_145	100.000	242	0	0	1	242	1	242	8.59e-173	470
6_138	1_146	100.000	102	0	0	1	102	1	102	1.57e-71	203
6_139	1_147	100.000	179	0	0	1	179	1	179	3.50e-127	350
6_140	1_148	100.000	187	0	0	1	187	1	187	4.44e-132	363
6_141	1_312	99.638	276	1	0	1	276	1	276	0.0	542
6_142	1_519	99.396	331	2	0	1	331	1	331	0.0	663
6_143	1_151	100.000	455	0	0	1	455	1	455	0.0	930
6_144	1_152	100.000	257	0	0	1	257	1	257	0.0	518
6_145	1_153	100.000	276	0	0	1	276	1	276	0.0	564
6_146	1_154	100.000	414	0	0	1	414	1	414	0.0	830
6_147	1_155	100.000	102	0	0	1	102	1	102	4.98e-70	199
6_148	1_156	100.000	376	0	0	1	376	1	376	0.0	775
6_149	1_247	99.771	437	1	0	1	437	1	437	0.0	875
6_149	1_128	35.897	156	83	4	172	315	218	368	3.83e-20	86.7
6_149	1_128	29.032	124	83	4	6	126	220	341	3.46e-06	43.5
6_149	1_335	29.530	149	90	6	5	143	9	152	4.70e-09	52.0
6_149	1_335	35.593	59	38	0	173	231	9	67	4.22e-06	42.7
6_149	1_242	40.741	54	29	1	6	59	19	69	4.88e-06	41.6
6_149	1_242	28.415	183	118	5	157	338	5	175	7.16e-06	40.8
6_149	1_158	28.108	185	98	8	174	341	10	176	4.57e-05	40.0
6_149	1_518	33.846	65	33	4	5	65	113	171	2.68e-04	37.0
6_150	1_158	100.000	598	0	0	1	598	1	598	0.0	1210
6_150	1_159	36.898	187	106	4	2	183	6	185	1.18e-24	103
6_150	1_159	23.009	226	143	9	165	370	266	480	7.34e-07	46.6
6_150	1_159	22.599	177	118	5	322	480	509	684	3.30e-06	44.3
6_150	1_268	30.093	216	126	7	10	217	117	315	7.21e-17	78.6
6_150	1_54	27.083	288	181	10	8	272	20	301	4.47e-16	75.1
6_150	1_247	28.108	185	98	8	10	176	174	341	6.26e-05	40.0
6_151	1_309	99.690	323	1	0	1	323	1	323	0.0	657
6_152	1_159	100.000	694	0	0	1	694	1	694	0.0	1425
6_152	1_158	36.898	187	106	4	6	185	2	183	1.37e-24	103
6_152	1_158	23.009	226	143	9	266	480	165	370	8.51e-07	46.6
6_152	1_158	22.599	177	118	5	509	684	322	480	3.83e-06	44.3
6_152	1_268	37.008	127	62	2	13	139	116	224	9.18e-14	68.9
6_152	1_54	34.091	132	84	3	8	138	16	145	5.17e-13	65.9
6_153	1_160	100.000	141	0	0	1	141	1	141	6.00e-104	288
6_154	1_245	99.398	166	1	0	1	166	1	166	1.37e-116	322
6_155	1_161	100.000	457	0	0	1	457	1	457	0.0	936
6_155	1_573	28.916	83	51	1	106	188	16	90	7.43e-05	37.0
6_155	1_410	26.351	148	100	5	159	302	335	477	1.24e-04	38.9
6_156	1_162	100.000	427	0	0	1	427	1	427	0.0	847
6_157	1_308	99.569	232	1	0	1	232	1	232	3.05e-173	471
6_158	1_163	100.000	93	0	0	1	93	1	93	4.81e-68	193
6_159	1_164	100.000	259	0	0	1	259	1	259	0.0	514
6_160	1_165	100.000	144	0	0	1	144	1	144	8.31e-108	298
6_161	1_166	100.000	132	0	0	1	132	1	132	6.80e-95	264
6_162	1_379	99.310	145	1	0	1	145	1	145	1.17e-101	282
6_163	1_167	100.000	410	0	0	1	410	1	410	0.0	811
6_164	1_170	100.000	181	0	0	1	181	1	181	1.20e-134	369
6_165	1_171	100.000	46	0	0	1	46	1	46	2.33e-29	92.4
6_166	1_172	100.000	195	0	0	1	195	1	195	2.45e-144	394
6_167	1_328	99.592	245	1	0	1	245	1	245	2.51e-176	479
6_168	1_329	99.714	700	2	0	1	700	1	700	0.0	1419
6_169	1_174	100.000	457	0	0	1	457	1	457	0.0	937
6_170	1_176	100.000	316	0	0	1	316	1	316	0.0	625
6_171	1_177	100.000	238	0	0	1	238	1	238	3.25e-176	479
6_171	1_72	35.349	215	114	6	25	223	26	231	5.77e-24	94.4
6_171	1_72	32.051	78	53	0	136	213	407	484	3.45e-07	45.1
6_171	1_33	40.000	85	51	0	133	217	156	240	7.40e-17	72.8
6_171	1_205	28.444	225	136	8	22	223	143	365	9.51e-17	73.6
6_171	1_262	27.805	205	136	6	22	218	20	220	2.11e-15	68.6
6_171	1_409	25.676	222	145	6	5	212	6	221	4.56e-14	65.5
6_171	1_409	25.446	224	142	7	22	225	283	501	3.24e-09	51.2
6_171	1_266	32.353	102	68	1	133	233	278	379	1.88e-12	60.8
6_171	1_266	31.915	47	32	0	22	68	63	109	0.001	34.3
6_171	1_490	33.571	140	82	4	90	221	143	279	2.08e-12	60.5
6_171	1_412	30.108	93	64	1	133	224	615	707	6.09e-12	59.3
6_171	1_412	40.426	47	28	0	21	67	23	69	1.94e-07	45.8
6_171	1_294	32.292	96	63	2	127	221	500	594	1.68e-11	58.2
6_171	1_294	30.556	72	46	3	21	89	53	123	3.28e-04	35.8
6_171	1_322	29.596	223	136	8	8	221	4	214	4.04e-11	57.0
6_171	1_233	31.313	99	67	1	136	233	232	330	1.83e-10	54.7
6_171	1_101	29.630	189	109	7	38	212	501	679	1.89e-10	55.1
6_171	1_59	24.783	230	150	7	22	230	30	257	2.73e-10	53.9
6_171	1_562	31.544	149	93	4	24	167	6	150	3.27e-10	52.8
6_171	1_526	28.646	192	103	6	22	197	340	513	1.37e-09	52.4
6_171	1_286	24.272	206	141	6	25	220	83	283	2.14e-09	51.2
6_171	1_447	31.522	184	108	8	24	198	354	528	2.18e-09	51.6
6_171	1_489	27.000	200	123	7	22	211	17	203	8.62e-09	50.1
6_171	1_442	27.174	184	109	7	24	196	19	188	6.56e-07	44.3
6_171	1_331	25.943	212	129	9	8	205	336	533	6.75e-07	44.3
6_171	1_265	21.397	229	162	8	5	226	319	536	6.89e-07	43.9
6_171	1_265	22.363	237	149	6	5	213	1	230	1.09e-05	40.4
6_171	1_290	26.582	79	57	1	135	212	153	231	3.10e-06	41.6
6_171	1_437	25.414	181	122	5	22	197	342	514	3.58e-06	42.0
6_172	1_178	100.000	578	0	0	1	578	1	578	0.0	1161
6_173	1_179	100.000	127	0	0	1	127	1	127	2.16e-88	248
6_174	1_180	100.000	285	0	0	1	285	1	285	0.0	552
6_174	1_186	43.077	260	134	4	26	281	1	250	2.18e-54	172
6_174	1_185	42.786	201	111	2	84	280	43	243	6.50e-48	155
6_175	1_186	98.479	263	4	0	1	263	1	263	0.0	509
6_175	1_180	42.748	262	132	5	1	250	26	281	4.55e-54	171
6_175	1_185	38.976	254	139	5	1	249	1	243	3.93e-48	155
6_176	1_181	100.000	411	0	0	1	411	1	411	0.0	820
6_177	1_182	100.000	202	0	0	1	202	1	202	1.51e-145	398
6_178	1_183	100.000	487	0	0	1	487	1	487	0.0	968
6_179	1_184	100.000	457	0	0	1	457	1	457	0.0	926
6_179	1_311	37.168	452	279	4	2	450	7	456	1.83e-104	314
6_179	1_313	24.291	247	181	5	15	260	37	278	7.39e-08	48.9
6_179	1_420	22.819	298	203	11	119	402	116	400	3.39e-06	43.5
6_180	1_421	99.673	306	1	0	1	306	1	306	0.0	629
6_180	1_348	27.241	290	173	9	10	278	21	293	1.80e-21	87.0
6_180	1_216	22.939	279	185	10	9	277	5	263	2.28e-08	48.9
6_180	1_380	22.137	262	169	7	12	261	8	246	2.78e-06	42.7
6_180	1_455	27.397	73	51	1	7	79	2	72	4.16e-05	38.9
6_180	1_37	32.877	73	43	1	186	258	180	246	2.62e-04	36.2
6_181	1_185	100.000	245	0	0	1	245	1	245	0.0	491
6_181	1_180	42.786	201	111	2	43	243	84	280	5.59e-48	155
6_181	1_186	39.062	256	136	6	1	243	1	249	1.94e-47	153
6_182	1_187	100.000	77	0	0	1	77	1	77	1.96e-49	145
6_183	1_188	100.000	90	0	0	1	90	1	90	1.26e-61	177
6_184	1_189	100.000	156	0	0	1	156	1	156	1.35e-117	323
6_185	1_190	100.000	126	0	0	1	126	1	126	2.44e-88	247
6_186	1_191	100.000	174	0	0	1	174	1	174	6.43e-126	346
6_187	1_192	100.000	305	0	0	1	305	1	305	0.0	619
6_187	1_410	24.128	344	194	13	4	298	157	482	2.44e-04	37.0
6_188	1_418	98.718	156	2	0	1	156	1	156	2.46e-111	308
6_189	1_432	99.320	147	1	0	1	147	1	147	5.19e-106	293
6_190	1_194	100.000	87	0	0	1	87	1	87	2.05e-61	176
6_191	1_489	99.351	770	1	1	1	766	1	770	0.0	1502
6_191	1_442	30.788	812	476	21	1	766	1	772	2.24e-92	300
6_191	1_322	39.823	452	246	10	1	440	1	438	1.56e-89	290
6_191	1_322	33.588	131	87	0	636	766	516	646	1.65e-15	74.7
6_191	1_286	32.735	223	133	7	1	209	60	279	3.53e-24	98.6
6_191	1_33	27.488	211	126	7	17	201	23	232	5.53e-15	70.9
6_191	1_409	23.938	259	169	9	1	232	6	263	2.57e-14	70.5
6_191	1_409	23.301	206	140	4	16	203	282	487	3.23e-06	44.7
6_191	1_447	30.412	194	125	6	1	188	336	525	3.44e-13	67.0
6_191	1_72	29.630	216	130	6	2	201	8	217	3.88e-13	67.0
6_191	1_233	32.990	97	63	1	1	95	10	106	1.29e-09	55.5
6_191	1_526	27.230	213	130	7	1	199	324	525	2.52e-09	54.7
6_191	1_540	25.823	395	236	18	302	659	86	460	8.59e-09	53.1
6_191	1_437	28.241	216	130	7	2	204	327	530	8.67e-09	53.1
6_191	1_490	34.483	87	53	2	119	202	183	268	1.96e-08	51.6
6_191	1_562	33.557	149	76	7	34	171	21	157	2.97e-08	49.3
6_191	1_294	30.357	112	75	2	2	111	39	149	3.39e-08	51.2
6_191	1_294	31.081	74	49	1	129	200	508	581	1.71e-05	42.4
6_191	1_177	27.000	200	123	7	17	203	22	211	3.68e-08	49.7
6_191	1_205	25.561	223	120	8	15	198	141	356	1.01e-07	49.3
6_191	1_262	27.149	221	125	10	1	198	1	208	2.10e-07	47.8
6_191	1_290	29.545	88	59	2	115	200	141	227	4.45e-07	46.6
6_191	1_266	29.600	125	78	5	115	230	267	390	4.49e-07	47.4
6_191	1_412	30.476	105	65	2	129	225	618	722	5.49e-07	47.4
6_191	1_331	28.505	214	123	10	2	198	334	534	9.47e-07	46.6
6_191	1_265	26.027	219	131	9	1	204	319	521	1.40e-05	42.7
6_191	1_265	20.851	235	133	6	1	198	1	219	1.58e-05	42.4
6_191	1_59	24.880	209	125	7	16	197	29	232	1.45e-05	42.4
6_191	1_229	36.585	82	43	4	129	204	834	912	1.69e-05	42.7
6_191	1_229	31.068	103	61	4	93	190	460	557	0.001	37.0
6_191	1_101	24.638	207	127	6	13	195	469	670	9.86e-05	40.0
6_192	1_197	100.000	326	0	0	1	326	1	326	0.0	649
6_193	1_556	98.507	67	1	0	1	67	1	67	2.21e-45	136
6_194	1_198	100.000	93	0	0	1	93	1	93	6.76e-61	175
6_195	1_470	99.640	278	1	0	1	278	1	278	0.0	550
6_196	1_199	100.000	64	0	0	1	64	1	64	8.35e-41	122
6_197	1_200	100.000	136	0	0	1	136	1	136	5.63e-92	257
6_198	1_202	100.000	146	0	0	1	146	1	146	2.60e-102	284
6_199	1_203	100.000	127	0	0	1	127	1	127	1.92e-87	245
6_200	1_336	99.346	153	1	0	1	153	1	153	1.95e-107	298
6_201	1_204	100.000	143	0	0	1	143	1	143	1.84e-100	279
6_202	1_454	99.310	145	1	0	1	145	1	145	1.28e-105	293
6_203	1_205	100.000	469	0	0	1	469	1	469	0.0	967
6_203	1_59	40.240	333	193	3	116	447	5	332	1.89e-74	233
6_203	1_412	44.737	114	63	0	273	386	614	727	2.62e-30	119
6_203	1_412	31.579	95	60	2	153	247	34	123	2.74e-07	47.4
6_203	1_266	45.082	122	66	1	269	389	273	394	1.41e-28	112
6_203	1_266	35.185	108	53	4	139	239	59	156	1.63e-11	60.5
6_203	1_262	26.800	250	159	8	122	370	3	229	1.80e-18	80.1
6_203	1_177	28.444	225	136	8	143	365	22	223	3.15e-16	72.8
6_203	1_233	32.520	123	71	3	247	357	190	312	7.35e-15	70.9
6_203	1_294	32.432	111	74	1	274	384	505	614	7.52e-15	71.2
6_203	1_286	30.769	195	114	7	146	336	81	258	3.14e-14	67.8
6_203	1_33	27.350	234	147	5	146	367	26	248	6.98e-14	66.6
6_203	1_490	23.448	145	108	2	244	388	162	303	1.64e-11	60.1
6_203	1_409	25.424	236	134	10	143	363	22	230	1.76e-09	54.3
6_203	1_409	25.194	258	149	8	115	355	259	489	5.47e-08	49.3
6_203	1_290	26.033	242	156	9	122	354	4	231	3.31e-09	52.0
6_203	1_322	25.688	218	138	7	142	359	16	209	1.20e-08	51.6
6_203	1_72	28.444	225	127	11	145	358	23	224	2.38e-08	50.4
6_203	1_72	24.483	290	175	11	99	364	224	493	1.27e-05	42.0
6_203	1_489	25.561	223	120	8	141	356	15	198	6.29e-08	49.3
6_203	1_442	25.592	211	123	8	142	347	16	197	4.45e-06	43.5
6_203	1_265	23.913	184	111	6	142	308	16	187	1.08e-04	38.9
6_203	1_229	29.897	97	57	4	277	364	834	928	1.89e-04	38.1
6_204	1_206	100.000	151	0	0	1	151	1	151	1.09e-108	301
6_204	1_293	32.500	120	78	2	15	132	22	140	6.58e-11	52.4
6_205	1_207	100.000	113	0	0	1	113	1	113	7.12e-82	230
6_206	1_208	100.000	96	0	0	1	96	1	96	1.58e-68	195
6_207	1_209	100.000	1065	0	0	1	1065	1	1065	0.0	2137
6_207	1_394	26.625	323	183	13	623	907	917	1223	8.17e-14	70.5
6_207	1_394	37.383	107	59	3	297	397	281	385	4.94e-10	58.2
6_208	1_211	100.000	190	0	0	1	190	1	190	3.94e-143	391
6_209	1_212	100.000	331	0	0	1	331	1	331	0.0	660
6_210	1_213	100.000	203	0	0	1	203	1	203	7.06e-147	401
6_211	1_214	100.000	149	0	0	1	149	1	149	1.74e-111	308
6_212	1_255	99.375	160	1	0	1	160	1	160	5.31e-113	312
6_213	1_216	100.000	267	0	0	1	267	1	267	0.0	541
6_213	1_348	26.502	283	175	9	3	260	19	293	4.53e-16	71.2
6_213	1_380	32.895	228	137	8	1	219	1	221	4.20e-15	69.3
6_213	1_455	23.897	272	196	8	4	265	2	272	8.62e-12	58.5
6_213	1_421	22.968	283	187	11	2	263	5	277	1.42e-08	49.3
6_213	1_37	32.203	59	40	0	183	241	188	246	1.11e-04	37.4
6_214	1_217	100.000	90	0	0	1	90	1	90	1.90e-57	166
6_215	1_218	100.000	221	0	0	1	221	1	221	2.71e-164	447
6_216	1_220	100.000	70	0	0	1	70	1	70	3.07e-44	131
6_217	1_222	100.000	95	0	0	1	95	1	95	2.42e-67	192
6_218	1_224	100.000	699	0	0	1	699	1	699	0.0	1417
6_218	1_497	25.878	769	431	26	16	692	6	727	2.05e-44	165
6_219	1_225	100.000	181	0	0	1	181	1	181	8.08e-131	359
6_220	1_402	99.620	263	1	0	1	263	19	281	0.0	525
6_221	1_227	100.000	232	0	0	1	232	1	232	5.79e-171	465
6_222	1_229	100.000	947	0	0	1	947	1	947	0.0	1932
6_222	1_262	29.801	151	85	7	783	928	90	224	3.74e-07	47.4
6_222	1_442	39.130	92	47	4	820	908	115	200	6.64e-07	47.4
6_222	1_442	28.571	147	88	6	416	562	64	193	1.58e-04	39.7
6_222	1_33	32.051	78	50	1	820	897	145	219	1.35e-06	45.8
6_222	1_33	30.000	80	54	1	479	558	145	222	5.92e-06	43.5
6_222	1_489	36.585	82	43	4	834	912	129	204	2.09e-05	42.7
6_222	1_322	36.905	84	44	4	826	906	121	198	1.77e-04	39.7
6_222	1_266	25.168	298	194	12	628	907	63	349	1.89e-04	39.3
6_222	1_412	33.333	102	63	3	476	574	601	700	1.89e-04	39.7
6_222	1_233	38.667	75	43	2	485	558	224	296	2.30e-04	38.9
6_222	1_205	29.897	97	57	4	834	928	277	364	4.13e-04	38.1
6_222	1_59	29.825	114	68	5	833	943	161	265	5.02e-04	37.7
6_222	1_409	24.737	190	120	8	481	655	129	310	5.06e-04	38.1
6_223	1_231	100.000	242	0	0	1	242	1	242	1.66e-178	484
6_224	1_233	100.000	444	0	0	1	444	1	444	0.0	887
6_224	1_490	30.725	345	183	9	8	341	5	304	4.39e-38	137
6_224	1_294	38.624	189	111	4	205	390	481	667	3.85e-35	133
6_224	1_294	47.423	97	51	0	11	107	39	135	7.01e-23	96.3
6_224	1_266	26.786	392	248	11	10	379	43	417	4.14e-23	95.9
6_224	1_412	32.117	137	92	1	199	334	584	720	2.87e-20	88.2
6_224	1_412	40.541	37	22	0	20	56	18	54	6.09e-04	36.6
6_224	1_33	35.616	146	81	5	214	355	140	276	2.42e-17	77.0
6_224	1_33	25.962	104	55	3	24	106	21	123	9.04e-05	38.5
6_224	1_205	32.520	123	71	3	190	312	247	357	5.62e-15	71.2
6_224	1_262	34.545	110	71	1	212	321	118	226	4.51e-13	63.9
6_224	1_262	26.050	119	79	3	22	137	16	128	1.82e-05	40.8
6_224	1_286	36.170	94	54	2	24	111	78	171	9.17e-12	60.5
6_224	1_286	36.585	82	51	1	230	311	197	277	4.94e-10	55.1
6_224	1_409	30.147	136	88	4	202	333	112	244	6.89e-11	58.5
6_224	1_409	28.431	102	68	3	10	106	6	107	3.09e-08	50.1
6_224	1_409	25.287	87	64	1	224	310	404	489	3.94e-05	40.0
6_224	1_177	31.313	99	67	1	232	330	136	233	3.41e-10	54.7
6_224	1_489	32.990	97	63	1	10	106	1	95	7.54e-10	55.5
6_224	1_59	28.030	132	92	1	204	332	131	262	8.04e-10	54.7
6_224	1_290	31.313	99	68	0	211	309	133	231	5.09e-09	51.6
6_224	1_442	32.394	142	92	3	211	351	107	245	9.70e-09	52.0
6_224	1_442	32.955	88	57	1	16	103	7	92	1.07e-08	51.6
6_224	1_322	31.915	94	62	1	10	103	1	92	1.14e-08	51.6
6_224	1_322	39.535	86	46	3	229	312	126	207	2.27e-08	50.4
6_224	1_526	36.232	69	44	0	10	78	324	392	1.70e-07	47.8
6_224	1_526	32.710	107	55	3	193	293	419	514	6.97e-06	42.7
6_224	1_72	30.488	82	54	2	232	312	407	486	3.48e-07	46.6
6_224	1_72	28.333	60	43	0	11	70	8	67	3.78e-04	37.0
6_224	1_447	30.769	78	53	1	1	77	327	404	5.54e-06	42.7
6_224	1_447	36.364	66	39	1	229	294	464	526	5.20e-05	39.7
6_224	1_265	31.765	85	54	1	226	310	150	230	1.63e-05	41.6
6_224	1_265	27.586	58	42	0	10	67	1	58	2.09e-05	41.2
6_224	1_437	32.787	61	41	0	11	71	327	387	3.48e-05	40.4
6_224	1_229	38.667	75	43	2	224	296	485	558	1.16e-04	38.9
6_224	1_562	36.471	85	48	3	185	263	66	150	1.18e-04	37.7
6_225	1_234	100.000	446	0	0	1	446	1	446	0.0	892
6_226	1_299	99.351	308	2	0	1	308	1	308	0.0	578
6_228	1_241	100.000	184	0	0	1	184	1	184	4.67e-136	372
6_229	1_422	99.541	218	1	0	1	218	1	218	5.92e-161	438
6_230	1_423	99.585	241	1	0	1	241	1	241	5.55e-180	488
6_231	1_242	100.000	176	0	0	1	176	1	176	4.15e-131	359
6_231	1_247	40.741	54	29	1	19	69	6	59	2.02e-06	41.6
6_231	1_247	28.415	183	118	5	5	175	157	338	2.91e-06	40.8
6_231	1_335	39.344	61	33	3	19	76	10	69	1.46e-04	35.8
6_232	1_246	100.000	76	0	0	1	76	1	76	2.76e-50	147
6_233	1_248	100.000	600	0	0	1	600	1	600	0.0	1198
6_234	1_395	99.613	517	2	0	1	517	1	517	0.0	1004
6_235	1_250	100.000	120	0	0	1	120	1	120	4.28e-85	238
6_236	1_140	99.856	694	1	0	1	694	1	694	0.0	1389
6_237	1_252	100.000	120	0	0	1	120	1	120	7.25e-85	238
6_238	1_6	99.701	335	1	0	1	335	1	335	0.0	662
6_239	1_436	99.383	324	2	0	1	324	1	324	0.0	662
6_239	1_285	22.941	340	195	13	1	296	321	637	2.15e-09	53.1
6_240	1_13	99.688	321	1	0	1	321	1	321	0.0	622
6_241	1_383	99.057	212	2	0	1	212	1	212	4.69e-147	403
6_242	1_256	100.000	222	0	0	1	222	1	222	5.84e-163	444
6_243	1_353	99.753	1216	3	0	1	1216	1	1216	0.0	2392
6_244	1_259	100.000	452	0	0	1	452	1	452	0.0	920
6_245	1_261	100.000	332	0	0	1	332	1	332	0.0	662
6_246	1_262	100.000	272	0	0	1	272	1	272	0.0	542
6_246	1_33	34.188	234	133	6	19	232	22	254	2.74e-34	120
6_246	1_447	35.204	196	109	5	16	205	348	531	2.52e-19	82.0
6_246	1_205	26.800	250	159	8	3	229	122	370	7.35e-19	80.5
6_246	1_59	31.330	233	127	7	19	227	29	252	1.10e-18	79.3
6_246	1_286	28.636	220	132	4	19	225	79	286	1.58e-18	78.2
6_246	1_177	27.805	205	136	6	20	220	22	218	2.41e-15	68.6
6_246	1_412	36.275	102	64	1	127	227	607	708	2.48e-15	70.5
6_246	1_412	33.333	75	43	3	23	91	27	100	2.67e-04	36.6
6_246	1_331	30.189	212	132	8	2	208	334	534	2.16e-14	67.4
6_246	1_526	32.057	209	122	8	1	204	324	517	3.27e-14	66.6
6_246	1_322	31.081	222	129	11	1	215	1	205	8.98e-14	65.5
6_246	1_233	34.545	110	71	1	118	226	212	321	2.76e-13	63.9
6_246	1_233	26.050	119	79	3	16	128	22	137	1.12e-05	40.8
6_246	1_437	32.353	204	117	11	2	200	327	514	2.77e-13	63.9
6_246	1_294	31.776	107	72	1	116	221	486	592	3.39e-13	63.9
6_246	1_294	31.915	94	55	3	16	106	50	137	3.94e-06	42.4
6_246	1_265	27.778	198	108	5	16	185	13	203	1.11e-12	62.0
6_246	1_409	27.273	220	125	10	19	218	21	225	2.26e-12	61.2
6_246	1_409	25.541	231	157	8	1	218	264	492	3.92e-06	42.0
6_246	1_266	32.500	120	77	3	104	219	244	363	2.48e-12	60.8
6_246	1_72	32.143	196	124	6	28	217	31	223	5.50e-12	60.1
6_246	1_490	24.221	289	161	9	2	236	8	292	3.22e-11	57.4
6_246	1_290	26.848	257	156	9	1	240	9	250	1.75e-08	48.5
6_246	1_442	23.618	199	141	6	16	212	13	202	3.35e-08	48.5
6_246	1_489	27.149	221	125	10	1	208	1	198	6.76e-08	47.8
6_246	1_229	29.801	151	85	7	90	224	783	928	1.17e-07	47.0
6_246	1_101	24.757	206	130	7	2	197	471	661	1.55e-07	46.6
6_246	1_562	32.867	143	73	7	37	169	21	150	1.42e-06	42.4
6_247	1_263	100.000	320	0	0	1	320	1	320	0.0	627
6_248	1_265	100.000	538	0	0	1	538	1	538	0.0	1101
6_248	1_322	25.641	234	141	6	1	230	1	205	1.12e-12	64.7
6_248	1_322	28.571	210	133	8	319	519	1	202	1.15e-09	55.1
6_248	1_262	27.778	198	108	5	13	203	16	185	2.19e-12	62.0
6_248	1_442	22.993	274	175	5	1	272	1	240	5.90e-11	59.3
6_248	1_442	24.645	211	138	8	319	518	1	201	5.30e-06	43.5
6_248	1_526	28.342	187	110	5	1	187	324	486	1.87e-10	57.8
6_248	1_72	26.271	236	145	9	2	230	8	221	6.50e-10	55.8
6_248	1_72	32.432	74	47	2	453	523	149	222	3.41e-04	37.4
6_248	1_447	23.853	218	133	6	1	213	336	525	5.99e-09	52.8
6_248	1_331	44.898	49	27	0	13	61	346	394	9.17e-08	48.9
6_248	1_409	24.599	187	125	4	1	187	6	176	5.21e-07	46.6
6_248	1_294	35.088	57	37	0	2	58	39	95	6.78e-07	46.2
6_248	1_294	23.810	84	60	1	152	231	504	587	3.48e-05	40.8
6_248	1_33	24.286	210	127	6	20	213	26	219	9.11e-07	45.1
6_248	1_177	21.397	229	162	8	319	536	5	226	1.56e-06	43.9
6_248	1_177	22.363	237	149	6	1	230	5	213	2.47e-05	40.4
6_248	1_437	35.185	54	35	0	10	63	335	388	8.39e-06	42.7
6_248	1_489	20.851	235	133	6	1	219	1	198	9.25e-06	42.7
6_248	1_489	26.027	219	131	9	319	521	1	204	9.91e-06	42.7
6_248	1_233	31.765	85	54	1	150	230	226	310	1.97e-05	41.6
6_248	1_233	27.586	58	42	0	1	58	10	67	2.53e-05	41.2
6_248	1_290	22.511	231	149	6	320	525	10	235	4.51e-05	39.7
6_248	1_290	21.577	241	139	6	14	233	24	235	2.08e-04	37.7
6_248	1_205	23.913	184	111	6	16	187	142	308	1.08e-04	39.3
6_248	1_490	27.174	92	64	1	443	534	188	276	3.44e-04	37.4
6_248	1_101	25.126	199	105	10	32	217	500	667	4.71e-04	37.4
6_248	1_412	28.169	71	47	1	449	515	619	689	6.94e-04	36.6
6_249	1_267	100.000	254	0	0	1	254	1	254	0.0	523
6_250	1_268	100.000	599	0	0	1	599	1	599	0.0	1221
6_250	1_158	30.093	216	126	7	117	315	10	217	6.12e-17	78.6
6_250	1_159	37.008	127	62	2	116	224	13	139	8.06e-14	68.9
6_250	1_54	32.099	162	90	3	116	257	21	182	2.50e-13	66.6
6_251	1_473	99.625	267	1	0	1	267	1	267	0.0	511
6_252	1_476	99.649	569	2	0	1	569	1	569	0.0	1099
6_252	1_73	30.556	216	124	4	79	285	18	216	9.78e-12	60.8
6_253	1_273	100.000	161	0	0	1	161	1	161	3.52e-114	315
6_253	1_353	26.623	154	99	6	7	151	1054	1202	1.51e-04	35.8
6_254	1_201	99.425	174	1	0	1	174	1	174	7.28e-130	356
6_255	1_124	99.559	227	1	0	1	227	1	227	7.82e-167	454
6_256	1_277	100.000	214	0	0	1	214	1	214	1.60e-157	429
6_257	1_278	100.000	107	0	0	1	107	1	107	2.33e-72	205
6_258	1_280	100.000	212	0	0	1	212	1	212	9.44e-157	427
6_259	1_281	100.000	120	0	0	1	120	1	120	5.23e-88	246
6_260	1_282	100.000	236	0	0	1	236	1	236	1.77e-172	469
6_260	1_433	33.824	136	63	8	4	113	16	150	3.74e-06	41.6
6_261	1_283	100.000	381	0	0	1	381	1	381	0.0	754
6_262	1_333	99.298	285	2	0	1	285	1	285	0.0	566
6_263	1_325	99.747	790	2	0	1	790	1	790	0.0	1605
6_263	1_138	22.941	340	205	10	393	701	440	753	1.43e-14	72.0
6_263	1_138	23.563	174	120	3	8	169	27	199	6.29e-09	53.9
6_263	1_320	24.103	195	101	6	398	592	393	540	4.61e-12	63.9
6_263	1_320	27.174	184	113	4	3	168	6	186	1.38e-08	52.8
6_263	1_462	34.444	90	58	1	29	118	3	91	6.92e-08	50.1
6_263	1_462	33.000	100	59	3	513	612	264	355	1.69e-07	48.9
6_264	1_285	100.000	665	0	0	1	665	1	665	0.0	1345
6_264	1_436	22.941	340	195	13	321	637	1	296	6.96e-09	52.4
6_265	1_168	99.559	227	1	0	1	227	1	227	1.24e-163	446
6_266	1_64	99.387	163	1	0	1	163	1	163	2.99e-118	326
6_267	1_288	100.000	260	0	0	1	260	1	260	0.0	521
6_268	1_290	100.000	256	0	0	1	256	1	256	0.0	509
6_268	1_266	34.711	121	77	2	126	244	251	371	2.26e-16	72.8
6_268	1_490	26.071	280	162	5	8	244	6	283	3.87e-16	71.6
6_268	1_286	27.358	212	142	4	5	213	56	258	1.23e-15	69.7
6_268	1_412	30.508	118	73	2	134	250	597	706	3.11e-14	66.6
6_268	1_442	27.136	199	126	4	28	225	18	198	2.86e-13	63.9
6_268	1_409	24.138	232	162	10	27	252	22	245	3.13e-12	60.5
6_268	1_409	22.566	226	163	6	12	230	267	487	4.42e-09	50.8
6_268	1_205	25.203	246	153	8	4	231	122	354	1.92e-11	58.2
6_268	1_262	27.237	257	155	9	9	250	1	240	6.83e-11	55.8
6_268	1_33	25.806	217	145	9	27	231	23	235	8.68e-11	55.5
6_268	1_322	25.664	226	139	7	24	245	14	214	2.05e-10	55.1
6_268	1_294	33.766	77	51	0	154	230	508	584	2.73e-09	51.6
6_268	1_294	29.885	87	55	2	27	112	54	135	1.82e-04	37.0
6_268	1_233	31.313	99	68	0	133	231	211	309	2.80e-09	51.6
6_268	1_59	27.801	241	145	11	6	231	13	239	1.23e-08	49.3
6_268	1_489	23.188	207	138	6	23	227	13	200	3.94e-08	48.1
6_268	1_72	24.074	216	151	7	20	231	14	220	5.01e-08	47.8
6_268	1_72	24.180	244	146	10	30	251	277	503	1.78e-05	40.0
6_268	1_447	26.699	206	131	7	9	212	336	523	8.43e-08	47.0
6_268	1_177	22.831	219	137	7	22	231	17	212	2.22e-06	42.0
6_268	1_265	22.271	229	152	6	10	235	320	525	3.04e-06	42.4
6_268	1_265	21.992	241	138	8	24	235	14	233	2.78e-05	39.3
6_268	1_101	28.333	180	105	7	40	212	498	660	3.14e-05	39.3
6_268	1_526	21.053	209	141	7	9	214	324	511	2.70e-04	36.2
6_268	1_229	28.889	90	53	4	136	218	815	900	3.46e-04	36.2
6_268	1_331	24.312	218	127	10	8	214	332	522	3.76e-04	35.8
6_269	1_291	100.000	158	0	0	1	158	1	158	1.02e-115	319
6_270	1_3	98.936	188	2	0	1	188	1	188	2.03e-133	366
6_271	1_2	99.714	350	1	0	1	350	1	350	0.0	715
6_272	1_367	98.347	121	2	0	1	121	1	121	1.26e-78	222
6_273	1_498	99.545	220	1	0	1	220	2	221	1.22e-157	430
6_273	1_545	21.364	220	158	6	1	220	100	304	2.28e-05	38.9
6_274	1_295	100.000	361	0	0	1	361	1	361	0.0	736
6_275	1_240	99.715	351	1	0	1	351	1	351	0.0	684
6_275	1_457	27.358	318	207	7	6	316	61	361	7.05e-23	92.8
6_276	1_405	99.767	429	1	0	1	429	1	429	0.0	862
6_277	1_300	100.000	175	0	0	1	175	1	175	7.58e-126	346
6_278	1_302	100.000	274	0	0	1	274	1	274	0.0	539
6_278	1_403	25.150	167	115	4	73	233	75	237	2.33e-05	39.3
6_279	1_232	99.689	322	1	0	1	322	1	322	0.0	649
6_280	1_306	100.000	88	0	0	1	88	1	88	6.79e-60	172
6_281	1_244	99.779	452	1	0	1	452	1	452	0.0	883
6_282	1_314	100.000	385	0	0	1	385	1	385	0.0	749
6_283	1_315	100.000	402	0	0	1	402	1	402	0.0	799
6_284	1_324	100.000	408	0	0	1	408	1	408	0.0	823
6_285	1_337	100.000	297	0	0	1	297	1	297	0.0	578
6_286	1_456	99.142	699	2	1	1	695	1	699	0.0	1370
6_287	1_226	98.148	54	1	0	1	54	3	56	3.90e-33	103
6_288	1_459	99.776	892	2	0	1	892	1	892	0.0	1800
6_289	1_339	100.000	594	0	0	1	594	1	594	0.0	1190
6_289	1_272	28.413	630	325	21	34	582	29	613	4.59e-44	162
6_290	1_570	99.038	208	2	0	1	208	37	244	7.06e-151	414
6_290	1_97	25.654	191	131	5	18	201	28	214	4.75e-10	52.0
6_291	1_346	100.000	256	0	0	1	256	1	256	0.0	510
6_292	1_347	100.000	289	0	0	1	289	1	289	0.0	558
6_293	1_381	98.621	145	2	0	1	145	1	145	8.23e-102	283
6_294	1_357	100.000	270	0	0	1	270	1	270	0.0	546
6_295	1_376	99.444	720	4	0	1	720	1	720	0.0	1476
6_296	1_287	99.737	380	1	0	1	380	1	380	0.0	773
6_296	1_508	64.912	57	20	0	218	274	21	77	1.56e-23	88.2
6_297	1_435	98.969	194	2	0	1	194	1	194	8.04e-143	390
6_297	1_62	38.509	161	94	3	4	160	3	162	6.38e-28	99.4
6_298	1_372	100.000	344	0	0	1	344	1	344	0.0	681
6_298	1_319	24.606	317	175	11	64	333	46	345	1.70e-05	40.4
6_299	1_338	99.796	490	1	0	1	490	1	490	0.0	959
6_300	1_447	99.629	539	2	0	1	539	1	539	0.0	1044
6_300	1_562	62.434	189	71	0	351	539	3	191	2.73e-63	200
6_300	1_526	28.893	533	353	10	7	533	8	520	1.08e-48	171
6_300	1_437	31.132	212	136	3	331	538	321	526	3.58e-30	118
6_300	1_331	38.462	221	128	7	322	538	320	536	1.55e-29	117
6_300	1_262	35.204	196	109	5	348	531	16	205	5.28e-19	82.0
6_300	1_322	29.717	212	130	8	336	539	1	201	4.01e-15	72.8
6_300	1_489	30.412	194	125	6	336	525	1	188	2.82e-13	67.0
6_300	1_442	26.415	212	137	7	336	539	1	201	6.31e-12	62.8
6_300	1_101	31.138	167	94	7	369	522	502	660	6.99e-10	55.8
6_300	1_177	31.522	184	108	8	354	528	24	198	4.22e-09	52.0
6_300	1_265	23.853	218	133	6	336	525	1	213	7.39e-09	52.4
6_300	1_72	31.694	183	103	8	355	522	26	201	2.77e-08	50.4
6_300	1_286	25.510	196	125	7	351	532	79	267	7.76e-08	48.5
6_300	1_412	38.983	59	33	1	467	522	618	676	5.94e-07	46.6
6_300	1_294	27.778	90	61	2	452	538	493	581	1.33e-06	45.4
6_300	1_59	29.612	206	115	11	351	532	29	228	3.95e-06	43.5
6_300	1_490	29.412	85	52	2	441	522	172	251	4.48e-06	43.5
6_300	1_233	30.769	78	53	1	327	404	1	77	8.28e-06	42.7
6_300	1_233	35.294	68	41	1	464	528	229	296	6.71e-05	39.7
6_300	1_290	26.699	206	131	7	336	523	9	212	4.21e-05	39.7
6_300	1_266	38.983	59	33	1	467	522	281	339	5.79e-05	40.0
6_301	1_35	98.462	65	1	0	1	65	1	65	3.29e-44	131
6_302	1_491	98.947	95	1	0	1	95	17	111	2.23e-63	183
6_302	1_501	97.895	95	2	0	1	95	17	111	7.93e-59	181
6_302	1_228	45.263	95	45	3	1	95	16	103	3.33e-19	71.2
6_303	1_409	100.000	512	0	0	1	512	1	512	0.0	1018
6_303	1_72	30.273	512	328	14	11	511	12	505	9.00e-54	184
6_303	1_489	23.938	259	169	9	6	263	1	232	1.71e-14	70.5
6_303	1_489	23.301	206	140	4	282	487	16	203	1.74e-06	45.1
6_303	1_286	25.108	231	157	8	6	228	60	282	6.02e-14	67.4
6_303	1_286	30.263	76	53	0	412	487	199	274	1.93e-04	37.7
6_303	1_442	25.592	211	143	5	6	215	1	198	8.06e-14	68.6
6_303	1_442	26.020	196	127	5	277	472	11	188	2.89e-10	57.0
6_303	1_177	25.676	222	145	6	6	221	5	212	9.82e-14	65.5
6_303	1_177	25.446	224	142	7	283	501	22	225	6.97e-09	51.2
6_303	1_322	25.688	218	140	7	20	235	15	212	2.51e-13	66.6
6_303	1_322	27.753	227	134	7	282	505	16	215	7.22e-13	65.5
6_303	1_33	24.576	236	141	7	13	223	14	237	3.69e-12	61.6
6_303	1_33	27.928	222	131	9	286	489	26	236	6.20e-12	61.2
6_303	1_262	27.273	220	125	10	21	225	19	218	4.26e-12	61.2
6_303	1_262	25.541	231	157	8	264	492	1	218	7.38e-06	42.0
6_303	1_290	24.464	233	160	7	22	245	27	252	1.54e-11	59.3
6_303	1_290	21.875	224	167	5	267	487	12	230	1.01e-07	47.8
6_303	1_233	30.147	136	88	4	112	244	202	333	7.95e-11	58.5
6_303	1_233	28.431	102	68	3	6	107	10	106	3.56e-08	50.1
6_303	1_233	25.287	87	64	1	404	489	224	310	4.54e-05	40.0
6_303	1_266	36.634	101	54	3	129	223	264	360	8.81e-11	58.2
6_303	1_266	35.443	79	50	1	412	489	281	359	3.92e-07	46.6
6_303	1_266	41.071	56	29	1	6	57	43	98	6.47e-06	42.7
6_303	1_294	34.409	93	54	2	402	490	498	587	1.58e-10	57.8
6_303	1_294	29.213	89	58	2	133	220	500	584	8.75e-08	49.3
6_303	1_294	29.348	92	54	4	16	104	48	131	7.82e-07	46.2
6_303	1_526	29.545	220	114	7	2	206	320	513	2.33e-10	57.0
6_303	1_490	23.420	269	153	9	29	246	30	296	9.89e-10	54.7
6_303	1_490	32.609	92	57	2	399	489	184	271	9.34e-07	45.4
6_303	1_205	25.424	236	134	10	22	230	143	363	1.29e-09	54.7
6_303	1_205	25.296	253	145	8	262	487	118	353	5.02e-08	49.7
6_303	1_412	30.097	103	62	3	129	225	601	699	4.76e-08	50.1
6_303	1_412	27.723	101	72	1	410	509	616	716	1.46e-05	42.0
6_303	1_265	24.599	187	125	4	6	176	1	187	4.95e-07	46.6
6_303	1_59	26.267	217	134	9	32	230	40	248	5.27e-06	43.1
6_303	1_59	33.333	81	53	1	410	489	160	240	6.10e-05	39.7
6_303	1_562	25.000	160	108	5	22	179	4	153	5.72e-06	41.6
6_303	1_101	22.353	170	119	4	37	202	500	660	2.91e-05	40.8
6_303	1_331	26.230	183	118	8	37	215	365	534	5.85e-04	36.6
6_303	1_229	27.184	103	72	1	373	472	795	897	7.33e-04	36.6
6_304	1_438	100.000	133	0	0	1	133	1	133	3.53e-93	260
6_305	1_451	100.000	121	0	0	1	121	1	121	7.49e-88	246
6_306	1_455	100.000	276	0	0	1	276	1	276	0.0	566
6_306	1_348	26.894	264	165	9	5	249	21	275	1.02e-13	64.7
6_306	1_216	23.897	272	196	8	2	272	4	265	8.91e-12	58.5
6_306	1_37	23.704	270	160	9	1	248	1	246	9.00e-06	40.4
6_306	1_421	27.397	73	51	1	2	72	7	79	4.87e-05	38.5
6_306	1_380	26.316	228	142	10	7	224	8	219	5.78e-04	35.4
6_307	1_465	100.000	690	0	0	1	690	1	690	0.0	1372
6_308	1_468	100.000	1018	0	0	1	1018	1	1018	0.0	1981
6_308	1_399	26.606	1090	680	33	6	1015	1	1050	2.47e-80	278
6_308	1_439	32.867	286	182	5	11	289	3	285	1.60e-34	137
6_308	1_439	30.822	292	137	10	545	783	738	1017	3.58e-23	100
6_308	1_439	32.231	121	72	5	361	474	477	594	1.61e-05	43.1
6_308	1_521	27.083	240	153	8	18	255	34	253	2.71e-10	58.9
6_308	1_524	22.360	805	464	34	11	699	2	761	3.47e-09	55.5
6_308	1_398	25.336	446	277	14	14	436	18	430	2.44e-08	52.4
6_309	1_474	100.000	184	0	0	1	184	1	184	5.74e-137	375
6_310	1_482	100.000	87	0	0	1	87	1	87	9.92e-63	179
6_311	1_484	100.000	197	0	0	1	197	1	197	2.30e-134	369
6_312	1_393	99.844	641	1	0	1	641	1	641	0.0	1285
6_312	1_42	44.131	639	334	9	3	626	5	635	6.91e-168	489
6_313	1_83	99.688	321	1	0	1	321	1	321	0.0	641
6_313	1_355	41.379	58	30	1	8	65	15	68	1.42e-07	47.4
6_314	1_90	98.990	99	1	0	1	99	1	99	3.09e-68	194
6_315	1_349	99.837	615	1	0	1	615	1	615	0.0	1266
6_316	1_264	99.369	317	2	0	1	317	1	317	0.0	640
6_317	1_571	99.556	225	1	0	1	225	18	242	8.59e-163	444
6_318	1_313	99.803	507	1	0	1	507	1	507	0.0	1012
6_318	1_420	43.385	325	173	6	125	444	105	423	2.49e-74	239
6_318	1_311	26.757	370	260	7	58	421	44	408	3.46e-26	105
6_318	1_184	24.291	247	181	5	37	278	15	260	7.92e-08	48.9
6_319	1_311	99.575	471	2	0	1	471	1	471	0.0	950
6_319	1_184	37.168	452	279	4	7	456	2	450	4.24e-104	313
6_319	1_313	27.027	370	259	7	44	408	58	421	1.19e-26	107
6_319	1_420	24.201	219	162	3	131	348	125	340	6.38e-08	49.3
6_320	1_149	98.758	161	2	0	1	161	1	161	5.62e-117	322
6_321	1_249	99.673	306	1	0	1	306	1	306	0.0	605
6_322	1_150	99.545	440	2	0	1	440	1	440	0.0	874
6_322	1_7	36.269	193	110	4	101	283	125	314	2.44e-26	103
6_323	1_310	99.711	691	2	0	1	691	1	691	0.0	1388
6_324	1_394	99.432	1584	9	0	1	1584	1	1584	0.0	3115
6_324	1_209	26.791	321	181	13	919	1223	625	907	6.18e-14	71.6
6_324	1_209	37.383	107	59	3	281	385	297	397	1.02e-05	44.7
6_325	1_157	99.559	227	1	0	1	227	1	227	2.57e-169	460
6_326	1_396	99.399	999	6	0	1	999	1	999	0.0	2009
6_327	1_243	98.739	238	3	0	1	238	1	238	2.14e-171	466
6_328	1_230	99.147	821	7	0	1	821	1	821	0.0	1651
6_328	1_316	22.179	514	380	10	10	510	6	512	1.36e-31	126
6_329	1_397	82.704	503	44	5	1	482	1	481	0.0	747
6_330	1_39	99.408	169	1	0	1	169	1	169	1.52e-120	332
6_331	1_398	99.079	1086	10	0	1	1086	1	1086	0.0	2120
6_331	1_399	25.111	450	275	16	23	431	12	440	4.70e-09	55.1
6_331	1_468	24.947	469	294	15	18	451	14	459	8.17e-08	50.8
6_331	1_439	23.077	221	145	5	31	226	14	234	5.75e-05	41.6
6_331	1_521	26.667	255	162	9	25	260	29	277	1.17e-04	40.4
6_331	1_524	22.707	458	302	16	16	430	5	453	2.01e-04	39.7
6_332	1_221	99.855	692	1	0	1	692	1	692	0.0	1370
6_333	1_193	98.592	142	2	0	1	142	1	142	1.84e-97	271
6_334	1_522	98.136	1073	17	3	1	1072	1	1071	0.0	2107
6_334	1_467	29.003	1093	650	31	13	1070	17	1018	1.69e-113	371
6_334	1_440	29.947	374	210	11	5	335	7	371	2.72e-30	124
6_334	1_440	24.121	398	220	15	445	778	584	963	6.15e-09	54.7
6_334	1_523	29.677	155	101	3	13	161	10	162	4.40e-13	68.2
6_334	1_365	26.941	219	124	7	17	201	9	225	6.20e-08	51.2
6_335	1_399	95.225	1089	11	4	1	1078	1	1059	0.0	2033
6_335	1_468	27.238	1061	650	33	1	1014	6	991	1.02e-82	285
6_335	1_439	31.988	322	208	5	4	322	1	314	3.00e-43	166
6_335	1_439	26.174	298	176	8	521	777	721	1015	5.92e-17	80.9
6_335	1_524	24.593	553	308	20	6	496	4	509	7.49e-14	70.9
6_335	1_521	23.762	404	244	14	15	394	31	394	2.18e-12	65.9
6_335	1_398	24.222	450	279	15	12	440	23	431	1.03e-07	50.4
6_336	1_305	99.618	524	2	0	1	524	1	524	0.0	1016
6_336	1_195	24.301	465	302	18	9	462	4	429	2.09e-13	67.0
6_337	1_304	99.733	374	1	0	1	374	1	374	0.0	774
6_338	1_400	99.346	1376	5	1	1	1372	1	1376	0.0	2680
6_338	1_553	66.600	997	313	3	1	981	1	993	0.0	1285
6_338	1_552	71.465	396	106	4	981	1372	4	396	0.0	548
6_339	1_401	85.488	379	45	2	10	382	6	380	0.0	580
6_340	1_401	55.024	209	91	2	3	211	174	379	3.81e-57	180
6_342	1_301	99.640	278	1	0	1	278	1	278	0.0	539
6_342	1_274	27.350	117	73	3	110	226	48	152	1.56e-06	42.7
6_342	1_274	30.894	123	73	4	121	243	35	145	2.83e-05	38.9
6_343	1_404	98.781	1477	11	1	1	1470	1	1477	0.0	2953
6_343	1_343	22.222	720	356	26	789	1426	188	785	1.86e-17	82.8
6_344	1_406	95.413	109	5	0	1	109	1	109	1.23e-70	201
6_344	1_390	32.308	65	43	1	38	101	79	143	1.41e-05	36.6
6_345	1_235	99.883	856	1	0	1	856	1	856	0.0	1718
6_345	1_392	35.378	701	429	11	56	746	12	698	5.57e-130	405
6_345	1_392	25.000	132	88	5	727	854	582	706	3.62e-04	38.5
6_346	1_369	98.707	232	3	0	1	232	1	232	2.14e-161	441
6_347	1_53	99.885	872	1	0	1	872	1	872	0.0	1763
6_348	1_407	99.445	1982	11	0	1	1982	1	1982	0.0	3855
6_348	1_566	30.230	870	558	19	45	884	8	858	2.73e-93	320
6_348	1_527	35.264	397	210	11	60	425	37	417	1.13e-53	194
6_349	1_553	99.496	993	5	0	1	993	1	993	0.0	1937
6_349	1_400	68.032	1392	422	6	1	1385	1	1376	0.0	1818
6_349	1_552	100.000	394	0	0	993	1386	4	397	0.0	800
6_350	1_298	99.671	607	2	0	1	607	1	607	0.0	1217
6_351	1_237	99.327	297	2	0	1	297	1	297	0.0	596
6_352	1_297	98.537	205	3	0	1	205	1	205	1.36e-142	391
6_353	1_238	99.519	416	2	0	1	416	1	416	0.0	795
6_354	1_239	99.761	419	1	0	1	419	1	419	0.0	847
6_355	1_410	99.673	611	2	0	1	611	1	611	0.0	1224
6_355	1_572	31.004	229	154	4	385	609	4	232	1.97e-32	119
6_355	1_557	30.597	134	91	1	167	300	4	135	6.82e-16	69.7
6_355	1_573	28.713	101	68	1	285	385	15	111	1.18e-08	48.1
6_355	1_192	24.277	346	195	13	155	482	2	298	3.37e-08	50.1
6_355	1_161	26.351	148	100	5	335	477	159	302	1.27e-04	39.3
6_356	1_57	99.673	306	1	0	1	306	1	306	0.0	607
6_357	1_411	99.574	939	4	0	1	939	1	939	0.0	1897
6_358	1_412	99.871	775	1	0	1	775	1	775	0.0	1530
6_358	1_266	37.349	249	138	4	530	775	204	437	1.10e-42	155
6_358	1_266	39.175	97	55	2	22	115	61	156	1.67e-12	64.7
6_358	1_205	45.536	112	61	0	614	725	273	384	6.12e-30	118
6_358	1_205	31.250	96	61	2	33	123	152	247	6.91e-07	47.0
6_358	1_59	37.267	161	81	3	570	722	118	266	1.10e-25	103
6_358	1_233	32.117	137	92	1	584	720	199	334	4.83e-20	88.2
6_358	1_294	26.761	142	97	3	584	725	480	614	2.51e-17	80.9
6_358	1_294	28.049	164	100	5	12	158	42	204	2.30e-07	48.5
6_358	1_33	39.091	110	66	1	599	708	140	248	2.64e-16	75.1
6_358	1_490	37.363	91	57	0	619	709	194	284	2.85e-15	72.8
6_358	1_262	36.275	102	64	1	607	708	127	227	7.32e-15	70.1
6_358	1_262	33.333	75	43	3	27	100	23	91	7.75e-04	36.6
6_358	1_290	30.508	118	73	2	597	706	134	250	1.63e-13	65.9
6_358	1_286	31.000	100	68	1	607	706	188	286	3.82e-13	65.5
6_358	1_177	32.258	93	62	1	615	707	133	224	2.04e-11	59.3
6_358	1_177	40.426	47	28	0	23	69	21	67	6.45e-07	45.8
6_358	1_322	34.940	83	52	1	616	698	127	207	6.58e-09	53.5
6_358	1_409	30.097	103	62	3	601	699	129	225	7.21e-08	50.1
6_358	1_409	27.723	101	72	1	616	716	410	509	2.13e-05	42.0
6_358	1_489	30.476	105	65	2	618	722	129	225	6.54e-07	47.0
6_358	1_442	27.957	93	65	1	597	689	108	198	7.25e-07	47.0
6_358	1_447	38.983	59	33	1	618	676	467	522	7.26e-07	47.0
6_358	1_72	25.532	94	63	2	609	699	398	487	8.33e-06	43.5
6_358	1_331	36.508	63	34	2	38	96	364	424	1.08e-04	39.7
6_358	1_229	33.333	102	63	3	601	700	476	574	1.47e-04	39.7
6_358	1_265	28.169	71	47	1	619	689	449	515	0.001	36.6
6_358	1_526	37.313	67	38	2	612	678	449	511	0.001	36.6
6_359	1_413	99.549	443	2	0	1	443	1	443	0.0	881
6_360	1_414	99.298	1425	10	0	1	1425	1	1425	0.0	2852
6_361	1_415	99.016	305	3	0	1	305	1	305	0.0	606
6_362	1_416	99.567	231	1	0	1	231	1	231	9.81e-161	439
6_363	1_417	99.241	527	4	0	1	527	1	527	0.0	1019
6_364	1_419	99.325	741	5	0	1	741	1	741	0.0	1486
6_365	1_420	99.609	511	2	0	1	511	1	511	0.0	1043
6_365	1_313	43.385	325	173	6	105	423	125	444	1.19e-74	239
6_365	1_311	22.712	295	216	6	49	340	63	348	3.73e-08	50.1
6_365	1_184	22.819	298	203	11	116	400	119	402	4.10e-06	43.5
6_366	1_424	99.593	246	1	0	1	246	1	246	0.0	497
6_367	1_425	99.013	304	3	0	1	304	1	304	0.0	587
6_367	1_95	21.908	283	199	6	31	300	36	309	1.02e-12	62.0
6_368	1_426	98.865	705	8	0	1	705	1	705	0.0	1370
6_369	1_427	93.519	324	2	4	1	317	1	312	0.0	582
6_370	1_175	99.502	201	1	0	1	201	1	201	3.85e-149	407
6_371	1_428	99.635	548	2	0	1	548	1	548	0.0	1120
6_371	1_429	65.605	471	139	6	80	533	189	653	0.0	598
6_371	1_429	42.500	120	41	6	4	111	1	104	5.43e-14	69.3
6_371	1_551	40.000	485	269	6	44	513	142	619	1.30e-108	333
6_371	1_531	35.815	497	260	18	51	512	35	507	7.20e-74	239
6_371	1_577	33.468	496	266	14	63	514	21	496	1.79e-73	237
6_371	1_22	30.496	423	234	11	144	519	131	540	6.87e-44	159
6_372	1_429	98.939	660	7	0	1	660	1	660	0.0	1321
6_372	1_428	65.598	468	138	6	192	653	83	533	0.0	596
6_372	1_428	78.947	38	8	0	1	38	4	41	4.39e-13	66.6
6_372	1_551	43.794	427	221	5	209	633	210	619	1.54e-107	333
6_372	1_531	37.430	537	274	19	126	632	3	507	3.45e-80	258
6_372	1_577	34.914	464	244	11	204	634	58	496	9.73e-73	238
6_372	1_22	31.020	461	254	11	214	632	95	533	4.50e-51	181
6_373	1_430	93.699	3571	211	10	1	3563	1	3565	0.0	6576
6_373	1_431	25.283	265	139	13	496	739	346	572	1.35e-04	42.4
6_373	1_431	22.979	235	130	9	2640	2851	2823	3029	4.90e-04	40.4
6_374	1_431	94.343	3783	174	11	1	3757	1	3769	0.0	6981
6_374	1_430	24.715	263	143	12	346	572	496	739	8.67e-06	46.2
6_375	1_60	99.567	231	1	0	1	231	1	231	4.50e-170	462
6_376	1_433	99.333	300	2	0	1	300	1	300	0.0	602
6_376	1_5	32.331	266	149	14	25	283	23	264	7.01e-24	93.6
6_376	1_282	33.088	136	64	8	16	150	4	113	8.93e-06	40.8
6_377	1_434	98.621	145	2	0	1	145	1	145	7.34e-104	288
6_378	1_58	99.481	385	2	0	1	385	1	385	0.0	765
6_378	1_129	32.877	219	139	5	160	377	106	317	2.15e-21	88.6
6_378	1_457	24.000	225	145	7	175	384	151	364	4.96e-04	36.2
6_379	1_450	99.754	407	1	0	1	407	2	408	0.0	810
6_380	1_334	99.462	186	1	0	1	186	1	186	1.83e-136	374
6_380	1_96	26.772	127	68	4	46	151	81	203	2.20e-04	35.4
6_381	1_560	80.000	180	3	1	34	180	1	180	8.81e-97	273
6_382	1_335	98.976	293	3	0	1	293	1	293	0.0	580
6_382	1_247	29.530	149	90	6	9	152	5	143	1.45e-09	52.8
6_382	1_247	35.593	59	38	0	9	67	173	231	2.76e-06	42.7
6_382	1_128	37.705	61	35	1	5	65	218	275	4.29e-05	38.9
6_382	1_242	39.344	61	33	3	10	69	19	76	2.43e-04	35.8
6_382	1_518	29.524	105	66	3	9	110	113	212	4.28e-04	35.4
6_383	1_108	99.600	250	1	0	1	250	1	250	0.0	509
6_383	1_14	27.451	204	135	5	3	203	121	314	1.40e-15	69.7
6_384	1_109	99.789	473	1	0	1	473	1	473	0.0	926
6_385	1_279	98.456	259	4	0	1	259	1	259	0.0	514
6_386	1_452	98.844	173	2	0	1	173	1	173	4.86e-124	341
6_387	1_121	99.387	163	1	0	1	163	1	163	8.81e-116	320
6_388	1_453	99.434	883	5	0	1	883	1	883	0.0	1776
6_389	1_126	99.718	709	2	0	1	709	1	709	0.0	1422
6_390	1_127	99.591	489	2	0	1	489	1	489	0.0	981
6_390	1_257	27.500	160	109	3	145	300	110	266	6.30e-12	62.0
6_390	1_257	46.809	47	22	1	439	482	489	535	5.80e-08	49.3
6_390	1_481	22.961	466	289	19	51	483	14	442	2.43e-10	57.0
6_391	1_266	99.549	443	2	0	1	443	1	443	0.0	887
6_391	1_412	37.349	249	138	4	204	437	530	775	5.21e-43	156
6_391	1_412	40.206	97	54	2	61	156	22	115	2.27e-13	66.6
6_391	1_205	45.082	122	66	1	273	394	269	389	1.46e-28	112
6_391	1_205	36.111	108	52	4	59	156	139	239	4.54e-12	62.0
6_391	1_233	27.041	392	247	11	43	417	10	379	7.50e-24	97.8
6_391	1_59	37.500	136	83	1	252	385	131	266	1.95e-23	95.5
6_391	1_59	29.630	135	70	5	32	157	7	125	6.11e-09	52.0
6_391	1_294	38.298	94	57	1	274	366	501	594	5.44e-17	77.8
6_391	1_294	30.469	128	74	3	38	165	33	145	9.39e-11	58.2
6_391	1_290	34.711	121	77	2	251	371	126	244	5.19e-16	72.4
6_391	1_33	36.719	128	73	3	261	386	139	260	2.02e-15	71.2
6_391	1_490	33.333	90	60	0	282	371	194	283	8.48e-15	70.1
6_391	1_286	42.857	84	47	1	276	359	194	276	1.08e-14	69.3
6_391	1_286	32.407	108	68	2	42	147	59	163	2.83e-07	46.6
6_391	1_177	32.353	102	68	1	278	379	133	233	3.67e-12	60.5
6_391	1_177	31.915	47	32	0	63	109	22	68	8.17e-04	35.4
6_391	1_262	32.500	120	77	3	244	363	104	219	3.79e-12	61.2
6_391	1_409	36.634	101	54	3	264	360	129	223	7.49e-11	58.2
6_391	1_409	35.443	79	50	1	281	359	412	489	3.80e-07	46.6
6_391	1_409	41.071	56	29	1	43	98	6	57	2.72e-06	43.9
6_391	1_322	32.692	104	64	3	267	367	115	215	4.05e-08	49.7
6_391	1_442	25.191	131	91	3	223	351	72	197	7.28e-08	48.9
6_391	1_489	29.600	125	78	5	267	390	115	230	2.47e-07	47.4
6_391	1_72	25.954	131	94	2	229	359	357	484	1.10e-05	42.0
6_391	1_72	33.333	45	30	0	64	108	24	68	5.77e-04	36.6
6_391	1_447	38.983	59	33	1	281	339	467	522	4.47e-05	40.0
6_391	1_526	29.412	85	53	2	30	111	308	388	9.90e-05	38.9
6_391	1_331	27.132	129	76	4	23	138	302	425	2.34e-04	37.7
6_391	1_229	26.984	189	115	7	240	424	450	619	6.39e-04	36.6
6_391	1_265	34.783	46	30	0	62	107	16	61	6.80e-04	36.2
6_392	1_458	99.361	2033	13	0	1	2033	1	2033	0.0	4068
6_393	1_555	97.694	477	11	0	1	477	4	480	0.0	946
6_393	1_503	91.071	112	10	0	359	470	1	112	5.43e-71	216
6_394	1_471	99.479	384	2	0	1	384	1	384	0.0	764
6_395	1_472	99.638	276	1	0	1	276	1	276	0.0	548
6_395	1_253	36.066	244	135	7	1	233	1	234	6.83e-32	114
6_396	1_342	99.204	377	3	0	1	377	1	377	0.0	755
6_397	1_68	99.317	293	2	0	1	293	1	293	0.0	576
6_397	1_583	32.500	80	43	2	74	146	6	81	9.69e-05	35.4
6_398	1_343	98.679	984	10	2	1	981	1	984	0.0	1950
6_398	1_404	22.531	719	355	27	188	785	796	1433	4.70e-17	80.9
6_399	1_344	99.850	666	1	0	1	666	1	666	0.0	1348
6_400	1_373	99.827	579	1	0	1	579	1	579	0.0	1177
6_401	1_270	99.694	327	1	0	1	327	1	327	0.0	659
6_402	1_271	99.593	246	1	0	1	246	1	246	7.65e-179	486
6_403	1_71	99.604	505	2	0	1	505	1	505	0.0	1026
6_404	1_210	99.649	285	1	0	1	285	1	285	0.0	555
6_405	1_475	98.485	462	7	0	1	462	1	462	0.0	916
6_406	1_272	99.758	826	2	0	1	826	1	826	0.0	1674
6_406	1_339	28.413	630	325	21	29	613	34	582	6.12e-49	177
6_407	1_477	99.022	818	5	1	1	815	1	818	0.0	1664
6_407	1_448	28.571	616	326	23	249	802	246	809	1.05e-44	167
6_408	1_101	99.853	679	1	0	1	679	2	680	0.0	1343
6_408	1_331	27.719	285	184	6	357	633	225	495	3.31e-14	70.1
6_408	1_437	32.184	174	95	8	494	659	352	510	1.11e-10	58.9
6_408	1_322	31.285	179	100	8	499	669	32	195	5.37e-10	56.6
6_408	1_177	29.630	189	109	7	500	678	38	212	6.78e-10	54.7
6_408	1_447	31.138	167	94	7	501	659	369	522	6.85e-10	56.2
6_408	1_562	30.496	141	90	3	501	639	21	155	1.89e-09	52.4
6_408	1_526	28.042	189	107	7	462	637	317	489	7.20e-09	53.1
6_408	1_286	29.167	168	103	8	501	659	97	257	4.06e-08	50.1
6_408	1_442	24.479	192	131	5	490	677	23	204	2.09e-07	48.5
6_408	1_262	26.540	211	118	10	463	660	11	197	3.84e-07	46.6
6_408	1_409	22.353	170	119	4	499	659	37	202	4.74e-05	40.8
6_408	1_489	24.510	204	131	6	468	669	13	195	1.01e-04	39.7
6_408	1_290	28.814	177	108	5	497	659	40	212	3.52e-04	37.4
6_408	1_490	45.588	68	27	4	465	524	4	69	5.30e-04	37.4
6_408	1_265	25.126	199	105	10	499	666	32	217	5.65e-04	37.4
6_409	1_37	99.257	269	2	0	1	269	1	269	0.0	534
6_409	1_380	25.352	284	151	12	4	258	3	254	6.78e-07	44.3
6_409	1_455	23.704	270	160	9	1	246	1	248	4.44e-06	41.6
6_409	1_216	32.203	59	40	0	188	246	183	241	1.11e-04	37.4
6_409	1_421	32.877	73	43	1	180	246	186	258	1.64e-04	37.0
6_410	1_469	99.583	719	3	0	1	719	1	719	0.0	1423
6_411	1_34	99.558	226	1	0	1	226	1	226	1.50e-170	463
6_412	1_467	99.804	1019	2	0	1	1019	1	1019	0.0	2024
6_412	1_522	28.923	1096	646	31	17	1018	13	1069	1.59e-109	360
6_412	1_440	31.855	248	152	8	13	248	10	252	1.91e-23	101
6_412	1_440	25.105	239	142	9	512	733	740	958	3.06e-04	38.9
6_412	1_523	26.923	156	100	7	12	159	7	156	3.61e-07	48.5
6_413	1_466	99.311	871	6	0	1	871	1	871	0.0	1702
6_414	1_356	98.913	184	2	0	1	184	1	184	6.16e-134	367
6_415	1_260	99.624	266	1	0	1	266	1	266	0.0	525
6_415	1_92	37.143	105	61	3	22	121	37	141	3.86e-14	65.5
6_416	1_28	99.435	177	1	0	1	177	1	177	2.86e-129	355
6_417	1_257	99.647	567	2	0	1	567	1	567	0.0	1142
6_417	1_481	28.455	246	156	9	14	247	18	255	8.03e-13	65.1
6_417	1_481	46.154	39	21	0	503	541	409	447	1.49e-05	42.0
6_417	1_127	27.338	139	98	2	110	245	145	283	2.83e-10	57.0
6_417	1_127	46.809	47	22	1	489	535	439	482	4.39e-08	50.1
6_418	1_352	99.766	428	1	0	1	428	1	428	0.0	853
6_419	1_351	99.769	865	2	0	1	865	1	865	0.0	1714
6_420	1_350	98.936	188	2	0	1	188	1	188	6.52e-138	377
6_421	1_374	99.510	408	2	0	1	408	1	408	0.0	822
6_422	1_464	98.949	666	7	0	1	666	1	666	0.0	1332
6_422	1_449	64.198	81	29	0	232	312	218	298	1.36e-25	106
6_423	1_463	99.167	240	2	0	1	240	1	240	0.0	500
6_424	1_462	99.222	514	4	0	1	514	1	514	0.0	1033
6_424	1_138	25.828	151	101	3	2	141	50	200	2.24e-09	54.3
6_424	1_138	34.426	61	35	2	294	349	574	634	2.69e-05	41.2
6_424	1_325	34.444	90	58	1	3	91	29	118	2.87e-08	50.8
6_424	1_325	33.000	100	59	3	264	355	513	612	1.02e-07	48.9
6_424	1_320	23.560	191	114	4	3	161	32	222	3.36e-07	47.4
6_424	1_320	21.053	304	175	13	128	396	321	594	5.76e-04	37.0
6_425	1_461	99.574	469	2	0	1	469	1	469	0.0	932
6_426	1_345	97.938	194	4	0	1	194	1	194	6.79e-139	380
6_427	1_576	97.901	810	17	0	1	810	3	812	0.0	1595
6_427	1_443	45.476	840	389	18	1	808	1	803	0.0	642
6_427	1_492	32.811	829	458	24	1	780	1	779	7.22e-103	331
6_427	1_495	70.000	60	18	0	8	67	3	62	2.74e-23	89.0
6_428	1_275	99.786	467	1	0	1	467	1	467	0.0	952
6_429	1_359	99.723	361	1	0	1	361	1	361	0.0	733
6_430	1_95	99.683	315	1	0	1	315	1	315	0.0	625
6_430	1_425	22.266	256	179	5	61	309	58	300	1.37e-12	61.6
6_431	1_93	99.729	369	1	0	1	369	1	369	0.0	742
6_432	1_219	99.543	219	1	0	1	219	1	219	2.44e-159	434
6_433	1_479	99.074	216	2	0	1	216	1	216	2.15e-155	424
6_434	1_480	99.043	418	4	0	1	418	1	418	0.0	844
6_435	1_481	99.332	449	3	0	1	449	1	449	0.0	918
6_435	1_257	28.049	246	157	9	18	255	14	247	1.04e-12	64.3
6_435	1_257	46.154	39	21	0	409	447	503	541	1.11e-05	42.0
6_435	1_127	23.176	466	288	19	14	442	51	483	2.02e-09	53.9
6_436	1_360	99.368	475	3	0	1	475	1	475	0.0	917
6_437	1_361	99.043	627	6	0	1	627	1	627	0.0	1236
6_438	1_485	98.529	136	0	1	1	136	1	134	3.04e-92	258
6_439	1_321	99.423	520	3	0	1	520	1	520	0.0	1009
6_440	1_384	99.687	639	1	1	1	639	1	638	0.0	1243
6_441	1_320	99.514	823	4	0	1	823	1	823	0.0	1650
6_441	1_138	24.291	741	451	18	18	668	34	754	9.07e-49	180
6_441	1_325	22.781	338	192	11	393	679	398	717	6.26e-14	70.1
6_441	1_325	27.174	184	113	4	6	186	3	168	8.20e-09	53.5
6_441	1_462	24.084	191	113	4	32	222	3	161	1.16e-07	49.3
6_442	1_318	99.745	783	2	0	1	783	1	783	0.0	1560
6_443	1_215	99.107	112	1	0	1	112	1	112	3.32e-77	218
6_444	1_11	99.568	463	2	0	1	463	1	463	0.0	920
6_445	1_10	99.677	619	2	0	1	619	1	619	0.0	1245
6_446	1_436	41.231	325	179	6	7	326	7	324	3.25e-72	222
6_446	1_285	27.324	355	206	17	9	327	325	663	9.79e-14	66.6
6_447	1_7	99.700	333	1	0	1	333	1	333	0.0	662
6_447	1_150	34.375	192	115	3	125	314	101	283	3.45e-25	100
6_448	1_316	99.851	673	1	0	1	673	1	673	0.0	1348
6_448	1_230	22.437	517	375	10	6	512	10	510	1.68e-31	125
6_449	1_386	99.203	251	2	0	1	251	1	251	7.41e-180	489
6_450	1_387	99.813	534	1	0	1	534	1	534	0.0	1058
6_451	1_137	99.544	439	2	0	1	439	1	439	0.0	872
6_452	1_389	99.097	443	4	0	1	443	1	443	0.0	867
6_453	1_251	98.799	333	4	0	1	333	1	333	0.0	654
6_454	1_390	98.000	150	3	0	1	150	1	150	3.31e-103	287
6_454	1_406	38.158	76	46	1	67	142	26	100	1.76e-11	52.8
6_455	1_138	99.774	886	2	0	1	886	1	886	0.0	1800
6_455	1_320	24.069	698	428	16	34	711	18	633	1.24e-46	174
6_455	1_325	22.941	340	205	10	440	753	393	701	9.51e-15	72.8
6_455	1_325	23.563	174	120	3	27	199	8	169	7.00e-09	53.9
6_455	1_462	26.490	151	100	3	50	200	2	141	2.86e-09	54.7
6_455	1_462	34.426	61	35	2	574	634	294	349	4.59e-05	41.2
6_456	1_437	99.439	535	3	0	1	535	1	535	0.0	1035
6_456	1_331	32.227	512	321	10	31	526	35	536	1.25e-55	190
6_456	1_447	31.132	212	136	3	321	526	331	538	1.70e-30	119
6_456	1_526	31.202	391	220	16	155	521	155	520	1.22e-24	102
6_456	1_562	32.086	187	123	2	343	526	5	190	3.97e-16	71.6
6_456	1_262	32.353	204	117	11	327	514	2	200	7.96e-13	63.5
6_456	1_442	30.882	204	134	4	327	527	2	201	2.51e-11	60.5
6_456	1_101	32.184	174	95	8	352	510	495	660	9.69e-11	58.5
6_456	1_489	29.187	209	137	7	327	530	2	204	5.71e-09	53.1
6_456	1_322	29.167	216	137	9	327	534	2	209	3.51e-08	50.4
6_456	1_286	29.570	186	108	8	341	510	79	257	1.89e-07	47.4
6_456	1_265	35.185	54	35	0	335	388	10	63	9.18e-06	42.7
6_456	1_177	26.374	182	119	7	342	514	22	197	1.66e-05	40.8
6_456	1_233	32.787	61	41	0	327	387	11	71	4.95e-05	40.0
6_456	1_294	25.301	83	59	1	324	406	36	115	3.14e-04	37.7
6_456	1_72	25.532	188	118	5	346	517	27	208	6.64e-04	36.6
6_457	1_439	97.951	1220	20	2	1	1220	1	1215	0.0	2380
6_457	1_399	31.988	322	208	5	1	314	4	322	4.69e-43	165
6_457	1_399	27.273	286	166	8	726	1008	521	767	1.02e-16	80.1
6_457	1_399	38.542	96	56	3	472	566	357	450	1.48e-10	60.1
6_457	1_468	32.867	286	182	5	3	285	11	289	1.75e-34	137
6_457	1_468	31.724	290	137	11	743	1022	545	783	5.18e-23	100
6_457	1_468	32.231	121	72	5	477	594	361	474	1.90e-05	43.1
6_457	1_521	24.096	249	165	5	6	249	25	254	6.83e-14	70.9
6_457	1_524	26.556	241	150	8	1	234	1	221	4.80e-11	61.6
6_457	1_524	27.083	144	85	6	974	1108	851	983	2.48e-04	39.7
6_457	1_398	22.624	221	146	6	14	234	31	226	1.28e-04	40.4
6_458	1_440	97.791	1177	13	1	1	1177	1	1164	0.0	2302
6_458	1_522	32.576	264	156	5	7	261	5	255	3.56e-29	120
6_458	1_522	24.691	405	215	17	584	973	445	774	1.72e-13	69.7
6_458	1_467	32.258	248	151	8	10	252	13	248	1.63e-23	102
6_458	1_523	28.931	159	100	4	6	161	2	150	8.05e-11	60.8
6_458	1_365	22.680	388	252	14	7	383	2	352	2.86e-05	42.7
6_458	1_307	39.474	38	23	0	281	318	260	297	4.15e-04	38.9
6_459	1_441	99.395	496	3	0	1	496	1	496	0.0	966
6_459	1_525	28.000	400	244	15	122	489	180	567	3.31e-23	97.4
6_460	1_14	99.709	344	1	0	1	344	1	344	0.0	702
6_460	1_108	27.451	204	135	5	121	314	3	203	3.15e-15	69.3
6_461	1_442	99.741	772	2	0	1	772	1	772	0.0	1503
6_461	1_322	48.402	438	198	9	1	416	1	432	8.90e-108	338
6_461	1_322	45.736	129	70	0	644	772	518	646	9.08e-23	97.8
6_461	1_489	37.767	421	233	8	1	408	1	405	3.65e-73	248
6_461	1_286	29.442	197	127	5	16	202	79	273	5.75e-19	83.2
6_461	1_72	32.673	202	122	5	6	195	12	211	1.45e-15	74.7
6_461	1_409	25.592	211	143	5	1	198	6	215	1.25e-13	68.6
6_461	1_409	26.020	196	127	5	11	188	277	472	4.51e-10	57.0
6_461	1_33	25.000	208	129	5	17	198	23	229	1.35e-13	67.0
6_461	1_447	26.415	212	137	7	1	201	336	539	7.54e-12	62.8
6_461	1_290	27.451	204	119	8	18	198	28	225	8.89e-12	60.8
6_461	1_331	31.373	204	111	9	13	200	346	536	3.07e-11	60.8
6_461	1_437	30.882	204	134	4	2	201	327	527	4.69e-11	60.5
6_461	1_265	22.993	274	175	5	1	240	1	272	9.24e-11	59.3
6_461	1_265	24.645	211	138	8	1	201	319	518	8.14e-06	43.5
6_461	1_294	31.897	116	70	2	102	208	474	589	1.70e-09	55.5
6_461	1_294	32.673	101	60	2	2	97	39	136	2.76e-07	48.5
6_461	1_490	30.986	142	89	5	59	197	128	263	1.89e-09	54.7
6_461	1_490	52.778	36	17	0	21	56	27	62	5.27e-05	40.4
6_461	1_526	28.866	194	127	6	1	188	324	512	9.86e-09	52.8
6_461	1_233	32.394	142	92	3	107	245	211	351	1.61e-08	52.0
6_461	1_233	32.955	88	57	1	7	92	16	103	1.82e-08	51.6
6_461	1_262	23.618	199	141	6	13	202	16	212	9.10e-08	48.9
6_461	1_266	25.191	131	91	3	72	197	223	351	1.46e-07	48.9
6_461	1_101	24.479	192	131	5	23	204	491	678	3.04e-07	48.1
6_461	1_229	39.130	92	47	4	115	200	820	908	6.20e-07	47.4
6_461	1_229	28.571	147	88	6	64	193	416	562	1.42e-04	39.7
6_461	1_412	27.957	93	65	1	108	198	597	689	7.34e-07	47.0
6_461	1_177	27.174	184	109	7	19	188	24	196	2.15e-06	44.3
6_461	1_205	25.592	211	123	8	16	197	142	347	5.70e-06	43.9
6_461	1_562	27.684	177	117	5	16	185	3	175	1.51e-05	41.2
6_461	1_59	30.682	88	57	2	114	197	145	232	2.10e-04	38.5
6_462	1_322	99.846	650	1	0	1	650	1	650	0.0	1261
6_462	1_442	48.402	438	198	9	1	432	1	416	9.65e-108	338
6_462	1_442	39.344	183	105	1	470	646	590	772	8.61e-31	122
6_462	1_489	39.823	452	246	10	1	438	1	440	9.75e-90	290
6_462	1_489	29.348	184	126	2	467	646	587	770	3.34e-16	76.6
6_462	1_286	30.732	205	122	6	16	206	79	277	7.39e-20	85.5
6_462	1_447	29.717	212	130	8	1	201	336	539	3.18e-15	73.2
6_462	1_331	32.864	213	115	9	2	198	334	534	5.33e-15	72.4
6_462	1_33	28.169	213	128	6	18	205	24	236	2.37e-14	68.9
6_462	1_262	31.081	222	129	11	1	205	1	215	8.28e-14	66.6
6_462	1_409	25.688	218	140	7	15	212	20	235	1.53e-13	67.8
6_462	1_409	27.753	227	134	7	16	215	282	505	3.94e-13	66.6
6_462	1_72	29.524	210	134	5	10	205	12	221	5.48e-13	65.9
6_462	1_72	27.897	233	136	8	2	208	261	487	2.69e-09	54.3
6_462	1_265	25.641	234	141	6	1	205	1	230	2.33e-12	63.9
6_462	1_265	28.571	210	133	8	1	202	319	519	2.35e-09	54.7
6_462	1_294	34.066	91	58	1	119	207	498	588	1.57e-11	61.6
6_462	1_294	33.333	99	58	3	2	95	39	134	5.82e-07	47.0
6_462	1_177	28.814	236	143	8	4	222	8	235	5.67e-11	57.8
6_462	1_526	28.365	208	110	6	1	188	324	512	7.84e-11	59.3
6_462	1_101	31.285	179	100	8	32	195	500	670	5.42e-10	56.6
6_462	1_490	29.333	150	99	3	60	207	129	273	8.43e-10	55.5
6_462	1_490	43.636	55	31	0	2	56	8	62	1.23e-05	42.4
6_462	1_412	34.940	83	52	1	127	207	616	698	2.30e-09	54.7
6_462	1_290	26.407	231	131	10	14	214	24	245	4.76e-09	52.4
6_462	1_205	23.853	218	142	5	16	209	142	359	5.84e-09	53.1
6_462	1_233	39.535	86	46	3	126	207	229	312	1.03e-08	52.4
6_462	1_233	31.915	94	62	1	1	92	10	103	1.67e-08	51.6
6_462	1_266	32.692	104	64	3	115	215	267	367	2.72e-08	50.8
6_462	1_437	29.167	216	137	9	2	209	327	534	1.32e-07	48.9
6_462	1_562	29.677	155	98	4	16	163	3	153	4.30e-06	42.4
6_462	1_59	32.941	85	55	1	127	209	160	244	1.20e-05	42.4
6_462	1_229	36.905	84	44	4	121	198	826	906	1.31e-04	39.3
6_463	1_568	99.038	416	4	0	143	558	1	416	0.0	841
6_463	1_496	44.785	489	202	12	120	557	10	481	1.60e-111	336
6_463	1_501	42.022	445	197	15	6	411	7	429	1.36e-95	293
6_463	1_575	41.784	426	209	9	148	553	4	410	5.64e-84	263
6_463	1_228	98.291	117	2	0	1	117	1	117	5.46e-74	226
6_463	1_578	42.268	291	128	8	148	411	1	278	1.92e-56	186
6_463	1_502	37.152	323	146	13	171	439	1	320	4.11e-40	143
6_463	1_491	45.370	108	52	3	6	106	7	114	3.56e-20	81.6
6_464	1_443	94.919	807	36	3	1	806	1	803	0.0	1514
6_464	1_576	45.966	818	387	15	1	787	3	796	0.0	631
6_464	1_492	35.012	834	419	30	1	769	1	776	4.92e-106	339
6_464	1_495	68.293	41	13	0	45	85	22	62	1.97e-14	63.9
6_465	1_323	99.796	979	2	0	1	979	1	979	0.0	1928
6_466	1_444	99.698	662	2	0	1	662	1	662	0.0	1326
6_467	1_445	99.568	463	2	0	1	463	1	463	0.0	932
6_468	1_446	99.752	404	1	0	1	404	1	404	0.0	813
6_469	1_169	99.563	229	1	0	1	229	1	229	2.78e-168	458
6_469	1_358	29.252	147	97	3	82	226	111	252	1.18e-08	48.5
6_470	1_326	99.691	324	1	0	1	324	1	324	0.0	642
6_471	1_327	99.366	946	6	0	1	946	1	946	0.0	1854
6_472	1_173	99.598	249	1	0	1	249	1	249	0.0	498
6_473	1_330	98.797	582	7	0	1	582	1	582	0.0	1167
6_474	1_331	98.881	536	6	0	1	536	1	536	0.0	1010
6_474	1_437	31.641	512	324	9	35	536	31	526	5.56e-55	188
6_474	1_447	38.914	221	127	7	320	536	322	538	5.87e-30	118
6_474	1_526	35.407	209	123	6	328	531	319	520	1.14e-23	99.0
6_474	1_562	37.500	192	112	3	349	536	3	190	4.02e-16	71.6
6_474	1_322	32.558	215	117	9	334	536	2	200	2.58e-15	73.2
6_474	1_262	30.189	212	132	8	334	534	2	208	4.46e-14	67.4
6_474	1_101	31.551	187	110	5	319	495	456	634	4.73e-14	69.3
6_474	1_442	31.373	204	111	9	346	536	13	200	2.43e-11	60.8
6_474	1_286	31.527	203	114	11	349	536	79	271	2.43e-08	50.1
6_474	1_265	44.898	49	27	0	346	394	13	61	9.06e-08	48.9
6_474	1_489	28.505	214	123	10	334	534	2	198	6.58e-07	46.6
6_474	1_177	27.273	209	130	9	336	533	8	205	2.85e-06	43.1
6_474	1_72	26.136	176	110	6	363	524	36	205	1.74e-05	41.6
6_474	1_294	33.333	66	43	1	331	396	36	100	2.59e-05	41.2
6_474	1_412	36.508	63	34	2	364	424	38	96	7.75e-05	39.7
6_474	1_490	38.000	100	46	5	327	415	1	95	1.51e-04	38.5
6_474	1_266	27.132	129	76	4	302	425	23	138	6.29e-04	36.6
6_474	1_33	22.527	182	118	4	364	522	37	218	7.80e-04	36.2
6_474	1_409	26.230	183	118	8	365	534	37	215	0.001	36.2
6_475	1_448	99.758	828	2	0	1	828	1	828	0.0	1677
6_475	1_477	28.734	616	325	23	246	809	252	805	2.71e-45	169
6_476	1_449	98.947	760	8	0	1	760	19	778	0.0	1528
6_476	1_478	29.940	334	205	9	309	640	224	530	2.72e-33	131
6_476	1_478	54.545	77	20	3	1	64	19	93	9.06e-13	65.9
6_476	1_567	28.097	331	197	11	310	628	266	567	3.77e-27	112
6_476	1_464	61.728	81	31	0	200	280	232	312	1.83e-24	103
6_477	1_486	99.536	647	3	0	1	647	1	647	0.0	1273
6_478	1_380	99.329	447	3	0	1	447	1	447	0.0	881
6_478	1_216	31.878	229	138	9	1	221	1	219	8.05e-17	75.1
6_478	1_37	27.675	271	161	14	3	254	4	258	2.85e-08	49.3
6_478	1_421	22.305	269	160	7	8	246	12	261	4.17e-06	42.7
6_479	1_362	98.925	186	2	0	1	186	1	186	9.67e-139	379
6_480	1_487	99.455	367	2	0	1	367	1	367	0.0	744
6_480	1_143	35.433	127	57	2	6	132	160	261	9.77e-15	69.7
6_481	1_63	99.631	271	1	0	1	271	1	271	0.0	550
6_482	1_488	99.931	1458	1	0	1	1458	5	1462	0.0	2879
6_483	1_292	98.706	309	4	0	1	309	1	309	0.0	590
6_484	1_500	99.608	510	2	0	1	510	1	510	0.0	1042
6_485	1_289	99.598	249	1	0	1	249	1	249	5.89e-178	484
6_486	1_195	99.618	524	2	0	1	524	1	524	0.0	1011
6_486	1_305	24.573	293	191	10	4	273	9	294	1.79e-13	67.0
6_487	1_521	99.429	876	5	0	1	876	34	909	0.0	1739
6_487	1_439	25.714	245	153	5	1	221	10	249	7.16e-15	73.6
6_487	1_399	24.936	393	233	13	7	361	26	394	1.05e-13	69.7
6_487	1_468	26.667	240	154	8	1	220	18	255	1.38e-09	56.2
6_487	1_524	27.426	237	147	7	3	224	13	239	7.25e-09	53.9
6_487	1_398	25.835	569	339	24	30	560	62	585	1.43e-08	52.8
6_488	1_293	98.742	159	2	0	1	159	1	159	2.19e-116	321
6_488	1_206	32.500	120	78	2	22	140	15	132	1.07e-10	51.6
6_488	1_130	25.714	105	72	3	10	112	3	103	2.75e-05	37.0
6_489	1_364	99.516	620	3	0	1	620	1	620	0.0	1242
6_490	1_490	98.964	386	4	0	1	386	1	386	0.0	753
6_490	1_233	32.059	340	185	10	5	304	8	341	6.93e-38	136
6_490	1_294	40.146	137	82	0	166	302	481	617	1.88e-31	120
6_490	1_294	30.088	113	70	2	7	110	38	150	2.89e-11	59.3
6_490	1_412	37.363	91	57	0	194	284	619	709	1.48e-15	72.8
6_490	1_266	33.333	90	60	0	194	283	282	371	7.59e-15	70.1
6_490	1_290	25.357	280	164	5	6	283	8	244	3.18e-14	66.6
6_490	1_286	24.779	226	119	3	27	252	84	258	1.21e-13	65.5
6_490	1_177	32.143	140	84	3	143	279	90	221	8.51e-12	59.3
6_490	1_205	23.404	141	104	2	164	303	251	388	1.47e-11	60.1
6_490	1_33	25.600	250	143	8	27	272	27	237	1.61e-11	59.3
6_490	1_262	28.571	126	85	2	171	292	112	236	6.14e-11	57.0
6_490	1_59	27.778	126	87	2	176	297	142	267	1.13e-10	57.0
6_490	1_409	23.420	269	153	9	30	296	29	246	2.82e-10	56.2
6_490	1_409	32.609	92	57	2	184	271	399	489	7.69e-07	45.4
6_490	1_442	30.986	142	89	5	128	263	59	197	1.01e-09	54.7
6_490	1_442	52.778	36	17	0	27	62	21	56	2.61e-05	40.4
6_490	1_322	29.333	150	99	3	129	273	60	207	1.18e-09	54.3
6_490	1_322	43.636	55	31	0	8	62	2	56	6.57e-06	42.4
6_490	1_489	34.483	87	53	2	183	268	119	202	1.01e-08	51.6
6_490	1_489	31.579	95	58	3	8	95	2	96	8.88e-04	35.8
6_490	1_72	28.788	132	85	4	146	271	356	484	8.04e-08	48.5
6_490	1_447	29.412	85	52	2	172	251	441	522	3.02e-06	43.5
6_490	1_101	27.706	231	100	13	4	226	466	637	1.13e-05	41.6
6_490	1_331	38.000	100	46	5	1	95	327	415	8.90e-05	38.9
6_490	1_265	27.174	92	64	1	188	276	443	534	2.38e-04	37.4
6_490	1_526	50.000	46	23	0	8	53	325	370	4.33e-04	36.6
6_491	1_559	99.676	309	1	0	2	310	2	310	0.0	620
6_491	1_373	28.571	126	73	4	71	190	437	551	6.86e-04	35.4
6_492	1_492	94.691	810	43	0	1	810	1	810	0.0	1511
6_492	1_443	35.472	826	426	30	1	776	1	769	2.09e-106	340
6_492	1_576	33.533	835	444	29	1	779	3	782	1.66e-97	317
6_492	1_495	49.091	55	21	2	26	73	21	75	2.24e-07	43.9
6_493	1_77	99.787	1411	3	0	1	1411	1	1411	0.0	2882
6_494	1_494	99.671	1217	4	0	1	1217	1	1217	0.0	2485
6_495	1_497	98.385	743	5	1	1	736	1	743	0.0	1452
6_495	1_224	26.393	754	439	25	6	720	16	692	1.89e-45	168
6_496	1_382	99.379	322	2	0	1	322	1	322	0.0	647
6_497	1_294	99.862	725	1	0	1	725	1	725	0.0	1468
6_497	1_233	38.624	189	111	4	481	667	205	390	6.35e-35	133
6_497	1_233	47.423	97	51	0	39	135	11	107	1.18e-22	96.3
6_497	1_490	40.146	137	82	0	481	617	166	302	3.16e-31	120
6_497	1_490	30.088	113	70	2	38	150	7	110	3.09e-11	60.1
6_497	1_412	25.735	136	99	2	481	614	590	725	2.63e-17	80.5
6_497	1_412	28.049	164	100	5	42	204	12	158	7.43e-07	47.0
6_497	1_266	38.298	94	57	1	501	594	274	366	9.23e-17	77.8
6_497	1_266	29.688	128	75	3	33	145	38	165	7.12e-10	56.2
6_497	1_205	32.432	111	74	1	505	614	274	384	1.74e-14	70.9
6_497	1_262	31.776	107	72	1	486	592	116	221	8.71e-13	63.9
6_497	1_262	31.915	94	55	3	50	137	16	106	1.03e-05	42.4
6_497	1_33	25.806	155	88	3	501	655	152	279	2.45e-12	62.8
6_497	1_33	30.952	84	39	3	53	117	22	105	1.22e-05	42.4
6_497	1_177	32.292	96	63	2	500	594	127	221	5.31e-11	58.2
6_497	1_409	34.409	93	54	2	498	587	402	490	2.16e-10	58.2
6_497	1_409	29.213	89	58	2	500	584	133	220	1.26e-07	49.3
6_497	1_409	29.348	92	54	4	48	131	16	104	1.18e-06	45.8
6_497	1_322	32.967	91	59	1	498	588	119	207	1.16e-09	55.8
6_497	1_322	33.333	99	58	3	39	134	2	95	5.91e-07	47.0
6_497	1_442	31.897	116	70	2	474	589	102	208	1.61e-09	55.5
6_497	1_442	30.233	129	77	3	39	164	2	120	2.57e-07	48.5
6_497	1_286	34.146	82	53	1	503	584	194	274	2.28e-09	53.9
6_497	1_286	31.707	82	46	2	58	131	84	163	2.09e-07	47.8
6_497	1_59	29.358	109	76	1	505	612	159	267	1.01e-08	52.0
6_497	1_59	25.899	139	83	6	30	151	4	139	4.41e-04	37.4
6_497	1_290	33.766	77	51	0	508	584	154	230	1.35e-08	51.2
6_497	1_489	30.357	112	75	2	39	149	2	111	3.33e-08	51.2
6_497	1_489	31.081	74	49	1	508	581	129	200	1.68e-05	42.4
6_497	1_72	30.476	105	70	1	38	139	7	111	5.16e-08	50.4
6_497	1_72	25.974	77	56	1	508	584	407	482	6.83e-04	37.0
6_497	1_526	34.247	73	48	0	36	108	322	394	5.07e-07	47.4
6_497	1_526	28.788	132	78	6	448	572	393	515	6.16e-05	40.4
6_497	1_265	35.088	57	37	0	39	95	2	58	9.22e-07	46.2
6_497	1_265	23.810	84	60	1	504	587	152	231	4.50e-05	40.8
6_497	1_447	27.778	90	61	2	493	581	452	538	1.36e-06	45.8
6_497	1_562	38.298	47	29	0	493	539	104	150	1.18e-05	41.2
6_497	1_331	33.333	66	43	1	36	100	331	396	2.63e-05	41.6
6_497	1_437	25.301	83	59	1	36	115	324	406	2.68e-04	38.5
6_498	1_499	98.387	62	1	0	1	62	2	63	1.91e-41	124
6_499	1_365	99.678	931	3	0	1	931	1	931	0.0	1837
6_499	1_522	27.523	218	124	7	9	225	17	201	2.66e-08	52.0
6_499	1_440	22.879	389	252	14	2	353	7	384	3.94e-06	45.1
6_499	1_523	30.864	162	92	7	60	208	55	209	1.72e-05	43.1
6_500	1_196	99.688	321	1	0	1	321	1	321	0.0	640
6_500	1_544	22.892	249	168	11	57	298	29	260	2.73e-05	39.7
6_501	1_575	97.349	415	11	0	1	415	2	416	0.0	811
6_501	1_496	43.973	448	210	7	3	413	38	481	9.79e-114	337
6_501	1_568	40.972	432	212	10	3	413	6	415	2.21e-84	259
6_501	1_502	39.441	322	146	9	26	300	1	320	6.96e-50	167
6_501	1_501	38.387	310	124	12	1	272	149	429	7.32e-47	161
6_501	1_578	36.789	299	139	8	3	272	1	278	2.50e-42	145
6_502	1_511	100.000	55	0	0	1	55	1	55	5.53e-35	107
6_503	1_512	100.000	288	0	0	1	288	1	288	0.0	563
6_504	1_518	99.620	263	1	0	1	263	1	263	0.0	511
6_504	1_247	33.846	65	33	4	113	171	5	65	1.70e-04	37.0
6_504	1_143	35.000	60	27	2	113	164	159	214	3.33e-04	35.8
6_504	1_335	29.524	105	66	3	113	212	9	110	0.001	34.3
6_505	1_517	99.031	413	4	0	1	413	1	413	0.0	790
6_506	1_516	99.127	229	2	0	1	229	1	229	2.37e-166	453
6_507	1_370	92.157	51	4	0	1	51	1	51	1.12e-30	96.3
6_508	1_523	95.887	1386	32	5	1	1385	1	1362	0.0	2640
6_508	1_522	29.677	155	101	3	10	162	13	161	8.28e-13	67.8
6_508	1_440	29.560	159	99	4	2	150	6	161	5.71e-11	61.6
6_508	1_467	26.923	156	100	7	7	156	12	159	5.23e-07	48.5
6_508	1_365	30.864	162	92	7	55	209	60	208	2.86e-05	42.7
6_508	1_427	35.354	99	52	6	480	568	134	230	2.37e-04	39.3
6_509	1_524	98.684	1824	22	2	1	1822	1	1824	0.0	3620
6_509	1_399	24.774	553	307	20	4	509	6	496	1.81e-14	73.6
6_509	1_439	26.556	241	150	8	1	221	1	234	6.81e-11	62.0
6_509	1_439	22.222	639	397	25	403	982	506	1103	9.85e-06	45.1
6_509	1_468	21.891	804	468	31	2	760	11	699	6.65e-09	55.1
6_509	1_521	27.160	243	152	7	7	239	30	257	5.43e-08	52.4
6_509	1_398	22.394	259	169	8	197	453	202	430	2.93e-04	40.0
6_510	1_525	97.770	583	5	1	1	583	1	575	0.0	1115
6_510	1_441	27.750	400	245	15	188	575	122	489	2.17e-22	95.1
6_511	1_528	96.949	590	17	1	1	589	1	590	0.0	1136
6_512	1_549	95.122	41	2	0	30	70	1	41	1.12e-24	81.6
6_513	1_92	99.296	284	2	0	1	284	1	284	0.0	570
6_513	1_260	37.143	105	61	3	37	141	22	121	3.71e-14	65.5
6_514	1_513	100.000	753	0	0	1	753	1	753	0.0	1525
6_515	1_529	98.493	730	11	0	1	730	1	730	0.0	1471
6_516	1_526	99.437	533	3	0	1	533	1	533	0.0	1032
6_516	1_447	29.367	521	346	9	16	520	19	533	8.20e-50	174
6_516	1_437	29.367	521	308	22	20	513	27	514	9.51e-25	102
6_516	1_331	35.437	206	127	5	319	520	328	531	1.28e-23	99.0
6_516	1_562	36.567	134	83	2	357	489	21	153	4.60e-17	74.3
6_516	1_262	32.057	209	122	8	324	517	1	204	3.05e-14	67.8
6_516	1_409	30.455	220	112	7	320	513	2	206	4.32e-11	59.7
6_516	1_322	28.365	208	110	6	324	512	1	188	5.04e-11	59.7
6_516	1_265	28.877	187	109	5	324	486	1	187	7.56e-11	58.9
6_516	1_489	27.570	214	128	8	324	525	1	199	2.05e-09	54.7
6_516	1_101	28.571	189	106	7	317	489	463	638	2.08e-09	54.3
6_516	1_177	28.125	192	104	6	340	513	22	197	7.16e-09	51.2
6_516	1_442	28.351	194	128	6	324	512	1	188	9.45e-09	52.4
6_516	1_286	25.683	183	122	4	339	510	79	258	1.57e-07	47.8
6_516	1_233	36.232	69	44	0	324	392	10	78	2.32e-07	47.4
6_516	1_233	33.645	107	54	3	419	514	193	293	8.09e-06	42.7
6_516	1_294	34.247	73	48	0	322	394	36	108	4.82e-07	47.0
6_516	1_294	29.545	132	77	7	393	515	448	572	4.60e-05	40.4
6_516	1_266	29.412	85	53	2	308	388	30	111	1.95e-04	38.1
6_516	1_59	26.667	210	115	10	339	519	29	228	5.53e-04	36.6
6_516	1_490	50.000	46	23	0	325	370	8	53	6.88e-04	36.6
6_516	1_72	43.182	44	25	0	343	386	26	69	7.14e-04	36.6
6_516	1_412	37.313	67	38	2	449	511	612	678	8.87e-04	36.2
6_517	1_527	99.485	582	3	0	1	582	1	582	0.0	1154
6_517	1_407	35.516	397	209	11	37	417	60	425	4.04e-55	196
6_517	1_566	30.402	398	206	11	37	409	23	374	4.52e-40	150
6_518	1_514	100.000	396	0	0	1	396	1	396	0.0	807
6_519	1_577	98.718	156	2	0	50	205	1	156	1.30e-105	308
6_519	1_531	56.250	176	67	3	28	199	1	170	7.10e-55	177
6_519	1_428	30.151	199	109	8	17	206	18	195	2.69e-12	59.7
6_519	1_429	39.655	58	33	2	143	199	237	293	4.57e-06	41.2
6_519	1_551	42.857	42	23	1	144	185	238	278	7.11e-04	34.3
6_520	1_531	93.503	431	22	1	1	431	85	509	0.0	808
6_520	1_577	68.182	440	129	5	1	431	59	496	0.0	580
6_520	1_429	40.625	416	205	12	36	429	237	632	2.38e-79	253
6_520	1_428	38.753	449	221	17	1	429	98	512	7.48e-76	241
6_520	1_551	36.476	403	226	10	37	430	238	619	3.95e-61	204
6_520	1_22	31.278	454	262	10	9	429	97	533	2.77e-52	179
6_521	1_530	99.806	516	1	0	1	516	1	516	0.0	1030
6_522	1_501	68.023	344	105	3	1	340	87	429	2.60e-165	469
6_522	1_575	55.531	452	134	10	60	482	1	414	1.67e-137	397
6_522	1_578	61.151	278	108	0	63	340	1	278	3.81e-118	343
6_522	1_496	41.200	500	208	17	39	482	12	481	1.27e-97	298
6_522	1_568	43.056	432	204	11	63	478	6	411	1.21e-93	285
6_522	1_502	36.364	330	154	10	86	369	1	320	1.15e-42	149
6_522	1_491	100.000	30	0	0	1	30	87	116	3.26e-13	61.2
6_523	1_554	99.197	249	2	0	29	277	1	249	8.73e-180	490
6_524	1_543	100.000	86	0	0	1	86	1	86	1.33e-59	171
6_525	1_558	99.490	392	1	1	1	392	1	391	0.0	783
6_526	1_544	100.000	278	0	0	1	278	1	278	0.0	536
6_526	1_196	24.364	275	181	13	5	260	32	298	1.77e-09	52.0
6_527	1_547	100.000	40	0	0	1	40	1	40	7.83e-22	73.2
6_528	1_548	99.831	591	1	0	1	591	1	591	0.0	1168
6_529	1_551	97.600	625	4	3	1	617	1	622	0.0	1202
6_529	1_429	43.619	431	224	5	201	614	205	633	5.08e-109	337
6_529	1_428	39.588	485	271	7	137	614	44	513	3.81e-108	331
6_529	1_531	36.480	392	224	9	241	614	124	508	5.15e-60	203
6_529	1_577	32.614	417	230	12	233	614	95	495	9.53e-52	181
6_529	1_22	30.024	423	248	9	232	613	118	533	8.58e-47	168
6_530	1_546	99.677	620	2	0	1	620	1	620	0.0	1246
6_532	1_540	99.018	509	5	0	1	509	68	576	0.0	984
6_532	1_489	31.429	140	84	5	19	154	302	433	1.47e-07	48.5
6_533	1_46	99.555	449	2	0	1	449	1	449	0.0	902
6_534	1_515	99.275	138	1	0	319	456	1	138	4.08e-92	270
6_534	1_236	100.000	108	0	0	1	108	1	108	1.21e-73	223
6_535	1_542	99.454	183	1	0	1	183	1	183	3.38e-125	345
6_536	1_557	98.561	139	2	0	15	153	4	142	8.80e-98	273
6_536	1_410	32.653	147	96	2	2	146	155	300	6.46e-21	82.8
6_537	1_478	99.081	653	6	0	1	653	19	671	0.0	1303
6_537	1_567	38.333	660	340	20	11	628	74	708	6.17e-125	382
6_537	1_449	30.539	334	203	9	206	512	327	658	1.66e-34	134
6_538	1_354	98.896	634	7	0	1	634	63	696	0.0	1248
6_539	1_25	99.655	290	1	0	1	290	1	290	0.0	562
6_540	1_550	99.351	154	1	0	1	154	1	154	2.77e-107	297
6_541	1_520	87.500	120	13	1	3	122	1	118	6.85e-65	205
6_541	1_332	92.105	38	3	0	98	135	424	461	7.61e-17	70.5
6_542	1_545	99.676	309	1	0	6	314	1	309	0.0	586
6_542	1_498	21.364	220	158	6	105	309	2	221	3.30e-05	38.9
6_543	1_493	99.580	238	1	0	1	238	1	238	9.24e-167	470
6_544	1_21	99.422	173	1	0	1	173	1	173	3.19e-126	347
6_545	1_358	99.203	251	2	0	1	251	2	252	0.0	493
6_545	1_169	29.932	147	96	3	110	251	82	226	6.98e-09	49.3
6_546	1_392	100.000	125	0	0	1	125	1	125	2.71e-87	265
6_546	1_235	57.143	119	51	0	6	124	50	168	1.60e-45	151
6_547	1_565	98.971	486	5	0	1	486	1	486	0.0	958
6_548	1_307	99.153	945	8	0	1	945	21	965	0.0	1854
6_548	1_440	23.247	271	155	11	45	277	63	318	4.59e-08	51.6
6_548	1_522	26.286	175	110	5	4	171	12	174	1.75e-04	39.7
6_549	1_566	99.145	936	8	0	1	936	1	936	0.0	1805
6_549	1_407	30.460	870	556	19	8	858	45	884	7.54e-91	312
6_549	1_527	30.151	398	207	11	23	374	37	409	1.03e-39	150
6_550	1_567	99.278	693	2	1	1	693	53	742	0.0	1378
6_550	1_478	37.977	682	336	21	17	659	13	646	2.98e-123	377
6_550	1_449	28.399	331	196	11	217	518	328	646	1.48e-27	113
6_551	1_569	99.608	255	1	0	1	255	1	255	2.62e-179	488
6_552	1_572	98.253	229	4	0	111	339	4	232	7.69e-168	461
6_552	1_573	99.107	112	1	0	1	112	1	112	1.19e-74	221
6_552	1_410	30.576	278	189	4	62	339	336	609	1.55e-39	142
6_552	1_192	25.949	158	98	6	56	203	150	298	4.40e-04	35.8
6_552	1_161	23.651	241	164	9	62	286	160	396	5.73e-04	35.8
6_553	1_564	99.894	945	1	0	1	945	27	971	0.0	1894
6_554	1_392	99.171	724	6	0	1	724	127	850	0.0	1415
6_554	1_235	30.952	588	378	12	1	572	171	746	7.03e-73	248
6_554	1_235	25.191	131	87	5	456	579	727	853	3.76e-04	38.1
6_555	1_223	98.718	78	1	0	13	90	1	78	1.31e-51	151
6_556	1_541	99.639	277	1	0	1	277	1	277	0.0	542
6_557	1_563	99.735	378	1	0	1	378	1	378	0.0	731
6_558	1_577	100.000	343	0	0	18	360	154	496	0.0	697
6_558	1_531	65.497	342	109	4	21	360	175	509	1.92e-153	437
6_558	1_429	35.635	362	182	7	23	360	300	634	8.78e-61	201
6_558	1_428	34.104	346	185	7	28	360	199	514	1.34e-55	185
6_558	1_22	31.989	372	210	8	14	358	178	533	5.63e-46	160
6_558	1_551	33.429	350	190	9	23	359	300	619	3.47e-44	155
6_559	1_493	99.513	411	2	0	1	411	249	659	0.0	833
6_560	1_501	98.403	313	5	0	12	324	117	429	0.0	638
6_560	1_578	72.857	280	73	2	46	324	1	278	4.47e-148	419
6_560	1_568	42.597	439	197	12	46	462	6	411	4.33e-89	273
6_560	1_575	81.287	171	31	1	296	466	245	414	7.48e-84	259
6_560	1_496	53.631	179	73	5	296	467	307	482	2.24e-48	167
6_560	1_496	61.538	130	45	2	22	149	12	138	4.49e-45	159
6_560	1_502	68.000	75	21	2	69	143	1	72	3.73e-24	97.4
6_560	1_502	48.649	111	47	5	252	353	211	320	5.06e-20	85.5
6_561	1_496	98.895	362	4	0	1	362	17	378	0.0	723
6_561	1_575	44.928	345	151	6	22	362	4	313	2.42e-81	249
6_561	1_568	43.175	359	141	12	17	362	1	309	1.76e-58	190
6_561	1_578	38.053	339	111	14	22	322	1	278	5.42e-46	153
6_561	1_501	59.504	121	44	2	1	118	132	250	1.20e-41	145
6_561	1_502	71.831	71	20	0	45	115	1	71	3.34e-27	104
6_561	1_502	75.000	44	11	0	307	350	277	320	8.11e-17	75.1
6_562	1_502	98.714	311	4	0	1	311	10	320	0.0	620
6_562	1_575	40.187	321	143	8	1	319	36	309	7.86e-49	163
6_562	1_568	36.250	320	151	9	1	319	38	305	5.18e-44	150
6_562	1_578	33.108	296	135	14	1	283	33	278	4.08e-27	102
6_562	1_501	34.483	290	140	14	1	283	183	429	1.69e-24	97.4
6_562	1_496	67.692	65	21	0	1	65	70	134	8.13e-22	90.1
6_562	1_496	57.333	75	30	1	247	319	300	374	2.43e-21	89.0
6_563	1_574	100.000	170	0	0	1	170	1	170	6.98e-127	348
6_564	1_578	43.983	241	128	4	1	240	44	278	1.11e-60	189
6_564	1_501	43.750	240	131	3	1	240	194	429	1.25e-60	193
6_564	1_568	41.379	290	132	12	1	281	49	309	1.80e-48	161
6_564	1_496	36.909	317	145	15	1	281	81	378	1.23e-39	139
6_564	1_575	33.887	301	145	11	1	281	47	313	4.46e-32	117
6_564	1_502	32.797	311	156	10	1	269	21	320	6.73e-32	115
6_565	1_581	99.346	153	1	0	65	217	1	153	3.11e-112	313
6_566	1_582	99.410	339	2	0	1	339	1	339	0.0	696
