0_0	3_225	99.857	699	1	0	1	699	1	699	0.0	1414
0_0	3_489	25.878	769	431	26	16	692	6	727	4.63e-44	164
0_1	3_488	99.689	322	1	0	1	322	1	322	0.0	652
0_2	3_297	99.862	725	1	0	1	725	1	725	0.0	1468
0_2	3_233	38.624	189	111	4	481	667	205	390	6.46e-35	132
0_2	3_233	47.423	97	51	0	39	135	11	107	1.21e-22	95.9
0_2	3_485	40.146	137	82	0	481	617	166	302	3.63e-31	120
0_2	3_485	30.088	113	70	2	38	150	7	110	3.45e-11	60.1
0_2	3_316	25.735	136	99	2	481	614	591	726	2.47e-17	80.9
0_2	3_316	28.049	164	100	5	42	204	12	158	2.50e-07	48.5
0_2	3_267	38.298	94	57	1	501	594	274	366	9.13e-17	77.8
0_2	3_267	29.688	128	75	3	33	145	38	165	7.49e-10	56.2
0_2	3_206	32.432	111	74	1	505	614	274	384	1.75e-14	70.9
0_2	3_263	31.776	107	72	1	486	592	116	221	8.30e-13	63.9
0_2	3_263	31.915	94	55	3	50	137	16	106	1.03e-05	42.4
0_2	3_35	25.806	155	88	3	501	655	152	279	2.47e-12	62.8
0_2	3_35	30.952	84	39	3	53	117	22	105	1.19e-05	42.4
0_2	3_246	32.292	96	63	2	500	594	127	221	5.25e-11	58.2
0_2	3_323	34.409	93	54	2	498	587	402	490	2.31e-10	57.8
0_2	3_323	26.496	117	78	4	500	611	133	246	7.30e-08	49.7
0_2	3_323	29.348	92	54	4	48	131	16	104	1.18e-06	45.8
0_2	3_391	32.967	91	59	1	498	588	119	207	1.13e-09	55.8
0_2	3_391	33.333	99	58	3	39	134	2	95	6.21e-07	47.0
0_2	3_390	31.897	116	70	2	474	589	102	208	1.49e-09	55.5
0_2	3_390	32.673	101	60	2	39	136	2	97	2.42e-07	48.5
0_2	3_285	34.146	82	53	1	503	584	194	274	2.31e-09	53.9
0_2	3_285	31.707	82	46	2	58	131	84	163	2.11e-07	47.8
0_2	3_317	29.358	109	76	1	505	612	159	267	1.01e-08	52.0
0_2	3_317	25.899	139	83	6	30	151	4	139	4.32e-04	37.4
0_2	3_288	33.766	77	51	0	508	584	154	230	1.30e-08	51.2
0_2	3_292	30.357	112	75	2	39	149	2	111	3.02e-08	51.2
0_2	3_292	31.081	74	49	1	508	581	129	200	1.46e-05	42.7
0_2	3_73	30.476	105	70	1	38	139	7	111	5.24e-08	50.4
0_2	3_73	25.974	77	56	1	508	584	407	482	6.81e-04	37.0
0_2	3_516	34.247	73	48	0	36	108	322	394	4.93e-07	47.4
0_2	3_516	28.788	132	78	6	448	572	393	515	5.88e-05	40.4
0_2	3_266	35.088	57	37	0	39	95	2	58	9.20e-07	46.2
0_2	3_266	23.810	84	60	1	504	587	152	231	4.76e-05	40.8
0_2	3_405	27.778	90	61	2	493	581	452	538	1.36e-06	45.8
0_2	3_551	38.298	47	29	0	493	539	104	150	1.15e-05	41.6
0_2	3_406	33.333	66	43	1	36	100	331	396	2.65e-05	41.6
0_2	3_385	25.301	83	59	1	36	115	324	406	2.54e-04	38.5
0_3	3_0	100.000	336	0	0	1	336	1	336	0.0	660
0_3	3_543	25.413	303	204	10	36	336	22	304	2.40e-14	67.4
0_4	3_487	99.893	931	1	0	1	931	1	931	0.0	1841
0_4	3_513	27.523	218	124	7	9	225	17	201	3.31e-08	52.0
0_4	3_388	22.938	388	251	14	2	352	7	383	5.81e-06	44.7
0_4	3_509	30.864	162	92	7	60	208	55	209	2.03e-05	42.7
0_5	3_482	99.427	873	5	0	1	873	1	873	0.0	1733
0_5	3_486	98.462	65	1	0	873	937	1	65	6.73e-39	133
0_5	3_387	25.714	245	153	5	1	221	10	249	5.87e-15	73.9
0_5	3_343	24.936	393	233	13	7	361	26	394	9.11e-14	70.1
0_5	3_490	27.500	240	152	8	1	220	18	255	7.70e-11	60.5
0_5	3_347	25.835	569	339	24	30	560	62	585	3.56e-09	55.1
0_5	3_508	27.426	237	147	7	3	224	13	239	1.33e-08	53.1
0_6	3_1	100.000	159	0	0	1	159	1	159	2.34e-117	323
0_6	3_207	32.500	120	78	2	22	140	15	132	7.76e-11	52.0
0_7	3_2	100.000	96	0	0	1	96	1	96	9.04e-66	188
0_8	3_483	99.830	589	1	0	1	589	1	589	0.0	1145
0_8	3_433	26.087	460	272	17	51	492	10	419	6.31e-22	94.0
0_9	3_294	99.714	350	1	0	1	350	1	350	0.0	715
0_10	3_484	99.677	620	2	0	1	620	1	620	0.0	1244
0_11	3_485	99.741	386	1	0	1	386	1	386	0.0	760
0_11	3_233	32.059	340	185	10	5	304	8	341	4.26e-38	137
0_11	3_297	40.146	137	82	0	166	302	481	617	2.01e-31	120
0_11	3_297	30.088	113	70	2	7	110	38	150	1.81e-11	60.1
0_11	3_316	37.363	91	57	0	194	284	620	710	1.48e-15	72.8
0_11	3_267	33.333	90	60	0	194	283	282	371	7.58e-15	70.1
0_11	3_288	25.357	280	164	5	6	283	8	244	3.17e-14	66.6
0_11	3_285	24.779	226	119	3	27	252	84	258	7.59e-14	66.2
0_11	3_246	32.143	140	84	3	143	279	90	221	8.42e-12	59.3
0_11	3_35	25.600	250	143	8	27	272	27	237	1.13e-11	59.7
0_11	3_206	23.404	141	104	2	164	303	251	388	1.47e-11	60.1
0_11	3_263	24.221	289	161	9	8	292	2	236	4.44e-11	57.4
0_11	3_317	27.778	126	87	2	176	297	142	267	1.03e-10	57.0
0_11	3_323	23.333	270	154	9	29	296	28	246	3.74e-10	55.8
0_11	3_323	32.609	92	57	2	184	271	399	489	7.40e-07	45.4
0_11	3_390	30.986	142	89	5	128	263	59	197	9.69e-10	54.7
0_11	3_390	52.778	36	17	0	27	62	21	56	2.56e-05	40.4
0_11	3_391	29.333	150	99	3	129	273	60	207	1.22e-09	54.3
0_11	3_391	43.636	55	31	0	8	62	2	56	6.55e-06	42.4
0_11	3_292	34.483	87	53	2	183	268	119	202	1.01e-08	51.6
0_11	3_73	28.788	132	85	4	146	271	356	484	8.38e-08	48.1
0_11	3_405	29.412	85	52	2	172	251	441	522	3.04e-06	43.5
0_11	3_406	38.000	100	46	5	1	95	327	415	9.35e-05	38.5
0_11	3_266	27.174	92	64	1	188	276	443	534	2.28e-04	37.4
0_11	3_446	45.588	68	27	4	4	69	465	524	2.83e-04	37.4
0_11	3_516	50.000	46	23	0	8	53	325	370	4.07e-04	36.6
0_12	3_526	98.266	173	3	0	1	173	1	173	6.08e-117	327
0_13	3_293	98.936	188	2	0	1	188	1	188	2.01e-133	366
0_14	3_3	100.000	110	0	0	1	110	1	110	1.58e-79	224
0_15	3_4	100.000	290	0	0	1	290	1	290	0.0	578
0_15	3_298	31.955	266	150	14	23	264	25	283	1.88e-23	92.4
0_16	3_5	100.000	287	0	0	1	287	1	287	0.0	577
0_16	3_65	35.827	254	122	7	1	234	1	233	4.13e-33	117
0_17	3_6	100.000	81	0	0	1	81	1	81	9.95e-58	166
0_18	3_374	99.438	534	3	0	1	534	1	534	0.0	1054
0_19	3_7	100.000	251	0	0	1	251	1	251	0.0	491
0_20	3_8	100.000	335	0	0	1	335	1	335	0.0	664
0_21	3_375	99.851	673	1	0	1	673	1	673	0.0	1348
0_21	3_350	22.437	517	375	10	6	512	10	510	6.61e-32	126
0_22	3_9	100.000	333	0	0	1	333	1	333	0.0	664
0_22	3_152	34.375	192	115	3	125	314	101	283	3.83e-25	99.8
0_23	3_10	100.000	189	0	0	1	189	1	189	2.92e-140	384
0_24	3_376	99.074	324	3	0	1	324	1	324	0.0	660
0_24	3_377	41.846	325	176	7	7	324	7	325	9.57e-57	182
0_24	3_283	22.941	340	195	13	1	296	321	637	2.86e-09	52.8
0_25	3_377	100.000	101	0	0	1	101	235	335	1.89e-68	203
0_25	3_376	46.269	67	35	1	13	78	245	311	2.56e-13	58.5
0_26	3_377	99.099	222	2	0	1	222	1	222	2.37e-151	419
0_26	3_376	41.702	235	129	4	7	237	7	237	3.05e-51	164
0_26	3_283	29.289	239	132	10	9	216	325	557	1.41e-12	61.2
0_27	3_11	100.000	152	0	0	1	152	1	152	1.20e-110	306
0_28	3_378	99.838	619	1	0	1	619	1	619	0.0	1247
0_29	3_379	99.735	378	1	0	1	378	1	378	0.0	751
0_30	3_12	100.000	463	0	0	1	463	1	463	0.0	923
0_31	3_13	100.000	47	0	0	1	47	1	47	3.63e-30	94.7
0_32	3_14	100.000	609	0	0	1	609	1	609	0.0	1218
0_33	3_380	99.872	783	1	0	1	783	1	783	0.0	1562
0_34	3_381	99.717	353	1	0	1	353	1	353	0.0	696
0_34	3_427	27.129	317	167	15	46	345	64	333	5.31e-07	45.4
0_35	3_382	99.392	823	5	0	1	823	1	823	0.0	1649
0_35	3_369	24.291	741	451	18	18	668	34	754	7.28e-49	181
0_35	3_396	22.781	338	192	11	393	679	398	717	6.24e-14	70.1
0_35	3_396	27.174	184	113	4	6	186	3	168	8.39e-09	53.5
0_35	3_451	24.084	191	113	4	32	222	3	161	1.04e-07	49.7
0_36	3_15	100.000	638	0	0	1	638	1	638	0.0	1250
0_37	3_16	100.000	321	0	0	1	321	1	321	0.0	623
0_38	3_383	99.615	520	2	0	1	520	1	520	0.0	1011
0_39	3_384	99.057	212	2	0	1	212	1	212	2.65e-147	403
0_40	3_516	99.250	533	4	0	1	533	1	533	0.0	1031
0_40	3_405	29.367	521	346	9	16	520	19	533	2.41e-49	173
0_40	3_385	29.468	526	315	21	20	520	27	521	1.84e-25	104
0_40	3_406	34.928	209	124	6	319	520	328	531	2.71e-23	97.8
0_40	3_551	35.821	134	84	2	357	489	21	153	1.86e-16	72.4
0_40	3_263	32.075	212	118	6	324	517	1	204	6.05e-14	67.0
0_40	3_391	28.365	208	110	6	324	512	1	188	5.12e-11	59.7
0_40	3_323	30.000	220	113	7	320	513	2	206	1.62e-10	57.8
0_40	3_266	28.342	187	110	5	324	486	1	187	2.44e-10	57.4
0_40	3_292	27.570	214	128	8	324	525	1	199	1.83e-09	54.7
0_40	3_246	28.646	192	103	6	340	513	22	197	2.41e-09	52.4
0_40	3_446	28.042	189	107	7	317	489	462	637	8.17e-09	52.4
0_40	3_390	28.351	194	128	6	324	512	1	188	8.72e-09	52.4
0_40	3_233	36.232	69	44	0	324	392	10	78	2.34e-07	47.4
0_40	3_233	33.645	107	54	3	419	514	193	293	6.90e-06	42.7
0_40	3_285	25.405	185	120	5	339	510	79	258	3.93e-07	46.2
0_40	3_297	34.247	73	48	0	322	394	36	108	5.11e-07	46.6
0_40	3_297	29.008	131	79	6	393	515	448	572	6.88e-05	40.0
0_40	3_267	29.412	85	53	2	308	388	30	111	1.97e-04	38.1
0_40	3_485	50.000	46	23	0	325	370	8	53	6.51e-04	36.6
0_40	3_73	43.182	44	25	0	343	386	26	69	7.25e-04	36.6
0_40	3_316	37.313	67	38	2	449	511	613	679	8.34e-04	36.6
0_41	3_385	99.626	535	2	0	1	535	1	535	0.0	1036
0_41	3_406	31.445	512	325	9	31	526	35	536	2.59e-54	187
0_41	3_405	31.132	212	136	3	321	526	331	538	3.32e-30	119
0_41	3_516	31.606	386	214	17	153	514	154	513	3.20e-24	100
0_41	3_551	33.140	172	111	2	343	511	5	175	5.49e-16	71.2
0_41	3_263	32.353	204	117	11	327	514	2	200	6.86e-13	63.5
0_41	3_390	30.882	204	134	4	327	527	2	201	2.92e-11	60.5
0_41	3_446	32.184	174	95	8	352	510	494	659	1.04e-10	58.5
0_41	3_292	29.167	216	128	8	327	530	2	204	8.10e-09	52.8
0_41	3_391	29.167	216	137	9	327	534	2	209	3.99e-08	50.4
0_41	3_285	29.570	186	108	8	341	510	79	257	1.74e-07	47.4
0_41	3_266	35.185	54	35	0	335	388	10	63	9.16e-06	42.7
0_41	3_246	25.414	181	122	5	342	514	22	197	1.70e-05	40.8
0_41	3_233	32.787	61	41	0	327	387	11	71	4.73e-05	40.0
0_41	3_297	25.301	83	59	1	324	406	36	115	2.95e-04	37.7
0_41	3_73	25.532	188	118	5	346	517	27	208	5.82e-04	36.6
0_42	3_387	99.178	1216	8	1	1	1214	1	1216	0.0	2409
0_42	3_343	28.680	394	227	7	1	386	4	351	2.90e-43	166
0_42	3_343	26.923	286	166	8	721	1002	521	767	5.01e-16	77.8
0_42	3_490	33.566	286	180	5	3	285	11	289	2.56e-35	140
0_42	3_490	30.928	291	137	10	738	1016	545	783	3.27e-23	101
0_42	3_490	32.231	121	72	5	477	594	361	474	1.79e-05	43.5
0_42	3_482	25.306	245	154	5	10	249	1	221	3.89e-14	71.6
0_42	3_508	26.556	241	150	8	1	234	1	221	4.45e-11	62.0
0_42	3_347	22.134	253	167	8	14	265	31	254	5.50e-05	41.6
0_43	3_388	98.214	1176	18	1	1	1173	1	1176	0.0	2313
0_43	3_513	32.576	264	156	5	7	261	5	255	3.05e-29	120
0_43	3_513	24.694	409	209	18	584	972	445	774	1.05e-09	57.0
0_43	3_555	31.855	248	152	8	10	252	13	248	1.65e-23	101
0_43	3_509	29.560	159	99	4	6	161	2	150	3.46e-11	62.0
0_43	3_487	22.680	388	252	14	7	383	2	352	1.86e-05	43.1
0_43	3_346	39.474	38	23	0	281	318	260	297	4.20e-04	38.9
0_44	3_17	100.000	344	0	0	1	344	1	344	0.0	704
0_44	3_112	27.451	204	135	5	121	314	3	203	2.25e-15	69.7
0_45	3_18	100.000	50	0	0	1	50	1	50	3.84e-32	99.8
0_45	3_169	35.556	45	26	1	6	50	5	46	1.48e-04	30.0
0_46	3_19	100.000	273	0	0	1	273	1	273	0.0	562
0_47	3_390	99.741	772	2	0	1	772	1	772	0.0	1503
0_47	3_391	48.630	438	197	9	1	416	1	432	1.63e-108	340
0_47	3_391	45.736	129	70	0	644	772	518	646	8.45e-23	98.2
0_47	3_292	30.750	813	475	21	1	772	1	766	1.05e-86	285
0_47	3_285	29.442	197	127	5	16	202	79	273	5.18e-19	83.2
0_47	3_73	32.673	202	122	5	6	195	12	211	1.42e-15	74.7
0_47	3_323	25.592	211	143	5	1	198	6	215	1.22e-13	68.6
0_47	3_323	26.531	196	126	5	11	188	277	472	1.44e-10	58.5
0_47	3_35	25.000	208	129	5	17	198	23	229	1.38e-13	67.0
0_47	3_288	27.451	204	119	8	18	198	28	225	8.24e-12	60.8
0_47	3_405	26.415	212	137	7	1	201	336	539	8.49e-12	62.8
0_47	3_406	31.373	204	111	9	13	200	346	536	3.34e-11	60.8
0_47	3_385	30.882	204	134	4	2	201	327	527	3.43e-11	60.8
0_47	3_266	22.993	274	175	5	1	240	1	272	9.06e-11	59.3
0_47	3_266	24.645	211	138	8	1	201	319	518	8.48e-06	43.5
0_47	3_297	31.897	116	70	2	102	208	474	589	1.74e-09	55.5
0_47	3_297	32.673	101	60	2	2	97	39	136	2.88e-07	48.1
0_47	3_485	30.986	142	89	5	59	197	128	263	1.77e-09	54.7
0_47	3_485	52.778	36	17	0	21	56	27	62	5.17e-05	40.4
0_47	3_516	28.866	194	127	6	1	188	324	512	1.00e-08	52.8
0_47	3_233	32.394	142	92	3	107	245	211	351	1.80e-08	51.6
0_47	3_233	32.955	88	57	1	7	92	16	103	1.82e-08	51.6
0_47	3_263	23.618	199	141	6	13	202	16	212	8.92e-08	48.9
0_47	3_267	25.191	131	91	3	72	197	223	351	1.57e-07	48.9
0_47	3_446	24.479	192	131	5	23	204	490	677	2.65e-07	48.5
0_47	3_229	39.130	92	47	4	115	200	820	908	6.03e-07	47.4
0_47	3_229	28.571	147	88	6	64	193	416	562	1.34e-04	39.7
0_47	3_316	27.957	93	65	1	108	198	598	690	8.40e-07	47.0
0_47	3_246	27.174	184	109	7	19	188	24	196	2.33e-06	44.3
0_47	3_206	25.592	211	123	8	16	197	142	347	6.36e-06	43.5
0_47	3_551	27.684	177	117	5	16	185	3	175	1.69e-05	40.8
0_47	3_317	30.682	88	57	2	114	197	145	232	2.18e-04	38.5
0_48	3_391	99.846	650	1	0	1	650	1	650	0.0	1260
0_48	3_390	48.630	438	197	9	1	432	1	416	9.99e-109	340
0_48	3_390	39.344	183	105	1	470	646	590	772	7.52e-31	123
0_48	3_292	40.044	452	245	10	1	438	1	440	4.57e-90	291
0_48	3_292	29.348	184	126	2	467	646	583	766	2.52e-16	77.0
0_48	3_285	30.732	205	122	6	16	206	79	277	2.02e-20	87.0
0_48	3_406	32.558	215	117	9	2	200	334	536	3.92e-15	72.8
0_48	3_405	29.717	212	130	8	1	201	336	539	3.95e-15	72.8
0_48	3_35	28.169	213	128	6	18	205	24	236	3.51e-14	68.2
0_48	3_263	31.081	222	129	11	1	205	1	215	1.97e-13	65.5
0_48	3_323	28.194	227	133	7	16	215	282	505	2.89e-13	67.0
0_48	3_323	26.190	210	138	7	15	209	20	227	3.57e-13	66.6
0_48	3_73	29.524	210	134	5	10	205	12	221	1.57e-12	64.7
0_48	3_73	28.326	233	135	9	2	208	261	487	7.52e-09	52.8
0_48	3_266	25.641	234	141	6	1	205	1	230	1.72e-12	64.7
0_48	3_266	28.571	210	133	8	1	202	319	519	1.89e-09	54.7
0_48	3_516	28.365	208	110	6	1	188	324	512	7.89e-11	59.3
0_48	3_246	28.814	236	143	8	4	222	8	235	8.91e-11	57.0
0_48	3_446	31.285	179	100	8	32	195	499	669	6.47e-10	56.6
0_48	3_297	32.967	91	59	1	119	207	498	588	9.98e-10	55.8
0_48	3_297	33.333	99	58	3	2	95	39	134	5.81e-07	47.0
0_48	3_485	29.333	150	99	3	60	207	129	273	1.52e-09	54.7
0_48	3_485	43.636	55	31	0	2	56	8	62	1.27e-05	42.4
0_48	3_288	26.141	241	139	10	14	224	24	255	5.45e-09	52.0
0_48	3_316	34.940	83	52	1	127	207	617	699	6.05e-09	53.5
0_48	3_206	25.688	218	138	7	16	209	142	359	1.22e-08	52.0
0_48	3_233	31.915	94	62	1	1	92	10	103	1.63e-08	51.6
0_48	3_233	39.535	86	46	3	126	207	229	312	3.23e-08	50.8
0_48	3_385	29.167	216	137	9	2	209	327	534	5.29e-08	50.1
0_48	3_267	32.692	104	64	3	115	215	267	367	6.14e-08	49.7
0_48	3_551	29.677	155	98	4	16	163	3	153	4.29e-06	42.4
0_48	3_317	32.941	85	55	1	127	209	160	244	2.51e-05	41.2
0_48	3_229	36.905	84	44	4	121	198	826	906	1.25e-04	39.7
0_49	3_392	98.393	560	5	1	1	556	1	560	0.0	1109
0_49	3_523	81.250	96	18	0	118	213	9	104	1.30e-50	164
0_49	3_557	68.142	113	34	1	118	230	20	130	2.82e-49	161
0_49	3_560	41.379	290	132	12	189	449	1	281	4.66e-47	160
0_49	3_501	44.199	181	93	3	373	551	223	397	6.15e-40	144
0_49	3_501	58.537	41	16	1	201	241	1	40	2.91e-07	47.4
0_49	3_492	51.969	127	54	3	390	514	1	122	1.03e-36	129
0_49	3_559	36.334	311	135	12	189	449	1	298	4.92e-36	131
0_49	3_534	49.593	123	56	2	434	555	4	121	1.10e-31	114
0_49	3_194	44.444	108	53	3	6	106	7	114	1.26e-19	79.7
0_50	3_393	96.273	805	27	1	1	805	1	802	0.0	1549
0_50	3_476	45.732	785	393	12	45	805	27	802	0.0	613
0_50	3_447	42.404	599	307	12	236	805	2	591	2.84e-131	399
0_50	3_176	35.012	834	418	30	1	768	1	776	2.20e-107	343
0_50	3_502	52.479	242	94	3	1	240	1	223	4.23e-76	241
0_50	3_500	70.732	41	12	0	45	85	22	62	4.91e-15	65.5
0_51	3_476	98.507	804	11	1	1	804	1	803	0.0	1577
0_51	3_447	77.609	594	123	5	220	805	2	593	0.0	895
0_51	3_393	46.552	754	366	13	27	773	45	768	0.0	610
0_51	3_502	73.661	224	58	1	1	224	1	223	2.35e-115	344
0_51	3_176	33.698	822	454	27	1	775	1	778	1.30e-104	335
0_51	3_500	80.328	61	12	0	8	68	3	63	1.37e-28	103
0_52	3_448	97.938	194	4	0	1	194	1	194	3.22e-139	381
0_53	3_449	98.721	469	6	0	1	469	1	469	0.0	926
0_54	3_20	100.000	146	0	0	1	146	1	146	2.34e-105	292
0_55	3_21	100.000	295	0	0	1	295	1	295	0.0	590
0_56	3_22	100.000	337	0	0	1	337	1	337	0.0	685
0_57	3_450	99.219	256	2	0	1	256	1	256	0.0	507
0_58	3_451	99.027	514	5	0	1	514	1	514	0.0	1032
0_58	3_369	25.828	151	101	3	2	141	50	200	2.14e-09	54.3
0_58	3_369	34.426	61	35	2	294	349	574	634	2.63e-05	41.2
0_58	3_396	34.444	90	58	1	3	91	29	118	2.89e-08	50.8
0_58	3_396	33.000	100	59	3	264	355	513	612	9.92e-08	48.9
0_58	3_382	23.560	191	114	4	3	161	32	222	3.26e-07	47.4
0_58	3_382	21.053	304	175	13	128	396	321	594	6.54e-04	36.6
0_59	3_452	99.654	289	1	0	1	289	1	289	0.0	554
0_60	3_23	100.000	225	0	0	1	225	1	225	3.14e-168	457
0_61	3_24	100.000	173	0	0	1	173	1	173	8.45e-127	348
0_62	3_453	99.823	564	1	0	1	564	1	564	0.0	1103
0_62	3_301	31.670	461	251	12	95	533	214	632	3.47e-52	184
0_62	3_522	31.614	446	261	9	99	533	96	508	1.29e-51	179
0_62	3_497	31.183	465	254	14	97	533	116	542	9.55e-50	175
0_62	3_540	30.260	423	247	9	118	533	243	624	5.20e-47	169
0_62	3_302	30.496	423	234	11	131	540	144	519	7.14e-44	159
0_63	3_257	99.550	222	1	0	1	222	1	222	1.59e-162	442
0_64	3_520	99.664	298	1	0	1	298	1	298	0.0	602
0_65	3_454	99.167	240	2	0	1	240	1	240	0.0	500
0_66	3_455	99.661	295	1	0	1	295	1	295	0.0	592
0_66	3_183	26.897	290	174	9	21	293	10	278	1.25e-20	84.7
0_66	3_219	26.502	283	175	9	19	293	3	260	5.35e-16	70.9
0_66	3_129	27.170	265	163	10	21	275	5	249	8.74e-14	64.7
0_66	3_38	25.368	272	165	12	15	274	1	246	2.45e-04	36.2
0_67	3_456	99.412	170	1	0	1	170	1	170	2.73e-122	337
0_68	3_25	100.000	408	0	0	1	408	1	408	0.0	825
0_69	3_26	100.000	372	0	0	1	372	1	372	0.0	763
0_70	3_27	100.000	290	0	0	1	290	1	290	0.0	564
0_71	3_459	99.468	188	1	0	1	188	1	188	3.34e-138	378
0_72	3_460	99.884	865	1	0	1	865	1	865	0.0	1715
0_73	3_461	99.533	428	2	0	1	428	1	428	0.0	850
0_74	3_258	99.824	567	1	0	1	567	1	567	0.0	1142
0_74	3_274	28.049	246	157	9	14	247	18	255	1.55e-12	63.9
0_74	3_274	46.154	39	21	0	503	541	409	447	1.47e-05	42.0
0_74	3_561	27.338	139	98	2	110	245	146	284	3.01e-10	57.0
0_74	3_561	46.809	47	22	1	489	535	440	483	4.13e-08	50.1
0_75	3_462	99.671	1216	4	0	1	1216	1	1216	0.0	2391
0_76	3_259	99.886	880	1	0	1	880	1	880	0.0	1779
0_77	3_28	100.000	259	0	0	1	259	1	259	0.0	526
0_78	3_260	99.778	451	1	0	1	451	1	451	0.0	916
0_79	3_29	100.000	413	0	0	1	413	1	413	0.0	841
0_80	3_30	100.000	177	0	0	1	177	1	177	2.10e-130	358
0_81	3_261	99.624	266	1	0	1	266	1	266	0.0	523
0_81	3_521	37.143	105	61	3	22	121	37	141	1.10e-13	64.3
0_82	3_262	99.699	332	1	0	1	332	1	332	0.0	661
0_83	3_31	100.000	111	0	0	1	111	1	111	2.65e-77	218
0_84	3_465	98.370	184	3	0	1	184	1	184	3.03e-133	365
0_85	3_32	100.000	211	0	0	1	211	1	211	2.51e-155	424
0_86	3_33	100.000	291	0	0	1	291	1	291	0.0	559
0_86	3_548	32.381	105	65	3	37	139	74	174	5.88e-06	42.0
0_87	3_34	100.000	239	0	0	1	239	1	239	6.80e-175	475
0_88	3_263	99.632	272	1	0	1	272	1	272	0.0	541
0_88	3_35	34.188	234	133	6	19	232	22	254	6.90e-34	119
0_88	3_405	35.204	196	109	5	16	205	348	531	3.46e-19	81.6
0_88	3_206	26.800	250	159	8	3	229	122	370	1.22e-18	79.7
0_88	3_317	31.330	233	127	7	19	227	29	252	1.70e-18	78.6
0_88	3_285	28.636	220	132	4	19	225	79	286	2.09e-18	78.2
0_88	3_246	27.805	205	136	6	20	220	22	218	2.10e-15	68.6
0_88	3_316	36.275	102	64	1	127	227	608	709	4.04e-15	69.7
0_88	3_316	33.333	75	43	3	23	91	27	100	2.55e-04	36.6
0_88	3_406	30.189	212	132	8	2	208	334	534	1.42e-14	67.8
0_88	3_516	32.057	209	122	8	1	204	324	517	6.07e-14	65.9
0_88	3_391	31.081	222	129	11	1	215	1	205	6.31e-14	65.9
0_88	3_297	31.776	107	72	1	116	221	486	592	2.92e-13	63.9
0_88	3_297	31.915	94	55	3	16	106	50	137	3.76e-06	42.4
0_88	3_385	32.353	204	117	11	2	200	327	514	3.36e-13	63.5
0_88	3_233	34.545	110	71	1	118	226	212	321	6.22e-13	62.8
0_88	3_233	26.050	119	79	3	16	128	22	137	1.10e-05	40.8
0_88	3_266	27.778	198	108	5	16	185	13	203	1.01e-12	62.4
0_88	3_267	32.500	120	77	3	104	219	244	363	1.23e-12	62.0
0_88	3_73	32.143	196	124	6	28	217	31	223	4.05e-12	60.5
0_88	3_323	26.818	220	126	10	19	218	21	225	1.53e-11	58.5
0_88	3_323	25.541	231	157	8	1	218	264	492	2.55e-06	42.7
0_88	3_485	23.875	289	162	9	2	236	8	292	2.42e-10	54.7
0_88	3_390	23.618	199	141	6	16	212	13	202	1.81e-08	49.7
0_88	3_292	26.818	220	127	9	1	208	1	198	5.68e-08	48.1
0_88	3_229	29.801	151	85	7	90	224	783	928	8.81e-08	47.4
0_88	3_288	26.316	209	140	6	1	198	9	214	8.87e-08	46.6
0_88	3_446	24.519	208	132	7	2	199	470	662	1.17e-07	47.0
0_88	3_551	32.867	143	73	7	37	169	21	150	1.39e-06	42.4
0_89	3_35	100.000	300	0	0	1	300	1	300	0.0	602
0_89	3_263	34.188	234	133	6	22	254	19	232	3.37e-35	123
0_89	3_233	35.897	156	87	5	130	276	204	355	2.39e-19	82.4
0_89	3_233	25.962	104	55	3	21	123	24	106	4.84e-05	38.9
0_89	3_246	27.854	219	136	3	22	240	21	217	1.19e-18	78.2
0_89	3_292	28.638	213	121	8	23	232	17	201	3.38e-17	76.6
0_89	3_316	39.091	110	66	1	140	248	600	709	9.91e-17	75.1
0_89	3_316	38.462	39	23	1	10	48	12	49	0.001	35.0
0_89	3_206	26.778	239	140	7	27	248	147	367	3.30e-16	73.2
0_89	3_267	36.641	131	75	3	136	260	258	386	5.87e-16	72.4
0_89	3_391	28.169	213	128	6	24	236	18	205	1.57e-15	71.2
0_89	3_73	29.464	224	131	5	22	239	22	224	2.77e-15	70.5
0_89	3_73	21.127	213	161	4	26	236	277	484	1.18e-05	40.8
0_89	3_390	25.714	210	125	6	23	229	17	198	1.01e-14	68.9
0_89	3_323	25.000	236	140	7	14	237	13	223	2.20e-14	67.8
0_89	3_323	28.054	221	130	8	27	236	287	489	9.57e-14	65.9
0_89	3_285	29.327	208	109	8	21	217	78	258	4.23e-13	63.2
0_89	3_297	25.806	155	88	3	152	279	501	655	9.41e-13	63.2
0_89	3_297	30.952	84	39	3	22	105	53	117	4.60e-06	42.4
0_89	3_485	25.723	311	162	12	27	298	27	307	1.20e-12	62.4
0_89	3_317	25.726	241	156	7	20	250	27	254	7.49e-11	56.6
0_89	3_288	31.646	79	53	1	158	235	153	231	2.44e-10	54.7
0_89	3_266	25.714	210	124	7	26	219	20	213	6.59e-08	48.1
0_89	3_229	32.051	78	50	1	145	219	820	897	4.05e-07	45.8
0_89	3_229	28.090	89	62	1	136	222	470	558	1.22e-06	44.3
0_89	3_406	22.527	182	118	4	37	218	364	522	1.67e-05	40.4
0_89	3_516	24.390	205	117	6	22	219	339	512	3.75e-05	39.3
0_90	3_264	99.688	320	1	0	1	320	1	320	0.0	626
0_91	3_466	99.855	690	1	0	1	690	1	690	0.0	1372
0_92	3_265	99.685	317	1	0	1	317	1	317	0.0	641
0_93	3_467	99.656	871	3	0	1	871	1	871	0.0	1712
0_94	3_468	98.621	145	2	0	1	145	1	145	1.64e-101	282
0_95	3_555	99.240	658	5	0	1	658	1	658	0.0	1289
0_95	3_513	28.401	1088	660	28	17	1018	13	1067	1.95e-106	352
0_95	3_388	32.258	248	151	8	13	248	10	252	4.94e-24	103
0_95	3_509	27.564	156	99	7	12	159	7	156	5.69e-08	51.2
0_96	3_490	99.411	1018	6	0	1	1018	1	1018	0.0	1968
0_96	3_343	26.764	1091	677	33	6	1015	1	1050	1.09e-80	279
0_96	3_387	33.217	286	181	5	11	289	3	285	4.77e-35	139
0_96	3_387	30.928	291	137	10	545	783	740	1018	2.50e-23	101
0_96	3_387	32.231	121	72	5	361	474	477	594	1.92e-05	43.1
0_96	3_482	27.500	240	152	8	18	255	1	220	6.64e-11	60.8
0_96	3_508	22.665	803	464	35	11	699	2	761	5.04e-10	58.2
0_96	3_347	25.112	446	278	14	14	436	18	430	9.36e-08	50.4
0_97	3_295	99.558	226	1	0	1	226	1	226	1.27e-170	463
0_98	3_296	99.722	719	2	0	1	719	1	719	0.0	1427
0_99	3_36	100.000	65	0	0	1	65	1	65	1.17e-44	132
0_100	3_37	100.000	280	0	0	1	280	1	280	0.0	562
0_101	3_38	100.000	269	0	0	1	269	1	269	0.0	537
0_101	3_480	26.568	271	164	13	4	258	3	254	5.40e-07	44.7
0_101	3_129	24.074	270	159	9	1	246	1	248	2.84e-06	42.0
0_101	3_219	32.203	59	40	0	188	246	183	241	1.11e-04	37.4
0_101	3_455	25.368	272	165	12	1	246	15	274	2.04e-04	36.6
0_101	3_183	32.877	73	43	1	180	246	186	258	2.65e-04	36.2
0_102	3_491	99.631	271	1	0	1	271	1	271	0.0	534
0_103	3_249	98.739	238	3	0	1	238	1	238	5.14e-171	465
0_104	3_229	99.894	947	1	0	1	947	1	947	0.0	1930
0_104	3_263	29.801	151	85	7	783	928	90	224	3.64e-07	47.4
0_104	3_390	39.130	92	47	4	820	908	115	200	6.56e-07	47.4
0_104	3_390	28.571	147	88	6	416	562	64	193	1.59e-04	39.7
0_104	3_35	32.051	78	50	1	820	897	145	219	1.33e-06	45.8
0_104	3_35	30.000	80	54	1	479	558	145	222	5.80e-06	43.5
0_104	3_292	36.585	82	43	4	834	912	129	204	1.74e-05	42.7
0_104	3_391	36.905	84	44	4	826	906	121	198	1.70e-04	39.7
0_104	3_267	25.168	298	194	12	628	907	63	349	1.74e-04	39.3
0_104	3_267	26.984	189	115	7	450	619	240	424	8.64e-04	37.0
0_104	3_316	33.333	102	63	3	476	574	602	701	2.02e-04	39.3
0_104	3_323	25.263	190	119	8	481	655	129	310	2.16e-04	39.3
0_104	3_233	38.667	75	43	2	485	558	224	296	2.26e-04	38.9
0_104	3_206	29.897	97	57	4	834	928	277	364	4.05e-04	38.1
0_104	3_317	29.825	114	68	5	833	943	161	265	4.84e-04	37.7
0_105	3_350	99.878	821	1	0	1	821	1	821	0.0	1661
0_105	3_375	22.437	517	375	10	10	510	6	512	1.74e-31	125
0_106	3_39	100.000	114	0	0	1	114	1	114	6.47e-84	235
0_107	3_349	82.495	497	44	5	4	479	7	481	0.0	735
0_108	3_40	100.000	169	0	0	1	169	1	169	2.22e-121	334
0_109	3_41	100.000	163	0	0	1	163	1	163	1.69e-119	329
0_110	3_348	99.693	326	1	0	1	326	1	326	0.0	651
0_111	3_347	99.263	1086	8	0	1	1086	1	1086	0.0	2123
0_111	3_343	24.222	450	279	15	23	431	12	440	1.21e-08	53.5
0_111	3_490	24.947	469	294	15	18	451	14	459	1.22e-07	50.1
0_111	3_387	22.624	221	146	6	31	226	14	234	6.45e-05	41.2
0_111	3_508	22.944	462	296	16	16	430	5	453	1.65e-04	40.0
0_111	3_482	27.523	218	136	8	62	260	30	244	1.87e-04	39.7
0_112	3_346	99.275	965	7	0	1	965	1	965	0.0	1894
0_112	3_388	23.247	271	155	11	65	297	63	318	2.60e-08	52.4
0_112	3_513	26.286	175	110	5	24	191	12	174	1.72e-04	39.7
0_113	3_231	99.587	242	1	0	1	242	1	242	7.24e-178	483
0_114	3_344	98.864	88	1	0	1	88	1	88	3.06e-59	171
0_115	3_513	98.971	1069	10	1	1	1068	1	1069	0.0	2123
0_115	3_555	28.882	689	436	14	1	680	1	644	4.90e-69	239
0_115	3_388	29.504	383	218	11	5	344	7	380	4.58e-30	123
0_115	3_388	23.844	411	216	16	445	777	584	975	4.59e-08	51.6
0_115	3_509	29.677	155	101	3	13	161	10	162	3.13e-13	68.6
0_115	3_487	27.523	218	124	7	17	201	9	225	3.15e-08	52.0
0_116	3_343	96.726	1069	16	3	1	1060	1	1059	0.0	2043
0_116	3_490	26.427	1086	688	32	1	1051	6	1015	1.55e-79	276
0_116	3_387	31.677	322	209	5	4	322	1	314	3.41e-42	162
0_116	3_387	25.926	297	177	9	521	777	723	1016	9.08e-15	73.6
0_116	3_387	35.088	114	70	4	357	468	472	583	4.24e-10	58.2
0_116	3_508	24.000	525	298	17	6	471	4	486	1.14e-13	70.1
0_116	3_482	24.682	393	234	13	26	394	7	361	8.84e-13	67.0
0_116	3_347	23.414	457	274	16	12	440	23	431	1.82e-07	49.7
0_117	3_42	100.000	639	0	0	1	639	1	639	0.0	1304
0_117	3_367	44.288	639	333	9	5	635	3	626	2.11e-170	496
0_118	3_342	99.068	322	3	0	1	322	1	322	0.0	647
0_119	3_341	99.618	524	2	0	1	524	1	524	0.0	1017
0_119	3_498	24.301	465	302	18	9	462	4	429	9.16e-14	68.2
0_120	3_43	100.000	171	0	0	1	171	1	171	3.91e-123	339
0_121	3_340	99.465	374	2	0	1	374	1	374	0.0	770
0_122	3_339	99.701	334	1	0	1	334	1	334	0.0	679
0_123	3_338	99.637	1376	5	0	1	1376	1	1376	0.0	2692
0_123	3_326	67.888	1392	424	6	1	1376	1	1385	0.0	1833
0_124	3_337	94.769	325	17	0	58	382	31	355	0.0	570
0_126	3_337	52.489	221	102	2	1	221	137	354	8.39e-58	181
0_127	3_539	100.000	154	0	0	128	281	1	154	1.38e-109	308
0_127	3_529	98.485	66	1	0	1	66	1	66	6.18e-40	128
0_128	3_336	99.798	494	1	0	1	494	1	494	0.0	962
0_129	3_44	100.000	231	0	0	1	231	1	231	6.76e-170	462
0_130	3_530	99.164	359	3	0	1	359	1	359	0.0	714
0_131	3_233	99.550	444	2	0	1	444	1	444	0.0	885
0_131	3_485	30.725	345	183	9	8	341	5	304	5.53e-38	137
0_131	3_297	37.766	188	114	2	205	390	481	667	4.55e-35	132
0_131	3_297	47.423	97	51	0	11	107	39	135	7.39e-23	95.9
0_131	3_267	27.041	392	247	11	10	379	43	417	1.16e-23	97.4
0_131	3_316	32.847	137	91	1	199	334	585	721	2.00e-20	88.6
0_131	3_316	40.541	37	22	0	20	56	18	54	6.08e-04	36.6
0_131	3_35	35.616	146	81	5	214	355	140	276	3.45e-17	76.6
0_131	3_35	25.962	104	55	3	24	106	21	123	9.18e-05	38.5
0_131	3_206	32.520	123	71	3	190	312	247	357	5.66e-15	71.2
0_131	3_263	34.545	110	71	1	212	321	118	226	4.18e-13	63.9
0_131	3_263	26.050	119	79	3	22	137	16	128	1.80e-05	40.8
0_131	3_285	36.170	94	54	2	24	111	78	171	9.07e-12	60.5
0_131	3_285	36.585	82	51	1	230	311	197	277	5.02e-10	55.1
0_131	3_323	30.147	136	88	4	202	333	112	244	1.87e-11	60.1
0_131	3_323	28.431	102	68	3	10	106	6	107	2.90e-08	50.1
0_131	3_323	25.287	87	64	1	224	310	404	489	3.45e-05	40.4
0_131	3_246	31.313	99	67	1	232	330	136	233	3.91e-10	54.7
0_131	3_292	32.990	97	63	1	10	106	1	95	6.70e-10	55.5
0_131	3_317	28.030	132	92	1	204	332	131	262	9.85e-10	54.3
0_131	3_288	31.313	99	68	0	211	309	133	231	4.85e-09	51.6
0_131	3_390	32.955	88	57	1	16	103	7	92	1.03e-08	52.0
0_131	3_390	32.394	142	92	3	211	351	107	245	1.16e-08	51.6
0_131	3_391	31.915	94	62	1	10	103	1	92	1.13e-08	51.6
0_131	3_391	37.374	99	56	3	229	325	126	220	2.08e-08	50.8
0_131	3_516	36.232	69	44	0	10	78	324	392	1.61e-07	47.8
0_131	3_516	32.710	107	55	3	193	293	419	514	7.02e-06	42.7
0_131	3_73	27.723	101	70	2	232	331	407	505	2.63e-07	47.0
0_131	3_73	28.333	60	43	0	11	70	8	67	3.81e-04	37.0
0_131	3_405	30.769	78	53	1	1	77	327	404	5.29e-06	43.1
0_131	3_405	35.294	68	41	1	229	296	464	528	4.93e-05	40.0
0_131	3_266	31.765	85	54	1	226	310	150	230	1.53e-05	41.6
0_131	3_266	27.586	58	42	0	10	67	1	58	2.14e-05	41.2
0_131	3_385	32.787	61	41	0	11	71	327	387	3.36e-05	40.4
0_131	3_551	36.471	85	48	3	185	263	66	150	1.13e-04	37.7
0_131	3_229	38.667	75	43	2	224	296	485	558	1.14e-04	38.9
0_132	3_234	99.650	286	1	0	1	286	1	286	0.0	554
0_132	3_335	25.749	167	114	4	75	237	73	233	3.88e-05	38.9
0_133	3_335	98.905	274	3	0	1	274	1	274	0.0	536
0_133	3_234	24.551	167	116	4	73	233	75	237	8.16e-05	37.7
0_134	3_45	100.000	571	0	0	1	571	1	571	0.0	1149
0_135	3_334	99.640	278	1	0	1	278	1	278	0.0	539
0_135	3_93	27.350	117	73	3	110	226	48	152	1.73e-06	42.7
0_135	3_93	34.127	126	50	5	139	262	24	118	2.73e-06	42.0
0_135	3_93	33.333	93	52	3	121	213	35	117	3.33e-05	38.9
0_136	3_333	99.429	175	1	0	1	175	1	175	3.23e-125	344
0_137	3_46	100.000	236	0	0	1	236	1	236	8.82e-176	477
0_138	3_47	100.000	186	0	0	1	186	1	186	1.37e-132	364
0_139	3_332	99.026	308	3	0	1	308	1	308	0.0	577
0_140	3_330	99.767	429	1	0	1	429	1	429	0.0	862
0_141	3_48	100.000	144	0	0	1	144	1	144	5.78e-108	298
0_142	3_236	99.766	856	2	0	1	856	1	856	0.0	1718
0_142	3_368	35.502	707	432	11	50	746	6	698	9.88e-131	407
0_142	3_368	25.000	132	88	5	727	854	582	706	3.77e-04	38.5
0_143	3_237	99.548	221	1	0	1	221	1	221	6.91e-161	438
0_144	3_49	100.000	204	0	0	1	204	1	204	2.17e-151	413
0_145	3_328	98.707	232	3	0	1	232	1	232	2.75e-162	443
0_146	3_50	100.000	872	0	0	1	872	1	872	0.0	1763
0_147	3_51	100.000	402	0	0	1	402	1	402	0.0	818
0_147	3_157	27.083	288	181	10	20	301	8	272	2.97e-16	75.1
0_147	3_269	32.099	162	90	3	21	182	116	257	1.81e-13	66.2
0_147	3_158	34.091	132	84	3	16	145	8	138	2.96e-13	65.9
0_148	3_327	99.496	1985	7	1	1	1985	1	1982	0.0	3855
0_148	3_544	30.460	870	556	19	45	884	8	858	3.50e-94	323
0_148	3_517	35.516	397	209	11	60	425	37	417	1.50e-54	196
0_149	3_326	99.495	1386	7	0	1	1386	1	1386	0.0	2729
0_149	3_338	68.032	1392	422	6	1	1385	1	1376	0.0	1817
0_150	3_510	99.275	138	1	0	319	456	1	138	3.14e-92	270
0_150	3_238	100.000	108	0	0	1	108	1	108	1.14e-73	223
0_151	3_239	99.663	297	1	0	1	297	1	297	0.0	598
0_152	3_324	99.024	205	2	0	1	205	1	205	6.94e-143	392
0_153	3_240	99.519	416	2	0	1	416	1	416	0.0	795
0_154	3_52	100.000	419	0	0	1	419	1	419	0.0	848
0_155	3_53	100.000	316	0	0	1	316	1	316	0.0	632
0_156	3_54	100.000	402	0	0	1	402	1	402	0.0	806
0_157	3_322	99.673	611	2	0	1	611	1	611	0.0	1222
0_157	3_541	29.717	212	145	4	402	609	9	220	6.32e-28	106
0_157	3_531	31.343	134	90	1	167	300	4	135	1.52e-16	71.6
0_157	3_230	25.145	346	192	13	155	482	2	298	5.67e-09	52.4
0_157	3_547	28.571	98	62	2	291	385	21	113	2.48e-08	47.4
0_158	3_55	100.000	306	0	0	1	306	1	306	0.0	610
0_159	3_321	98.824	85	1	0	1	85	1	85	1.67e-52	169
0_160	3_320	99.681	939	3	0	1	939	1	939	0.0	1898
0_161	3_319	99.715	351	1	0	1	351	1	351	0.0	684
0_161	3_132	27.358	318	207	7	6	316	61	361	1.56e-22	92.0
0_162	3_318	99.740	385	1	0	1	385	1	385	0.0	767
0_162	3_133	32.877	219	139	5	160	377	106	317	2.03e-21	88.6
0_162	3_132	24.000	225	145	7	175	384	151	364	4.82e-04	36.2
0_163	3_317	99.713	349	1	0	1	349	1	349	0.0	714
0_163	3_206	40.240	333	193	3	5	332	116	447	4.25e-79	244
0_163	3_316	37.267	161	81	3	118	266	571	723	7.50e-31	118
0_163	3_267	37.500	136	83	1	131	266	252	385	9.90e-28	107
0_163	3_267	29.630	135	70	5	7	125	32	157	3.55e-09	52.4
0_163	3_263	31.330	233	127	7	29	252	19	227	3.40e-23	92.0
0_163	3_285	28.972	214	133	6	14	221	58	258	9.77e-19	80.1
0_163	3_246	24.783	230	150	7	30	257	22	230	9.99e-14	64.7
0_163	3_233	28.125	128	89	1	131	258	204	328	1.50e-13	65.9
0_163	3_35	33.043	115	74	2	140	254	139	250	2.43e-13	64.3
0_163	3_297	29.358	109	76	1	159	267	505	612	1.03e-12	63.5
0_163	3_297	25.899	139	83	6	4	139	30	151	2.50e-04	37.4
0_163	3_485	27.778	126	87	2	142	267	176	297	1.09e-12	62.8
0_163	3_288	38.462	78	48	0	162	239	154	231	2.25e-12	60.8
0_163	3_405	29.612	206	115	11	29	228	351	532	1.17e-08	50.8
0_163	3_323	26.267	217	134	9	40	248	32	230	4.15e-08	48.9
0_163	3_323	33.333	81	53	1	160	240	410	489	6.07e-07	45.4
0_163	3_391	32.941	85	55	1	160	244	127	209	1.71e-07	47.4
0_163	3_292	24.880	209	125	7	29	232	16	197	1.94e-07	47.0
0_163	3_229	30.702	114	67	5	161	265	833	943	3.87e-07	46.2
0_163	3_390	30.682	88	57	2	145	232	114	197	9.43e-07	45.1
0_163	3_516	26.341	205	122	8	29	228	339	519	2.19e-06	43.5
0_163	3_73	25.000	236	148	10	28	249	273	493	4.86e-06	42.4
0_163	3_266	27.143	70	47	2	163	232	449	514	3.38e-04	36.6
0_163	3_385	26.857	175	106	8	49	223	361	513	3.53e-04	36.6
0_164	3_316	97.938	776	15	1	1	775	1	776	0.0	1495
0_164	3_267	37.751	249	137	4	530	775	204	437	2.66e-43	157
0_164	3_267	39.175	97	55	2	22	115	61	156	1.76e-12	64.7
0_164	3_206	44.737	114	63	0	614	727	273	386	5.95e-30	119
0_164	3_206	31.250	96	61	2	33	123	152	247	6.72e-07	47.0
0_164	3_317	37.037	162	82	3	570	723	118	267	1.02e-25	103
0_164	3_233	32.117	137	92	1	584	720	199	334	4.74e-20	88.2
0_164	3_297	26.761	142	97	3	584	725	480	614	2.42e-17	80.9
0_164	3_297	28.049	164	100	5	12	158	42	204	2.40e-07	48.5
0_164	3_35	39.091	110	66	1	599	708	140	248	2.63e-16	75.1
0_164	3_485	37.363	91	57	0	619	709	194	284	2.89e-15	72.8
0_164	3_263	36.275	102	64	1	607	708	127	227	6.72e-15	70.5
0_164	3_263	33.333	75	43	3	27	100	23	91	7.80e-04	36.6
0_164	3_288	30.508	118	73	2	597	706	134	250	1.52e-13	65.9
0_164	3_285	31.000	100	68	1	607	706	188	286	3.71e-13	65.5
0_164	3_246	30.108	93	64	1	615	707	133	224	2.09e-11	59.3
0_164	3_246	40.426	47	28	0	23	69	21	67	7.72e-07	45.4
0_164	3_391	34.940	83	52	1	616	698	127	207	6.34e-09	53.5
0_164	3_323	30.097	103	62	3	601	699	129	225	6.71e-08	50.1
0_164	3_323	27.723	101	72	1	616	716	410	509	2.09e-05	42.0
0_164	3_292	30.476	105	65	2	618	722	129	225	5.04e-07	47.4
0_164	3_390	27.957	93	65	1	597	689	108	198	6.93e-07	47.0
0_164	3_405	38.983	59	33	1	618	676	467	522	7.05e-07	47.0
0_164	3_73	25.532	94	63	2	609	699	398	487	8.24e-06	43.5
0_164	3_406	36.508	63	34	2	38	96	364	424	1.07e-04	39.7
0_164	3_229	33.333	102	63	3	601	700	476	574	1.48e-04	39.7
0_164	3_516	37.313	67	38	2	612	678	449	511	0.001	36.6
0_164	3_266	28.169	71	47	1	619	689	449	515	0.001	36.6
0_165	3_315	99.549	443	2	0	1	443	1	443	0.0	881
0_166	3_300	93.809	3376	190	12	1	3366	195	3561	0.0	6110
0_166	3_299	24.335	263	144	12	302	545	346	572	4.06e-05	43.9
0_167	3_56	100.000	231	0	0	1	231	1	231	1.05e-170	464
0_168	3_298	99.667	300	1	0	1	300	1	300	0.0	603
0_168	3_4	32.331	266	149	14	25	283	23	264	3.98e-24	94.4
0_168	3_281	33.088	136	64	8	16	150	4	113	8.06e-06	40.8
0_169	3_57	100.000	73	0	0	1	73	1	73	5.55e-53	154
0_170	3_58	100.000	201	0	0	1	201	1	201	2.33e-148	405
0_170	3_248	38.509	161	94	3	3	162	4	160	1.00e-27	99.0
0_171	3_248	99.485	194	1	0	1	194	1	194	3.16e-143	392
0_171	3_58	38.509	161	94	3	4	160	3	162	5.98e-28	99.4
0_172	3_477	99.863	1460	2	0	1193	2652	1	1460	0.0	2883
0_173	3_285	99.674	307	1	0	1	307	1	307	0.0	615
0_173	3_292	32.735	223	133	7	60	279	1	209	1.05e-24	99.0
0_173	3_391	30.732	205	122	6	79	277	16	206	9.45e-21	87.0
0_173	3_390	29.442	197	127	5	79	273	16	202	2.00e-19	83.2
0_173	3_263	28.636	220	132	4	79	286	19	225	2.00e-18	78.2
0_173	3_317	28.972	214	133	6	58	258	14	221	1.15e-15	71.2
0_173	3_267	42.857	84	47	1	194	276	276	359	5.86e-15	69.3
0_173	3_267	31.481	108	69	2	59	163	42	147	1.19e-06	43.9
0_173	3_206	30.583	206	123	8	90	277	153	356	2.70e-14	67.4
0_173	3_323	25.108	231	157	8	60	282	6	228	3.44e-14	67.4
0_173	3_323	30.263	76	53	0	199	274	412	487	1.02e-04	38.1
0_173	3_485	24.779	226	119	3	84	258	27	252	7.96e-14	65.9
0_173	3_316	31.000	100	68	1	188	286	608	707	1.16e-13	65.9
0_173	3_288	25.472	212	146	4	56	258	5	213	2.88e-13	63.2
0_173	3_35	27.885	208	112	7	78	258	21	217	2.96e-12	60.8
0_173	3_233	36.170	94	54	2	78	171	24	111	3.47e-12	61.2
0_173	3_233	36.585	82	51	1	197	277	230	311	3.56e-10	55.1
0_173	3_246	23.913	230	153	7	66	283	1	220	7.53e-10	52.8
0_173	3_297	34.146	82	53	1	194	274	503	584	8.49e-10	53.9
0_173	3_297	31.707	82	46	2	84	163	58	131	6.84e-08	48.1
0_173	3_551	26.708	161	104	4	78	233	2	153	1.97e-09	51.2
0_173	3_73	25.405	185	119	6	83	257	26	201	6.02e-09	51.2
0_173	3_73	23.636	220	146	8	78	279	272	487	1.20e-05	40.8
0_173	3_446	29.167	168	103	8	97	257	501	659	1.72e-08	50.1
0_173	3_406	31.527	203	114	11	79	271	349	536	2.97e-08	49.3
0_173	3_405	25.510	196	125	7	79	267	351	532	4.57e-08	48.5
0_173	3_385	29.570	186	108	8	79	257	341	510	7.38e-08	47.8
0_173	3_516	25.405	185	120	5	79	258	339	510	2.07e-07	46.6
0_174	3_478	99.474	380	2	0	1	380	1	380	0.0	770
0_175	3_59	100.000	271	0	0	1	271	1	271	0.0	552
0_176	3_286	98.910	367	4	0	1	367	1	367	0.0	739
0_176	3_145	36.220	127	56	2	6	132	160	261	4.12e-15	70.5
0_177	3_479	98.925	186	2	0	1	186	1	186	2.28e-138	379
0_178	3_60	100.000	163	0	0	1	163	1	163	1.04e-118	327
0_179	3_287	98.077	260	5	0	1	260	1	260	0.0	514
0_180	3_542	99.296	284	2	0	40	323	1	284	0.0	553
0_181	3_480	99.776	447	1	0	1	447	1	447	0.0	882
0_181	3_219	31.878	229	138	9	1	221	1	219	8.11e-17	74.7
0_181	3_38	27.675	271	161	14	3	254	4	258	3.23e-08	49.3
0_181	3_183	22.305	269	160	7	8	246	12	261	2.86e-06	43.5
0_182	3_481	99.846	648	1	0	1	648	1	648	0.0	1274
0_183	3_61	100.000	110	0	0	1	110	1	110	2.10e-78	221
0_184	3_497	99.693	326	1	0	1	326	219	544	0.0	664
0_184	3_522	65.644	326	103	4	3	326	192	510	9.38e-146	416
0_184	3_301	35.447	347	173	7	4	326	315	634	1.95e-58	194
0_184	3_302	33.333	336	181	7	4	326	209	514	1.00e-53	179
0_184	3_453	33.144	353	187	10	2	324	200	533	2.29e-45	157
0_184	3_540	32.733	333	181	9	6	325	323	625	1.76e-40	144
0_185	3_497	99.510	204	1	0	1	204	1	204	7.19e-141	400
0_185	3_522	56.497	177	67	3	27	199	1	171	1.92e-55	179
0_185	3_302	30.476	210	115	9	6	206	8	195	4.94e-13	62.0
0_185	3_301	39.655	58	33	2	143	199	237	293	1.64e-06	42.7
0_185	3_540	42.857	42	23	1	144	185	244	284	7.96e-04	34.7
0_186	3_62	100.000	249	0	0	1	249	1	249	2.37e-178	485
0_187	3_505	99.747	396	1	0	1	396	1	396	0.0	805
0_188	3_288	99.609	256	1	0	1	256	1	256	0.0	507
0_188	3_267	34.711	121	77	2	126	244	251	371	2.53e-16	72.4
0_188	3_485	26.071	280	162	5	8	244	6	283	3.14e-16	72.0
0_188	3_285	27.358	212	142	4	5	213	56	258	4.42e-16	71.2
0_188	3_316	30.508	118	73	2	134	250	598	707	3.88e-14	66.2
0_188	3_390	27.273	198	125	4	29	225	19	198	4.18e-13	63.2
0_188	3_323	24.786	234	158	11	27	252	22	245	8.79e-13	62.0
0_188	3_323	22.566	226	163	6	12	230	267	487	5.02e-09	50.8
0_188	3_206	25.203	246	153	8	4	231	122	354	2.29e-11	57.8
0_188	3_263	27.237	257	155	9	9	250	1	240	5.70e-11	55.8
0_188	3_35	25.806	217	145	9	27	231	23	235	1.56e-10	54.7
0_188	3_391	25.664	226	139	7	24	245	14	214	2.59e-10	54.7
0_188	3_233	31.313	99	68	0	133	231	211	309	2.77e-09	51.6
0_188	3_297	33.766	77	51	0	154	230	508	584	2.85e-09	51.6
0_188	3_297	29.885	87	55	2	27	112	54	135	2.47e-04	36.6
0_188	3_317	27.083	240	148	10	6	231	13	239	1.80e-08	48.9
0_188	3_73	24.074	216	151	7	20	231	14	220	1.91e-08	48.9
0_188	3_73	23.897	272	164	12	2	251	253	503	1.71e-05	40.0
0_188	3_292	23.188	207	138	6	23	227	13	200	4.00e-08	48.1
0_188	3_405	26.214	206	132	7	9	212	336	523	2.61e-07	45.4
0_188	3_246	22.831	219	137	7	22	231	17	212	2.04e-06	42.4
0_188	3_266	22.271	229	152	6	10	235	320	525	2.92e-06	42.4
0_188	3_266	21.992	241	138	8	24	235	14	233	2.41e-05	39.7
0_188	3_446	28.333	180	105	7	40	212	497	659	2.74e-05	39.3
0_188	3_516	21.053	209	141	7	9	214	324	511	2.06e-04	36.6
0_188	3_406	24.312	218	127	10	8	214	332	522	2.98e-04	36.2
0_188	3_229	31.111	90	51	5	136	218	815	900	3.27e-04	36.2
0_189	3_499	99.646	565	2	0	1	565	1	565	0.0	1096
0_190	3_500	97.333	75	2	0	1	75	1	75	2.52e-50	147
0_190	3_476	78.689	61	13	0	3	63	8	68	1.37e-29	103
0_190	3_502	70.492	61	18	0	3	63	8	68	8.24e-27	92.4
0_190	3_393	68.293	41	13	0	22	62	45	85	8.97e-16	64.7
0_190	3_176	43.284	67	31	2	9	75	14	73	9.38e-10	47.8
0_191	3_63	100.000	220	0	0	1	220	1	220	9.85e-158	430
0_192	3_489	37.179	78	31	4	124	191	197	266	6.33e-04	37.0
0_193	3_531	98.473	131	2	0	1	131	12	142	3.70e-92	258
0_193	3_322	29.600	125	86	1	2	124	176	300	7.29e-15	64.7
0_194	3_64	100.000	384	0	0	1	384	1	384	0.0	767
0_195	3_65	100.000	276	0	0	1	276	1	276	0.0	550
0_195	3_5	35.857	251	126	6	1	233	1	234	5.45e-31	112
0_196	3_435	99.832	594	1	0	1	594	1	594	0.0	1188
0_196	3_273	28.413	630	325	21	34	582	29	613	4.46e-44	162
0_197	3_268	99.606	254	1	0	1	254	1	254	0.0	522
0_198	3_436	99.512	205	1	0	1	205	1	205	3.24e-153	417
0_199	3_66	100.000	144	0	0	1	144	1	144	6.33e-107	296
0_200	3_437	99.635	274	1	0	1	274	1	274	0.0	559
0_201	3_68	100.000	293	0	0	1	293	1	293	0.0	579
0_202	3_439	98.882	984	8	2	1	981	1	984	0.0	1954
0_202	3_331	22.083	720	357	26	188	785	796	1433	1.49e-17	82.4
0_203	3_269	99.833	599	1	0	1	599	1	599	0.0	1219
0_203	3_157	30.093	216	126	7	117	315	10	217	6.32e-17	78.6
0_203	3_158	37.008	127	62	2	116	224	13	139	8.04e-14	68.9
0_203	3_51	32.099	162	90	3	116	257	21	182	2.41e-13	66.6
0_204	3_270	99.838	617	1	0	1	617	1	617	0.0	1241
0_205	3_440	99.850	666	1	0	1	666	1	666	0.0	1351
0_206	3_441	99.827	579	1	0	1	579	1	579	0.0	1176
0_207	3_271	99.388	327	2	0	1	327	1	327	0.0	658
0_208	3_69	100.000	118	0	0	1	118	1	118	4.13e-79	223
0_209	3_210	100.000	202	0	0	1	202	1	202	5.18e-139	409
0_210	3_210	99.884	859	1	0	1	859	207	1065	0.0	1723
0_210	3_356	26.625	323	183	13	417	701	917	1223	6.62e-14	70.5
0_210	3_356	37.383	107	59	3	91	191	281	385	3.21e-10	58.5
0_211	3_272	99.593	246	1	0	1	246	1	246	4.67e-179	486
0_212	3_70	100.000	97	0	0	1	97	1	97	2.02e-67	192
0_213	3_71	100.000	505	0	0	1	505	1	505	0.0	1029
0_214	3_211	99.647	283	1	0	1	283	1	283	0.0	552
0_215	3_72	100.000	184	0	0	1	184	1	184	1.26e-136	374
0_216	3_73	100.000	508	0	0	1	508	1	508	0.0	1011
0_216	3_323	30.469	512	327	14	12	505	11	511	4.49e-54	185
0_216	3_246	34.498	229	125	6	26	245	25	237	1.08e-23	94.7
0_216	3_246	32.051	78	53	0	407	484	136	213	7.97e-07	44.7
0_216	3_390	32.673	202	122	5	12	211	6	195	8.78e-16	74.7
0_216	3_292	29.630	216	130	6	8	217	2	201	1.69e-13	67.4
0_216	3_292	24.229	227	142	7	261	482	2	203	8.80e-04	36.2
0_216	3_35	29.464	224	131	5	22	224	22	239	2.53e-13	65.1
0_216	3_35	21.127	213	161	4	277	484	26	236	2.48e-04	37.4
0_216	3_391	29.524	210	134	5	12	221	10	205	1.13e-12	64.7
0_216	3_391	28.326	233	135	9	261	487	2	208	4.90e-09	53.1
0_216	3_263	32.143	196	124	6	31	223	28	217	1.02e-11	60.1
0_216	3_266	26.271	236	145	9	8	221	2	230	6.07e-10	55.8
0_216	3_266	32.432	74	47	2	149	222	453	523	3.19e-04	37.4
0_216	3_285	25.405	185	119	6	26	201	83	257	9.95e-09	51.2
0_216	3_285	23.387	248	159	10	244	487	59	279	1.13e-05	41.6
0_216	3_206	28.444	225	127	11	23	224	145	358	1.81e-08	50.8
0_216	3_206	25.106	235	140	8	278	493	147	364	1.22e-05	42.0
0_216	3_405	31.694	183	103	8	26	201	355	522	2.49e-08	50.8
0_216	3_297	30.476	105	70	1	7	111	38	139	3.54e-08	50.4
0_216	3_297	25.974	77	56	1	407	482	508	584	4.65e-04	37.0
0_216	3_485	28.030	132	86	4	356	484	146	271	2.65e-07	47.0
0_216	3_551	31.034	145	86	3	40	180	21	155	2.67e-07	45.8
0_216	3_233	30.488	82	54	2	407	486	232	312	3.94e-07	46.6
0_216	3_233	28.333	60	43	0	8	67	11	70	4.28e-04	37.0
0_216	3_288	23.148	216	153	7	14	220	20	231	1.91e-06	43.9
0_216	3_288	24.180	244	146	10	277	503	30	251	2.59e-04	37.4
0_216	3_316	25.532	94	63	2	398	487	610	700	6.04e-06	43.1
0_216	3_267	25.954	131	94	2	357	484	229	359	1.33e-05	42.0
0_216	3_406	25.568	176	111	6	36	205	363	524	3.57e-05	40.4
0_216	3_385	25.000	184	124	4	27	208	346	517	3.53e-04	37.4
0_216	3_317	25.000	236	148	10	273	493	28	249	3.89e-04	37.0
0_216	3_516	43.182	44	25	0	26	69	343	386	6.50e-04	36.6
0_217	3_443	99.649	569	2	0	1	569	1	569	0.0	1099
0_217	3_74	30.556	216	124	4	79	285	18	216	5.87e-12	61.2
0_218	3_74	100.000	303	0	0	1	303	1	303	0.0	577
0_218	3_443	31.050	219	119	5	18	216	79	285	1.59e-11	59.3
0_219	3_75	100.000	184	0	0	1	184	1	184	6.11e-138	377
0_220	3_76	100.000	89	0	0	1	89	1	89	2.36e-60	174
0_221	3_273	99.879	826	1	0	1	826	1	826	0.0	1673
0_221	3_435	28.413	630	325	21	29	613	34	582	5.35e-49	177
0_222	3_444	99.143	817	5	1	1	817	1	815	0.0	1662
0_222	3_408	25.982	866	484	33	20	804	20	809	8.03e-43	162
0_223	3_445	98.613	649	9	0	84	732	1	649	0.0	1291
0_223	3_321	37.743	771	391	26	1	707	1	746	7.68e-140	425
0_223	3_409	30.838	334	202	9	285	591	305	636	2.62e-34	134
0_224	3_77	100.000	165	0	0	1	165	1	165	6.37e-118	325
0_225	3_494	99.174	121	1	0	1	121	1	121	4.28e-79	223
0_226	3_495	99.918	1217	1	0	1	1217	1	1217	0.0	2490
0_227	3_78	100.000	1411	0	0	1	1411	1	1411	0.0	2888
0_228	3_496	98.561	139	2	0	1	139	1	139	3.16e-98	273
0_229	3_409	99.206	756	6	0	84	839	1	756	0.0	1526
0_229	3_445	30.240	334	204	9	388	719	202	508	7.72e-33	129
0_229	3_445	50.633	79	12	3	84	143	1	71	7.82e-11	60.1
0_229	3_321	28.829	333	192	12	389	707	304	605	4.18e-27	112
0_229	3_321	32.571	175	88	8	1	147	1	173	1.38e-10	59.3
0_229	3_457	64.198	81	29	0	279	359	232	312	9.59e-26	107
0_230	3_462	26.623	154	99	6	7	151	1054	1202	1.10e-04	36.2
0_232	3_79	100.000	534	0	0	1	534	1	534	0.0	1088
0_233	3_475	97.970	197	4	0	1	197	1	197	5.43e-132	363
0_234	3_80	100.000	214	0	0	1	214	1	214	2.72e-154	421
0_235	3_81	100.000	632	0	0	1	632	1	632	0.0	1287
0_236	3_82	100.000	120	0	0	1	120	1	120	5.75e-85	238
0_237	3_83	100.000	227	0	0	1	227	1	227	1.93e-169	461
0_238	3_84	100.000	87	0	0	1	87	1	87	1.77e-62	179
0_239	3_474	99.362	627	4	0	405	1031	1	627	0.0	1251
0_239	3_532	99.745	392	1	0	1	392	1	392	0.0	786
0_240	3_85	100.000	321	0	0	1	321	1	321	0.0	642
0_240	3_548	41.379	58	30	1	8	65	13	66	1.40e-07	47.4
0_241	3_473	99.579	475	2	0	1	475	1	475	0.0	920
0_242	3_86	100.000	753	0	0	1	753	1	753	0.0	1524
0_243	3_533	100.000	154	0	0	58	211	1	154	6.97e-107	299
0_244	3_87	100.000	418	0	0	1	418	1	418	0.0	851
0_245	3_88	100.000	109	0	0	1	109	1	109	1.15e-79	224
0_246	3_89	100.000	155	0	0	1	155	1	155	8.10e-113	311
0_247	3_472	99.861	720	1	0	1	720	1	720	0.0	1483
0_248	3_90	100.000	64	0	0	1	64	1	64	6.80e-43	127
0_249	3_91	100.000	116	0	0	1	116	1	116	4.07e-83	233
0_250	3_199	99.020	102	1	0	1	102	115	216	3.49e-69	201
0_251	3_199	100.000	88	0	0	1	88	1	88	4.41e-61	181
0_252	3_92	100.000	478	0	0	1	478	1	478	0.0	968
0_253	3_93	100.000	263	0	0	1	263	1	263	0.0	505
0_253	3_334	27.350	117	73	3	48	152	110	226	1.59e-06	42.7
0_253	3_334	33.333	93	52	3	35	117	121	213	3.06e-05	38.9
0_254	3_94	100.000	91	0	0	1	91	1	91	4.82e-63	181
0_255	3_95	100.000	356	0	0	1	356	1	356	0.0	721
0_256	3_96	100.000	99	0	0	1	99	1	99	5.96e-69	196
0_257	3_97	100.000	84	0	0	1	84	1	84	2.19e-57	166
0_258	3_521	99.296	284	2	0	1	284	1	284	0.0	570
0_258	3_261	37.143	105	61	3	37	141	22	121	4.24e-14	65.5
0_259	3_98	100.000	369	0	0	1	369	1	369	0.0	745
0_260	3_99	100.000	489	0	0	1	489	1	489	0.0	965
0_261	3_100	100.000	315	0	0	1	315	1	315	0.0	627
0_261	3_305	22.261	283	198	6	36	309	31	300	3.00e-13	63.9
0_262	3_471	99.446	361	2	0	1	361	1	361	0.0	731
0_263	3_101	100.000	242	0	0	1	242	1	242	9.04e-176	478
0_263	3_413	26.772	127	68	4	81	203	46	151	3.02e-04	35.0
0_264	3_275	99.786	467	1	0	1	467	1	467	0.0	954
0_265	3_102	100.000	216	0	0	1	216	1	216	2.99e-147	404
0_266	3_469	99.630	270	1	0	1	270	1	270	0.0	545
0_267	3_410	99.755	408	1	0	4	411	1	408	0.0	812
0_268	3_411	99.778	450	1	0	1	450	1	450	0.0	899
0_269	3_103	100.000	216	0	0	1	216	1	216	1.04e-156	427
0_269	3_554	25.654	191	131	5	28	214	54	237	6.26e-10	52.0
0_270	3_412	99.298	285	2	0	1	285	1	285	0.0	569
0_271	3_104	100.000	193	0	0	1	193	1	193	2.85e-139	381
0_272	3_413	98.925	186	2	0	1	186	1	186	6.27e-136	372
0_272	3_101	26.772	127	68	4	46	151	81	203	2.14e-04	35.4
0_273	3_545	98.889	180	2	0	34	213	1	180	1.05e-130	360
0_274	3_414	99.317	293	2	0	1	293	1	293	0.0	582
0_274	3_156	29.530	149	90	6	9	152	5	143	3.11e-09	52.0
0_274	3_156	26.220	164	110	4	9	162	173	335	2.82e-06	42.7
0_274	3_130	37.705	61	35	1	5	65	218	275	4.09e-05	39.3
0_274	3_172	39.344	61	33	3	10	69	19	76	2.42e-04	35.8
0_275	3_105	100.000	131	0	0	1	131	1	131	2.97e-94	263
0_276	3_106	100.000	150	0	0	1	150	1	150	1.60e-109	303
0_277	3_446	99.853	679	1	0	2	680	1	679	0.0	1342
0_277	3_406	27.719	285	184	6	358	634	225	495	3.46e-14	70.1
0_277	3_385	32.184	174	95	8	495	660	352	510	8.92e-11	59.3
0_277	3_391	31.285	179	100	8	500	670	32	195	5.23e-10	57.0
0_277	3_246	29.630	189	109	7	501	679	38	212	7.30e-10	54.7
0_277	3_405	31.138	167	94	7	502	660	369	522	7.34e-10	56.2
0_277	3_551	30.496	141	90	3	502	640	21	155	2.00e-09	52.4
0_277	3_516	28.042	189	107	7	463	638	317	489	7.26e-09	53.1
0_277	3_285	29.167	168	103	8	502	660	97	257	4.09e-08	50.1
0_277	3_390	24.479	192	131	5	491	678	23	204	2.46e-07	48.1
0_277	3_263	25.359	209	123	8	464	661	11	197	3.60e-07	46.6
0_277	3_323	22.353	170	119	4	500	660	37	202	4.82e-05	40.8
0_277	3_292	24.510	204	131	6	469	670	13	195	1.19e-04	39.7
0_277	3_288	28.814	177	108	5	498	660	40	212	3.46e-04	37.4
0_277	3_485	45.588	68	27	4	466	525	4	69	5.11e-04	37.4
0_277	3_266	25.126	199	105	10	500	667	32	217	5.94e-04	37.4
0_278	3_415	99.749	398	1	0	1	398	1	398	0.0	810
0_279	3_546	99.219	128	1	0	1	128	128	255	3.99e-89	254
0_280	3_282	99.582	239	1	0	1	239	1	239	3.37e-175	476
0_281	3_417	99.738	381	1	0	1	381	1	381	0.0	753
0_282	3_281	99.576	236	1	0	1	236	1	236	2.00e-171	466
0_282	3_298	33.088	136	64	8	4	113	16	150	6.06e-06	40.8
0_283	3_280	98.333	120	2	0	1	120	1	120	1.83e-86	242
0_284	3_107	100.000	332	0	0	1	332	1	332	0.0	667
0_285	3_108	100.000	134	0	0	1	134	1	134	3.30e-97	270
0_286	3_109	100.000	137	0	0	1	137	1	137	1.88e-97	271
0_287	3_110	100.000	37	0	0	1	37	1	37	1.08e-20	70.1
0_288	3_111	100.000	75	0	0	1	75	1	75	3.27e-53	154
0_289	3_112	100.000	250	0	0	1	250	1	250	0.0	511
0_289	3_17	27.451	204	135	5	3	203	121	314	1.63e-15	69.7
0_290	3_418	99.528	212	1	0	1	212	1	212	2.89e-156	426
0_291	3_419	99.366	473	3	0	1	473	1	473	0.0	922
0_292	3_113	100.000	147	0	0	1	147	1	147	7.19e-107	296
0_293	3_279	99.614	259	1	0	1	259	1	259	0.0	518
0_294	3_420	98.347	121	2	0	1	121	1	121	1.34e-86	243
0_295	3_421	99.441	179	1	0	1	179	1	179	1.80e-129	355
0_296	3_114	100.000	131	0	0	1	131	1	131	2.20e-94	263
0_297	3_115	100.000	61	0	0	1	61	1	61	5.55e-42	125
0_298	3_116	100.000	181	0	0	1	181	1	181	5.17e-135	370
0_299	3_278	99.065	107	1	0	1	107	1	107	3.91e-72	205
0_300	3_117	100.000	122	0	0	1	122	1	122	1.02e-84	238
0_301	3_118	100.000	121	0	0	1	121	1	121	1.57e-81	229
0_302	3_119	100.000	136	0	0	1	136	1	136	9.06e-100	277
0_303	3_120	100.000	227	0	0	1	227	1	227	2.12e-167	455
0_304	3_121	100.000	173	0	0	1	173	1	173	1.75e-125	345
0_305	3_122	100.000	90	0	0	1	90	1	90	1.44e-65	187
0_306	3_123	100.000	282	0	0	1	282	1	282	0.0	566
0_307	3_124	100.000	163	0	0	1	163	1	163	1.57e-116	322
0_308	3_277	99.533	214	1	0	1	214	1	214	1.33e-156	427
0_309	3_125	100.000	233	0	0	1	233	1	233	3.99e-170	462
0_310	3_126	100.000	106	0	0	1	106	1	106	6.73e-75	212
0_311	3_276	99.512	205	1	0	1	205	1	205	4.06e-150	410
0_312	3_127	100.000	227	0	0	1	227	1	227	2.39e-167	455
0_313	3_422	99.773	883	2	0	1	883	1	883	0.0	1781
0_314	3_128	100.000	184	0	0	1	184	1	184	1.66e-136	374
0_315	3_423	99.327	297	2	0	1	297	1	297	0.0	576
0_316	3_424	99.859	709	1	0	1	709	1	709	0.0	1424
0_317	3_561	99.796	489	1	0	1	489	2	490	0.0	979
0_317	3_258	27.500	160	109	3	145	300	110	266	6.28e-12	62.0
0_317	3_258	46.809	47	22	1	439	482	489	535	4.30e-08	50.1
0_317	3_274	23.176	466	288	19	51	483	14	442	1.32e-10	57.8
0_318	3_129	100.000	276	0	0	1	276	1	276	0.0	566
0_318	3_455	26.894	264	165	9	5	249	21	275	8.49e-14	64.7
0_318	3_219	23.529	272	197	8	2	272	4	265	4.46e-11	56.6
0_318	3_38	24.074	270	159	9	1	248	1	246	2.91e-06	42.0
0_318	3_183	27.397	73	51	1	2	72	7	79	4.81e-05	38.5
0_318	3_480	25.877	228	143	10	7	224	8	219	4.92e-04	35.4
0_319	3_130	100.000	442	0	0	1	442	1	442	0.0	874
0_319	3_156	35.897	156	83	4	218	368	172	315	3.60e-20	87.0
0_319	3_156	29.032	124	83	4	220	341	6	126	3.78e-06	43.1
0_319	3_414	37.705	61	35	1	218	275	5	65	5.80e-05	39.3
0_320	3_266	99.814	538	1	0	1	538	1	538	0.0	1097
0_320	3_391	25.641	234	141	6	1	230	1	205	1.17e-12	64.7
0_320	3_391	28.571	210	133	8	319	519	1	202	1.24e-09	55.1
0_320	3_263	27.778	198	108	5	13	203	16	185	2.73e-12	62.0
0_320	3_390	22.993	274	175	5	1	272	1	240	6.48e-11	59.3
0_320	3_390	24.645	211	138	8	319	518	1	201	5.76e-06	43.5
0_320	3_516	28.342	187	110	5	1	187	324	486	1.93e-10	57.4
0_320	3_73	26.271	236	145	9	2	230	8	221	3.44e-10	56.6
0_320	3_73	32.432	74	47	2	453	523	149	222	3.34e-04	37.7
0_320	3_405	23.853	218	133	6	1	213	336	525	5.67e-09	52.8
0_320	3_406	44.898	49	27	0	13	61	346	394	8.84e-08	48.9
0_320	3_323	24.378	201	108	6	1	187	6	176	5.91e-07	46.2
0_320	3_297	35.088	57	37	0	2	58	39	95	6.89e-07	46.2
0_320	3_297	28.788	66	43	1	152	213	504	569	3.72e-05	40.8
0_320	3_35	24.286	210	127	6	20	213	26	219	1.03e-06	45.1
0_320	3_246	21.397	229	162	8	319	536	5	226	1.43e-06	44.3
0_320	3_246	22.363	237	149	6	1	230	5	213	2.27e-05	40.4
0_320	3_385	32.812	64	43	0	10	73	335	398	7.23e-06	42.7
0_320	3_292	26.027	219	131	9	319	521	1	204	8.18e-06	42.7
0_320	3_292	20.851	235	133	6	1	219	1	198	9.79e-06	42.7
0_320	3_233	31.765	85	54	1	150	230	226	310	1.39e-05	42.0
0_320	3_233	27.586	58	42	0	1	58	10	67	2.69e-05	40.8
0_320	3_288	21.491	228	155	5	320	525	10	235	4.62e-05	39.7
0_320	3_288	21.577	241	139	6	14	233	24	235	2.91e-04	37.4
0_320	3_206	23.913	184	111	6	16	187	142	308	9.03e-05	39.3
0_320	3_485	27.174	92	64	1	443	534	188	276	3.62e-04	37.4
0_320	3_446	25.126	199	105	10	32	217	499	666	4.42e-04	37.4
0_320	3_316	28.169	71	47	1	449	515	620	690	6.70e-04	36.6
0_321	3_425	99.712	695	2	0	1	695	1	695	0.0	1376
0_322	3_131	100.000	70	0	0	1	70	1	70	2.75e-47	139
0_323	3_427	99.709	344	1	0	1	344	1	344	0.0	679
0_323	3_381	24.606	317	175	11	64	333	46	345	1.70e-05	40.4
0_324	3_132	100.000	366	0	0	1	366	1	366	0.0	723
0_324	3_319	27.358	318	207	7	61	361	6	316	8.74e-23	92.8
0_325	3_133	100.000	321	0	0	1	321	1	321	0.0	634
0_325	3_318	32.877	219	139	5	106	317	160	377	2.27e-20	85.5
0_326	3_267	99.774	443	1	0	1	443	1	443	0.0	890
0_326	3_316	37.349	249	138	4	204	437	531	776	4.93e-43	156
0_326	3_316	39.175	97	55	2	61	156	22	115	8.99e-13	64.7
0_326	3_206	45.082	122	66	1	273	394	269	389	1.39e-28	112
0_326	3_206	35.185	108	53	4	59	156	139	239	1.73e-11	60.1
0_326	3_317	37.500	136	83	1	252	385	131	266	1.96e-23	95.5
0_326	3_317	29.630	135	70	5	32	157	7	125	5.15e-09	52.0
0_326	3_233	26.786	392	248	11	43	417	10	379	3.69e-23	95.9
0_326	3_297	38.298	94	57	1	274	366	501	594	5.73e-17	77.8
0_326	3_297	29.688	128	75	3	38	165	33	145	4.23e-10	56.2
0_326	3_288	34.711	121	77	2	251	371	126	244	5.28e-16	72.4
0_326	3_35	36.719	128	73	3	261	386	139	260	2.17e-15	71.2
0_326	3_485	33.333	90	60	0	282	371	194	283	8.54e-15	70.1
0_326	3_285	42.857	84	47	1	276	359	194	276	1.07e-14	69.3
0_326	3_285	31.481	108	69	2	42	147	59	163	1.27e-06	44.3
0_326	3_246	32.353	102	68	1	278	379	133	233	3.40e-12	60.8
0_326	3_263	32.500	120	77	3	244	363	104	219	4.00e-12	60.8
0_326	3_323	36.634	101	54	3	264	360	129	223	7.81e-11	58.2
0_326	3_323	35.443	79	50	1	281	359	412	489	3.69e-07	46.6
0_326	3_323	41.071	56	29	1	43	98	6	57	5.30e-06	42.7
0_326	3_391	35.556	90	52	3	281	367	129	215	3.97e-08	49.7
0_326	3_390	25.191	131	91	3	223	351	72	197	8.13e-08	48.9
0_326	3_292	29.600	125	78	5	267	390	115	230	2.14e-07	47.8
0_326	3_73	25.954	131	94	2	229	359	357	484	1.16e-05	42.0
0_326	3_405	38.983	59	33	1	281	339	467	522	4.58e-05	40.0
0_326	3_516	29.412	85	53	2	30	111	308	388	1.50e-04	38.5
0_326	3_406	27.132	129	76	4	23	138	302	425	5.09e-04	36.6
0_326	3_229	26.984	189	115	7	240	424	450	619	6.48e-04	36.6
0_327	3_428	99.606	2033	8	0	1	2033	1	2033	0.0	4074
0_328	3_429	99.888	892	1	0	1	892	1	892	0.0	1802
0_329	3_430	99.296	142	1	0	1	142	1	142	4.82e-103	286
0_330	3_431	99.723	361	1	0	1	361	1	361	0.0	717
0_331	3_432	99.796	490	1	0	1	490	1	490	0.0	959
0_332	3_134	100.000	259	0	0	1	259	1	259	0.0	515
0_333	3_433	99.008	504	5	0	1	504	1	504	0.0	970
0_333	3_483	25.901	444	264	16	10	403	51	479	3.62e-21	91.3
0_334	3_135	100.000	91	0	0	1	91	1	91	6.68e-61	175
0_334	3_2	28.571	91	61	3	1	88	3	92	8.78e-07	38.5
0_335	3_136	100.000	98	0	0	1	98	1	98	9.65e-67	191
0_336	3_137	100.000	207	0	0	1	207	1	207	5.30e-147	402
0_337	3_554	100.000	206	0	0	1	206	37	242	8.19e-151	413
0_337	3_103	25.654	191	131	5	18	201	28	214	4.37e-10	52.0
0_338	3_138	100.000	62	0	0	1	62	1	62	1.17e-40	122
0_339	3_139	100.000	97	0	0	1	97	1	97	7.20e-67	191
0_340	3_140	100.000	439	0	0	1	439	1	439	0.0	875
0_341	3_373	99.570	465	2	0	1	465	1	465	0.0	926
0_342	3_255	99.323	443	3	0	1	443	1	443	0.0	868
0_343	3_372	97.598	333	8	0	1	333	1	333	0.0	644
0_344	3_371	99.333	150	1	0	1	150	1	150	1.24e-104	290
0_344	3_329	38.158	76	46	1	67	142	26	100	2.20e-10	49.7
0_345	3_370	99.510	204	1	0	1	204	1	204	5.89e-143	392
0_346	3_369	99.774	886	2	0	1	886	1	886	0.0	1799
0_346	3_382	24.069	698	428	16	34	711	18	633	1.28e-46	174
0_346	3_396	22.941	340	205	10	440	753	393	701	9.49e-15	72.8
0_346	3_396	23.563	174	120	3	27	199	8	169	6.81e-09	53.9
0_346	3_451	26.490	151	100	3	50	200	2	141	3.19e-09	54.7
0_346	3_451	34.426	61	35	2	574	634	294	349	4.86e-05	41.2
0_347	3_368	99.882	850	1	0	1	850	1	850	0.0	1695
0_347	3_236	35.361	707	433	11	6	698	50	746	5.03e-130	405
0_347	3_236	25.000	132	88	5	582	706	727	854	3.74e-04	38.5
0_348	3_141	100.000	336	0	0	1	336	1	336	0.0	687
0_349	3_540	98.089	628	6	1	1	622	1	628	0.0	1224
0_349	3_302	38.969	485	274	6	142	619	44	513	3.46e-107	329
0_349	3_301	43.326	427	223	5	210	619	209	633	1.08e-106	331
0_349	3_522	36.432	398	216	10	246	619	125	509	1.25e-60	205
0_349	3_497	30.275	545	293	20	113	619	48	543	1.02e-51	181
0_349	3_453	30.496	423	246	10	237	618	118	533	1.03e-47	171
0_350	3_142	100.000	694	0	0	1	694	1	694	0.0	1391
0_351	3_143	100.000	337	0	0	1	337	1	337	0.0	672
0_352	3_144	100.000	240	0	0	1	240	1	240	3.07e-178	484
0_353	3_145	100.000	419	0	0	1	419	1	419	0.0	828
0_353	3_286	35.433	127	57	2	160	261	6	132	1.48e-14	69.3
0_353	3_156	25.112	223	154	7	159	375	173	388	1.94e-04	37.7
0_353	3_514	35.000	60	27	2	159	214	113	164	6.50e-04	35.8
0_354	3_254	99.167	120	1	0	1	120	1	120	3.80e-84	236
0_355	3_366	100.000	291	0	0	1	291	1	291	0.0	581
0_356	3_146	100.000	141	0	0	1	141	1	141	1.21e-99	277
0_357	3_365	98.701	385	5	0	1	385	1	385	0.0	738
0_358	3_147	100.000	242	0	0	1	242	1	242	8.50e-173	470
0_359	3_148	100.000	102	0	0	1	102	1	102	1.55e-71	203
0_360	3_149	100.000	179	0	0	1	179	1	179	3.46e-127	350
0_361	3_150	100.000	187	0	0	1	187	1	187	4.39e-132	363
0_362	3_364	99.606	507	2	0	1	507	1	507	0.0	1010
0_362	3_308	43.385	325	173	6	125	444	105	423	1.33e-74	239
0_362	3_362	26.757	370	260	7	58	421	44	408	8.02e-26	104
0_362	3_182	21.988	332	249	6	37	363	15	341	8.04e-08	48.9
0_363	3_363	99.638	276	1	0	1	276	1	276	0.0	542
0_364	3_362	99.788	471	1	0	1	471	1	471	0.0	951
0_364	3_182	37.168	452	279	4	7	456	2	450	3.00e-104	313
0_364	3_364	27.027	370	259	7	44	408	58	421	1.34e-26	107
0_364	3_308	22.712	295	216	6	63	348	49	340	4.49e-08	49.7
0_365	3_151	100.000	161	0	0	1	161	1	161	1.08e-117	324
0_366	3_515	99.396	331	2	0	1	331	1	331	0.0	663
0_367	3_361	99.016	305	3	0	1	305	1	305	0.0	600
0_368	3_152	100.000	440	0	0	1	440	1	440	0.0	877
0_368	3_9	36.269	193	110	4	101	283	125	314	1.18e-26	104
0_369	3_153	100.000	455	0	0	1	455	1	455	0.0	930
0_370	3_360	99.566	691	3	0	1	691	1	691	0.0	1386
0_371	3_359	99.611	257	1	0	1	257	1	257	0.0	514
0_372	3_358	99.638	276	1	0	1	276	1	276	0.0	563
0_373	3_357	99.758	414	1	0	1	414	1	414	0.0	828
0_374	3_356	99.558	1585	7	0	1	1585	1	1585	0.0	3125
0_374	3_210	26.625	323	183	13	917	1223	623	907	1.02e-13	70.9
0_374	3_210	37.383	107	59	3	281	385	297	397	1.09e-05	44.7
0_375	3_253	99.420	517	3	0	1	517	1	517	0.0	1001
0_376	3_355	99.020	102	1	0	1	102	1	102	5.28e-69	196
0_377	3_252	99.833	600	1	0	1	600	1	600	0.0	1197
0_378	3_154	100.000	376	0	0	1	376	1	376	0.0	775
0_379	3_155	100.000	227	0	0	1	227	1	227	8.88e-170	461
0_380	3_156	100.000	437	0	0	1	437	1	437	0.0	877
0_380	3_130	35.897	156	83	4	172	315	218	368	3.79e-20	86.7
0_380	3_130	29.032	124	83	4	6	126	220	341	3.42e-06	43.5
0_380	3_414	29.530	149	90	6	5	143	9	152	4.65e-09	52.0
0_380	3_414	35.593	59	38	0	173	231	9	67	4.18e-06	42.7
0_380	3_172	40.741	54	29	1	6	59	19	69	4.96e-06	41.6
0_380	3_172	28.415	183	118	5	157	338	5	175	6.57e-06	41.2
0_380	3_157	28.108	185	98	8	174	341	10	176	4.52e-05	40.0
0_380	3_514	33.846	65	33	4	5	65	113	171	2.65e-04	37.0
0_381	3_251	98.684	76	1	0	1	76	1	76	4.96e-49	144
0_382	3_157	100.000	598	0	0	1	598	1	598	0.0	1210
0_382	3_158	36.898	187	106	4	2	183	6	185	1.17e-24	103
0_382	3_158	23.009	226	143	9	165	370	266	480	7.26e-07	46.6
0_382	3_158	22.599	177	118	5	322	480	509	684	3.26e-06	44.3
0_382	3_269	30.093	216	126	7	10	217	117	315	7.14e-17	78.6
0_382	3_51	27.083	288	181	10	8	272	20	301	4.42e-16	75.1
0_382	3_156	28.108	185	98	8	10	176	174	341	6.19e-05	40.0
0_383	3_354	99.690	323	1	0	1	323	1	323	0.0	657
0_384	3_158	100.000	694	0	0	1	694	1	694	0.0	1425
0_384	3_157	36.898	187	106	4	6	185	2	183	1.36e-24	103
0_384	3_157	23.009	226	143	9	266	480	165	370	8.42e-07	46.6
0_384	3_157	22.599	177	118	5	509	684	322	480	3.78e-06	44.3
0_384	3_269	37.008	127	62	2	13	139	116	224	9.08e-14	68.9
0_384	3_51	34.091	132	84	3	8	138	16	145	5.11e-13	65.9
0_385	3_159	100.000	141	0	0	1	141	1	141	5.93e-104	288
0_386	3_250	99.398	166	1	0	1	166	1	166	1.36e-116	322
0_387	3_353	99.779	452	1	0	1	452	1	452	0.0	881
0_388	3_160	100.000	457	0	0	1	457	1	457	0.0	936
0_388	3_322	26.351	148	100	5	159	302	335	477	1.26e-04	38.5
0_388	3_547	28.916	83	53	1	106	188	16	92	7.28e-04	34.3
0_389	3_161	100.000	427	0	0	1	427	1	427	0.0	847
0_390	3_352	99.569	232	1	0	1	232	1	232	3.02e-173	471
0_391	3_351	99.700	999	1	1	1	999	1	997	0.0	2010
0_392	3_162	100.000	93	0	0	1	93	1	93	4.75e-68	193
0_393	3_518	27.966	354	203	13	345	663	268	604	4.35e-19	86.3
0_395	3_394	99.898	979	1	0	1	979	1	979	0.0	1929
0_396	3_395	99.510	408	2	0	1	408	1	408	0.0	819
0_397	3_163	100.000	259	0	0	1	259	1	259	0.0	514
0_398	3_164	100.000	144	0	0	1	144	1	144	8.22e-108	298
0_399	3_165	100.000	132	0	0	1	132	1	132	6.72e-95	264
0_400	3_166	100.000	662	0	0	1	662	1	662	0.0	1330
0_401	3_396	99.620	790	3	0	1	790	1	790	0.0	1603
0_401	3_369	22.941	340	205	10	393	701	440	753	1.16e-14	72.4
0_401	3_369	23.563	174	120	3	8	169	27	199	5.86e-09	53.9
0_401	3_382	24.103	195	101	6	398	592	393	540	4.64e-12	63.9
0_401	3_382	27.174	184	113	4	3	168	6	186	1.34e-08	52.8
0_401	3_451	34.444	90	58	1	29	118	3	91	6.78e-08	50.1
0_401	3_451	33.000	100	59	3	513	612	264	355	1.72e-07	48.9
0_402	3_283	99.729	369	1	0	1	369	1	369	0.0	741
0_403	3_397	99.310	145	1	0	1	145	1	145	2.90e-102	284
0_404	3_284	99.756	410	1	0	1	410	1	410	0.0	808
0_405	3_399	99.119	227	2	0	1	227	1	227	6.89e-163	444
0_406	3_167	100.000	229	0	0	1	229	1	229	5.08e-169	459
0_406	3_470	29.252	147	97	3	82	226	111	252	9.41e-09	48.9
0_407	3_168	100.000	181	0	0	1	181	1	181	1.19e-134	369
0_408	3_169	100.000	46	0	0	1	46	1	46	2.30e-29	92.4
0_409	3_400	99.383	324	2	0	1	324	1	324	0.0	639
0_410	3_401	99.366	946	6	0	1	946	1	946	0.0	1851
0_411	3_170	100.000	195	0	0	1	195	1	195	2.42e-144	394
0_412	3_171	100.000	249	0	0	1	249	1	249	0.0	500
0_413	3_402	99.592	245	1	0	1	245	1	245	2.48e-176	479
0_414	3_403	99.714	700	2	0	1	700	1	700	0.0	1419
0_415	3_404	98.969	582	6	0	1	582	1	582	0.0	1167
0_416	3_405	99.443	539	3	0	1	539	1	539	0.0	1044
0_416	3_551	61.376	189	73	0	351	539	3	191	1.82e-62	198
0_416	3_516	28.705	533	354	10	7	533	8	520	5.22e-48	169
0_416	3_385	31.604	212	135	3	331	538	321	526	1.37e-30	120
0_416	3_406	38.462	221	128	7	322	538	320	536	1.62e-29	116
0_416	3_263	34.694	196	110	5	348	531	16	205	8.19e-19	81.3
0_416	3_391	30.189	212	129	8	336	539	1	201	1.60e-15	73.9
0_416	3_292	29.897	194	126	6	336	525	1	188	5.56e-13	65.9
0_416	3_390	26.887	212	136	7	336	539	1	201	1.98e-12	64.3
0_416	3_446	31.138	167	94	7	369	522	501	659	5.52e-10	56.2
0_416	3_246	32.065	184	107	8	354	528	24	198	1.05e-09	53.5
0_416	3_266	23.853	218	133	6	336	525	1	213	8.32e-09	52.4
0_416	3_73	31.148	183	104	8	355	522	26	201	4.61e-08	50.1
0_416	3_285	25.510	196	125	7	351	532	79	267	1.23e-07	48.1
0_416	3_316	38.983	59	33	1	467	522	619	677	6.30e-07	46.6
0_416	3_297	27.778	90	61	2	452	538	493	581	1.41e-06	45.4
0_416	3_485	29.412	85	52	2	441	522	172	251	4.39e-06	43.5
0_416	3_317	28.293	205	119	10	351	532	29	228	6.01e-06	42.7
0_416	3_233	30.769	78	53	1	327	404	1	77	9.33e-06	42.4
0_416	3_233	35.294	68	41	1	464	528	229	296	6.64e-05	39.7
0_416	3_288	26.699	206	131	7	336	523	9	212	3.18e-05	40.0
0_416	3_267	38.983	59	33	1	467	522	281	339	5.77e-05	40.0
0_417	3_406	99.254	536	4	0	1	536	1	536	0.0	1012
0_417	3_385	31.445	512	325	9	35	536	31	526	1.59e-54	187
0_417	3_405	38.914	221	127	7	320	536	322	538	6.99e-30	117
0_417	3_516	35.407	209	123	6	328	531	319	520	1.20e-23	99.0
0_417	3_551	37.500	192	112	3	349	536	3	190	3.83e-16	71.6
0_417	3_391	32.558	215	117	9	334	536	2	200	2.60e-15	73.2
0_417	3_263	30.189	212	132	8	334	534	2	208	4.33e-14	67.4
0_417	3_446	31.551	187	110	5	319	495	455	633	4.47e-14	69.3
0_417	3_390	31.373	204	111	9	346	536	13	200	2.17e-11	60.8
0_417	3_285	31.527	203	114	11	349	536	79	271	2.54e-08	50.1
0_417	3_266	44.898	49	27	0	346	394	13	61	8.73e-08	48.9
0_417	3_292	28.505	214	123	10	334	534	2	198	7.65e-07	46.2
0_417	3_246	27.273	209	130	9	336	533	8	205	3.03e-06	43.1
0_417	3_73	26.136	176	110	6	363	524	36	205	1.64e-05	41.6
0_417	3_297	33.333	66	43	1	331	396	36	100	2.69e-05	41.2
0_417	3_316	36.508	63	34	2	364	424	38	96	8.22e-05	39.7
0_417	3_485	38.000	100	46	5	327	415	1	95	1.48e-04	38.5
0_417	3_267	27.132	129	76	4	302	425	23	138	6.38e-04	36.6
0_417	3_35	22.527	182	118	4	364	522	37	218	6.64e-04	36.2
0_417	3_323	26.230	183	118	8	365	534	37	215	7.98e-04	36.2
0_418	3_172	100.000	176	0	0	1	176	1	176	4.63e-131	359
0_418	3_156	40.741	54	29	1	19	69	6	59	2.00e-06	41.6
0_418	3_156	28.415	183	118	5	5	175	157	338	2.65e-06	41.2
0_418	3_414	39.344	61	33	3	19	76	10	69	1.43e-04	35.8
0_419	3_301	99.394	660	4	0	1	660	1	660	0.0	1328
0_419	3_302	65.393	471	140	6	189	653	80	533	0.0	599
0_419	3_302	42.500	120	41	6	1	104	4	111	4.94e-14	69.3
0_419	3_540	42.857	427	225	5	209	633	216	625	1.20e-104	326
0_419	3_522	37.064	545	265	19	126	632	4	508	3.58e-80	258
0_419	3_497	34.773	463	245	11	204	634	107	544	1.34e-72	239
0_419	3_453	31.670	461	251	12	214	632	95	533	4.43e-52	184
0_420	3_173	100.000	457	0	0	1	457	1	457	0.0	937
0_421	3_174	100.000	201	0	0	1	201	1	201	6.80e-150	409
0_422	3_175	100.000	316	0	0	1	316	1	316	0.0	625
0_423	3_304	99.433	705	4	0	1	705	1	705	0.0	1377
0_424	3_246	99.580	238	1	0	1	238	1	238	6.51e-175	475
0_424	3_73	35.349	215	114	6	25	223	26	231	5.71e-24	94.4
0_424	3_73	32.051	78	53	0	136	213	407	484	3.41e-07	45.1
0_424	3_35	40.000	85	51	0	133	217	156	240	7.32e-17	72.8
0_424	3_206	28.444	225	136	8	22	223	143	365	9.41e-17	73.6
0_424	3_263	27.805	205	136	6	22	218	20	220	2.09e-15	68.6
0_424	3_323	25.676	222	145	6	5	212	6	221	4.27e-14	65.5
0_424	3_323	25.446	224	142	7	22	225	283	501	2.98e-09	51.2
0_424	3_267	32.353	102	68	1	133	233	278	379	1.86e-12	60.8
0_424	3_267	31.915	47	32	0	22	68	63	109	0.001	34.3
0_424	3_485	33.571	140	82	4	90	221	143	279	2.06e-12	60.5
0_424	3_316	30.108	93	64	1	133	224	616	708	6.37e-12	59.3
0_424	3_316	40.426	47	28	0	21	67	23	69	1.84e-07	45.8
0_424	3_297	32.292	96	63	2	127	221	500	594	1.66e-11	58.2
0_424	3_297	30.556	72	46	3	21	89	53	123	3.25e-04	35.8
0_424	3_391	29.596	223	136	8	8	221	4	214	4.00e-11	57.0
0_424	3_233	31.313	99	67	1	136	233	232	330	1.81e-10	54.7
0_424	3_446	29.630	189	109	7	38	212	500	678	1.81e-10	55.1
0_424	3_317	24.783	230	150	7	22	230	30	257	2.22e-10	54.3
0_424	3_551	31.544	149	93	4	24	167	6	150	3.23e-10	52.8
0_424	3_516	28.646	192	103	6	22	197	340	513	1.27e-09	52.4
0_424	3_405	31.522	184	108	8	24	198	354	528	2.04e-09	51.6
0_424	3_285	24.272	206	141	6	25	220	83	283	2.11e-09	51.2
0_424	3_292	27.000	200	123	7	22	211	17	203	8.76e-09	50.1
0_424	3_406	25.943	212	129	9	8	205	336	533	6.68e-07	44.3
0_424	3_390	27.174	184	109	7	24	196	19	188	6.73e-07	44.3
0_424	3_266	21.397	229	162	8	5	226	319	536	6.81e-07	43.9
0_424	3_266	22.363	237	149	6	5	213	1	230	1.08e-05	40.4
0_424	3_288	26.582	79	57	1	135	212	153	231	3.06e-06	41.6
0_424	3_385	25.414	181	122	5	22	197	342	514	3.95e-06	41.6
0_425	3_305	99.671	304	1	0	1	304	1	304	0.0	590
0_425	3_100	21.908	283	199	6	31	300	36	309	1.17e-12	62.0
0_426	3_306	99.827	578	1	0	1	578	1	578	0.0	1159
0_427	3_176	100.000	810	0	0	1	810	1	810	0.0	1619
0_427	3_393	35.542	830	419	31	1	776	1	768	3.36e-108	345
0_427	3_476	34.634	820	448	28	1	778	1	774	1.29e-107	343
0_427	3_447	32.459	610	313	22	220	779	3	563	8.08e-56	197
0_427	3_502	36.889	225	138	4	1	223	1	223	1.33e-39	140
0_427	3_500	44.776	67	30	2	14	73	9	75	5.91e-09	48.1
0_428	3_177	100.000	127	0	0	1	127	1	127	2.14e-88	248
0_429	3_178	100.000	285	0	0	1	285	1	285	0.0	552
0_429	3_179	42.748	262	132	5	26	281	1	250	4.88e-54	171
0_429	3_184	42.786	201	111	2	84	280	43	243	6.43e-48	155
0_430	3_179	100.000	263	0	0	1	263	1	263	0.0	518
0_430	3_178	42.748	262	132	5	1	250	26	281	4.50e-54	171
0_430	3_184	38.976	254	139	5	1	249	1	243	3.89e-48	155
0_431	3_184	99.592	245	1	0	1	245	1	245	2.55e-180	489
0_431	3_178	42.786	201	111	2	43	243	84	280	5.41e-48	155
0_431	3_179	38.281	256	138	6	1	243	1	249	8.57e-48	154
0_432	3_314	99.088	1425	12	1	1	1425	1	1424	0.0	2840
0_433	3_180	100.000	411	0	0	1	411	1	411	0.0	820
0_435	3_181	100.000	202	0	0	1	202	1	202	1.49e-145	398
0_436	3_312	99.795	487	1	0	1	487	1	487	0.0	968
0_437	3_311	99.567	231	1	0	1	231	1	231	3.39e-161	440
0_438	3_310	99.051	527	5	0	1	527	1	527	0.0	1015
0_439	3_241	99.457	184	1	0	1	184	1	184	2.39e-135	371
0_440	3_309	98.920	741	8	0	1	741	1	741	0.0	1479
0_441	3_308	99.804	511	1	0	1	511	1	511	0.0	1044
0_441	3_364	43.385	325	173	6	105	423	125	444	1.14e-74	239
0_441	3_362	22.712	295	216	6	49	340	63	348	3.82e-08	50.1
0_441	3_182	22.819	298	203	11	116	400	119	402	4.02e-06	43.5
0_442	3_182	100.000	457	0	0	1	457	1	457	0.0	926
0_442	3_362	37.168	452	279	4	2	450	7	456	1.81e-104	314
0_442	3_364	24.291	247	181	5	15	260	37	278	7.31e-08	48.9
0_442	3_308	22.819	298	203	11	119	402	116	400	3.33e-06	43.5
0_443	3_183	100.000	306	0	0	1	306	1	306	0.0	630
0_443	3_455	27.241	290	173	9	10	278	21	293	1.78e-21	87.0
0_443	3_219	22.939	279	185	10	9	277	5	263	2.26e-08	48.9
0_443	3_480	23.019	265	163	8	12	261	8	246	2.40e-06	43.1
0_443	3_129	27.397	73	51	1	7	79	2	72	3.97e-05	38.9
0_443	3_38	32.877	73	43	1	186	258	180	246	2.59e-04	36.2
0_444	3_307	99.723	361	1	0	1	361	1	361	0.0	734
0_445	3_243	99.541	218	1	0	1	218	1	218	7.78e-162	441
0_446	3_244	99.585	241	1	0	1	241	1	241	1.03e-180	490
0_447	3_245	99.593	246	1	0	1	246	1	246	0.0	497
0_448	3_185	100.000	120	0	0	1	120	1	120	6.08e-85	238
0_449	3_367	99.688	641	2	0	1	641	1	641	0.0	1282
0_449	3_42	44.288	639	333	9	3	626	5	635	1.55e-168	491
0_450	3_186	100.000	77	0	0	1	77	1	77	1.94e-49	145
0_451	3_187	100.000	90	0	0	1	90	1	90	1.25e-61	177
0_452	3_188	100.000	156	0	0	1	156	1	156	1.34e-117	323
0_453	3_189	100.000	126	0	0	1	126	1	126	2.42e-88	247
0_454	3_190	100.000	174	0	0	1	174	1	174	6.36e-126	346
0_455	3_230	99.344	305	2	0	1	305	1	305	0.0	617
0_455	3_322	24.128	344	194	13	4	298	157	482	1.70e-04	37.4
0_456	3_232	99.296	142	1	0	1	142	1	142	3.43e-98	273
0_457	3_235	99.776	446	1	0	1	446	1	446	0.0	891
0_458	3_325	99.835	607	1	0	1	607	1	607	0.0	1220
0_459	3_323	99.414	512	3	0	1	512	1	512	0.0	1013
0_459	3_73	30.392	510	327	13	11	509	12	504	4.76e-54	185
0_459	3_292	23.938	259	169	9	6	263	1	232	1.49e-14	70.9
0_459	3_292	23.301	206	140	4	282	487	16	203	1.41e-06	45.4
0_459	3_285	25.108	231	157	8	6	228	60	282	5.44e-14	67.4
0_459	3_285	30.263	76	53	0	412	487	199	274	1.87e-04	37.7
0_459	3_390	25.592	211	143	5	6	215	1	198	7.97e-14	68.6
0_459	3_390	26.531	196	126	5	277	472	11	188	9.05e-11	58.9
0_459	3_246	25.676	222	145	6	6	221	5	212	1.04e-13	65.5
0_459	3_246	25.446	224	142	7	283	501	22	225	8.76e-09	50.8
0_459	3_391	28.194	227	133	7	282	505	16	215	2.02e-13	67.0
0_459	3_391	25.688	218	140	7	20	235	15	212	2.32e-13	67.0
0_459	3_35	24.576	236	141	7	13	223	14	237	3.15e-12	62.0
0_459	3_35	27.027	222	133	8	286	489	26	236	4.07e-12	61.6
0_459	3_263	27.273	220	125	10	21	225	19	218	3.74e-12	61.2
0_459	3_263	25.541	231	157	8	264	492	1	218	6.21e-06	42.4
0_459	3_288	24.464	233	160	7	22	245	27	252	1.40e-11	59.3
0_459	3_288	21.875	224	167	5	267	487	12	230	1.31e-07	47.4
0_459	3_233	30.147	136	88	4	112	244	202	333	7.59e-11	58.5
0_459	3_233	28.431	102	68	3	6	107	10	106	3.37e-08	50.1
0_459	3_233	25.287	87	64	1	404	489	224	310	4.41e-05	40.0
0_459	3_267	36.634	101	54	3	129	223	264	360	8.79e-11	58.2
0_459	3_267	35.443	79	50	1	412	489	281	359	3.95e-07	46.6
0_459	3_267	41.071	56	29	1	6	57	43	98	5.77e-06	43.1
0_459	3_297	34.409	93	54	2	402	490	498	587	1.51e-10	58.2
0_459	3_297	29.213	89	58	2	133	220	500	584	8.29e-08	49.3
0_459	3_297	29.348	92	54	4	16	104	48	131	7.53e-07	46.2
0_459	3_516	29.545	220	114	7	2	206	320	513	1.97e-10	57.4
0_459	3_485	23.420	269	153	9	29	246	30	296	1.02e-09	54.7
0_459	3_485	32.609	92	57	2	399	489	184	271	9.91e-07	45.4
0_459	3_206	25.424	236	134	10	22	230	143	363	1.11e-09	54.7
0_459	3_206	25.296	253	145	8	262	487	118	353	4.32e-08	49.7
0_459	3_316	30.097	103	62	3	129	225	602	700	4.67e-08	50.1
0_459	3_316	27.723	101	72	1	410	509	617	717	1.47e-05	42.0
0_459	3_266	24.064	187	126	4	6	176	1	187	4.90e-07	46.6
0_459	3_317	26.267	217	134	9	32	230	40	248	4.22e-06	43.1
0_459	3_317	33.333	81	53	1	410	489	160	240	6.42e-05	39.7
0_459	3_551	25.000	160	108	5	22	179	4	153	5.71e-06	41.6
0_459	3_446	22.353	170	119	4	37	202	499	659	2.66e-05	41.2
0_459	3_406	26.230	183	118	8	37	215	365	534	5.04e-04	37.0
0_459	3_229	27.184	103	72	1	373	472	795	897	7.25e-04	36.6
0_460	3_509	96.434	1374	29	2	1	1374	1	1354	0.0	2640
0_460	3_513	29.677	155	101	3	10	162	13	161	9.52e-13	67.4
0_460	3_388	28.931	159	100	4	2	150	6	161	8.21e-11	61.2
0_460	3_555	26.923	156	100	7	7	156	12	159	9.83e-07	47.4
0_460	3_487	30.864	162	92	7	55	209	60	208	8.64e-05	41.2
0_461	3_508	98.409	1823	26	2	1	1820	1	1823	0.0	3603
0_461	3_343	24.412	553	309	19	4	509	6	496	1.18e-14	73.9
0_461	3_387	26.556	241	150	8	1	221	1	234	5.68e-11	62.0
0_461	3_490	21.455	797	481	30	2	761	11	699	5.28e-09	55.5
0_461	3_482	27.004	237	148	7	13	239	3	224	1.00e-07	51.2
0_462	3_313	99.016	305	3	0	1	305	1	305	0.0	603
0_463	3_242	99.359	156	1	0	1	156	1	156	3.84e-112	310
0_464	3_303	91.463	328	4	4	1	316	1	316	0.0	547
0_465	3_191	100.000	147	0	0	1	147	1	147	3.00e-106	294
0_466	3_247	99.310	145	1	0	1	145	1	145	5.33e-105	291
0_467	3_192	100.000	87	0	0	1	87	1	87	2.03e-61	176
0_468	3_522	99.804	510	1	0	27	536	1	510	0.0	1017
0_468	3_497	64.000	550	178	8	1	536	1	544	0.0	668
0_468	3_301	38.912	478	226	15	90	534	188	632	8.09e-80	258
0_468	3_302	34.926	544	279	22	17	534	18	512	8.65e-74	239
0_468	3_540	36.548	394	221	9	151	535	252	625	3.95e-60	204
0_468	3_453	31.614	446	261	9	122	534	99	533	1.90e-51	179
0_469	3_498	99.809	524	1	0	1	524	1	524	0.0	1014
0_469	3_341	24.301	465	302	18	4	429	9	462	1.05e-13	67.8
0_470	3_556	99.802	505	1	0	6	510	1	505	0.0	1033
0_471	3_289	99.367	158	1	0	1	158	1	158	1.75e-114	316
0_472	3_290	98.382	309	5	0	1	309	1	309	0.0	591
0_473	3_292	99.869	766	1	0	1	766	1	766	0.0	1509
0_473	3_390	30.788	812	476	21	1	766	1	772	2.40e-92	300
0_473	3_391	39.823	452	246	10	1	440	1	438	1.54e-89	290
0_473	3_391	33.588	131	87	0	636	766	516	646	1.63e-15	74.7
0_473	3_285	32.735	223	133	7	1	209	60	279	3.49e-24	98.6
0_473	3_35	27.488	211	126	7	17	201	23	232	5.47e-15	70.9
0_473	3_323	24.324	259	168	9	1	232	6	263	3.22e-14	70.5
0_473	3_323	23.301	206	140	4	16	203	282	487	2.69e-06	45.1
0_473	3_405	30.412	194	125	6	1	188	336	525	3.59e-13	67.0
0_473	3_73	29.630	216	130	6	2	201	8	217	3.84e-13	67.0
0_473	3_233	32.990	97	63	1	1	95	10	106	1.27e-09	55.5
0_473	3_516	27.230	213	130	7	1	199	324	525	2.67e-09	54.7
0_473	3_538	26.076	395	235	18	302	659	86	460	2.73e-09	54.7
0_473	3_385	28.708	209	138	6	2	204	327	530	8.07e-09	53.1
0_473	3_485	34.483	87	53	2	119	202	183	268	1.99e-08	51.6
0_473	3_551	33.557	149	76	7	34	171	21	157	2.94e-08	49.3
0_473	3_246	27.000	200	123	7	17	203	22	211	3.35e-08	49.7
0_473	3_297	30.357	112	75	2	2	111	39	149	3.36e-08	51.2
0_473	3_297	31.081	74	49	1	129	200	508	581	1.69e-05	42.4
0_473	3_206	25.561	223	120	8	15	198	141	356	9.97e-08	49.3
0_473	3_263	27.149	221	125	10	1	198	1	208	2.08e-07	47.8
0_473	3_288	29.545	88	59	2	115	200	141	227	4.40e-07	46.6
0_473	3_267	29.600	125	78	5	115	230	267	390	4.44e-07	47.4
0_473	3_316	30.476	105	65	2	129	225	619	723	5.81e-07	47.4
0_473	3_406	28.505	214	123	10	2	198	334	534	9.36e-07	46.6
0_473	3_266	26.027	219	131	9	1	204	319	521	1.38e-05	42.7
0_473	3_266	20.851	235	133	6	1	198	1	219	1.56e-05	42.4
0_473	3_317	24.880	209	125	7	16	197	29	232	1.40e-05	42.4
0_473	3_229	36.585	82	43	4	129	204	834	912	1.67e-05	42.7
0_473	3_229	31.068	103	61	4	93	190	460	557	0.001	37.0
0_473	3_446	24.638	207	127	6	13	195	468	669	9.10e-05	40.0
0_474	3_193	100.000	321	0	0	1	321	1	321	0.0	642
0_474	3_526	22.892	249	168	11	57	298	29	260	2.32e-05	39.7
0_475	3_489	99.731	743	2	0	1	743	1	743	0.0	1478
0_475	3_225	25.878	769	431	26	6	727	16	692	1.82e-44	165
0_476	3_493	99.393	659	4	0	1	659	1	659	0.0	1319
0_477	3_195	100.000	326	0	0	1	326	1	326	0.0	649
0_478	3_457	99.700	666	2	0	1	666	1	666	0.0	1342
0_478	3_409	64.198	81	29	0	232	312	196	276	6.93e-26	107
0_479	3_464	99.029	103	1	0	1	103	1	103	2.63e-69	197
0_480	3_196	100.000	93	0	0	1	93	1	93	6.69e-61	175
0_481	3_197	100.000	278	0	0	1	278	1	278	0.0	552
0_482	3_274	99.555	449	2	0	1	449	1	449	0.0	919
0_482	3_258	28.049	246	157	9	18	255	14	247	9.77e-13	64.3
0_482	3_258	46.154	39	21	0	409	447	503	541	1.13e-05	42.0
0_482	3_561	23.176	466	288	19	14	442	52	484	2.22e-09	53.5
0_483	3_198	100.000	64	0	0	1	64	1	64	8.26e-41	122
0_484	3_200	100.000	136	0	0	1	136	1	136	5.57e-92	257
0_485	3_201	100.000	174	0	0	1	174	1	174	1.52e-130	358
0_486	3_202	100.000	146	0	0	1	146	1	146	2.57e-102	284
0_487	3_203	100.000	127	0	0	1	127	1	127	1.90e-87	245
0_488	3_416	99.346	153	1	0	1	153	1	153	1.93e-107	298
0_489	3_204	100.000	143	0	0	1	143	1	143	1.82e-100	279
0_490	3_205	100.000	145	0	0	1	145	1	145	1.09e-106	295
0_491	3_207	100.000	151	0	0	1	151	1	151	1.08e-108	301
0_491	3_1	32.500	120	78	2	15	132	22	140	7.37e-11	52.0
0_492	3_208	100.000	113	0	0	1	113	1	113	7.05e-82	230
0_493	3_209	100.000	96	0	0	1	96	1	96	1.57e-68	195
0_494	3_212	100.000	266	0	0	1	266	1	266	0.0	511
0_495	3_442	99.134	462	4	0	1	462	1	462	0.0	924
0_496	3_408	99.155	828	7	0	1	828	1	828	0.0	1665
0_496	3_444	28.734	616	325	23	246	809	249	802	1.19e-45	170
0_497	3_213	100.000	190	0	0	1	190	1	190	3.90e-143	391
0_498	3_214	100.000	404	0	0	1	404	1	404	0.0	814
0_499	3_215	100.000	331	0	0	1	331	1	331	0.0	660
0_500	3_216	100.000	203	0	0	1	203	1	203	6.98e-147	401
0_501	3_517	99.656	582	2	0	1	582	1	582	0.0	1155
0_501	3_327	35.516	397	209	11	37	417	60	425	3.07e-55	197
0_501	3_544	30.402	398	206	11	37	409	23	374	4.12e-40	151
0_503	3_217	100.000	149	0	0	1	149	1	149	1.72e-111	308
0_504	3_256	99.375	160	1	0	1	160	1	160	5.25e-113	312
0_505	3_218	100.000	112	0	0	1	112	1	112	2.66e-78	221
0_506	3_219	100.000	267	0	0	1	267	1	267	0.0	541
0_506	3_455	26.502	283	175	9	3	260	19	293	4.48e-16	71.2
0_506	3_480	32.895	228	137	8	1	219	1	221	3.48e-15	69.3
0_506	3_129	23.529	272	197	8	4	265	2	272	4.32e-11	56.6
0_506	3_183	22.968	283	187	11	2	263	5	277	1.51e-08	48.9
0_506	3_38	32.203	59	40	0	183	241	188	246	1.10e-04	37.4
0_507	3_291	100.000	312	0	0	168	479	1	312	0.0	628
0_507	3_558	100.000	169	0	0	1	169	1	169	2.09e-123	352
0_507	3_441	24.129	373	214	16	38	359	197	551	6.10e-04	36.6
0_508	3_458	99.675	615	2	0	1	615	1	615	0.0	1264
0_509	3_220	100.000	90	0	0	1	90	1	90	1.88e-57	166
0_510	3_221	100.000	221	0	0	1	221	1	221	2.68e-164	447
0_511	3_222	100.000	219	0	0	1	219	1	219	3.24e-160	436
0_512	3_223	100.000	70	0	0	1	70	1	70	3.04e-44	131
0_513	3_398	99.352	463	3	0	1	463	1	463	0.0	931
0_514	3_501	95.274	402	19	0	205	606	1	402	0.0	746
0_514	3_392	47.107	605	255	14	8	601	5	555	6.88e-144	424
0_514	3_492	88.679	159	17	1	449	606	5	163	1.62e-85	259
0_514	3_523	98.077	104	2	0	114	217	1	104	4.29e-66	206
0_514	3_557	71.296	108	28	2	124	230	22	127	5.95e-48	159
0_514	3_560	33.934	333	147	11	193	504	1	281	3.91e-40	142
0_514	3_534	53.659	123	52	3	486	605	1	121	2.81e-32	115
0_514	3_559	75.000	56	14	0	449	504	243	298	2.73e-23	95.1
0_514	3_559	61.111	54	21	0	193	246	1	54	1.42e-14	69.3
0_514	3_194	48.148	108	49	3	9	109	7	114	6.38e-21	83.6
0_515	3_434	96.667	480	13	1	1	480	1	477	0.0	934
0_516	3_386	95.652	115	5	0	19	133	1	115	1.78e-76	217
0_517	3_300	100.000	154	0	0	1	154	1	154	1.09e-105	327
0_518	3_407	98.667	75	1	0	5	79	475	549	5.42e-45	146
0_520	3_245	100.000	90	0	0	1	90	1	90	4.85e-61	181
0_521	3_463	99.569	696	3	0	1	696	1	696	0.0	1381
0_522	3_345	99.855	692	1	0	1	692	1	692	0.0	1370
0_525	3_224	100.000	95	0	0	1	95	1	95	2.40e-67	192
0_526	3_426	98.148	54	1	0	1	54	1	54	5.83e-33	103
0_528	3_227	98.718	78	1	0	1	78	13	90	1.20e-51	151
0_529	3_302	99.273	550	4	0	1	550	4	553	0.0	1120
0_529	3_301	65.598	468	138	6	80	530	192	653	0.0	596
0_529	3_301	43.333	120	40	6	1	108	1	104	7.66e-14	68.6
0_529	3_540	39.794	485	270	6	41	510	148	625	7.88e-108	331
0_529	3_522	35.785	503	257	20	43	509	36	508	2.37e-74	240
0_529	3_497	32.079	558	301	17	12	511	7	544	3.73e-74	240
0_529	3_453	30.496	423	234	11	141	516	131	540	5.44e-44	159
0_530	3_434	97.861	187	4	0	1	187	291	477	7.41e-135	380
0_531	3_389	98.589	496	7	0	1	496	1	496	0.0	961
0_531	3_507	26.471	510	309	17	32	489	73	568	1.23e-22	95.5
0_532	3_226	100.000	181	0	0	1	181	1	181	7.99e-131	359
0_533	3_299	94.279	3793	176	7	1	3786	1	3759	0.0	7000
0_533	3_300	25.660	265	138	13	346	572	496	739	2.86e-05	44.7
0_534	3_470	99.206	252	2	0	1	252	1	252	0.0	492
0_534	3_167	29.932	147	96	3	111	252	82	226	5.72e-09	49.7
0_535	3_492	100.000	166	0	0	297	462	1	166	2.03e-114	328
0_535	3_392	42.889	443	198	13	12	434	122	529	1.04e-93	289
0_535	3_501	68.889	225	60	5	244	459	179	402	5.02e-92	280
0_535	3_501	55.814	43	16	2	93	135	1	40	1.05e-06	45.1
0_535	3_560	48.399	281	141	3	81	357	1	281	3.00e-85	258
0_535	3_557	95.238	105	5	0	11	115	19	123	3.76e-68	209
0_535	3_523	72.917	96	24	1	12	105	9	104	1.37e-45	149
0_535	3_534	61.386	101	35	2	339	437	1	99	2.33e-34	120
0_535	3_559	61.644	73	24	2	288	357	227	298	3.64e-21	88.2
0_535	3_559	52.459	61	26	1	81	141	1	58	2.18e-11	59.3
0_536	3_329	98.165	109	2	0	1	109	1	109	4.04e-73	207
0_536	3_371	38.298	47	29	0	38	84	79	125	1.18e-05	36.6
0_540	3_228	100.000	232	0	0	1	232	1	232	5.72e-171	465
0_541	3_503	100.000	55	0	0	1	55	1	55	5.47e-35	107
0_542	3_560	99.644	281	1	0	145	425	1	281	0.0	574
0_542	3_392	50.466	537	216	15	10	526	53	559	4.32e-138	406
0_542	3_523	99.038	104	1	0	66	169	1	104	1.19e-68	211
0_542	3_534	77.869	122	26	1	407	527	1	122	1.24e-60	191
0_542	3_501	33.898	413	218	11	157	526	1	401	1.97e-53	181
0_542	3_557	73.077	104	26	1	76	179	22	123	4.91e-49	160
0_542	3_492	62.712	118	42	1	369	486	5	120	5.28e-48	159
0_542	3_559	37.224	317	144	15	145	425	1	298	1.57e-38	137
0_542	3_194	60.784	51	19	1	14	63	64	114	2.72e-12	58.9
0_543	3_550	98.913	184	2	0	1	184	18	201	9.94e-128	352
0_544	3_504	100.000	288	0	0	1	288	1	288	0.0	563
0_545	3_511	98.253	229	4	0	1	229	1	229	1.11e-164	449
0_546	3_564	99.705	339	1	0	1	339	1	339	0.0	698
0_547	3_514	99.620	263	1	0	1	263	1	263	0.0	511
0_547	3_156	33.846	65	33	4	113	171	5	65	1.70e-04	37.0
0_547	3_145	35.000	60	27	2	113	164	159	214	3.29e-04	35.8
0_547	3_414	29.524	105	66	3	113	212	9	110	0.001	34.3
0_548	3_506	99.806	516	1	0	1	516	1	516	0.0	1030
0_549	3_543	99.007	302	3	0	1	302	1	302	0.0	567
0_549	3_0	25.249	301	203	10	22	302	36	334	2.83e-09	52.0
0_550	3_526	98.462	65	1	0	1	65	214	278	2.44e-41	130
0_551	3_519	98.472	589	9	0	1	589	1	589	0.0	1152
0_552	3_548	98.202	723	10	1	1	723	1	720	0.0	1400
0_552	3_85	42.857	56	28	1	13	64	8	63	2.93e-07	47.4
0_552	3_33	32.381	105	65	3	74	174	37	139	2.28e-05	41.2
0_553	3_512	99.208	379	3	0	1	379	35	413	0.0	722
0_554	3_538	98.785	576	7	0	1	576	1	576	0.0	1109
0_554	3_292	26.722	363	209	17	40	382	252	577	1.67e-09	55.1
0_555	3_535	99.639	277	1	0	1	277	1	277	0.0	538
0_556	3_524	100.000	277	0	0	1	277	1	277	0.0	544
0_557	3_552	98.942	378	4	0	1	378	1	378	0.0	725
0_558	3_541	97.826	46	1	0	1	46	137	182	8.34e-28	94.0
0_559	3_67	99.451	182	1	0	1	182	44	225	7.05e-129	356
0_560	3_438	99.180	366	3	0	1	366	12	377	0.0	734
0_561	3_549	99.788	945	2	0	27	971	1	945	0.0	1893
0_562	3_536	99.454	183	1	0	1	183	1	183	1.64e-124	343
0_563	3_553	99.588	486	2	0	1	486	1	486	0.0	963
0_564	3_366	98.864	88	1	0	1	88	315	402	7.23e-56	172
0_565	3_525	100.000	86	0	0	1	86	1	86	1.31e-59	171
0_566	3_527	99.839	620	1	0	1	620	1	620	0.0	1247
0_567	3_544	98.955	287	3	0	3	289	1	287	0.0	574
0_567	3_327	34.247	292	183	6	10	295	45	333	1.04e-39	142
0_567	3_517	30.137	292	156	8	25	284	37	312	4.08e-31	117
0_568	3_544	98.762	646	8	0	1	646	291	936	0.0	1219
0_568	3_327	28.943	577	368	14	5	568	337	884	4.10e-45	168
0_568	3_517	36.170	94	37	4	5	84	325	409	1.78e-05	42.0
0_570	3_283	99.609	256	1	0	1	256	410	665	0.0	523
0_570	3_376	23.504	234	152	8	7	228	78	296	1.79e-09	52.0
0_570	3_377	31.507	146	87	5	7	148	80	216	9.85e-07	43.5
0_571	3_518	99.010	101	1	0	3	103	1	101	1.48e-64	203
0_572	3_507	97.284	589	3	1	1	589	1	576	0.0	1122
0_572	3_389	28.000	400	244	15	194	581	122	489	4.74e-23	97.1
0_573	3_537	99.662	591	2	0	1	591	1	591	0.0	1165
0_574	3_528	100.000	40	0	0	1	40	1	40	7.74e-22	73.2
0_577	3_559	99.664	298	1	0	68	365	1	298	0.0	601
0_577	3_392	45.567	485	196	13	1	468	126	559	3.09e-102	311
0_577	3_534	77.236	123	27	1	347	469	1	122	3.80e-60	188
0_577	3_523	98.913	92	1	0	1	92	13	104	2.22e-59	185
0_577	3_501	53.459	159	72	1	310	468	245	401	2.22e-48	166
0_577	3_501	48.718	39	20	0	80	118	1	39	3.60e-06	43.5
0_577	3_492	62.500	120	42	2	308	426	3	120	2.63e-46	153
0_577	3_557	68.519	108	32	1	1	108	24	129	2.98e-46	152
0_577	3_560	37.224	317	144	15	68	365	1	281	9.84e-41	142
0_578	3_541	96.685	181	6	0	121	301	2	182	7.82e-128	358
0_578	3_547	97.368	114	1	1	1	112	1	114	3.89e-72	213
0_578	3_322	32.645	242	160	3	62	303	336	574	6.46e-36	131
0_578	3_230	26.582	158	97	5	56	203	150	298	1.04e-04	37.7
0_580	3_321	96.248	693	6	1	1	673	88	780	0.0	1337
0_580	3_445	37.952	664	342	20	2	639	5	624	7.70e-122	372
0_580	3_409	28.097	331	197	11	197	498	306	624	3.65e-27	111
0_582	3_562	100.000	153	0	0	1	153	1	153	4.30e-113	312
0_583	3_392	68.293	82	26	0	25	106	27	108	1.31e-32	114
0_583	3_194	50.588	85	38	2	26	106	32	116	6.58e-21	77.0
