5_0	22_363	84.226	336	53	0	1	336	1	336	0.0	526
5_0	22_369	27.007	274	188	7	36	307	36	299	2.83e-16	73.2
5_0	22_178	33.929	56	34	1	195	250	185	237	3.37e-04	36.6
5_1	22_115	93.750	96	6	0	1	96	1	96	1.23e-61	177
5_1	22_316	35.443	79	48	3	4	81	395	471	2.26e-04	33.5
5_2	22_365	85.399	589	86	0	1	589	1	589	0.0	911
5_2	22_282	26.304	460	271	17	51	492	10	419	3.97e-22	94.7
5_3	22_367	64.362	188	67	0	1	188	1	188	8.14e-68	200
5_4	22_407	71.530	281	80	0	1	281	1	281	6.75e-145	404
5_4	22_68	30.855	269	150	12	23	265	25	283	6.01e-24	94.0
5_5	22_229	83.624	287	47	0	1	287	1	287	4.50e-172	472
5_5	22_323	36.179	246	132	6	1	234	1	233	3.88e-34	120
5_6	22_1	88.288	333	39	0	1	333	1	333	0.0	592
5_6	22_126	36.788	193	109	4	125	314	101	283	1.32e-27	107
5_7	22_182	78.191	188	41	0	1	188	1	188	9.49e-110	306
5_8	22_160	80.858	303	58	0	16	318	16	318	0.0	524
5_8	22_336	38.585	311	184	4	1	307	1	308	1.12e-66	207
5_8	22_615	24.928	349	211	15	9	317	306	643	1.38e-09	53.9
5_9	22_216	71.711	152	43	0	1	152	1	152	7.77e-75	215
5_10	22_215	88.045	619	74	0	1	619	1	619	0.0	1102
5_11	22_409	78.307	378	82	0	1	378	1	378	0.0	603
5_12	22_99	93.617	47	3	0	1	47	1	47	3.55e-28	89.7
5_13	22_288	83.251	609	102	0	1	609	1	609	0.0	995
5_14	22_287	62.647	340	123	2	18	353	4	343	2.82e-152	427
5_14	22_445	23.333	330	165	11	46	346	67	337	9.52e-07	44.7
5_15	22_228	83.801	321	52	0	1	321	1	321	0.0	537
5_16	22_98	94.000	50	3	0	1	50	1	50	3.80e-23	77.4
5_16	22_154	37.778	45	25	1	6	50	5	46	1.41e-05	32.7
5_17	22_65	93.836	146	9	0	1	146	1	146	1.11e-100	280
5_18	22_275	82.712	295	51	0	1	295	1	295	8.69e-175	480
5_19	22_340	85.460	337	49	0	1	337	1	337	0.0	600
5_20	22_146	77.509	289	65	0	1	289	3	291	1.09e-147	411
5_21	22_117	78.049	205	44	1	18	221	18	222	1.67e-117	329
5_22	22_580	60.465	172	66	1	1	170	1	172	2.05e-70	206
5_23	22_652	82.770	296	51	0	1	296	1	296	0.0	507
5_24	22_552	80.392	408	80	0	1	408	1	408	0.0	687
5_25	22_277	79.570	372	76	0	1	372	1	372	0.0	620
5_26	22_624	72.509	291	79	1	1	290	1	291	1.54e-151	421
5_27	22_551	70.561	428	126	0	1	428	1	428	0.0	618
5_28	22_550	76.950	564	130	0	1	564	1	564	0.0	900
5_28	22_668	58.333	84	35	0	479	562	4	87	1.86e-28	103
5_28	22_444	27.273	209	136	6	61	266	104	299	1.37e-12	64.7
5_28	22_444	53.191	47	19	1	489	535	438	481	1.31e-09	55.1
5_28	22_235	27.049	244	162	7	14	247	18	255	2.67e-09	53.9
5_28	22_235	35.870	92	50	4	453	541	362	447	1.89e-05	41.6
5_29	22_338	81.114	413	78	0	1	413	1	413	0.0	691
5_30	22_339	76.571	175	41	0	2	176	3	177	1.41e-100	283
5_31	22_225	84.592	331	51	0	1	331	1	331	9.97e-179	493
5_31	22_435	32.588	313	197	8	15	317	20	328	1.29e-43	148
5_32	22_17	70.270	111	33	0	1	111	1	111	2.78e-52	155
5_33	22_111	72.165	194	44	1	1	184	1	194	1.66e-99	281
5_34	22_192	81.517	211	39	0	1	211	1	211	7.61e-128	354
5_35	22_266	67.586	290	94	0	1	290	1	290	9.79e-138	386
5_35	22_461	35.455	110	64	4	32	139	72	176	7.70e-09	51.2
5_36	22_460	83.929	224	35	1	2	225	4	226	9.37e-137	379
5_37	22_14	86.000	300	42	0	1	300	1	300	0.0	531
5_37	22_15	34.335	233	132	6	23	254	20	232	5.54e-34	120
5_37	22_380	31.604	212	117	7	27	237	21	205	4.04e-18	79.3
5_37	22_270	29.482	251	138	12	14	259	9	225	4.82e-17	76.3
5_37	22_121	37.500	128	70	3	130	248	204	330	1.08e-16	74.7
5_37	22_121	26.144	153	85	4	21	173	24	148	9.21e-07	44.7
5_37	22_189	29.060	234	145	6	27	250	148	370	1.78e-16	74.3
5_37	22_523	38.182	110	67	1	140	248	598	707	2.08e-16	74.3
5_37	22_523	41.026	39	22	1	10	48	12	49	2.35e-04	37.4
5_37	22_542	27.189	217	126	8	23	236	17	204	2.22e-16	74.3
5_37	22_180	27.907	215	133	3	26	240	25	217	2.25e-16	72.0
5_37	22_671	26.050	238	135	7	20	241	23	235	2.55e-16	73.9
5_37	22_671	24.336	226	153	6	23	241	281	495	3.01e-13	64.3
5_37	22_433	28.972	214	127	6	23	236	17	205	4.50e-16	73.2
5_37	22_446	35.878	131	76	3	136	260	258	386	5.28e-16	72.8
5_37	22_536	30.631	222	123	9	27	236	287	489	7.62e-16	72.4
5_37	22_536	24.199	281	166	10	22	289	21	267	1.10e-13	65.9
5_37	22_440	27.511	229	136	7	26	249	20	223	1.75e-15	71.2
5_37	22_247	26.190	210	124	6	23	229	17	198	1.88e-15	71.2
5_37	22_540	26.852	216	128	7	23	236	17	204	1.45e-14	68.6
5_37	22_76	27.706	231	144	7	20	240	27	244	2.57e-14	67.4
5_37	22_255	30.542	203	113	8	21	217	75	255	3.30e-14	66.6
5_37	22_439	25.359	209	128	5	23	230	17	198	1.65e-12	62.4
5_37	22_60	25.571	219	143	8	23	235	27	231	6.19e-12	59.3
5_37	22_362	36.047	86	54	1	152	236	501	586	1.32e-11	59.7
5_37	22_362	41.860	43	25	0	22	64	53	95	4.90e-06	42.4
5_37	22_485	27.602	221	129	7	25	237	25	222	7.51e-11	57.4
5_37	22_485	22.120	217	154	4	26	236	277	484	1.54e-05	40.8
5_37	22_585	24.731	279	152	11	3	237	8	272	1.02e-10	56.6
5_37	22_541	22.374	219	134	7	23	236	17	204	2.23e-08	49.7
5_37	22_431	24.176	182	115	4	37	218	364	522	1.04e-07	47.4
5_37	22_107	23.585	212	126	6	26	219	20	213	1.43e-07	47.0
5_37	22_479	32.051	78	50	1	145	219	820	897	3.68e-07	46.2
5_37	22_479	28.090	89	62	1	136	222	470	558	1.07e-06	44.7
5_37	22_204	25.854	205	118	5	21	220	348	523	9.00e-06	41.6
5_37	22_672	21.500	200	134	6	19	218	173	349	6.84e-04	35.4
5_38	22_13	88.750	320	36	0	1	320	1	320	0.0	514
5_39	22_175	88.496	226	26	0	1	226	1	226	2.23e-152	417
5_40	22_267	67.870	277	89	0	1	277	1	277	1.01e-132	372
5_41	22_176	76.952	269	62	0	1	269	1	269	9.43e-152	419
5_41	22_294	23.846	260	162	8	7	246	5	248	6.47e-09	50.4
5_41	22_391	32.394	71	48	0	188	258	183	253	1.48e-06	43.1
5_41	22_626	23.661	224	146	6	43	246	59	277	8.33e-05	37.7
5_41	22_72	32.877	73	43	1	180	246	186	258	1.80e-04	37.0
5_42	22_451	79.259	270	56	0	1	270	1	270	1.79e-159	439
5_42	22_220	22.439	205	150	4	15	212	20	222	8.62e-04	34.7
5_43	22_480	78.319	678	127	3	1	678	1	658	0.0	1098
5_43	22_303	24.432	528	351	17	10	510	6	512	6.93e-31	124
5_44	22_165	66.372	113	34	2	1	113	1	109	2.05e-51	153
5_45	22_55	83.432	169	28	0	1	169	27	195	2.66e-98	277
5_46	22_54	85.890	163	23	0	1	163	1	163	1.54e-103	289
5_47	22_516	87.011	639	83	0	1	639	1	639	0.0	1129
5_47	22_342	43.192	639	341	9	5	635	3	627	8.76e-168	489
5_48	22_299	81.677	322	59	0	1	322	1	322	0.0	552
5_49	22_334	92.982	171	12	0	1	171	1	171	3.60e-115	319
5_49	22_666	100.000	78	0	0	57	134	1	78	4.36e-52	156
5_50	22_51	91.176	374	33	0	1	374	1	374	0.0	690
5_51	22_300	94.012	334	20	0	1	334	1	334	0.0	650
5_52	22_628	55.872	281	123	1	1	281	1	280	4.63e-108	310
5_53	22_152	85.223	494	73	0	1	494	1	494	0.0	808
5_54	22_332	96.104	231	9	0	1	231	1	231	1.52e-161	441
5_55	22_405	69.065	278	86	0	1	278	1	278	1.60e-133	374
5_55	22_576	32.576	132	79	6	143	271	26	150	1.31e-07	46.2
5_55	22_576	30.400	125	63	5	110	217	48	165	1.65e-07	46.2
5_56	22_642	78.161	174	38	0	1	174	1	174	4.93e-98	276
5_57	22_81	92.797	236	17	0	1	236	1	236	1.98e-163	446
5_58	22_80	84.946	186	28	0	1	186	1	186	1.56e-112	313
5_59	22_151	80.986	142	27	0	1	142	1	142	4.06e-86	243
5_60	22_280	86.878	221	29	0	1	221	1	221	1.89e-141	389
5_61	22_401	68.317	202	64	0	1	202	1	202	3.33e-102	289
5_62	22_325	80.892	874	161	2	1	872	1	870	0.0	1426
5_63	22_79	99.254	402	3	0	1	402	1	402	0.0	812
5_63	22_185	27.931	290	176	13	20	301	8	272	2.91e-15	72.0
5_63	22_295	34.091	132	84	3	16	145	8	138	1.89e-13	66.6
5_63	22_252	32.515	163	88	5	21	182	116	257	7.24e-13	64.7
5_64	22_190	48.596	463	226	4	1	454	1	460	2.93e-141	408
5_64	22_653	55.682	176	78	0	280	455	1	176	2.76e-66	206
5_64	22_654	37.815	238	120	7	1	223	1	225	2.39e-37	131
5_64	22_613	41.558	77	38	3	1	74	1	73	3.15e-11	54.3
5_65	22_150	84.762	315	48	0	1	315	1	315	0.0	554
5_66	22_474	82.192	73	13	0	1	73	1	73	6.74e-43	129
5_67	22_475	81.095	201	38	0	1	201	1	201	1.13e-121	338
5_67	22_67	34.314	204	120	6	1	201	2	194	2.28e-28	100
5_68	22_309	84.151	265	42	0	1	265	1	265	1.27e-170	467
5_69	22_59	85.321	109	16	0	1	109	1	109	3.09e-65	188
5_70	22_324	99.091	220	2	0	1	220	1	220	1.99e-156	427
5_71	22_421	90.945	254	23	0	1	254	1	254	1.83e-177	483
5_72	22_83	95.122	205	10	0	1	205	1	205	5.07e-148	405
5_73	22_322	90.972	144	13	0	1	144	1	144	8.24e-97	270
5_74	22_335	66.844	377	123	1	1	377	3	377	0.0	511
5_75	22_417	71.429	609	167	5	1	607	1	604	0.0	838
5_76	22_221	81.197	117	22	0	1	117	1	117	1.37e-56	166
5_77	22_414	77.016	248	55	1	1	246	1	248	3.43e-138	383
5_78	22_413	86.598	97	13	0	1	97	4	100	1.81e-49	147
5_79	22_86	83.152	184	31	0	1	184	1	184	1.71e-116	323
5_80	22_485	86.083	503	70	0	1	503	1	503	0.0	868
5_80	22_671	29.741	501	315	13	12	493	15	497	8.72e-55	187
5_80	22_536	29.825	513	329	11	12	505	11	511	2.98e-54	185
5_80	22_180	33.784	222	131	6	5	221	3	213	2.04e-21	88.2
5_80	22_180	24.255	235	148	7	257	484	2	213	4.08e-08	48.9
5_80	22_542	31.754	211	129	4	13	221	7	204	4.02e-19	85.5
5_80	22_542	26.432	227	140	7	261	484	2	204	7.04e-05	40.0
5_80	22_541	30.531	226	136	6	8	229	2	210	1.19e-17	80.9
5_80	22_247	33.168	202	121	5	12	211	6	195	2.01e-16	77.0
5_80	22_540	31.771	192	118	4	13	203	7	186	3.15e-16	76.3
5_80	22_270	30.806	211	122	6	8	211	2	195	4.99e-15	72.4
5_80	22_14	28.571	224	133	5	22	224	22	239	2.13e-14	68.6
5_80	22_440	26.316	209	144	4	13	221	7	205	1.30e-13	67.8
5_80	22_440	28.033	239	139	10	261	492	2	214	5.96e-10	56.2
5_80	22_439	29.000	200	129	4	13	211	7	194	4.41e-13	66.2
5_80	22_439	27.193	228	131	7	261	481	2	201	9.96e-06	42.7
5_80	22_380	27.941	204	130	5	21	222	17	205	7.26e-13	65.5
5_80	22_380	27.451	102	70	2	407	508	128	225	1.04e-04	39.3
5_80	22_433	27.751	209	141	3	13	221	7	205	3.18e-12	63.5
5_80	22_433	29.614	233	132	9	261	487	2	208	4.24e-10	56.6
5_80	22_15	32.653	196	123	6	31	223	28	217	4.22e-12	61.2
5_80	22_107	28.085	235	142	9	8	221	2	230	2.08e-09	54.3
5_80	22_107	24.365	197	129	6	18	211	333	512	6.83e-06	43.1
5_80	22_60	26.172	256	149	12	4	241	13	246	4.01e-09	52.4
5_80	22_60	26.852	216	135	8	277	483	30	231	2.74e-06	43.5
5_80	22_76	26.515	264	155	9	253	493	2	249	4.13e-09	52.8
5_80	22_76	25.751	233	113	9	26	222	33	241	6.00e-05	39.7
5_80	22_255	24.402	209	130	8	26	221	80	273	8.54e-09	51.6
5_80	22_255	25.403	248	154	10	244	487	56	276	5.87e-07	45.8
5_80	22_189	26.840	231	123	9	23	224	146	359	8.68e-09	52.4
5_80	22_189	30.682	88	60	1	407	493	278	365	4.91e-05	40.4
5_80	22_585	25.746	268	153	13	260	484	7	271	2.05e-08	50.8
5_80	22_430	31.694	183	103	8	26	201	355	522	2.75e-08	50.8
5_80	22_362	31.959	97	63	1	7	103	38	131	8.02e-08	49.3
5_80	22_362	26.923	234	150	8	107	333	471	690	7.50e-05	40.0
5_80	22_362	25.974	77	56	1	407	482	508	584	5.90e-04	37.0
5_80	22_204	29.348	184	113	6	24	203	351	521	1.96e-07	48.1
5_80	22_204	26.087	299	185	13	192	480	264	536	1.02e-04	39.3
5_80	22_121	28.800	125	83	4	366	486	190	312	2.26e-07	47.8
5_80	22_121	29.508	61	43	0	8	68	11	71	1.06e-04	39.3
5_80	22_523	27.059	85	55	2	407	487	617	698	4.46e-06	43.9
5_80	22_523	35.849	53	34	0	14	66	15	67	2.88e-04	38.1
5_80	22_672	26.519	181	123	4	26	205	180	351	9.10e-06	42.4
5_80	22_431	27.326	172	105	6	36	201	363	520	2.16e-05	41.6
5_80	22_446	29.167	96	62	2	407	496	281	376	3.44e-05	40.8
5_80	22_446	37.778	45	28	0	24	68	64	108	1.70e-04	38.5
5_81	22_88	86.413	184	25	0	1	184	1	184	5.05e-119	330
5_82	22_89	89.888	89	9	0	1	89	1	89	7.04e-54	157
5_83	22_91	83.636	165	27	0	1	165	1	165	4.80e-99	278
5_84	22_490	86.615	1412	188	1	1	1411	1	1412	0.0	2561
5_85	22_203	78.417	139	30	0	1	139	1	139	3.51e-72	207
5_86	22_268	88.368	533	62	0	1	533	1	533	0.0	981
5_87	22_141	71.362	213	61	0	1	213	1	213	8.40e-95	271
5_88	22_112	90.833	120	11	0	1	120	1	120	2.48e-79	224
5_89	22_113	85.903	227	32	0	1	227	1	227	2.21e-139	385
5_90	22_12	79.070	86	18	0	1	86	1	86	4.59e-49	145
5_91	22_645	79.017	753	158	0	1	753	1	753	0.0	1227
5_93	22_109	85.294	136	20	0	19	154	14	149	1.74e-86	245
5_94	22_526	84.375	64	10	0	1	64	1	64	5.50e-36	110
5_95	22_130	82.759	116	20	0	1	116	1	116	1.03e-70	202
5_96	22_527	90.167	478	47	0	1	478	1	478	0.0	892
5_97	22_131	90.449	356	34	0	1	356	1	356	0.0	670
5_98	22_48	90.361	83	8	0	1	83	1	83	2.60e-51	150
5_99	22_186	79.478	268	55	0	16	283	4	271	2.31e-160	442
5_99	22_462	35.849	106	61	4	37	141	22	121	1.03e-11	58.5
5_100	22_187	86.721	369	47	1	1	369	1	367	0.0	650
5_101	22_188	87.603	484	60	0	1	484	1	484	0.0	860
5_102	22_47	84.722	360	55	0	1	360	1	360	0.0	615
5_103	22_321	79.254	429	89	0	1	429	1	429	0.0	693
5_104	22_242	77.209	215	49	0	1	215	1	215	3.15e-112	315
5_104	22_251	24.645	211	148	6	7	214	7	209	2.07e-09	50.4
5_105	22_132	81.865	193	35	0	1	193	5	197	2.35e-106	298
5_106	22_44	82.796	186	32	0	1	186	1	186	3.48e-115	320
5_106	22_397	29.167	120	77	4	39	151	24	142	2.20e-04	35.4
5_106	22_549	24.427	131	74	4	46	155	81	207	5.48e-04	34.3
5_107	22_43	72.249	209	58	0	1	209	1	209	2.71e-109	308
5_108	22_231	82.253	293	52	0	1	293	1	293	2.03e-180	494
5_108	22_7	31.507	146	91	5	9	152	5	143	9.04e-10	53.5
5_108	22_7	28.144	167	103	6	9	162	173	335	1.42e-06	43.9
5_108	22_138	37.705	61	35	1	5	65	218	275	3.72e-05	39.3
5_108	22_676	43.860	57	25	3	7	63	113	162	2.17e-04	36.6
5_109	22_518	77.099	131	30	0	1	131	1	131	1.49e-72	208
5_110	22_42	74.667	150	38	0	1	150	1	150	5.73e-81	231
5_111	22_519	92.047	679	54	0	2	680	1	679	0.0	1199
5_111	22_431	28.421	285	182	6	358	634	225	495	2.08e-15	73.9
5_111	22_672	29.394	330	189	16	350	660	44	348	6.66e-15	71.6
5_111	22_180	27.551	196	113	6	471	653	6	185	1.90e-10	56.6
5_111	22_433	31.285	179	100	8	500	670	32	195	6.47e-10	56.6
5_111	22_430	31.138	167	94	7	502	660	369	522	6.59e-10	56.6
5_111	22_204	30.097	206	115	10	467	660	331	519	2.69e-09	54.7
5_111	22_380	29.858	211	119	8	471	670	2	194	6.79e-09	53.5
5_111	22_255	27.381	168	106	7	502	660	94	254	8.09e-09	52.0
5_111	22_15	24.402	209	125	7	464	661	11	197	1.49e-07	48.1
5_111	22_247	24.479	192	131	5	491	678	23	204	3.06e-07	48.1
5_111	22_440	25.581	172	101	5	500	661	32	186	7.76e-07	47.0
5_111	22_648	27.338	139	90	3	521	656	7	137	1.97e-06	43.5
5_111	22_107	25.628	199	104	9	500	667	32	217	7.01e-06	43.5
5_111	22_542	39.683	63	30	2	603	661	127	185	1.34e-05	42.7
5_111	22_14	27.313	227	115	13	471	660	3	216	3.33e-05	40.8
5_111	22_540	28.421	190	109	8	471	648	2	176	3.95e-05	41.2
5_111	22_60	27.273	176	110	7	500	661	42	213	4.87e-05	40.0
5_111	22_536	22.951	183	125	5	487	660	27	202	1.18e-04	39.7
5_111	22_671	25.000	200	114	8	473	656	26	205	3.44e-04	38.1
5_111	22_439	33.898	59	39	0	603	661	127	185	4.01e-04	38.1
5_112	22_263	79.325	237	49	0	1	237	1	237	7.38e-136	377
5_113	22_38	83.434	332	55	0	1	332	1	332	0.0	572
5_114	22_37	95.522	134	6	0	1	134	1	134	2.29e-82	233
5_115	22_36	92.701	137	10	0	1	137	1	137	1.69e-90	254
5_116	22_105	94.595	37	2	0	1	37	1	37	4.25e-19	66.2
5_117	22_35	80.000	75	15	0	1	75	1	75	8.22e-38	116
5_118	22_134	83.200	250	42	0	1	250	1	250	6.88e-160	438
5_118	22_157	27.586	203	136	4	3	203	121	314	2.72e-16	72.0
5_119	22_509	82.682	179	31	0	1	179	1	179	4.75e-110	306
5_120	22_32	91.603	131	11	0	1	131	1	131	8.72e-88	246
5_121	22_31	95.082	61	3	0	1	61	1	61	1.00e-39	119
5_122	22_208	85.083	181	27	0	1	181	1	181	2.05e-115	320
5_123	22_29	95.902	122	5	0	1	122	1	122	3.72e-82	231
5_124	22_511	71.901	121	34	0	1	121	1	121	5.00e-51	153
5_125	22_28	92.647	136	10	0	1	136	1	136	4.12e-95	265
5_126	22_27	86.784	227	30	0	1	227	1	227	4.04e-150	412
5_127	22_232	61.500	200	47	2	1	170	1	200	8.81e-74	215
5_128	22_26	96.667	90	3	0	1	90	1	90	6.36e-64	183
5_129	22_312	93.617	282	18	0	1	282	1	282	0.0	536
5_130	22_233	72.393	163	43	1	3	163	2	164	2.52e-60	179
5_131	22_25	82.710	214	37	0	1	214	1	214	2.16e-119	333
5_132	22_512	82.403	233	38	1	1	233	1	230	3.76e-135	374
5_133	22_166	89.623	106	11	0	1	106	1	106	2.22e-68	195
5_134	22_298	83.920	199	32	0	1	199	1	199	3.80e-123	342
5_135	22_23	84.783	184	28	0	1	184	1	184	2.51e-118	328
5_136	22_444	82.209	489	86	1	1	489	1	488	0.0	816
5_136	22_235	23.266	447	301	15	56	483	19	442	5.42e-12	62.4
5_136	22_550	24.895	237	158	9	67	293	29	255	4.72e-08	50.1
5_136	22_550	43.590	39	22	0	444	482	497	535	7.12e-07	46.2
5_137	22_294	73.188	276	74	0	1	276	1	276	2.30e-154	427
5_137	22_176	27.799	259	153	10	5	248	7	246	5.70e-13	62.4
5_137	22_626	26.493	268	161	12	6	249	23	278	1.39e-12	61.2
5_137	22_391	22.101	276	196	8	2	272	4	265	1.73e-08	48.9
5_137	22_72	27.397	73	51	1	2	72	7	79	5.41e-05	38.5
5_137	22_72	25.843	89	64	2	188	274	198	286	4.46e-04	35.8
5_138	22_138	83.258	442	74	0	1	442	1	442	0.0	712
5_138	22_7	39.161	143	80	4	217	352	171	313	3.26e-20	87.0
5_138	22_7	31.111	90	60	2	220	308	6	94	4.64e-08	49.7
5_138	22_231	33.684	95	52	3	218	304	5	96	9.30e-06	42.0
5_138	22_676	32.609	92	55	4	192	281	86	172	1.68e-04	37.7
5_139	22_22	95.950	321	13	0	1	321	1	321	0.0	594
5_139	22_181	31.535	241	149	6	87	317	143	377	1.31e-17	77.4
5_140	22_446	84.842	442	67	0	1	442	1	442	0.0	769
5_140	22_523	41.053	190	110	2	247	434	582	771	1.60e-42	154
5_140	22_523	38.144	97	56	2	61	156	22	115	5.78e-14	68.6
5_140	22_189	44.262	122	67	1	273	394	270	390	6.97e-28	110
5_140	22_189	38.235	102	58	3	59	156	140	240	2.73e-11	59.7
5_140	22_76	36.434	129	80	1	259	385	138	266	2.79e-26	103
5_140	22_76	32.258	124	68	4	43	157	9	125	4.44e-12	61.6
5_140	22_121	29.819	332	205	11	43	368	10	319	3.51e-26	105
5_140	22_362	39.362	94	56	1	274	366	501	594	6.97e-17	77.8
5_140	22_362	29.412	136	80	4	38	172	33	153	2.33e-10	57.4
5_140	22_60	36.111	108	67	2	251	358	126	231	7.84e-15	68.9
5_140	22_255	41.667	84	48	1	276	359	191	273	1.08e-14	69.3
5_140	22_255	32.031	128	71	3	22	147	47	160	1.10e-07	47.8
5_140	22_671	35.294	102	61	3	281	380	411	509	5.62e-14	68.2
5_140	22_671	31.034	87	59	1	281	367	153	238	1.69e-05	41.6
5_140	22_671	36.667	60	37	1	57	115	275	334	4.42e-04	37.0
5_140	22_585	31.111	90	62	0	282	371	194	283	1.06e-13	67.0
5_140	22_14	34.074	135	87	2	237	371	116	248	1.09e-13	66.2
5_140	22_15	31.667	120	78	3	244	363	104	219	3.07e-11	58.5
5_140	22_15	30.000	90	53	3	50	137	6	87	4.30e-04	36.6
5_140	22_180	32.075	106	71	1	278	383	133	237	4.59e-11	57.4
5_140	22_536	36.634	101	54	3	264	360	129	223	1.29e-10	57.8
5_140	22_536	36.709	79	49	1	281	359	412	489	6.42e-08	49.3
5_140	22_536	45.946	37	20	0	62	98	21	57	6.34e-05	39.7
5_140	22_380	39.130	92	52	3	280	370	127	215	1.32e-10	58.2
5_140	22_270	39.535	86	48	3	267	351	115	197	1.56e-08	51.6
5_140	22_433	36.667	90	51	3	281	367	129	215	3.50e-08	50.1
5_140	22_542	33.333	81	50	2	280	359	127	204	4.91e-08	49.7
5_140	22_540	32.979	94	59	2	267	359	114	204	6.89e-08	49.3
5_140	22_440	35.366	82	49	3	281	361	129	207	1.10e-07	48.5
5_140	22_247	25.191	131	91	3	223	351	72	197	1.28e-07	48.5
5_140	22_485	34.118	85	55	1	275	359	401	484	1.06e-06	45.4
5_140	22_439	24.370	119	87	2	265	383	112	227	1.63e-06	45.1
5_140	22_479	23.662	355	201	14	66	388	631	947	2.16e-06	44.7
5_140	22_479	27.811	169	101	6	258	424	470	619	1.00e-04	39.3
5_140	22_430	38.983	59	33	1	281	339	467	522	4.01e-05	40.4
5_140	22_431	27.132	129	76	4	23	138	302	425	4.27e-04	37.0
5_140	22_672	23.853	109	80	1	32	140	149	254	0.001	35.8
5_141	22_202	72.576	361	99	0	1	361	1	361	0.0	532
5_142	22_220	93.436	259	17	0	1	259	1	259	6.04e-179	487
5_143	22_282	99.206	504	4	0	1	504	1	504	0.0	971
5_143	22_365	25.450	444	266	15	10	403	51	479	9.09e-20	87.0
5_144	22_283	97.802	91	2	0	1	91	1	91	5.00e-59	171
5_144	22_115	27.174	92	63	3	1	89	3	93	3.62e-06	37.0
5_145	22_82	78.571	98	21	0	1	98	1	98	4.02e-50	149
5_146	22_250	71.359	206	59	0	1	206	1	206	1.19e-95	272
5_147	22_251	69.082	207	64	0	2	208	10	216	2.61e-102	290
5_147	22_242	28.042	189	129	4	18	201	28	214	8.26e-14	62.8
5_148	22_162	72.881	59	16	0	1	59	76	134	6.60e-26	88.2
5_149	22_655	72.165	97	27	0	1	97	1	97	1.67e-48	144
5_150	22_656	83.399	253	42	0	1	253	1	253	9.40e-153	428
5_150	22_631	85.165	182	27	0	258	439	1	182	6.52e-112	322
5_151	22_199	31.293	147	94	3	4	147	6	148	5.66e-14	60.5
5_151	22_622	32.432	111	71	1	41	147	16	126	1.10e-11	53.9
5_151	22_328	36.111	72	45	1	64	134	60	131	4.68e-09	47.4
5_152	22_123	90.179	336	33	0	1	336	1	336	0.0	634
5_153	22_3	94.955	337	17	0	1	337	1	337	0.0	639
5_154	22_257	72.500	240	66	0	1	240	30	269	3.84e-130	363
5_154	22_387	28.829	111	65	4	10	108	7	115	3.58e-04	35.8
5_155	22_258	73.684	418	110	0	1	418	1	418	0.0	599
5_155	22_245	37.008	127	55	2	160	261	6	132	2.22e-15	72.0
5_155	22_7	24.138	232	163	6	150	375	164	388	4.54e-05	40.0
5_155	22_585	27.481	131	90	2	150	278	27	154	5.99e-04	36.2
5_156	22_223	87.273	110	14	0	32	141	1	110	2.16e-67	194
5_157	22_163	85.124	242	36	0	1	242	1	242	1.02e-147	407
5_158	22_5	77.000	100	23	0	1	100	1	100	1.57e-54	160
5_159	22_237	66.272	169	57	0	1	169	1	169	1.68e-80	233
5_160	22_259	78.261	276	60	0	1	276	1	276	3.76e-158	436
5_161	22_124	92.569	471	35	0	1	471	1	471	0.0	887
5_161	22_73	36.226	461	281	5	7	461	2	455	2.29e-103	311
5_161	22_164	27.879	330	227	4	29	349	38	365	3.58e-27	108
5_161	22_120	23.841	302	204	9	63	348	49	340	7.13e-07	46.2
5_162	22_297	71.984	257	72	0	1	257	1	257	6.57e-132	368
5_163	22_240	80.392	102	20	0	1	102	1	102	6.09e-54	159
5_164	22_296	82.979	376	62	1	1	376	1	374	0.0	602
5_165	22_349	81.250	224	42	0	1	224	1	224	9.56e-138	380
5_166	22_7	81.019	432	82	0	1	432	1	432	0.0	730
5_166	22_138	36.076	158	80	5	172	315	218	368	4.54e-20	86.7
5_166	22_138	29.213	89	63	0	5	93	219	307	2.96e-07	47.0
5_166	22_231	29.932	147	94	5	4	143	8	152	4.15e-11	58.2
5_166	22_231	29.341	167	106	6	173	337	9	165	3.91e-07	46.2
5_166	22_279	42.593	54	28	1	6	59	41	91	3.30e-06	42.4
5_166	22_279	41.071	56	30	2	172	227	39	91	6.33e-04	35.4
5_166	22_676	36.250	80	44	3	7	85	115	188	8.75e-06	41.6
5_166	22_185	29.121	182	94	8	174	338	10	173	9.49e-05	39.3
5_167	22_185	92.809	598	43	0	1	598	1	598	0.0	1136
5_167	22_295	37.363	182	102	4	7	183	11	185	3.73e-24	101
5_167	22_295	22.034	177	119	5	322	480	509	684	3.48e-06	44.3
5_167	22_295	22.566	226	144	9	165	370	266	480	1.28e-05	42.7
5_167	22_79	27.431	288	180	10	8	272	20	301	2.12e-16	76.3
5_167	22_252	34.074	135	74	3	10	144	117	236	1.19e-15	74.7
5_167	22_7	28.125	128	77	3	64	176	214	341	1.75e-04	38.9
5_168	22_224	70.245	326	83	4	1	323	1	315	1.15e-168	466
5_169	22_295	95.245	694	33	0	1	694	1	694	0.0	1372
5_169	22_185	38.122	181	100	4	6	179	2	177	7.60e-25	104
5_169	22_185	23.810	231	145	8	266	485	165	375	1.58e-08	52.4
5_169	22_185	21.311	183	130	4	509	690	322	491	9.07e-07	46.6
5_169	22_252	37.795	127	61	2	13	139	116	224	1.09e-14	72.0
5_169	22_79	34.091	132	84	3	8	138	16	145	6.33e-13	65.9
5_170	22_9	97.059	136	4	0	1	136	1	136	8.15e-99	275
5_171	22_351	89.497	457	48	0	1	457	1	457	0.0	836
5_171	22_423	24.324	296	198	9	104	396	129	401	4.67e-10	55.8
5_172	22_352	86.651	427	57	0	1	427	1	427	0.0	750
5_174	22_492	77.043	257	59	0	1	257	1	257	1.17e-144	400
5_175	22_285	88.889	144	16	0	1	144	1	144	1.24e-96	270
5_176	22_97	92.424	132	10	0	1	132	1	132	4.51e-87	244
5_177	22_156	73.793	145	38	0	1	145	1	145	5.50e-66	192
5_178	22_155	82.096	229	41	0	1	229	1	229	4.22e-142	392
5_178	22_620	24.123	228	159	6	5	228	34	251	1.84e-05	39.3
5_179	22_94	79.558	181	37	0	1	181	1	181	4.29e-107	299
5_180	22_154	86.957	46	6	0	1	46	1	46	4.03e-25	82.0
5_181	22_427	91.146	192	17	0	1	192	1	192	1.95e-130	359
5_182	22_428	78.715	249	53	0	1	249	1	249	2.63e-145	401
5_183	22_304	68.571	245	77	0	1	245	1	245	3.10e-123	345
5_184	22_196	89.278	457	49	0	1	457	1	457	0.0	831
5_185	22_71	66.774	310	98	3	6	314	5	310	4.82e-146	409
5_186	22_180	89.873	237	23	1	1	236	1	237	3.32e-157	431
5_186	22_485	34.466	206	128	3	25	223	26	231	9.53e-21	85.1
5_186	22_485	29.070	86	61	0	136	221	407	492	2.19e-06	42.7
5_186	22_14	28.936	235	141	6	10	218	7	241	9.76e-21	83.6
5_186	22_671	31.604	212	114	6	22	211	26	228	9.08e-17	73.6
5_186	22_671	27.523	218	130	6	18	213	277	488	1.54e-16	73.2
5_186	22_189	28.444	225	136	8	22	223	144	366	2.55e-16	72.4
5_186	22_76	26.577	222	138	9	22	221	30	248	1.41e-15	69.7
5_186	22_15	28.293	205	135	6	22	218	20	220	9.45e-15	66.6
5_186	22_446	32.353	102	68	1	133	233	278	379	8.35e-13	62.0
5_186	22_446	29.787	47	33	0	22	68	63	109	3.03e-04	36.2
5_186	22_380	30.808	198	114	7	8	196	4	187	1.78e-12	61.2
5_186	22_536	25.243	206	135	5	21	212	21	221	1.92e-12	60.8
5_186	22_536	25.837	209	136	6	22	213	283	489	6.24e-10	53.5
5_186	22_362	33.333	96	62	2	127	221	500	594	1.37e-11	58.5
5_186	22_362	30.556	72	46	3	21	89	53	123	2.69e-04	36.2
5_186	22_523	31.461	89	60	1	133	220	614	702	4.05e-11	57.0
5_186	22_523	40.426	47	28	0	21	67	23	69	1.09e-07	47.0
5_186	22_255	22.273	220	160	5	24	235	79	295	1.19e-10	55.1
5_186	22_519	30.070	143	79	4	38	167	500	634	1.36e-10	55.5
5_186	22_433	29.612	206	125	7	25	221	20	214	1.85e-10	55.1
5_186	22_542	28.837	215	136	8	5	213	1	204	1.97e-10	55.1
5_186	22_121	31.313	99	67	1	136	233	232	330	2.37e-10	54.7
5_186	22_585	31.933	119	77	2	96	213	156	271	3.22e-10	54.3
5_186	22_204	27.374	179	116	6	24	196	352	522	1.08e-09	52.8
5_186	22_439	26.106	226	136	7	25	235	20	229	1.22e-09	52.8
5_186	22_440	28.934	197	121	7	25	213	20	205	1.68e-09	52.4
5_186	22_540	29.082	196	121	7	25	213	20	204	3.08e-09	51.6
5_186	22_430	31.285	179	105	8	24	193	354	523	4.24e-09	50.8
5_186	22_270	27.500	200	120	8	22	210	17	202	2.39e-08	48.9
5_186	22_247	27.717	184	108	7	24	196	19	188	1.10e-07	47.0
5_186	22_431	27.751	209	129	9	8	205	336	533	1.65e-07	46.2
5_186	22_672	27.136	199	126	8	8	197	163	351	3.26e-07	45.1
5_186	22_107	23.482	247	134	7	5	213	1	230	5.08e-07	44.7
5_186	22_107	20.874	206	144	7	23	221	338	531	5.99e-04	35.0
5_186	22_60	27.848	79	56	1	135	212	153	231	8.78e-07	43.5
5_186	22_541	27.368	190	127	7	10	196	6	187	1.53e-06	43.1
5_187	22_74	84.653	202	31	0	1	202	1	202	8.42e-121	336
5_188	22_389	82.305	486	86	0	2	487	1	486	0.0	811
5_189	22_390	69.264	231	71	0	1	231	1	231	2.47e-103	294
5_190	22_73	93.217	457	31	0	1	457	1	457	0.0	874
5_190	22_124	36.645	453	280	4	2	450	7	456	8.93e-107	320
5_190	22_164	22.892	332	246	6	15	341	37	363	1.07e-09	55.1
5_190	22_120	22.635	296	206	9	126	411	127	409	2.23e-07	47.8
5_191	22_336	78.593	327	70	0	1	327	1	327	0.0	525
5_191	22_160	40.506	316	170	5	16	328	16	316	4.52e-70	216
5_191	22_615	26.404	356	207	16	9	326	306	644	1.84e-11	59.7
5_193	22_2	91.045	67	6	0	1	67	1	67	1.27e-40	123
5_194	22_205	90.000	90	9	0	1	90	1	90	2.66e-55	161
5_195	22_8	92.308	156	12	0	1	156	1	156	3.36e-109	303
5_196	22_350	79.839	124	25	0	3	126	7	130	2.63e-69	199
5_197	22_10	84.431	167	26	0	1	167	1	167	1.74e-99	279
5_198	22_394	76.923	156	36	0	1	156	1	156	6.77e-87	246
5_199	22_70	81.944	144	26	0	1	144	1	144	3.09e-87	246
5_200	22_57	87.356	87	11	0	1	87	1	87	8.16e-48	142
5_201	22_178	79.751	321	65	0	1	321	1	321	0.0	540
5_201	22_195	22.814	263	184	9	57	315	30	277	2.57e-07	45.8
5_202	22_683	74.688	320	80	1	8	326	1	320	1.55e-174	481
5_203	22_18	91.954	87	7	0	1	87	1	87	2.94e-55	162
5_204	22_191	87.097	93	12	0	1	93	1	93	2.13e-54	159
5_205	22_452	67.266	278	91	0	1	278	1	278	1.87e-139	389
5_206	22_50	87.500	64	8	0	1	64	1	64	4.00e-36	110
5_207	22_49	90.686	204	19	0	1	204	1	204	8.17e-126	350
5_208	22_548	67.857	140	41	1	1	136	1	140	3.70e-60	177
5_209	22_547	80.460	174	34	0	1	174	1	174	9.37e-105	293
5_210	22_45	61.268	142	52	1	1	142	1	139	3.60e-60	177
5_211	22_207	87.402	127	16	0	1	127	1	127	3.73e-66	191
5_212	22_41	75.163	153	38	0	1	153	1	153	1.37e-78	225
5_213	22_167	69.014	142	44	0	1	142	1	142	9.33e-68	197
5_214	22_189	90.000	470	46	1	1	469	1	470	0.0	889
5_214	22_76	40.896	335	193	4	114	447	3	333	9.07e-79	244
5_214	22_523	44.737	114	63	0	273	386	613	726	1.01e-30	120
5_214	22_523	29.703	101	66	2	147	247	28	123	2.68e-08	50.8
5_214	22_446	45.217	115	63	0	269	383	273	387	8.13e-28	110
5_214	22_446	35.200	125	65	5	120	239	43	156	8.46e-12	61.6
5_214	22_15	28.139	231	146	7	141	370	18	229	1.28e-17	77.8
5_214	22_121	37.805	82	51	0	276	357	231	312	5.42e-15	71.6
5_214	22_362	31.532	111	75	1	274	384	505	614	1.39e-14	70.9
5_214	22_14	26.496	234	137	7	152	367	32	248	2.85e-14	68.2
5_214	22_180	26.180	233	147	8	143	373	22	231	4.74e-14	66.6
5_214	22_255	31.183	186	109	7	153	336	87	255	4.80e-14	67.4
5_214	22_671	27.823	248	154	9	115	357	5	232	4.43e-13	65.9
5_214	22_671	29.412	102	69	2	257	358	393	491	4.39e-09	53.1
5_214	22_585	24.571	175	122	3	259	429	175	343	9.09e-13	64.3
5_214	22_60	25.000	236	124	8	142	354	26	231	7.13e-11	57.4
5_214	22_536	26.172	256	145	8	115	353	259	487	1.01e-09	55.1
5_214	22_536	25.316	237	145	11	141	367	20	234	8.78e-09	52.0
5_214	22_542	26.168	214	117	9	147	356	21	197	4.32e-09	53.5
5_214	22_270	26.636	214	119	7	141	347	15	197	1.40e-08	51.6
5_214	22_433	25.571	219	139	7	141	359	15	209	5.90e-08	49.7
5_214	22_440	22.273	220	141	6	142	358	16	208	8.66e-08	48.9
5_214	22_380	25.185	270	149	9	122	390	3	220	4.26e-07	47.0
5_214	22_540	23.832	214	122	9	147	356	21	197	2.64e-06	44.3
5_214	22_107	22.078	231	147	8	142	355	16	230	6.24e-06	43.1
5_214	22_485	25.217	230	154	5	143	364	274	493	6.86e-06	42.7
5_214	22_485	42.000	50	23	2	155	200	35	82	6.13e-04	36.6
5_214	22_247	25.592	211	123	8	142	347	16	197	6.98e-06	43.1
5_214	22_439	23.223	211	129	8	141	347	15	196	1.18e-05	42.4
5_214	22_672	25.446	224	117	8	123	335	163	347	8.59e-04	35.8
5_215	22_284	76.159	151	36	0	1	151	1	151	7.76e-86	243
5_215	22_63	31.915	94	63	1	15	108	22	114	2.98e-10	50.8
5_216	22_559	78.322	286	61	1	1	285	1	286	2.67e-160	442
5_217	22_558	63.774	265	96	0	1	265	1	265	4.60e-115	326
5_218	22_93	88.889	189	21	0	1	189	1	189	6.27e-127	350
5_219	22_615	87.616	646	80	0	20	665	1	646	0.0	1177
5_219	22_160	23.478	345	205	15	333	662	17	317	4.67e-09	53.1
5_219	22_336	24.929	353	216	18	325	663	9	326	9.56e-08	48.9
5_220	22_337	90.030	331	32	1	1	331	1	330	0.0	571
5_221	22_211	70.647	201	59	0	1	201	1	201	2.23e-102	289
5_222	22_11	81.379	145	27	0	5	149	5	149	2.16e-89	252
5_223	22_122	75.893	112	27	0	1	112	1	112	1.62e-55	163
5_224	22_391	73.408	267	71	0	1	267	1	267	8.99e-148	409
5_224	22_626	28.832	274	163	8	6	253	22	289	4.87e-20	82.4
5_224	22_273	27.935	247	162	8	4	241	4	243	1.25e-14	67.8
5_224	22_294	25.899	278	183	8	4	265	2	272	3.54e-12	60.1
5_224	22_72	30.488	82	54	1	182	263	199	277	3.43e-08	48.1
5_224	22_176	35.593	59	38	0	183	241	188	246	6.36e-06	41.2
5_225	22_19	80.899	89	17	0	1	89	1	89	2.09e-45	136
5_226	22_467	81.448	221	41	0	1	221	1	221	1.59e-136	377
5_227	22_230	74.886	219	55	0	1	219	1	219	3.50e-120	335
5_228	22_85	75.714	70	17	0	1	70	1	70	1.04e-32	103
5_229	22_483	82.200	691	123	0	1	691	1	691	0.0	1136
5_230	22_510	76.842	95	22	0	1	95	1	95	3.28e-44	134
5_231	22_586	64.799	696	236	4	10	698	10	703	0.0	921
5_231	22_582	25.699	751	467	23	16	698	6	733	4.98e-46	170
5_231	22_366	24.498	249	149	10	474	691	334	574	8.54e-05	40.0
5_232	22_16	83.146	178	30	0	1	178	1	178	1.79e-108	303
5_233	22_616	79.167	48	10	0	43	90	1	48	2.47e-23	79.3
5_235	22_227	66.810	232	77	0	1	232	56	287	7.60e-110	312
5_236	22_53	85.902	305	43	0	1	305	1	305	0.0	548
5_236	22_423	26.244	221	131	12	91	298	117	318	1.65e-05	40.8
5_236	22_308	24.419	344	197	13	2	298	159	486	3.33e-04	36.6
5_237	22_327	81.743	241	44	0	1	241	1	241	2.02e-142	394
5_238	22_106	75.352	142	35	0	1	142	1	142	3.19e-58	172
5_239	22_515	84.733	524	80	0	1	524	1	524	0.0	877
5_239	22_358	22.075	453	289	16	9	442	4	411	4.51e-06	43.9
5_240	22_121	88.288	444	52	0	1	444	1	444	0.0	786
5_240	22_362	37.561	205	124	3	196	397	471	674	1.59e-34	131
5_240	22_362	47.423	97	51	0	11	107	39	135	1.11e-22	95.9
5_240	22_585	29.651	344	166	9	22	346	18	304	9.81e-33	122
5_240	22_446	27.964	329	215	10	10	319	43	368	1.70e-21	91.3
5_240	22_523	30.128	156	106	2	180	334	566	719	8.68e-20	87.0
5_240	22_523	43.243	37	21	0	20	56	18	54	1.12e-04	38.9
5_240	22_14	32.022	178	102	5	205	375	131	296	5.11e-16	73.2
5_240	22_14	32.075	53	36	0	24	76	21	73	5.22e-05	39.7
5_240	22_189	31.707	123	72	3	190	312	248	358	2.05e-14	69.7
5_240	22_76	30.693	101	70	0	232	332	162	262	6.94e-14	67.4
5_240	22_15	38.889	90	54	1	232	321	138	226	1.09e-12	62.8
5_240	22_15	27.778	90	62	2	22	108	16	105	2.29e-04	37.4
5_240	22_536	30.061	163	105	5	202	360	112	269	2.02e-12	63.5
5_240	22_536	28.431	102	68	3	10	106	6	107	1.52e-07	48.1
5_240	22_536	27.848	79	56	1	232	310	412	489	1.21e-05	42.0
5_240	22_542	30.233	172	93	5	10	178	1	148	2.73e-12	63.5
5_240	22_671	25.385	130	95	2	203	331	381	509	9.74e-12	61.2
5_240	22_671	29.825	114	76	2	209	322	130	239	7.05e-11	58.5
5_240	22_671	29.825	114	72	1	1	106	1	114	7.63e-11	58.5
5_240	22_255	33.094	139	76	5	24	148	75	210	1.23e-11	60.1
5_240	22_255	36.585	82	49	2	230	310	194	273	2.25e-09	53.1
5_240	22_380	37.755	98	55	3	225	319	119	213	2.36e-11	60.5
5_240	22_380	32.653	98	61	2	10	106	1	94	4.03e-08	50.1
5_240	22_180	35.443	79	50	1	232	310	136	213	4.35e-10	54.7
5_240	22_540	34.694	98	59	2	10	106	1	94	6.81e-10	55.8
5_240	22_540	36.145	83	47	3	230	310	126	204	1.27e-05	42.0
5_240	22_439	34.000	100	51	3	10	103	1	91	9.10e-10	55.5
5_240	22_439	31.481	108	69	2	226	330	122	227	5.68e-07	46.6
5_240	22_247	33.099	142	91	3	211	351	107	245	2.02e-09	54.3
5_240	22_247	32.955	88	57	1	16	103	7	92	1.36e-08	51.6
5_240	22_270	31.959	97	64	1	10	106	1	95	2.37e-09	53.9
5_240	22_541	31.633	98	62	2	10	106	1	94	1.82e-08	51.2
5_240	22_485	26.316	152	104	5	182	329	356	503	2.03e-08	50.8
5_240	22_433	39.535	86	46	3	229	312	126	207	2.18e-08	50.8
5_240	22_433	30.851	94	63	1	10	103	1	92	4.00e-08	50.1
5_240	22_60	30.275	109	76	0	211	319	133	241	2.79e-08	49.3
5_240	22_107	21.311	305	161	7	10	310	1	230	6.96e-08	49.3
5_240	22_440	36.047	86	53	1	227	312	124	207	1.57e-07	48.1
5_240	22_440	28.866	97	67	1	10	106	1	95	2.18e-07	47.8
5_240	22_204	40.541	74	40	3	230	302	462	532	4.74e-06	43.1
5_240	22_204	36.842	57	35	1	22	77	346	402	1.31e-04	38.9
5_240	22_648	32.258	93	53	2	210	296	57	145	1.41e-05	40.0
5_240	22_430	33.333	69	45	1	10	77	336	404	2.03e-05	41.2
5_240	22_430	36.364	66	39	1	229	294	464	526	4.66e-05	40.0
5_240	22_479	36.986	73	43	2	226	296	487	558	4.18e-04	37.4
5_240	22_672	28.205	78	47	2	22	90	173	250	8.64e-04	35.8
5_241	22_248	85.159	283	42	0	4	286	4	286	3.04e-173	475
5_241	22_406	25.333	225	144	6	28	237	18	233	5.88e-07	44.7
5_242	22_406	88.213	263	31	0	1	263	1	263	4.16e-172	471
5_242	22_248	26.131	199	125	7	74	256	76	268	5.82e-06	41.6
5_243	22_200	64.286	308	110	0	1	308	1	308	5.85e-124	352
5_244	22_402	84.174	853	129	1	1	853	1	847	0.0	1461
5_244	22_256	36.000	700	403	9	50	726	6	683	1.60e-129	404
5_245	22_538	87.838	296	36	0	1	296	1	296	0.0	532
5_246	22_536	93.164	512	35	0	1	512	1	512	0.0	951
5_246	22_671	36.062	513	303	9	6	508	10	507	3.87e-99	303
5_246	22_485	28.210	514	327	11	11	506	12	501	7.96e-48	168
5_246	22_542	29.435	248	154	7	6	247	1	233	5.28e-22	94.4
5_246	22_542	28.270	237	147	9	267	502	4	218	7.33e-12	62.4
5_246	22_60	28.514	249	157	9	7	245	15	252	3.47e-16	73.2
5_246	22_60	22.222	252	185	8	262	509	7	251	1.89e-08	50.1
5_246	22_255	26.724	232	154	8	6	229	57	280	6.68e-16	73.2
5_246	22_540	26.977	215	140	7	6	218	1	200	8.42e-16	75.1
5_246	22_540	25.439	228	146	7	277	501	11	217	1.20e-09	55.5
5_246	22_541	26.633	199	133	5	22	220	17	202	8.19e-15	72.0
5_246	22_541	23.767	223	149	7	282	502	16	219	1.02e-05	42.7
5_246	22_14	24.473	237	140	7	13	223	14	237	1.45e-14	69.3
5_246	22_14	26.818	220	134	8	287	489	27	236	9.64e-12	60.5
5_246	22_247	26.066	211	142	5	6	215	1	198	1.53e-14	70.9
5_246	22_247	27.041	196	125	5	277	472	11	188	1.77e-11	61.2
5_246	22_180	27.679	224	138	8	6	221	5	212	1.27e-13	65.5
5_246	22_180	25.943	212	132	7	283	489	22	213	3.10e-08	49.3
5_246	22_439	23.767	223	137	5	6	218	1	200	3.33e-13	66.6
5_246	22_439	26.415	212	133	9	282	491	16	206	8.95e-10	55.8
5_246	22_433	26.291	213	135	7	25	235	20	212	3.54e-13	66.6
5_246	22_433	28.017	232	137	7	277	505	11	215	2.79e-12	63.5
5_246	22_15	27.982	218	124	10	22	225	20	218	4.34e-13	64.3
5_246	22_15	27.570	214	138	8	282	492	19	218	1.18e-08	50.8
5_246	22_270	24.906	265	173	8	6	269	1	240	1.18e-12	65.1
5_246	22_270	25.581	215	124	8	282	487	16	203	2.20e-06	44.7
5_246	22_380	24.885	217	144	6	6	219	1	201	1.80e-12	64.3
5_246	22_380	28.037	214	122	6	279	484	10	199	2.19e-10	57.8
5_246	22_440	24.031	258	160	7	22	268	17	249	4.00e-12	63.2
5_246	22_440	24.887	221	140	9	277	493	11	209	3.53e-08	50.4
5_246	22_446	36.634	101	54	3	129	223	264	360	8.08e-11	58.5
5_246	22_446	35.443	79	50	1	412	489	281	359	5.57e-07	46.6
5_246	22_446	40.678	59	31	1	3	57	40	98	1.02e-06	45.4
5_246	22_121	26.776	183	124	6	97	273	186	364	1.15e-10	58.2
5_246	22_121	27.451	102	69	3	6	107	10	106	6.24e-07	46.2
5_246	22_121	25.843	89	65	1	402	489	222	310	2.06e-05	41.6
5_246	22_362	35.484	93	53	2	402	490	498	587	1.39e-10	58.2
5_246	22_362	29.787	94	60	3	133	225	500	588	6.95e-08	49.7
5_246	22_362	28.571	91	56	4	16	104	48	131	2.11e-06	45.1
5_246	22_189	25.738	237	132	9	22	230	144	364	9.73e-10	55.1
5_246	22_189	25.600	250	158	8	259	489	116	356	8.87e-08	48.9
5_246	22_76	26.639	244	149	8	262	487	7	238	4.14e-09	52.8
5_246	22_76	27.419	248	148	11	3	230	13	248	2.79e-08	50.4
5_246	22_585	26.545	275	139	12	28	246	29	296	4.59e-09	52.8
5_246	22_585	29.114	79	55	1	412	489	193	271	7.98e-06	42.7
5_246	22_523	29.213	89	58	2	138	225	614	698	5.16e-08	50.1
5_246	22_523	29.545	88	61	1	410	496	615	702	1.24e-05	42.4
5_246	22_204	29.255	188	114	7	22	205	350	522	6.03e-08	49.7
5_246	22_107	25.106	235	151	7	6	221	1	229	1.74e-07	48.1
5_246	22_107	28.431	102	66	2	398	499	142	236	2.43e-04	38.1
5_246	22_672	25.581	215	144	9	7	217	161	363	3.70e-05	40.4
5_246	22_519	22.353	170	119	5	37	202	499	659	5.19e-05	40.4
5_246	22_479	26.415	106	66	4	117	215	806	906	2.09e-04	38.5
5_246	22_479	29.245	106	66	2	370	472	798	897	6.64e-04	37.0
5_246	22_431	25.397	189	112	9	37	215	365	534	4.89e-04	37.0
5_247	22_330	89.499	419	44	0	1	419	1	419	0.0	772
5_248	22_393	77.005	187	40	1	1	184	1	187	4.87e-103	289
5_249	22_209	67.890	218	70	0	1	218	1	218	1.33e-107	303
5_250	22_118	86.307	241	33	0	1	241	1	241	4.33e-158	433
5_251	22_197	79.675	246	50	0	1	246	1	246	1.40e-145	402
5_252	22_260	82.530	166	29	0	1	166	1	166	4.20e-98	275
5_253	22_101	74.194	62	16	0	15	76	15	76	1.62e-18	67.4
5_254	22_128	96.500	600	21	0	1	600	1	600	0.0	1160
5_255	22_184	68.203	629	182	6	71	691	58	676	0.0	823
5_256	22_4	66.667	123	38	1	1	120	1	123	3.43e-54	160
5_257	22_217	81.124	694	131	0	1	694	1	694	0.0	1152
5_258	22_100	90.123	81	8	0	1	81	1	81	6.28e-52	152
5_259	22_302	89.820	334	34	0	1	334	1	334	0.0	600
5_260	22_286	76.609	637	149	0	1	637	1	637	0.0	930
5_261	22_159	87.500	160	20	0	1	160	1	160	8.71e-91	256
5_262	22_158	66.010	203	69	0	1	203	1	203	3.86e-95	271
5_263	22_278	84.234	222	35	0	1	222	1	222	2.80e-138	382
5_264	22_530	75.882	170	41	0	1	170	1	170	3.09e-93	263
5_265	22_465	66.256	1218	401	4	1	1216	1	1210	0.0	1573
5_266	22_462	62.030	266	101	0	1	266	1	266	5.89e-124	349
5_266	22_186	38.614	101	57	3	26	121	29	129	3.99e-15	68.2
5_267	22_15	87.361	269	34	0	1	269	1	269	1.22e-176	483
5_267	22_14	33.333	255	143	7	2	232	3	254	4.31e-36	125
5_267	22_76	28.470	281	164	11	1	256	9	277	6.61e-21	85.9
5_267	22_430	34.826	201	111	6	16	208	348	536	2.45e-19	82.0
5_267	22_189	26.400	250	160	8	3	229	123	371	5.50e-19	80.9
5_267	22_255	27.982	218	132	4	19	223	76	281	5.94e-17	73.9
5_267	22_523	35.965	114	71	2	114	225	592	705	4.49e-16	72.8
5_267	22_523	27.143	70	46	1	23	87	27	96	3.10e-04	36.6
5_267	22_671	29.439	214	128	7	19	216	25	231	5.31e-16	72.4
5_267	22_671	35.052	97	58	4	138	232	411	504	4.72e-10	54.3
5_267	22_204	34.595	185	112	5	16	199	346	522	1.04e-15	71.2
5_267	22_180	29.469	207	128	8	20	219	22	217	3.97e-15	67.8
5_267	22_585	24.913	289	159	7	2	236	8	292	5.31e-15	68.9
5_267	22_672	30.374	214	129	7	2	208	161	361	6.35e-15	68.6
5_267	22_431	30.660	212	131	8	2	208	334	534	8.11e-15	68.9
5_267	22_107	26.923	208	97	4	16	185	13	203	1.47e-14	68.2
5_267	22_362	33.645	107	70	1	116	221	486	592	5.42e-14	66.6
5_267	22_362	34.021	97	58	4	16	112	50	140	1.40e-06	43.9
5_267	22_536	27.727	220	126	9	18	218	20	225	3.16e-13	63.9
5_267	22_536	25.926	216	139	8	19	218	282	492	1.27e-08	50.1
5_267	22_433	29.864	221	133	10	1	215	1	205	6.08e-13	63.2
5_267	22_121	33.636	110	72	1	118	226	212	321	1.16e-12	62.0
5_267	22_121	28.889	90	61	2	16	105	22	108	7.87e-06	41.2
5_267	22_446	33.036	112	73	2	118	227	260	371	1.74e-12	61.6
5_267	22_542	28.767	219	137	9	1	215	1	204	5.42e-12	60.5
5_267	22_540	28.972	214	129	7	1	208	1	197	1.08e-10	56.6
5_267	22_60	26.984	189	129	5	19	198	26	214	1.57e-10	55.1
5_267	22_440	27.686	242	153	9	1	234	1	228	1.04e-09	53.5
5_267	22_247	23.618	199	141	6	16	212	13	202	6.06e-08	48.1
5_267	22_439	26.190	210	140	7	1	208	1	197	6.78e-08	47.8
5_267	22_485	29.744	195	130	5	28	217	31	223	1.36e-07	47.0
5_267	22_485	25.962	208	129	10	28	215	282	484	5.34e-04	35.8
5_267	22_648	29.825	171	107	5	52	218	2	163	1.89e-07	44.7
5_267	22_270	27.404	208	120	9	1	198	1	187	2.14e-07	46.2
5_267	22_479	27.703	148	92	5	90	224	783	928	2.20e-07	46.6
5_267	22_380	25.446	224	147	7	1	220	1	208	2.45e-07	46.2
5_267	22_519	27.746	173	104	7	35	197	499	660	5.58e-07	45.1
5_267	22_541	25.688	218	145	8	1	215	1	204	9.70e-06	41.2
5_268	22_107	89.552	536	56	0	1	536	1	536	0.0	997
5_268	22_542	24.082	245	134	6	1	232	1	206	3.42e-15	73.2
5_268	22_542	32.394	71	46	1	449	517	129	199	1.80e-04	38.9
5_268	22_15	27.111	225	122	7	1	211	1	197	1.31e-14	68.9
5_268	22_671	25.431	232	152	6	3	228	12	228	1.01e-13	68.2
5_268	22_433	24.359	234	144	6	1	230	1	205	1.62e-11	61.2
5_268	22_433	28.910	211	131	9	319	519	1	202	8.12e-09	52.8
5_268	22_439	24.464	233	146	5	1	231	1	205	4.95e-11	60.1
5_268	22_439	23.636	220	134	8	319	521	1	203	2.46e-05	41.6
5_268	22_247	22.993	274	175	5	1	272	1	240	7.48e-11	59.3
5_268	22_247	23.810	210	139	7	319	517	1	200	5.09e-06	43.9
5_268	22_540	23.984	246	134	8	1	229	1	210	3.42e-10	57.4
5_268	22_540	24.762	210	144	6	319	521	1	203	4.27e-08	50.4
5_268	22_541	24.352	193	106	4	1	187	1	159	1.07e-09	55.5
5_268	22_541	25.359	209	142	7	319	520	1	202	5.82e-05	40.4
5_268	22_440	22.264	265	170	9	1	260	1	234	1.90e-09	54.7
5_268	22_440	25.238	210	142	6	319	520	1	203	1.29e-08	52.0
5_268	22_380	23.611	216	135	6	1	214	1	188	5.74e-09	53.1
5_268	22_380	26.829	82	58	1	444	523	124	205	1.54e-05	42.4
5_268	22_430	23.853	218	133	6	1	213	336	525	5.90e-09	53.1
5_268	22_204	25.108	231	132	7	4	223	337	537	1.74e-08	51.6
5_268	22_180	23.048	269	164	7	1	261	5	238	3.50e-08	49.3
5_268	22_180	23.423	222	148	10	319	527	5	217	1.27e-06	44.7
5_268	22_431	44.898	49	27	0	13	61	346	394	1.01e-07	48.9
5_268	22_14	24.299	214	122	7	20	213	26	219	2.81e-07	47.0
5_268	22_362	29.630	81	48	1	2	73	39	119	4.70e-07	47.0
5_268	22_362	25.000	84	59	1	152	231	504	587	3.35e-05	41.2
5_268	22_270	20.332	241	137	7	1	226	1	201	8.80e-07	46.2
5_268	22_270	25.592	211	140	8	319	520	1	203	2.71e-05	41.6
5_268	22_536	20.543	516	301	17	1	482	6	446	1.30e-06	45.4
5_268	22_536	23.554	242	152	7	10	236	276	499	1.08e-04	39.3
5_268	22_255	18.349	218	118	6	16	211	76	255	2.61e-05	40.8
5_268	22_255	22.222	198	135	6	336	518	76	269	5.08e-04	37.0
5_268	22_485	23.111	225	126	7	2	210	8	201	2.76e-05	41.2
5_268	22_485	33.846	65	40	2	462	523	158	222	7.05e-04	36.6
5_268	22_121	27.586	58	42	0	1	58	10	67	2.82e-05	41.2
5_268	22_121	31.765	85	54	1	150	230	226	310	3.69e-05	40.8
5_268	22_672	39.130	46	28	0	16	61	176	221	3.05e-05	40.8
5_268	22_76	22.353	255	150	10	1	230	9	240	1.53e-04	38.5
5_268	22_76	27.000	100	63	3	425	514	133	232	5.01e-04	37.0
5_268	22_60	24.155	207	129	9	14	210	24	212	2.44e-04	37.7
5_268	22_585	33.333	60	39	1	2	61	8	66	5.37e-04	37.0
5_268	22_523	28.409	88	51	2	449	524	618	705	8.64e-04	36.6
5_269	22_385	30.621	676	381	20	5	650	2	619	1.67e-74	248
5_269	22_281	26.316	76	45	4	49	120	43	111	1.93e-04	37.0
5_270	22_252	91.319	599	52	0	1	599	1	599	0.0	1098
5_270	22_185	30.275	218	127	7	117	317	10	219	5.98e-18	82.0
5_270	22_295	37.008	127	62	2	116	224	13	139	7.94e-14	68.9
5_270	22_79	32.099	162	90	3	116	257	21	182	5.80e-13	65.5
5_270	22_7	25.000	224	123	10	84	284	151	352	2.28e-04	38.5
5_271	22_319	81.040	327	62	0	1	327	1	327	0.0	534
5_272	22_315	63.743	171	61	1	656	825	27	197	7.78e-72	229
5_272	22_589	27.846	650	336	21	14	613	15	581	3.93e-49	178
5_273	22_576	69.962	263	79	0	1	263	1	263	1.76e-123	347
5_273	22_405	30.208	96	51	3	48	141	110	191	1.25e-06	43.1
5_273	22_405	29.268	123	75	4	35	145	121	243	5.18e-04	35.4
5_274	22_262	84.154	467	74	0	1	467	1	467	0.0	819
5_275	22_30	83.178	107	18	0	1	107	1	107	2.17e-60	175
5_276	22_508	70.283	212	63	0	1	212	1	212	2.90e-109	307
5_277	22_133	83.333	120	20	0	1	120	1	120	1.17e-75	215
5_278	22_39	73.729	236	62	0	1	236	1	236	1.83e-127	355
5_279	22_40	79.265	381	79	0	1	381	1	381	0.0	595
5_280	22_243	77.193	285	65	0	1	285	1	285	1.26e-151	421
5_280	22_231	34.483	58	32	2	157	212	11	64	0.001	34.7
5_281	22_96	88.780	410	46	0	1	410	1	410	0.0	704
5_282	22_95	77.974	227	50	0	1	227	1	227	6.60e-132	366
5_283	22_255	85.424	295	43	0	4	298	1	295	0.0	515
5_283	22_542	31.963	219	132	6	60	276	1	204	1.85e-25	101
5_283	22_540	34.184	196	116	5	79	272	16	200	1.82e-24	98.6
5_283	22_270	31.132	212	117	8	79	279	16	209	1.84e-23	95.5
5_283	22_433	31.220	205	121	7	79	277	16	206	2.32e-21	89.0
5_283	22_440	31.863	204	121	5	79	277	16	206	1.50e-20	86.7
5_283	22_60	32.447	188	111	6	83	258	30	213	3.46e-20	83.2
5_283	22_15	30.455	220	128	4	79	286	19	225	1.10e-19	82.0
5_283	22_380	30.303	198	123	6	79	273	16	201	1.54e-19	84.0
5_283	22_247	29.442	197	127	5	79	273	16	202	4.60e-19	82.4
5_283	22_76	29.439	214	126	6	61	258	17	221	7.71e-18	77.8
5_283	22_439	27.979	193	126	5	79	269	16	197	2.00e-17	77.4
5_283	22_536	26.407	231	154	8	60	282	6	228	5.81e-16	72.8
5_283	22_536	31.579	76	52	0	199	274	412	487	1.25e-05	41.2
5_283	22_541	30.151	199	122	5	79	273	16	201	1.23e-15	72.0
5_283	22_189	31.183	186	109	6	90	258	154	337	1.21e-14	68.9
5_283	22_446	36.283	113	71	1	194	305	276	388	1.59e-14	68.2
5_283	22_446	33.945	109	65	3	59	163	42	147	3.85e-08	48.9
5_283	22_523	27.273	154	103	3	139	287	557	706	4.48e-14	67.4
5_283	22_585	33.663	101	66	1	177	276	171	271	4.16e-13	63.9
5_283	22_14	30.319	188	109	5	90	258	33	217	6.37e-13	62.8
5_283	22_121	32.090	134	76	4	63	187	1	128	1.58e-12	62.4
5_283	22_121	37.037	81	50	1	197	276	230	310	6.28e-10	54.3
5_283	22_671	28.251	223	126	10	72	274	20	228	3.89e-12	61.2
5_283	22_671	25.301	83	62	0	197	279	409	491	7.79e-07	45.1
5_283	22_204	30.052	193	115	9	78	264	348	526	2.33e-10	55.8
5_283	22_362	34.146	82	53	1	194	274	503	584	1.48e-09	53.5
5_283	22_362	31.707	82	46	2	84	163	58	131	2.38e-08	49.7
5_283	22_180	23.478	230	156	7	60	283	5	220	2.59e-09	51.6
5_283	22_431	32.020	203	113	11	79	271	349	536	2.70e-08	49.3
5_283	22_519	27.381	168	106	7	97	257	501	659	3.48e-08	49.3
5_283	22_430	25.510	196	125	7	79	267	351	532	6.20e-08	48.1
5_283	22_672	29.612	206	118	12	77	271	174	363	5.22e-07	45.1
5_283	22_107	22.018	218	110	6	79	258	16	211	1.47e-06	43.9
5_283	22_485	23.784	185	122	6	83	257	26	201	1.59e-04	37.7
5_283	22_485	22.727	220	146	7	83	283	277	491	1.62e-04	37.7
5_284	22_477	82.979	376	64	0	1	376	1	376	0.0	651
5_285	22_269	73.134	134	35	1	1	134	1	133	1.04e-67	201
5_286	22_60	75.294	255	63	0	1	255	1	255	1.94e-138	385
5_286	22_255	27.315	216	143	5	2	213	50	255	2.94e-16	71.6
5_286	22_585	27.957	279	140	9	4	231	2	270	7.66e-16	71.2
5_286	22_446	33.929	112	73	1	134	244	260	371	3.23e-15	69.3
5_286	22_446	26.050	119	77	4	4	119	38	148	4.23e-05	38.9
5_286	22_76	26.721	247	157	8	1	231	1	239	6.43e-14	65.5
5_286	22_14	26.639	244	157	10	1	231	1	235	1.15e-13	64.3
5_286	22_523	32.143	84	57	0	148	231	611	694	1.28e-13	65.1
5_286	22_380	27.686	242	145	10	9	245	1	217	2.54e-13	64.3
5_286	22_247	27.136	199	126	4	28	225	18	198	4.43e-13	63.5
5_286	22_542	27.556	225	137	8	9	230	1	202	2.10e-12	61.2
5_286	22_439	25.592	211	135	6	20	227	8	199	3.17e-12	60.8
5_286	22_671	27.064	218	135	7	27	231	281	487	6.94e-12	59.7
5_286	22_671	26.638	229	148	7	26	243	25	244	8.35e-12	59.3
5_286	22_536	25.532	235	155	12	27	252	22	245	1.92e-11	58.2
5_286	22_536	23.348	227	160	8	12	230	267	487	3.89e-10	54.3
5_286	22_15	27.203	261	150	11	9	250	1	240	1.67e-10	54.7
5_286	22_189	24.390	246	155	8	4	231	123	355	2.35e-10	55.1
5_286	22_433	25.833	240	147	8	20	253	8	222	3.02e-10	54.7
5_286	22_270	23.810	231	150	7	23	246	13	224	1.76e-09	52.4
5_286	22_362	33.766	77	51	0	154	230	508	584	4.97e-09	51.2
5_286	22_362	28.302	106	60	3	27	131	54	144	1.52e-04	37.4
5_286	22_121	31.313	99	68	0	133	231	211	309	5.49e-09	50.8
5_286	22_440	23.786	206	132	6	30	231	20	204	1.63e-08	49.7
5_286	22_180	22.581	217	140	7	22	231	17	212	5.42e-08	47.0
5_286	22_430	26.699	206	131	7	9	212	336	523	1.02e-07	47.0
5_286	22_540	25.333	225	118	11	20	227	8	199	1.71e-06	43.5
5_286	22_107	23.894	226	152	6	24	235	14	233	4.75e-06	42.0
5_286	22_107	32.099	81	51	1	155	235	449	525	8.95e-05	38.1
5_286	22_485	23.922	255	155	10	20	252	267	504	1.92e-05	40.0
5_286	22_519	27.778	180	106	7	40	212	497	659	1.37e-04	37.4
5_286	22_479	28.889	90	53	4	136	218	815	900	5.29e-04	35.8
5_287	22_310	70.886	158	46	0	1	158	1	158	1.86e-81	233
5_288	22_271	91.143	350	31	0	1	350	1	350	0.0	670
5_289	22_63	76.730	159	37	0	1	159	1	159	1.58e-89	253
5_289	22_284	29.167	120	82	2	20	138	13	130	6.12e-10	50.1
5_290	22_362	80.138	725	144	0	1	725	1	725	0.0	1140
5_290	22_121	37.234	188	115	2	481	667	205	390	2.62e-34	131
5_290	22_121	49.485	97	49	0	39	135	11	107	4.14e-24	100
5_290	22_585	43.902	123	69	0	495	617	180	302	8.38e-31	119
5_290	22_585	32.743	113	67	2	38	150	7	110	5.50e-12	62.8
5_290	22_523	27.465	142	96	3	480	614	583	724	9.78e-18	82.0
5_290	22_523	30.435	92	53	3	38	118	4	95	4.93e-06	44.3
5_290	22_446	31.746	126	78	1	501	626	274	391	8.52e-17	78.2
5_290	22_446	27.642	123	72	5	30	137	37	157	8.07e-08	49.7
5_290	22_189	32.432	111	74	1	505	614	275	385	2.38e-14	70.5
5_290	22_76	28.448	116	82	1	498	612	152	267	3.86e-13	66.2
5_290	22_76	30.827	133	75	6	39	154	10	142	9.78e-06	42.7
5_290	22_380	38.889	108	57	3	492	595	111	213	1.33e-12	65.9
5_290	22_380	38.554	83	48	1	39	121	2	81	6.00e-09	53.9
5_290	22_15	31.193	109	74	1	484	592	114	221	4.42e-12	62.0
5_290	22_15	32.979	94	54	3	50	137	16	106	1.91e-06	44.7
5_290	22_671	33.333	81	53	1	506	586	409	488	8.13e-12	62.8
5_290	22_671	25.253	99	66	1	41	131	13	111	1.04e-07	49.7
5_290	22_671	30.303	99	58	3	506	603	151	239	9.38e-06	43.1
5_290	22_180	31.000	100	67	2	500	598	127	225	2.94e-11	58.9
5_290	22_180	29.885	87	56	4	39	123	6	89	1.71e-04	38.5
5_290	22_536	30.000	140	90	5	450	587	357	490	7.79e-11	59.7
5_290	22_536	26.496	117	78	4	500	611	133	246	4.85e-08	50.4
5_290	22_536	28.261	92	55	4	48	131	16	104	3.20e-06	44.7
5_290	22_536	28.070	114	70	5	40	141	266	379	2.35e-04	38.9
5_290	22_247	32.759	116	69	2	474	589	102	208	2.68e-10	58.2
5_290	22_247	32.673	101	60	2	39	136	2	97	3.12e-07	48.1
5_290	22_14	24.832	149	85	2	501	649	152	273	2.77e-10	57.0
5_290	22_14	41.860	43	25	0	53	95	22	64	2.60e-05	41.2
5_290	22_540	37.037	81	49	1	501	581	121	199	5.04e-10	57.4
5_290	22_540	34.409	93	58	1	39	131	2	91	9.19e-08	50.1
5_290	22_542	36.250	80	49	1	508	587	128	205	7.36e-10	56.6
5_290	22_542	34.234	111	69	2	39	148	2	109	2.32e-09	55.1
5_290	22_433	32.967	91	59	1	498	588	119	207	1.66e-09	55.5
5_290	22_433	33.333	99	58	3	39	134	2	95	2.29e-07	48.5
5_290	22_255	34.940	83	51	2	503	584	191	271	3.75e-09	53.1
5_290	22_255	36.145	83	41	3	58	131	81	160	9.60e-08	48.9
5_290	22_60	33.766	77	51	0	508	584	154	230	2.86e-08	50.1
5_290	22_60	28.090	89	58	2	54	137	27	114	2.21e-04	38.1
5_290	22_440	32.090	134	71	6	475	598	89	212	5.48e-08	50.4
5_290	22_440	34.884	86	48	3	39	121	2	82	1.01e-05	43.1
5_290	22_439	27.869	122	81	2	39	158	2	118	1.24e-07	49.7
5_290	22_439	36.486	74	45	1	508	581	128	199	1.35e-07	49.3
5_290	22_485	31.429	105	69	1	38	139	7	111	2.07e-07	48.5
5_290	22_485	25.000	88	65	1	508	595	407	493	0.001	37.0
5_290	22_107	29.213	89	54	1	39	127	2	81	4.49e-07	47.8
5_290	22_107	25.000	84	59	1	504	587	152	231	1.72e-05	42.4
5_290	22_270	31.915	94	60	2	39	131	2	92	1.17e-06	46.6
5_290	22_270	34.483	87	46	4	508	592	129	206	1.93e-05	42.4
5_290	22_430	27.778	90	61	2	493	581	452	538	1.72e-06	45.8
5_290	22_541	32.258	93	60	1	39	131	2	91	3.47e-05	41.6
5_290	22_431	33.333	66	43	1	36	100	331	396	3.73e-05	41.2
5_290	22_204	29.870	77	50	2	508	583	464	537	5.04e-05	40.8
5_290	22_672	31.818	66	44	1	35	99	157	222	5.81e-04	37.4
5_291	22_181	79.481	385	79	0	1	385	1	385	0.0	589
5_291	22_22	31.507	219	142	5	160	377	106	317	1.01e-20	86.7
5_291	22_108	24.000	225	145	7	175	384	151	364	5.00e-04	36.2
5_292	22_77	80.290	345	68	0	1	345	1	345	0.0	559
5_292	22_108	27.760	317	207	6	6	316	61	361	1.75e-24	97.8
5_293	22_398	82.702	607	105	0	1	607	1	607	0.0	994
5_294	22_331	82.477	428	75	0	1	428	1	428	0.0	733
5_295	22_52	81.818	88	16	0	1	88	1	88	6.37e-48	142
5_296	22_56	86.207	232	32	0	1	232	1	232	5.12e-149	409
5_297	22_261	81.655	447	82	0	1	447	1	447	0.0	709
5_298	22_320	73.057	193	52	0	5	197	3	195	2.13e-102	289
5_299	22_247	99.093	772	7	0	1	772	1	772	0.0	1495
5_299	22_439	56.960	783	303	9	1	772	1	760	0.0	813
5_299	22_542	43.145	795	407	17	1	772	1	773	6.69e-178	525
5_299	22_540	41.948	801	390	19	1	772	1	755	2.69e-168	499
5_299	22_541	38.778	802	418	16	1	772	1	759	7.30e-144	436
5_299	22_380	35.266	828	444	17	1	772	1	792	5.82e-113	356
5_299	22_433	48.630	438	197	9	1	416	1	432	6.08e-109	342
5_299	22_433	45.736	129	70	0	644	772	518	646	1.06e-22	97.8
5_299	22_440	44.589	462	223	11	1	448	1	443	1.37e-99	317
5_299	22_440	44.037	109	61	0	664	772	542	650	4.99e-19	86.3
5_299	22_270	30.545	825	461	19	1	772	1	766	1.41e-76	258
5_299	22_255	30.457	197	125	5	16	202	76	270	2.58e-20	87.0
5_299	22_671	25.940	266	161	8	3	237	12	272	1.69e-15	74.7
5_299	22_671	30.588	85	58	1	117	200	399	483	5.87e-07	47.4
5_299	22_536	27.426	237	148	7	1	223	6	232	9.91e-15	72.0
5_299	22_536	28.643	199	118	6	11	188	277	472	1.07e-10	59.3
5_299	22_14	26.570	207	127	6	17	198	23	229	3.17e-13	65.9
5_299	22_60	29.126	206	123	7	13	198	23	225	1.32e-12	63.5
5_299	22_430	26.887	212	136	7	1	201	336	539	3.15e-12	64.3
5_299	22_672	31.553	206	102	10	16	200	176	363	4.15e-11	60.1
5_299	22_431	30.392	204	113	9	13	200	346	536	5.40e-11	60.5
5_299	22_107	22.628	274	176	6	1	240	1	272	2.61e-10	58.2
5_299	22_107	24.242	231	149	9	1	216	319	538	2.65e-05	42.0
5_299	22_485	30.882	204	119	7	6	191	12	211	5.85e-10	57.0
5_299	22_585	33.333	96	61	2	105	198	170	264	2.22e-09	54.7
5_299	22_585	40.000	75	38	3	21	95	27	94	3.62e-07	47.8
5_299	22_362	32.407	108	64	2	102	200	474	581	2.53e-09	55.1
5_299	22_362	33.663	101	59	2	2	97	39	136	7.06e-08	50.4
5_299	22_15	24.623	199	139	6	13	202	16	212	6.61e-09	52.4
5_299	22_121	34.831	89	50	2	9	92	18	103	9.61e-09	52.8
5_299	22_121	30.986	142	94	3	107	245	211	351	6.15e-08	50.4
5_299	22_204	29.808	208	130	9	2	200	335	535	3.09e-07	48.1
5_299	22_479	38.144	97	51	4	110	200	815	908	4.91e-07	47.8
5_299	22_479	33.333	84	51	3	115	193	479	562	5.19e-04	38.1
5_299	22_446	27.907	86	60	1	114	197	266	351	7.32e-07	47.0
5_299	22_76	24.138	232	146	8	16	222	29	255	1.03e-06	46.2
5_299	22_519	25.137	183	123	5	32	204	499	677	1.17e-06	46.6
5_299	22_523	27.957	93	65	1	108	198	596	688	2.61e-06	45.4
5_299	22_180	27.624	181	110	8	19	187	24	195	5.80e-06	43.1
5_299	22_189	24.645	211	125	8	16	197	143	348	6.67e-05	40.4
5_300	22_433	97.077	650	19	0	1	650	1	650	0.0	1231
5_300	22_440	62.080	654	244	2	1	650	1	654	0.0	727
5_300	22_540	48.971	486	232	7	1	479	1	477	1.31e-133	405
5_300	22_540	45.856	181	98	0	466	646	575	755	2.50e-45	167
5_300	22_439	52.019	421	179	10	1	411	1	408	4.76e-115	357
5_300	22_439	33.871	186	117	1	467	646	575	760	2.15e-26	109
5_300	22_247	48.402	438	198	9	1	432	1	416	5.49e-108	339
5_300	22_247	39.344	183	105	1	470	646	590	772	8.68e-31	123
5_300	22_541	45.902	488	230	11	1	468	1	474	1.06e-107	338
5_300	22_541	39.674	184	105	2	466	646	579	759	8.29e-33	129
5_300	22_542	47.215	413	207	5	1	411	1	404	5.57e-106	333
5_300	22_542	39.153	189	114	1	459	646	585	773	1.66e-30	122
5_300	22_380	46.192	407	206	5	1	403	1	398	1.79e-95	306
5_300	22_380	38.333	180	111	0	467	646	613	792	8.33e-29	117
5_300	22_270	39.159	452	249	6	1	438	1	440	7.04e-83	272
5_300	22_270	32.432	111	75	0	536	646	656	766	2.63e-14	70.9
5_300	22_255	31.220	205	121	7	16	206	76	274	2.00e-21	90.1
5_300	22_431	35.385	195	111	8	2	187	334	522	1.56e-15	74.3
5_300	22_14	27.350	234	140	7	2	205	3	236	1.83e-15	72.4
5_300	22_430	30.102	196	123	6	1	188	336	525	8.03e-15	72.0
5_300	22_671	27.523	218	140	5	3	203	12	228	1.31e-14	71.2
5_300	22_671	25.926	108	77	2	113	217	395	502	2.39e-08	51.2
5_300	22_107	26.383	235	138	7	1	205	1	230	1.44e-12	65.1
5_300	22_107	25.238	210	140	8	1	202	319	519	6.36e-05	40.4
5_300	22_15	30.317	221	132	10	1	205	1	215	1.47e-12	63.2
5_300	22_536	28.194	227	133	7	16	215	282	505	1.81e-12	64.7
5_300	22_536	26.866	201	130	7	24	209	29	227	3.24e-12	63.9
5_300	22_180	30.841	214	134	9	1	205	5	213	3.83e-12	61.6
5_300	22_60	27.907	215	124	8	14	204	24	231	1.83e-11	59.7
5_300	22_672	31.100	209	128	7	2	200	161	363	4.57e-11	59.7
5_300	22_362	35.000	100	62	2	110	207	490	588	2.79e-10	57.8
5_300	22_362	34.343	99	57	3	2	95	39	134	1.45e-07	49.3
5_300	22_519	31.214	173	96	8	32	189	499	663	2.23e-09	55.1
5_300	22_485	30.583	206	125	7	15	205	19	221	2.25e-09	54.7
5_300	22_485	25.847	236	137	8	2	208	261	487	1.91e-07	48.5
5_300	22_121	35.052	97	55	2	1	92	10	103	2.76e-09	54.3
5_300	22_121	39.535	86	46	3	126	207	229	312	2.63e-08	51.2
5_300	22_585	57.143	49	21	0	2	50	8	56	3.27e-09	53.9
5_300	22_585	37.500	80	46	2	129	205	193	271	3.40e-08	50.4
5_300	22_204	28.426	197	120	6	2	187	335	521	4.16e-09	53.9
5_300	22_523	33.735	83	53	1	127	207	615	697	1.62e-08	52.4
5_300	22_76	25.112	223	131	6	16	209	29	244	4.75e-08	50.1
5_300	22_189	23.394	218	143	5	16	209	143	360	6.10e-08	50.1
5_300	22_446	32.292	96	61	2	115	207	267	361	6.72e-08	49.7
5_300	22_479	36.905	84	44	4	121	198	826	906	2.07e-04	38.9
5_301	22_495	80.592	979	190	0	1	979	1	979	0.0	1568
5_301	22_542	40.000	60	32	1	879	938	129	184	2.17e-04	39.7
5_301	22_540	38.158	76	40	3	879	952	129	199	6.42e-04	38.1
5_302	22_104	88.413	397	46	0	1	397	1	397	0.0	707
5_303	22_443	77.104	297	68	0	1	297	1	297	1.82e-142	398
5_304	22_445	58.671	346	140	2	1	343	1	346	4.59e-137	389
5_304	22_287	22.713	317	163	9	68	326	36	328	7.33e-05	38.9
5_305	22_281	73.381	139	37	0	1	139	1	139	1.31e-74	214
5_306	22_316	79.916	478	95	1	1	477	1	478	0.0	741
5_307	22_486	75.789	570	137	1	1	569	1	570	0.0	837
5_307	22_87	30.556	216	124	4	79	285	18	216	5.86e-12	61.6
5_308	22_179	83.984	256	41	0	1	256	1	256	2.85e-161	442
5_309	22_469	71.813	557	156	1	1	556	1	557	0.0	790
5_309	22_356	32.308	455	255	13	97	533	128	547	3.82e-55	190
5_309	22_357	31.757	444	238	14	116	533	113	517	1.30e-50	177
5_309	22_650	28.059	474	262	13	92	533	166	592	1.01e-46	168
5_309	22_675	30.024	423	246	9	119	533	243	623	1.22e-45	165
5_310	22_148	89.189	185	20	0	1	185	1	185	5.08e-124	342
5_311	22_463	62.246	739	231	10	1	696	1	734	0.0	730
5_311	22_172	24.857	350	254	5	5	346	1	349	6.62e-32	126
5_312	22_457	81.379	145	27	0	1	145	1	145	5.45e-84	238
5_313	22_46	85.130	269	40	0	1	269	1	269	1.01e-172	473
5_314	22_501	87.083	720	93	0	1	720	1	720	0.0	1310
5_315	22_674	74.224	419	108	0	47	465	1	419	0.0	628
5_316	22_416	81.174	579	109	0	1	579	1	579	0.0	991
5_317	22_253	94.604	278	10	1	1	273	1	278	0.0	535
5_317	22_438	35.081	248	142	6	14	254	8	243	2.90e-40	136
5_317	22_161	30.000	180	122	2	90	269	81	256	1.14e-24	94.7
5_317	22_144	31.507	146	94	4	105	250	70	209	7.45e-18	75.1
5_318	22_453	84.127	63	10	0	1	63	1	63	2.98e-36	111
5_319	22_524	72.718	942	250	3	1	939	1	938	0.0	1409
5_320	22_120	89.062	512	55	1	1	511	1	512	0.0	949
5_320	22_164	36.034	469	254	11	4	457	29	466	1.57e-77	247
5_320	22_124	25.339	221	159	5	125	341	131	349	1.10e-08	52.0
5_320	22_73	22.997	287	198	10	127	400	126	402	3.83e-06	43.9
5_321	22_67	81.959	194	35	0	1	194	1	194	4.67e-118	328
5_321	22_475	33.000	200	124	4	4	194	3	201	9.12e-24	88.6
5_322	22_583	86.384	661	90	0	1	661	1	661	0.0	1181
5_323	22_425	81.857	463	84	0	1	463	1	463	0.0	781
5_324	22_33	74.380	121	31	0	1	121	1	121	1.40e-65	189
5_325	22_442	76.444	883	208	0	1	883	1	883	0.0	1384
5_326	22_448	79.723	794	161	0	1	794	1	794	0.0	1321
5_326	22_571	77.108	83	19	0	770	852	1	83	1.09e-40	139
5_326	22_500	86.154	65	9	0	828	892	1	65	5.31e-35	122
5_326	22_566	86.154	65	9	0	828	892	1	65	1.09e-34	121
5_327	22_422	92.969	384	27	0	1	384	1	384	0.0	699
5_328	22_323	95.652	276	12	0	1	276	1	276	0.0	528
5_328	22_229	34.629	283	154	8	1	265	1	270	2.07e-27	102
5_329	22_449	77.496	631	142	0	1	631	1	631	0.0	1004
5_330	22_450	66.839	193	64	0	2	194	3	195	1.92e-80	233
5_331	22_342	85.358	642	93	1	1	641	1	642	0.0	1116
5_331	22_516	45.101	643	328	10	3	629	5	638	6.54e-175	507
5_332	22_343	85.166	391	58	0	1	391	1	391	0.0	650
5_333	22_344	70.984	386	110	2	1	385	1	385	0.0	543
5_334	22_236	72.316	177	49	0	1	177	1	177	2.68e-87	249
5_335	22_164	85.207	507	75	0	1	507	1	507	0.0	863
5_335	22_120	42.424	330	176	7	101	422	78	401	1.12e-73	237
5_335	22_124	27.151	372	262	6	55	421	41	408	6.20e-27	108
5_335	22_73	23.485	264	162	8	37	278	15	260	1.14e-07	48.5
5_336	22_125	89.441	161	17	0	1	161	1	161	1.54e-106	296
5_337	22_6	78.878	303	64	0	1	303	1	303	7.09e-175	481
5_338	22_126	87.045	440	57	0	1	440	1	440	0.0	771
5_338	22_1	35.751	193	111	4	101	283	125	314	4.37e-28	108
5_339	22_238	78.901	455	96	0	1	455	1	455	0.0	740
5_340	22_127	80.364	275	54	0	1	275	1	275	2.70e-166	457
5_341	22_346	78.744	414	88	0	1	414	1	414	0.0	657
5_342	22_347	70.050	1586	452	6	1	1583	1	1566	0.0	2164
5_342	22_415	24.903	514	275	24	919	1400	626	1060	3.93e-16	79.0
5_342	22_415	27.273	319	196	12	81	385	102	398	7.27e-07	48.5
5_343	22_239	70.717	502	145	1	1	502	1	500	0.0	688
5_343	22_570	52.747	91	43	0	13	103	1	91	2.71e-25	94.7
5_344	22_353	83.929	952	139	1	1	952	1	938	0.0	1631
5_345	22_213	91.597	238	20	0	1	238	1	238	4.62e-151	415
5_346	22_479	89.757	947	97	0	1	947	1	947	0.0	1761
5_346	22_76	36.170	94	49	4	833	924	161	245	1.47e-07	49.3
5_346	22_247	39.130	92	47	4	820	908	115	200	4.03e-07	48.5
5_346	22_247	29.452	146	86	6	417	562	65	193	3.68e-05	42.0
5_346	22_14	32.051	78	50	1	820	897	145	219	1.39e-06	45.8
5_346	22_14	30.000	80	54	1	479	558	145	222	5.52e-06	43.9
5_346	22_439	39.024	82	45	3	826	906	120	197	1.48e-06	46.6
5_346	22_439	36.364	77	44	3	486	562	121	192	7.33e-04	37.7
5_346	22_671	23.977	171	121	4	490	659	150	312	4.16e-06	45.1
5_346	22_671	29.870	77	50	2	833	908	410	483	2.52e-05	42.4
5_346	22_671	31.250	80	52	1	833	912	152	228	8.20e-04	37.4
5_346	22_270	37.500	80	45	3	834	912	129	204	5.22e-06	44.7
5_346	22_270	32.787	122	68	6	460	572	93	209	9.61e-05	40.8
5_346	22_15	34.694	98	50	5	834	928	138	224	5.51e-06	43.9
5_346	22_542	34.831	89	52	4	826	913	120	203	7.62e-06	44.3
5_346	22_542	28.571	147	87	6	422	566	69	199	3.91e-05	42.0
5_346	22_536	26.064	188	120	7	481	655	129	310	1.37e-05	43.1
5_346	22_536	31.429	105	63	3	799	897	371	472	2.18e-04	39.3
5_346	22_540	33.333	90	55	3	826	914	120	205	3.60e-05	42.0
5_346	22_540	27.152	151	94	6	417	566	64	199	3.97e-04	38.5
5_346	22_446	24.308	325	163	15	628	907	63	349	5.44e-05	41.2
5_346	22_433	38.095	84	43	4	826	906	121	198	1.41e-04	40.0
5_346	22_121	38.667	75	43	2	485	558	224	296	2.46e-04	38.9
5_346	22_440	30.952	126	77	5	826	947	121	240	5.39e-04	38.1
5_346	22_204	36.250	80	42	4	833	909	463	536	7.28e-04	37.7
5_346	22_189	29.897	97	57	4	834	928	278	365	7.82e-04	37.4
5_347	22_619	55.405	518	156	7	5	465	6	505	1.13e-169	483
5_348	22_241	82.407	324	57	0	1	324	1	324	0.0	555
5_349	22_481	57.923	1136	417	9	12	1086	12	1147	0.0	1191
5_349	22_514	28.112	249	144	10	13	236	1	239	6.37e-10	57.8
5_349	22_455	22.886	1005	581	41	11	918	8	915	1.39e-08	53.5
5_349	22_499	24.434	221	142	7	31	226	15	235	3.36e-07	48.9
5_350	22_482	64.604	986	318	11	1	965	1	976	0.0	1157
5_351	22_514	49.764	1061	434	20	6	1009	4	1022	0.0	919
5_351	22_514	43.434	99	52	1	960	1054	873	971	6.24e-13	67.8
5_351	22_455	27.788	1040	662	31	1	1009	6	987	1.07e-78	274
5_351	22_499	31.768	362	224	8	16	374	14	355	4.97e-46	175
5_351	22_499	30.159	189	120	3	525	702	733	920	2.37e-14	72.4
5_351	22_383	24.857	523	298	20	6	470	4	489	2.09e-14	72.8
5_351	22_481	23.750	240	140	8	12	244	23	226	1.52e-07	50.1
5_352	22_521	68.062	1362	431	3	5	1366	5	1362	0.0	1843
5_353	22_544	44.847	359	184	4	2	355	31	380	3.16e-87	263
5_354	22_219	77.933	571	126	0	1	571	1	571	0.0	893
5_355	22_404	73.059	438	118	0	1	438	1	438	0.0	656
5_356	22_403	77.106	1472	324	2	4	1470	5	1468	0.0	2335
5_356	22_418	22.099	724	368	23	781	1426	180	785	9.99e-16	77.4
5_357	22_199	39.252	107	62	3	3	107	45	150	3.19e-21	77.8
5_357	22_328	37.500	80	46	3	26	102	63	141	1.25e-06	39.7
5_357	22_622	32.143	56	37	1	38	93	58	112	5.42e-05	35.0
5_358	22_400	76.293	232	54	1	1	232	1	231	6.15e-122	341
5_359	22_399	61.220	1983	741	8	7	1978	3	1968	0.0	2306
5_359	22_348	29.314	846	563	19	51	880	39	865	5.85e-75	265
5_359	22_494	33.925	451	233	11	12	430	3	420	7.77e-58	207
5_360	22_521	71.377	1373	378	5	1	1369	1	1362	0.0	1951
5_361	22_537	69.268	205	56	1	1	205	1	198	5.07e-90	258
5_362	22_78	94.471	416	23	0	1	416	1	416	0.0	736
5_362	22_684	33.333	162	97	3	20	174	264	421	3.06e-08	50.1
5_362	22_684	26.277	137	101	0	272	408	448	584	2.02e-05	41.2
5_363	22_567	83.110	373	63	0	30	402	1	373	0.0	631
5_364	22_308	84.228	615	93	1	1	611	1	615	0.0	1016
5_364	22_423	31.373	459	305	6	155	609	2	454	2.00e-67	222
5_364	22_53	22.965	344	202	12	155	482	2	298	4.18e-07	46.6
5_364	22_351	30.208	192	116	8	300	478	117	303	9.76e-06	42.7
5_365	22_198	86.275	306	41	1	1	306	1	305	0.0	528
5_366	22_488	37.748	755	373	21	1	743	1	670	1.29e-138	421
5_366	22_528	33.028	763	445	27	1	741	1	719	1.06e-87	288
5_366	22_533	29.664	327	192	12	301	601	381	695	1.38e-28	117
5_366	22_533	40.789	76	42	3	1	74	1	75	5.09e-10	57.4
5_367	22_76	82.571	350	60	1	1	349	1	350	0.0	601
5_367	22_189	40.000	335	195	3	3	332	115	448	1.38e-78	243
5_367	22_523	33.486	218	99	7	118	318	570	758	2.87e-31	119
5_367	22_523	32.584	89	51	4	30	115	24	106	1.31e-05	41.6
5_367	22_446	34.545	165	99	2	109	266	223	385	3.46e-28	108
5_367	22_446	32.031	128	69	5	6	125	40	157	7.24e-11	57.8
5_367	22_15	30.952	252	137	9	29	265	19	248	1.41e-21	87.8
5_367	22_60	29.200	250	147	10	1	239	1	231	1.30e-18	79.3
5_367	22_255	27.500	240	152	8	14	247	55	278	3.24e-18	78.6
5_367	22_671	29.864	221	139	6	27	242	23	232	4.06e-17	77.0
5_367	22_671	30.682	88	60	1	156	243	405	491	8.76e-10	54.3
5_367	22_14	28.279	244	146	11	27	254	20	250	1.53e-14	68.2
5_367	22_121	30.357	112	75	1	131	242	204	312	1.84e-13	65.9
5_367	22_585	21.908	283	172	6	12	252	8	283	4.94e-13	64.3
5_367	22_180	25.221	226	136	8	30	248	22	221	9.80e-13	62.0
5_367	22_362	27.523	109	78	1	159	267	505	612	3.64e-11	58.9
5_367	22_362	27.273	132	76	6	4	132	30	144	1.67e-05	41.2
5_367	22_430	29.592	196	110	10	29	220	351	522	8.08e-09	51.6
5_367	22_542	26.636	214	130	6	29	240	16	204	1.35e-08	50.8
5_367	22_536	26.728	217	133	9	40	248	32	230	3.22e-08	49.7
5_367	22_536	27.679	224	130	11	29	238	282	487	7.58e-07	45.4
5_367	22_540	27.885	208	119	8	29	232	16	196	3.56e-08	49.7
5_367	22_479	32.456	114	65	5	161	265	833	943	5.22e-08	49.3
5_367	22_433	34.118	85	54	1	160	244	127	209	1.28e-07	47.8
5_367	22_440	22.374	219	140	6	29	243	16	208	1.56e-07	47.4
5_367	22_270	33.333	78	50	1	155	232	122	197	1.57e-07	47.8
5_367	22_380	37.037	81	49	2	162	242	128	206	2.41e-07	47.0
5_367	22_247	26.549	113	77	3	145	255	114	222	1.49e-06	44.7
5_367	22_439	24.272	206	129	6	29	232	16	196	1.57e-06	44.3
5_367	22_485	24.138	232	146	8	33	249	277	493	1.95e-06	43.9
5_367	22_107	22.845	232	142	7	29	240	16	230	5.59e-06	42.4
5_367	22_541	24.638	207	127	7	29	232	16	196	1.25e-05	41.6
5_367	22_648	40.000	70	34	3	162	228	85	149	7.48e-05	37.7
5_367	22_204	26.257	179	107	9	47	223	367	522	2.75e-04	37.4
5_368	22_523	73.806	775	202	1	1	775	1	774	0.0	1120
5_368	22_446	42.268	194	106	3	584	775	248	437	1.70e-44	161
5_368	22_446	41.584	101	47	3	22	115	61	156	4.79e-13	66.6
5_368	22_76	35.714	182	82	5	614	773	158	326	2.50e-30	117
5_368	22_189	44.737	114	63	0	614	727	274	387	7.20e-30	118
5_368	22_189	32.039	103	49	3	34	123	154	248	1.50e-07	49.3
5_368	22_121	31.387	137	93	1	584	720	199	334	1.60e-19	86.7
5_368	22_121	43.243	37	21	0	18	54	20	56	3.19e-04	38.5
5_368	22_362	26.471	136	98	2	590	725	481	614	1.02e-17	82.4
5_368	22_14	37.273	110	68	1	599	708	140	248	3.04e-16	75.1
5_368	22_585	34.066	91	60	0	619	709	194	284	3.26e-14	69.7
5_368	22_255	34.653	101	65	1	607	707	185	284	5.07e-14	68.2
5_368	22_15	34.314	102	66	1	607	708	127	227	8.25e-14	67.4
5_368	22_15	28.378	74	48	1	27	100	23	91	2.15e-04	38.5
5_368	22_671	34.000	100	65	1	618	717	411	509	2.73e-13	67.4
5_368	22_671	30.000	60	42	0	18	77	20	79	1.24e-04	39.7
5_368	22_60	32.323	99	66	1	597	695	134	231	1.95e-12	62.8
5_368	22_180	29.213	89	62	1	615	703	133	220	3.59e-10	55.8
5_368	22_180	34.483	58	35	1	23	77	21	78	2.21e-06	44.3
5_368	22_433	34.940	83	52	1	616	698	127	207	6.61e-09	53.9
5_368	22_542	33.750	80	51	1	617	696	127	204	8.07e-09	53.5
5_368	22_440	36.905	84	49	3	616	698	127	207	9.66e-09	53.1
5_368	22_536	31.068	103	61	3	601	699	129	225	1.44e-08	52.4
5_368	22_536	28.713	101	71	1	618	718	412	511	7.70e-06	43.5
5_368	22_380	33.735	83	51	3	617	698	127	206	5.34e-08	50.8
5_368	22_540	32.432	74	48	1	616	689	126	197	1.59e-07	49.3
5_368	22_430	38.983	59	33	1	618	676	467	522	5.39e-07	47.4
5_368	22_270	34.247	73	46	1	617	689	128	198	6.28e-07	47.4
5_368	22_270	28.421	95	55	2	15	109	8	89	6.64e-04	37.7
5_368	22_247	27.957	93	65	1	597	689	108	198	8.20e-07	47.0
5_368	22_485	26.882	93	61	2	610	699	399	487	4.29e-06	44.7
5_368	22_439	33.333	78	48	2	613	689	123	197	6.13e-06	44.3
5_368	22_204	32.941	85	49	3	599	679	442	522	3.50e-05	41.6
5_368	22_479	30.625	160	94	7	538	686	412	565	5.66e-05	41.2
5_368	22_431	36.508	63	34	2	38	96	364	424	1.04e-04	40.0
5_370	22_437	26.988	767	436	28	441	1143	1012	1718	1.42e-48	185
5_370	22_437	33.858	127	76	5	1298	1422	1851	1971	4.66e-14	72.0
5_370	22_437	25.703	249	145	11	155	379	524	756	7.84e-05	42.0
5_371	22_384	57.288	295	123	3	10	301	16	310	2.07e-118	338
5_372	22_387	82.178	404	72	0	1	404	1	404	0.0	659
5_373	22_388	52.532	948	306	18	1	870	1	882	0.0	885
5_374	22_392	65.962	520	164	5	8	527	7	513	0.0	595
5_375	22_587	69.681	752	202	5	3	741	6	744	0.0	1001
5_376	22_72	91.176	306	27	0	1	306	1	306	0.0	590
5_376	22_626	24.912	285	184	9	11	277	23	295	1.84e-13	64.3
5_376	22_294	23.288	292	190	9	7	284	2	273	1.02e-11	58.9
5_376	22_391	34.146	82	51	1	199	277	182	263	6.44e-11	56.6
5_376	22_273	31.034	87	58	1	197	283	182	266	1.34e-06	43.9
5_376	22_176	32.877	73	43	1	186	258	180	246	6.65e-04	35.4
5_377	22_119	83.380	361	60	0	1	361	1	361	0.0	625
5_378	22_305	84.948	578	87	0	1	578	1	578	0.0	1014
5_379	22_218	71.854	302	85	0	1	302	1	302	1.06e-153	427
5_379	22_103	20.470	298	220	4	1	286	7	299	3.45e-12	60.8
5_380	22_395	63.857	700	237	6	1	698	1	686	0.0	847
5_381	22_396	75.168	149	37	0	1	149	1	149	2.56e-65	202
5_381	22_396	68.235	85	24	2	238	322	177	258	4.04e-36	126
5_382	22_397	77.000	200	46	0	1	200	1	200	1.32e-112	315
5_383	22_650	53.846	455	183	8	88	522	155	602	1.38e-164	476
5_383	22_675	40.440	455	259	4	65	513	176	624	1.53e-107	330
5_383	22_356	34.449	508	276	16	46	516	64	551	1.42e-80	258
5_383	22_357	31.942	551	292	16	12	514	4	519	6.81e-74	239
5_383	22_469	30.166	421	234	12	144	517	132	539	5.09e-42	153
5_384	22_650	48.308	650	289	8	5	650	2	608	0.0	586
5_384	22_675	43.764	441	226	7	205	642	209	630	2.37e-112	347
5_384	22_356	32.479	585	302	18	82	638	32	551	2.51e-78	254
5_384	22_357	34.848	462	246	10	205	636	83	519	1.47e-71	236
5_384	22_469	28.233	464	269	10	218	639	98	539	1.08e-44	163
5_385	22_279	67.614	176	57	0	1	176	23	198	9.24e-87	248
5_385	22_7	42.593	54	28	1	19	69	6	59	3.31e-06	40.8
5_385	22_7	25.595	168	115	4	17	175	172	338	8.75e-05	36.6
5_385	22_231	40.000	55	30	2	19	70	10	64	1.90e-04	35.4
5_387	22_687	64.346	1666	528	19	12	1624	11	1663	0.0	2025
5_387	22_687	22.927	1025	559	41	950	1868	463	1362	7.96e-10	59.7
5_387	22_687	25.905	359	214	14	2864	3208	471	791	5.73e-07	50.4
5_387	22_478	23.358	274	161	12	551	788	121	381	8.88e-05	43.1
5_388	22_69	88.312	231	27	0	1	231	1	231	3.97e-155	425
5_389	22_68	73.333	300	79	1	1	300	1	299	8.54e-168	463
5_389	22_407	32.283	254	135	10	40	283	38	264	1.46e-25	98.2
5_389	22_39	30.818	159	83	9	14	172	2	133	2.21e-05	39.7
5_390	22_473	71.724	145	41	0	1	145	1	145	1.17e-78	224
5_391	22_476	70.400	2652	782	3	1	2651	1	2650	0.0	3658
5_392	22_245	77.929	367	81	0	1	367	1	367	0.0	597
5_392	22_258	33.071	127	60	2	6	132	160	261	1.89e-14	68.9
5_392	22_676	42.857	35	20	0	2	36	110	144	3.96e-04	36.2
5_393	22_142	62.766	188	65	4	1	186	1	185	3.72e-81	234
5_393	22_376	31.008	129	74	5	1	125	2	119	1.24e-08	47.4
5_394	22_307	65.900	261	87	1	1	259	1	261	1.84e-125	352
5_394	22_377	60.232	259	101	1	2	260	18	274	4.69e-109	311
5_395	22_306	63.158	323	119	0	1	323	1	323	6.11e-141	396
5_396	22_273	69.283	446	137	0	1	446	1	446	0.0	608
5_396	22_391	32.143	252	155	9	1	245	1	243	1.24e-17	77.4
5_396	22_72	24.164	269	155	8	8	246	12	261	1.76e-07	47.4
5_396	22_176	25.092	271	156	10	9	254	10	258	9.83e-05	38.5
5_396	22_626	23.194	263	172	6	8	246	24	280	3.84e-04	37.0
5_397	22_272	78.398	699	151	0	1	699	1	699	0.0	1080
5_398	22_356	63.091	550	188	9	1	536	1	549	0.0	679
5_398	22_357	55.415	554	194	8	1	536	1	519	0.0	567
5_398	22_650	30.706	609	321	16	7	536	8	594	2.35e-70	231
5_398	22_675	35.294	493	255	15	71	534	166	623	4.06e-70	231
5_398	22_469	30.769	442	268	8	123	534	101	534	4.10e-49	173
5_399	22_357	73.309	547	115	3	1	544	1	519	0.0	800
5_399	22_356	54.270	562	226	10	1	544	1	549	0.0	549
5_399	22_650	29.147	621	323	19	7	544	8	594	6.74e-62	209
5_399	22_675	33.666	401	225	7	154	542	252	623	1.06e-57	198
5_399	22_469	31.746	441	239	14	141	542	117	534	1.51e-49	174
5_400	22_358	71.731	520	145	2	1	519	1	519	0.0	717
5_400	22_515	22.072	444	298	15	5	411	10	442	2.03e-11	60.8
5_401	22_359	70.683	249	72	1	1	249	1	248	3.00e-118	333
5_402	22_145	76.471	510	120	0	1	510	1	510	0.0	824
5_403	22_311	73.665	562	148	0	1	562	1	562	0.0	728
5_404	22_361	73.377	308	82	0	1	308	1	308	4.11e-156	434
5_405	22_314	78.689	61	13	0	3	63	8	68	6.25e-31	103
5_405	22_326	68.293	41	13	0	22	62	45	85	1.56e-15	64.3
5_405	22_554	43.284	67	31	2	9	75	14	73	1.38e-09	47.4
5_406	22_326	47.644	764	360	14	27	779	45	779	0.0	602
5_406	22_314	93.976	249	15	0	1	249	1	249	1.72e-163	469
5_406	22_554	34.063	822	451	27	1	775	1	778	2.18e-106	340
5_407	22_466	69.841	630	187	1	1	627	1	630	0.0	890
5_408	22_66	91.456	316	27	0	1	316	1	316	0.0	592
5_408	22_461	44.643	56	27	1	8	63	15	66	7.31e-08	48.5
5_408	22_325	25.698	179	113	6	35	195	443	619	4.86e-04	36.2
5_409	22_468	65.474	475	163	1	1	475	1	474	0.0	577
5_410	22_235	86.860	449	59	0	1	449	1	449	0.0	825
5_410	22_550	28.452	239	147	8	18	246	14	238	1.79e-14	70.1
5_410	22_550	32.353	102	64	3	350	447	441	541	4.71e-06	43.5
5_410	22_444	23.077	455	301	15	14	442	51	482	8.75e-14	67.8
5_411	22_110	83.453	417	69	0	1	417	1	417	0.0	714
5_412	22_206	78.022	91	20	0	1	91	1	91	1.86e-50	149
5_413	22_102	87.879	99	12	0	1	99	1	99	3.96e-62	179
5_414	22_103	83.175	315	53	0	1	315	1	315	0.0	534
5_414	22_218	23.504	234	169	3	66	299	63	286	2.63e-16	72.8
5_415	22_549	80.672	238	46	0	1	238	1	238	6.37e-132	367
5_416	22_620	69.323	251	77	0	2	252	1	251	1.11e-126	355
5_416	22_155	30.000	170	86	7	97	252	76	226	2.48e-09	50.8
5_417	22_546	77.451	204	46	0	13	216	13	216	5.76e-96	274
5_418	22_685	74.321	405	104	0	7	411	1	405	0.0	626
5_419	22_34	87.104	473	61	0	1	473	1	473	0.0	811
5_420	22_313	83.673	147	24	0	1	147	1	147	3.48e-90	254
5_421	22_135	83.784	185	30	0	74	258	31	215	1.24e-111	315
5_422	22_136	74.009	227	59	0	1	227	1	227	1.63e-125	350
5_423	22_24	80.714	140	27	0	1	140	1	140	3.43e-83	236
5_424	22_264	88.730	701	79	0	1	701	1	701	0.0	1222
5_426	22_447	67.313	2062	630	13	1	2033	1	2047	0.0	2811
5_427	22_108	89.344	366	39	0	1	366	1	366	0.0	653
5_427	22_77	25.084	299	200	6	82	361	23	316	2.25e-15	71.2
5_428	22_326	42.958	568	279	13	2	563	236	764	2.04e-119	368
5_428	22_554	32.072	608	323	19	3	568	220	779	2.55e-58	204
5_428	22_314	76.667	30	7	0	2	31	220	249	1.31e-07	47.8
5_430	22_470	66.242	471	146	2	1	468	1	461	0.0	612
5_431	22_276	75.977	512	123	0	1	512	1	512	0.0	812
5_431	22_341	25.714	140	93	3	13	141	61	200	1.18e-08	52.4
5_431	22_341	31.148	61	37	2	294	349	574	634	8.02e-05	40.0
5_431	22_424	30.769	104	71	1	3	105	29	132	2.69e-08	50.8
5_431	22_424	31.000	100	61	4	264	355	513	612	6.05e-06	43.5
5_431	22_410	23.560	191	114	4	3	161	32	222	4.05e-08	50.4
5_431	22_410	20.906	287	168	11	128	380	321	582	7.29e-04	36.6
5_432	22_529	86.250	240	33	0	1	240	1	240	5.35e-164	448
5_433	22_626	66.107	298	98	2	1	295	1	298	2.25e-142	398
5_433	22_72	25.517	290	178	8	21	293	10	278	3.65e-18	77.8
5_433	22_391	25.455	275	177	8	24	293	9	260	9.14e-17	73.6
5_433	22_294	27.132	258	162	9	21	270	5	244	1.12e-14	67.4
5_433	22_176	23.466	277	188	9	15	286	1	258	5.43e-08	47.8
5_433	22_273	30.769	65	45	0	213	277	182	246	6.54e-05	38.5
5_434	22_531	51.585	347	125	9	342	660	288	619	1.84e-94	300
5_434	22_531	57.513	193	78	1	1	189	1	193	2.01e-62	214
5_434	22_533	54.321	81	37	0	232	312	271	351	9.30e-19	85.5
5_435	22_553	82.602	615	107	0	1	615	1	615	0.0	1076
5_436	22_139	85.896	865	122	0	1	865	1	865	0.0	1498
5_437	22_464	90.000	880	88	0	1	880	1	880	0.0	1610
5_437	22_293	43.587	881	486	8	2	874	4	881	0.0	729
5_438	22_578	77.606	259	58	0	1	259	1	259	5.08e-157	432
5_439	22_244	85.177	452	67	0	1	452	1	452	0.0	788
5_440	22_459	70.556	540	155	1	1	536	1	540	0.0	777
5_440	22_682	65.333	150	52	0	537	686	1	150	2.07e-62	200
5_441	22_140	83.281	317	53	0	1	317	1	317	0.0	551
5_442	22_458	73.165	872	233	1	1	871	1	872	0.0	1176
5_443	22_589	93.266	594	39	1	1	594	1	593	0.0	1110
5_444	22_420	85.401	274	40	0	1	274	1	274	1.24e-175	480
5_445	22_614	73.367	199	53	0	25	223	6	204	6.22e-107	301
5_446	22_419	75.000	292	73	0	1	292	1	292	1.93e-158	438
5_447	22_418	77.120	979	220	2	1	975	1	979	0.0	1557
5_447	22_403	21.941	752	390	27	188	821	787	1459	1.79e-16	79.3
5_448	22_153	77.064	109	25	0	1	109	1	109	3.36e-62	180
5_449	22_84	79.167	96	20	0	1	96	1	96	1.34e-53	157
5_450	22_588	76.355	664	157	0	1	664	1	664	0.0	1055
5_451	22_415	88.346	1064	124	0	1	1064	3	1066	0.0	1861
5_451	22_347	28.616	318	180	13	621	906	917	1219	9.20e-16	77.0
5_451	22_347	41.892	74	42	1	324	396	312	385	1.27e-09	57.0
5_452	22_412	86.535	505	68	0	1	505	1	505	0.0	907
5_453	22_484	71.734	467	110	3	1	462	1	450	0.0	672
5_454	22_87	91.419	303	26	0	1	303	1	303	0.0	540
5_454	22_486	42.623	61	33	2	157	216	227	286	2.12e-07	46.6
5_455	22_487	74.817	818	204	1	1	816	1	818	0.0	1269
5_455	22_534	25.584	856	493	33	21	802	21	806	1.56e-43	164
5_456	22_212	76.108	519	124	0	1	519	1	519	0.0	768
5_457	22_410	82.482	822	144	0	1	822	1	822	0.0	1410
5_457	22_341	24.366	710	424	16	40	657	59	747	2.61e-51	188
5_457	22_424	22.054	857	417	30	6	711	3	759	1.00e-22	98.6
5_457	22_276	27.068	133	79	4	36	168	7	121	2.12e-06	45.4
5_458	22_329	51.034	870	330	18	1	783	1	861	0.0	739
5_459	22_214	87.689	463	57	0	1	463	1	463	0.0	830
5_460	22_303	87.816	673	82	0	1	673	1	673	0.0	1216
5_460	22_480	21.942	515	380	11	6	512	10	510	2.87e-31	125
5_460	22_64	29.885	87	57	2	577	663	17	99	1.02e-04	37.4
5_461	22_301	82.143	196	33	1	56	251	55	248	2.36e-102	293
5_462	22_408	76.779	534	124	0	1	534	1	534	0.0	827
5_465	22_341	84.424	886	138	0	1	886	1	886	0.0	1560
5_465	22_410	26.152	738	423	22	34	747	18	657	8.10e-50	184
5_465	22_424	24.419	344	195	11	440	753	393	701	1.50e-15	75.5
5_465	22_424	26.437	174	115	5	27	199	8	169	8.19e-10	57.0
5_465	22_276	25.461	271	152	10	515	753	224	476	1.12e-07	49.7
5_465	22_276	26.429	140	92	3	61	200	13	141	2.25e-07	48.9
5_466	22_256	74.038	728	184	1	1	728	122	844	0.0	1035
5_466	22_402	32.554	599	364	12	1	577	160	740	1.27e-81	272
5_466	22_402	28.319	113	62	3	483	585	745	848	1.64e-06	45.8
5_467	22_493	70.343	408	121	0	1	408	1	408	0.0	590
5_468	22_326	88.710	806	88	3	1	805	1	804	0.0	1385
5_468	22_554	34.537	831	426	29	1	768	1	776	2.88e-106	340
5_468	22_314	59.193	223	89	1	45	265	27	249	8.05e-81	255
5_469	22_691	74.713	435	101	3	125	557	1	428	0.0	621
5_469	22_681	64.254	456	130	11	125	558	1	445	0.0	516
5_469	22_556	41.176	374	177	12	170	516	1	358	1.61e-78	248
5_469	22_432	97.414	116	3	0	1	116	1	116	7.99e-73	223
5_469	22_663	71.154	104	30	0	5	108	8	111	3.01e-43	145
5_470	22_157	84.412	340	53	0	1	340	1	340	0.0	603
5_470	22_134	29.902	204	130	6	121	314	3	203	1.02e-16	73.6
5_471	22_497	52.682	522	210	14	1	490	1	517	7.13e-157	451
5_471	22_496	36.738	558	270	13	9	494	11	557	6.26e-100	306
5_471	22_651	26.448	397	251	13	119	489	200	581	4.60e-20	87.8
5_472	22_498	42.650	898	452	14	4	854	6	887	0.0	622
5_472	22_456	30.791	354	204	11	15	365	17	332	3.27e-33	133
5_472	22_517	32.530	249	148	6	7	249	5	239	5.36e-30	123
5_472	22_564	23.926	861	453	30	15	858	2	677	7.73e-28	115
5_472	22_382	27.564	156	100	4	7	159	3	148	2.11e-09	56.6
5_472	22_482	22.006	359	214	13	22	356	20	336	2.85e-07	49.3
5_472	22_364	22.161	361	236	11	30	379	24	350	2.07e-05	43.1
5_473	22_499	43.981	1271	563	24	1	1163	1	1230	0.0	887
5_473	22_514	31.081	296	196	4	3	295	4	294	5.95e-38	149
5_473	22_514	28.378	296	136	12	738	1009	533	776	4.65e-15	74.7
5_473	22_455	28.383	303	208	5	1	301	9	304	5.52e-31	126
5_473	22_455	26.964	471	227	16	700	1107	505	921	2.31e-25	108
5_473	22_383	21.197	1170	657	45	8	1101	9	989	4.75e-16	78.6
5_473	22_481	24.126	286	184	10	14	295	31	287	5.42e-10	58.5
5_474	22_424	81.242	789	148	0	1	789	1	789	0.0	1339
5_474	22_410	22.615	849	456	26	3	784	6	720	2.84e-26	109
5_474	22_341	22.271	229	149	5	400	624	447	650	1.33e-11	62.8
5_474	22_341	23.563	174	120	3	8	169	27	199	1.57e-09	55.8
5_474	22_276	32.653	98	58	2	515	612	266	355	1.42e-07	49.3
5_474	22_276	35.165	91	56	2	29	118	3	91	5.97e-07	47.4
5_475	22_210	73.580	405	105	2	1	404	1	404	0.0	595
5_476	22_92	78.261	322	70	0	1	322	1	322	0.0	518
5_477	22_426	70.032	941	282	0	6	946	5	945	0.0	1289
5_478	22_429	71.067	712	186	5	1	695	1	709	0.0	1035
5_479	22_643	96.913	583	17	1	1	582	1	583	0.0	1150
5_480	22_430	97.403	539	14	0	1	539	1	539	0.0	1024
5_480	22_204	50.464	539	264	2	1	539	1	536	1.17e-178	509
5_480	22_431	32.093	430	233	18	134	538	141	536	1.05e-29	117
5_480	22_672	33.645	214	133	5	330	538	154	363	2.68e-27	108
5_480	22_15	35.714	196	108	5	348	531	16	205	1.51e-19	83.6
5_480	22_648	35.669	157	88	4	383	533	1	150	7.50e-19	79.0
5_480	22_433	29.717	212	130	8	336	539	1	201	2.00e-15	73.9
5_480	22_542	28.708	209	135	7	336	539	1	200	3.75e-15	73.2
5_480	22_540	27.861	201	133	6	336	531	1	194	1.37e-13	68.2
5_480	22_440	30.151	199	119	8	336	525	1	188	1.27e-12	64.7
5_480	22_247	26.415	212	137	7	336	539	1	201	7.14e-12	62.8
5_480	22_270	29.187	209	135	8	336	539	1	201	1.55e-11	61.6
5_480	22_380	29.082	196	124	8	336	525	1	187	5.15e-11	59.7
5_480	22_439	24.365	197	132	4	336	525	1	187	9.57e-11	58.9
5_480	22_107	27.397	219	124	7	336	525	1	213	1.22e-10	58.5
5_480	22_60	29.148	223	121	10	327	523	1	212	5.69e-10	54.7
5_480	22_519	31.138	167	94	7	369	522	501	659	6.37e-10	56.2
5_480	22_180	31.980	197	112	9	354	539	24	209	7.14e-10	54.3
5_480	22_541	27.168	173	108	5	336	501	1	162	9.45e-10	55.8
5_480	22_671	26.804	194	118	6	351	525	25	213	1.37e-08	51.6
5_480	22_523	38.983	59	33	1	467	522	617	675	3.24e-07	47.8
5_480	22_362	27.778	90	61	2	452	538	493	581	1.49e-06	45.4
5_480	22_362	31.325	83	54	2	337	419	39	118	8.69e-04	36.6
5_480	22_485	30.601	183	105	8	355	522	26	201	4.45e-06	43.9
5_480	22_255	23.645	203	120	8	351	532	76	264	5.02e-06	43.1
5_480	22_121	29.487	78	54	1	327	404	1	77	1.78e-05	41.6
5_480	22_121	35.294	68	41	1	464	528	229	296	1.00e-04	39.3
5_480	22_536	23.671	207	134	6	336	525	6	205	2.76e-05	41.2
5_480	22_446	38.983	59	33	1	467	522	281	339	7.08e-05	39.7
5_480	22_76	25.837	209	119	9	351	532	29	228	1.30e-04	38.9
5_480	22_585	25.882	85	55	2	441	522	172	251	2.83e-04	37.7
5_481	22_431	97.388	536	14	0	1	536	1	536	0.0	991
5_481	22_672	55.647	363	161	0	174	536	1	363	2.42e-130	379
5_481	22_430	32.353	408	224	17	163	536	149	538	8.93e-30	117
5_481	22_204	36.667	210	131	2	327	536	328	535	3.24e-26	107
5_481	22_542	31.481	216	117	10	334	536	2	199	3.07e-17	79.7
5_481	22_433	33.023	215	116	9	334	536	2	200	3.91e-16	75.9
5_481	22_15	30.698	215	127	9	334	534	2	208	9.68e-15	69.3
5_481	22_540	30.476	210	127	8	334	536	2	199	4.02e-14	69.7
5_481	22_519	31.088	193	103	6	319	495	455	633	1.17e-12	65.1
5_481	22_439	30.415	217	114	10	334	534	2	197	2.38e-12	63.9
5_481	22_440	29.808	208	128	8	334	534	2	198	2.78e-12	63.9
5_481	22_247	31.373	204	111	9	346	536	13	200	2.25e-11	60.8
5_481	22_380	29.798	198	117	9	334	522	2	186	5.18e-11	59.7
5_481	22_541	27.919	197	124	7	347	536	14	199	2.27e-10	57.8
5_481	22_648	30.968	155	96	5	382	531	2	150	4.38e-09	50.8
5_481	22_107	28.079	203	113	8	346	520	13	210	6.91e-09	52.8
5_481	22_671	25.616	203	116	8	349	527	25	216	6.43e-07	46.6
5_481	22_60	26.636	214	123	9	334	522	10	214	1.33e-06	44.7
5_481	22_180	25.701	214	131	9	334	533	6	205	2.57e-06	43.5
5_481	22_585	24.906	265	129	10	333	534	7	264	5.40e-06	43.1
5_481	22_255	29.064	203	119	12	349	536	76	268	9.70e-06	42.4
5_481	22_270	27.103	214	126	9	334	534	2	198	1.87e-05	42.0
5_481	22_362	33.846	65	42	1	331	395	36	99	2.47e-05	41.6
5_481	22_14	23.626	182	116	5	364	522	37	218	1.23e-04	38.9
5_481	22_536	26.923	182	118	7	365	534	37	215	1.46e-04	38.9
5_481	22_446	25.984	127	80	3	302	425	23	138	3.59e-04	37.7
5_482	22_534	67.554	826	263	2	1	825	1	822	0.0	1159
5_482	22_487	27.464	619	331	23	250	813	253	808	2.14e-32	129
5_483	22_533	75.853	762	172	4	1	759	79	831	0.0	1142
5_483	22_488	26.437	435	282	13	208	640	156	554	5.26e-34	133
5_483	22_528	28.920	287	179	11	359	636	324	594	3.40e-21	93.2
5_484	22_366	72.464	621	153	2	1	620	1	604	0.0	909
5_485	22_585	73.177	384	103	0	1	384	1	384	0.0	557
5_485	22_121	30.484	351	201	10	5	319	8	351	1.05e-36	133
5_485	22_362	43.902	123	69	0	180	302	495	617	5.33e-31	119
5_485	22_362	29.204	113	71	1	7	110	38	150	4.65e-11	58.9
5_485	22_60	27.018	285	157	7	4	283	6	244	3.36e-16	72.8
5_485	22_523	26.897	290	146	11	50	284	430	708	3.31e-15	72.0
5_485	22_446	32.222	90	61	0	194	283	282	371	2.10e-14	68.9
5_485	22_76	27.559	127	88	2	175	297	141	267	9.07e-14	66.6
5_485	22_15	25.606	289	157	9	8	292	2	236	3.99e-13	63.9
5_485	22_255	24.797	246	131	5	27	271	81	273	2.14e-12	62.0
5_485	22_14	24.918	305	181	9	8	303	3	268	3.58e-12	61.2
5_485	22_189	23.358	137	101	2	164	299	252	385	2.36e-11	59.7
5_485	22_180	33.929	112	67	2	163	271	106	213	1.33e-10	55.8
5_485	22_380	36.842	95	52	2	189	280	124	213	2.21e-10	57.0
5_485	22_380	40.816	49	29	0	8	56	2	50	6.29e-07	45.8
5_485	22_536	25.830	271	144	12	30	296	29	246	4.92e-10	55.5
5_485	22_536	32.258	93	61	2	179	271	399	489	3.99e-07	46.2
5_485	22_247	31.818	132	85	4	134	263	69	197	8.59e-10	55.1
5_485	22_247	52.778	36	17	0	27	62	21	56	2.76e-05	40.8
5_485	22_270	22.878	271	129	6	8	268	2	202	9.19e-10	55.1
5_485	22_440	34.167	120	69	4	177	294	114	225	1.13e-09	54.7
5_485	22_440	31.008	129	71	5	8	121	2	127	3.31e-06	43.5
5_485	22_433	30.597	134	90	2	141	273	76	207	1.92e-09	53.9
5_485	22_433	43.636	55	31	0	8	62	2	56	1.97e-05	41.2
5_485	22_439	34.884	86	54	1	186	271	121	204	2.18e-09	53.9
5_485	22_439	34.409	93	55	2	8	94	2	94	4.79e-07	46.2
5_485	22_542	32.374	139	86	5	170	303	104	239	5.66e-09	52.4
5_485	22_542	38.542	96	47	3	8	94	2	94	1.34e-08	51.2
5_485	22_671	26.829	82	59	1	190	271	408	488	2.91e-08	50.1
5_485	22_671	22.420	281	172	9	15	295	18	252	2.70e-07	47.0
5_485	22_541	37.662	77	36	3	27	94	21	94	1.12e-07	48.5
5_485	22_540	37.838	74	40	2	27	94	21	94	1.20e-06	45.1
5_485	22_540	30.952	84	56	1	188	271	123	204	1.96e-06	44.3
5_485	22_204	35.897	78	46	2	191	267	462	536	2.30e-06	43.9
5_485	22_430	29.412	85	52	2	172	251	441	522	3.16e-06	43.5
5_485	22_107	21.654	254	154	8	27	275	21	234	5.02e-06	42.7
5_485	22_107	27.778	90	62	1	188	274	443	532	7.30e-05	39.3
5_485	22_485	25.758	132	89	4	146	271	356	484	8.86e-06	42.0
5_485	22_648	32.836	67	41	1	191	257	83	145	6.62e-05	38.1
5_485	22_519	44.118	68	28	4	4	69	465	524	4.38e-04	37.0
5_486	22_270	80.418	766	146	1	1	762	1	766	0.0	1164
5_486	22_380	32.112	819	472	18	1	762	1	792	1.50e-106	339
5_486	22_540	31.566	792	475	16	1	762	1	755	1.38e-104	333
5_486	22_542	33.998	803	459	27	1	762	1	773	6.48e-103	329
5_486	22_439	29.747	790	497	16	1	762	1	760	1.12e-94	306
5_486	22_247	30.569	808	479	19	1	762	1	772	2.81e-92	300
5_486	22_541	31.619	797	472	20	1	762	1	759	1.06e-91	298
5_486	22_433	40.044	452	245	10	1	440	1	438	5.33e-89	288
5_486	22_433	32.414	145	98	0	618	762	502	646	1.03e-16	79.0
5_486	22_440	37.691	459	249	11	1	440	1	441	5.96e-83	272
5_486	22_440	40.541	111	62	2	654	762	542	650	2.04e-13	68.2
5_486	22_255	32.895	228	136	7	1	214	57	281	3.14e-24	98.6
5_486	22_536	25.333	225	153	7	1	212	6	228	3.44e-15	73.6
5_486	22_536	27.488	211	125	8	16	203	282	487	4.25e-07	47.8
5_486	22_671	28.302	212	114	7	11	195	20	220	3.82e-15	73.6
5_486	22_671	33.333	78	51	1	124	200	406	483	1.30e-06	46.2
5_486	22_14	27.426	237	128	11	2	201	3	232	1.06e-14	70.5
5_486	22_430	30.732	205	131	7	1	198	336	536	3.49e-13	67.4
5_486	22_60	26.923	208	129	7	13	200	23	227	1.19e-11	60.5
5_486	22_485	30.081	246	146	8	2	231	8	243	1.23e-09	55.8
5_486	22_121	32.990	97	63	1	1	95	10	106	4.72e-09	53.9
5_486	22_585	34.343	99	60	3	107	202	172	268	6.29e-09	53.1
5_486	22_585	30.526	95	59	2	2	96	8	95	7.71e-04	37.0
5_486	22_15	26.667	195	109	7	14	187	17	198	6.17e-08	49.3
5_486	22_189	25.112	223	121	8	15	198	142	357	1.34e-07	49.3
5_486	22_204	30.000	200	113	8	2	187	335	521	1.37e-07	49.3
5_486	22_362	32.258	93	61	1	2	92	39	131	1.41e-07	49.3
5_486	22_362	31.081	74	49	1	129	200	508	581	2.08e-05	42.4
5_486	22_76	26.289	194	111	8	34	200	47	235	1.45e-07	48.9
5_486	22_446	33.019	106	62	4	115	217	267	366	1.45e-07	48.9
5_486	22_107	20.438	274	175	7	1	239	1	266	1.91e-07	48.9
5_486	22_107	25.229	218	140	8	1	203	319	528	1.52e-04	39.7
5_486	22_180	26.728	217	135	9	1	203	5	211	6.29e-07	46.2
5_486	22_672	26.768	198	118	9	16	198	176	361	7.53e-07	46.6
5_486	22_523	34.667	75	47	1	129	201	617	691	1.07e-06	46.6
5_486	22_431	28.037	214	124	10	2	198	334	534	8.31e-06	43.5
5_486	22_479	36.585	82	43	4	129	204	834	912	1.70e-05	42.7
5_486	22_201	27.068	266	141	15	345	573	26	275	6.02e-05	40.8
5_487	22_64	65.138	109	38	0	1	109	1	109	5.35e-52	154
5_488	22_368	80.167	479	95	0	1	479	1	479	0.0	797
5_488	22_416	22.739	387	223	14	42	374	200	564	2.82e-04	37.7
5_489	22_456	59.909	661	263	1	1	661	1	659	0.0	755
5_489	22_564	27.046	721	436	19	17	661	2	708	5.41e-61	211
5_489	22_517	25.957	705	433	19	17	639	13	710	9.58e-45	166
5_489	22_498	25.306	245	172	6	15	248	14	258	1.83e-15	75.1
5_489	22_382	27.536	138	89	5	8	140	3	134	4.07e-08	51.2
5_490	22_455	57.486	1042	407	7	1	1018	1	1030	0.0	1107
5_490	22_514	29.496	834	519	26	10	805	3	805	4.62e-77	269
5_490	22_499	30.769	299	184	8	10	294	3	292	4.88e-30	123
5_490	22_499	34.973	183	96	6	546	715	747	919	1.10e-17	83.2
5_490	22_383	22.986	509	312	21	11	463	2	486	3.97e-11	62.0
5_490	22_481	23.864	440	283	16	17	436	23	430	4.49e-08	51.6
5_491	22_454	68.428	719	224	2	1	718	1	717	0.0	985
5_492	22_582	67.420	752	223	6	1	736	1	746	0.0	967
5_492	22_586	28.297	417	249	13	6	401	16	403	3.38e-35	137
5_492	22_586	31.034	174	111	4	549	720	531	697	1.54e-16	78.2
5_493	22_364	57.158	964	366	13	1	928	1	953	0.0	981
5_493	22_564	24.022	358	214	16	9	342	2	325	2.92e-06	45.4
5_493	22_517	26.316	152	97	5	9	158	13	151	1.48e-05	43.5
5_493	22_382	32.168	143	88	6	1	143	1	134	1.99e-05	43.1
5_494	22_90	90.909	121	11	0	1	121	1	121	2.29e-65	189
5_495	22_491	85.703	1217	173	1	1	1217	1	1216	0.0	2159
5_496	22_561	98.341	422	7	0	1	422	1	422	0.0	841
5_497	22_314	73.148	216	57	1	1	215	1	216	8.73e-116	325
5_497	22_326	52.340	235	91	3	1	216	1	233	5.54e-74	234
5_497	22_554	35.780	218	136	4	1	216	1	216	2.01e-38	135
5_498	22_589	42.647	68	33	2	22	83	311	378	1.39e-09	47.8
5_499	22_255	100.000	77	0	0	1	77	73	149	1.88e-50	155
5_499	22_121	37.838	74	40	1	3	76	24	91	1.64e-10	50.1
5_499	22_540	33.784	74	40	2	4	77	16	80	1.34e-08	44.7
5_499	22_362	51.282	39	19	0	9	47	58	96	9.58e-08	42.4
5_499	22_542	32.432	74	41	2	4	77	16	80	2.99e-07	40.8
5_499	22_15	36.111	72	42	2	4	75	19	86	4.56e-07	40.0
5_499	22_541	35.000	60	32	1	4	63	16	68	4.61e-07	40.4
5_499	22_204	37.500	48	30	0	3	50	348	395	5.10e-07	40.0
5_499	22_433	29.730	74	44	2	4	77	16	81	7.26e-07	39.7
5_499	22_439	29.730	74	43	2	4	77	16	80	1.36e-06	38.9
5_499	22_247	29.730	74	44	2	4	77	16	81	2.89e-06	38.1
5_499	22_446	36.364	77	42	2	3	74	61	135	2.95e-06	38.1
5_499	22_440	27.027	74	46	2	4	77	16	81	3.32e-06	37.7
5_499	22_270	31.169	77	44	3	2	77	13	81	4.36e-06	37.4
5_499	22_536	35.849	53	32	1	5	55	22	74	4.72e-06	37.4
5_499	22_672	40.000	50	28	2	2	50	174	222	7.30e-06	37.0
5_499	22_430	31.915	47	32	0	4	50	351	397	7.43e-06	37.0
5_499	22_519	42.857	42	23	1	22	63	501	541	1.44e-05	36.2
5_499	22_431	39.583	48	27	2	4	50	349	395	5.00e-05	34.7
5_499	22_585	48.649	37	18	1	3	38	20	56	1.22e-04	33.5
5_499	22_380	24.324	74	47	2	4	77	16	80	1.50e-04	33.1
5_499	22_479	53.846	26	12	0	8	33	631	656	2.35e-04	32.7
5_499	22_14	30.137	73	48	1	3	72	21	93	3.18e-04	32.3
5_499	22_671	26.923	78	53	2	3	77	24	100	3.74e-04	32.0
5_499	22_107	31.481	54	31	1	1	48	7	60	6.13e-04	31.6
5_499	22_60	39.583	48	26	2	7	53	29	74	7.14e-04	31.2
5_501	22_62	68.293	41	13	0	15	55	15	55	2.38e-14	55.5
5_502	22_577	79.167	288	60	0	1	288	1	288	2.97e-158	437
5_503	22_539	57.820	211	89	0	18	228	63	273	5.66e-81	239
5_503	22_659	43.981	216	112	4	20	229	21	233	8.45e-52	163
5_503	22_333	35.196	179	108	2	52	228	1	173	1.69e-26	96.3
5_504	22_360	75.648	386	94	0	10	395	35	420	0.0	615
5_505	22_183	83.699	319	51	1	1	319	1	318	0.0	531
5_506	22_676	61.597	263	101	0	1	263	1	263	3.36e-104	298
5_506	22_7	32.911	79	37	5	113	179	5	79	3.42e-04	36.2
5_506	22_258	35.000	60	27	2	113	164	159	214	3.91e-04	35.8
5_506	22_279	40.816	49	27	2	116	162	43	91	7.77e-04	34.3
5_507	22_517	43.773	811	390	13	1	770	1	786	0.0	579
5_507	22_564	46.853	715	343	10	12	696	1	708	0.0	573
5_507	22_456	29.081	1121	644	34	1	1081	1	1010	4.09e-114	373
5_507	22_498	24.675	385	240	11	2	341	6	385	1.29e-14	73.2
5_507	22_382	25.806	155	107	3	13	161	10	162	1.78e-10	59.7
5_507	22_482	19.512	328	221	9	60	369	67	369	1.02e-04	40.8
5_507	22_364	26.280	293	159	13	64	326	64	329	1.71e-04	40.0
5_508	22_670	61.558	398	134	4	27	417	20	405	4.22e-137	394
5_509	22_382	39.220	872	387	22	571	1363	600	1407	5.03e-172	546
5_509	22_382	55.391	473	183	3	1	445	1	473	1.44e-156	504
5_509	22_517	29.530	149	96	4	10	156	14	155	5.11e-11	62.0
5_509	22_456	26.316	152	96	8	9	156	20	159	1.25e-05	44.3
5_509	22_514	45.614	57	31	0	495	551	779	835	5.28e-05	42.4
5_509	22_514	76.000	25	6	0	487	511	811	835	2.20e-04	40.0
5_509	22_364	28.070	171	107	7	55	220	60	219	2.32e-04	40.0
5_510	22_383	55.405	1915	724	35	1	1822	1	1878	0.0	1938
5_510	22_514	24.587	545	326	21	1	511	1	494	5.92e-13	68.6
5_510	22_455	23.413	504	314	18	1	482	10	463	1.76e-12	67.0
5_510	22_499	27.311	238	150	6	2	221	3	235	2.02e-11	63.9
5_511	22_651	56.432	583	234	8	7	574	11	588	0.0	578
5_511	22_496	25.124	605	367	22	3	571	2	556	8.52e-28	112
5_511	22_497	27.473	455	295	16	130	570	86	519	1.38e-25	105
5_512	22_478	61.543	1594	545	15	11	1560	18	1587	0.0	1919
5_512	22_478	22.370	751	448	27	1069	1770	867	1531	3.44e-15	77.0
5_512	22_478	25.789	190	122	7	1687	1873	938	1111	2.55e-09	57.8
5_512	22_478	25.824	182	109	6	1713	1876	1187	1360	2.12e-05	44.7
5_512	22_532	43.755	1321	616	32	1560	2776	2	1299	0.0	961
5_512	22_532	27.919	197	125	5	899	1082	126	318	9.24e-11	62.4
5_513	22_355	74.125	514	132	1	1	514	18	530	0.0	781
5_514	22_494	52.254	599	262	8	1	581	1	593	0.0	581
5_514	22_399	33.498	406	228	7	33	423	62	440	1.16e-54	195
5_514	22_348	31.840	424	241	10	6	409	2	397	6.01e-42	156
5_515	22_499	25.506	247	166	7	24	254	6	250	5.75e-15	73.9
5_515	22_481	24.430	614	338	31	21	572	13	562	5.97e-12	64.3
5_515	22_514	25.896	251	164	8	40	275	24	267	5.54e-11	60.8
5_515	22_455	28.755	233	148	8	19	238	9	236	1.08e-10	60.1
5_515	22_383	26.860	242	151	7	32	257	7	238	2.31e-08	52.8
5_516	22_562	97.652	511	11	1	79	588	1	511	0.0	995
5_516	22_565	45.429	350	166	7	207	544	1	337	4.38e-86	268
5_516	22_560	43.590	351	181	6	207	549	1	342	1.46e-83	261
5_517	22_681	80.220	91	18	0	12	102	1	91	8.33e-41	134
5_517	22_691	79.121	91	19	0	12	102	1	91	1.86e-40	133
5_517	22_556	89.130	46	5	0	57	102	1	46	8.89e-23	85.5
5_518	22_58	70.545	275	77	2	3	274	4	277	5.21e-119	337
5_519	22_249	65.405	185	62	1	1	183	38	222	3.36e-71	210
5_520	22_611	66.279	86	29	0	1	86	1	86	2.12e-37	115
5_521	22_686	72.727	187	39	4	81	255	30	216	1.43e-87	254
5_522	22_195	79.783	277	56	0	2	278	3	279	3.42e-145	404
5_522	22_178	25.000	276	185	12	17	276	46	315	6.54e-12	59.7
5_523	22_369	76.389	288	68	0	1	288	15	302	7.77e-156	434
5_523	22_363	24.595	309	210	10	18	309	30	332	2.88e-11	58.2
5_525	22_149	82.741	591	102	0	1	591	3	593	0.0	945
5_526	22_423	89.313	131	14	0	6	136	16	146	1.37e-80	239
5_526	22_308	38.043	92	55	1	4	93	171	262	2.99e-15	66.2
5_527	22_254	68.387	155	47	1	2	154	42	196	2.37e-73	213
5_528	22_675	52.305	629	273	9	3	613	7	626	0.0	585
5_528	22_650	33.068	629	363	13	5	611	1	593	5.42e-97	304
5_528	22_356	33.995	403	224	11	238	611	159	548	4.79e-58	199
5_528	22_469	33.656	413	225	9	239	610	130	534	4.95e-56	194
5_528	22_357	31.961	413	223	10	238	611	125	518	6.43e-51	179
5_529	22_345	63.226	620	205	6	10	617	1	609	0.0	724
5_530	22_201	95.096	469	23	0	41	509	1	469	0.0	829
5_530	22_270	36.111	144	73	6	21	153	304	439	7.41e-10	55.8
5_530	22_541	28.247	308	164	12	17	314	295	555	6.31e-07	46.6
5_532	22_318	41.564	243	129	5	8	244	94	329	1.62e-49	160
5_532	22_623	51.163	43	21	0	193	235	9	51	2.09e-09	47.8
5_533	22_317	70.341	381	113	0	12	392	2	382	0.0	561
5_535	22_488	77.855	578	124	1	80	653	118	695	0.0	931
5_535	22_528	29.848	660	393	24	9	632	99	724	5.80e-56	197
5_535	22_533	30.746	335	201	10	206	512	380	711	4.82e-35	136
5_536	22_61	55.224	134	60	0	1	134	1	134	1.59e-46	148
5_537	22_689	78.607	201	43	0	1	201	1	201	1.44e-115	322
5_538	22_256	93.496	123	8	0	1	123	1	123	1.59e-80	248
5_538	22_402	58.929	112	46	0	12	123	50	161	1.17e-44	149
5_539	22_610	76.371	474	110	1	13	486	2	473	0.0	721
5_540	22_677	77.249	378	86	0	1	378	1	378	0.0	544
5_541	22_348	55.794	932	395	5	1	932	26	940	0.0	936
5_541	22_399	28.721	860	557	19	23	859	66	892	1.25e-86	299
5_541	22_494	32.987	385	224	11	18	374	31	409	2.99e-41	155
5_542	22_690	74.544	931	233	3	18	945	1	930	0.0	1409
5_543	22_461	64.609	729	238	8	1	723	3	717	0.0	870
5_543	22_66	41.379	58	30	1	13	66	8	65	2.56e-07	47.8
5_543	22_266	36.207	58	37	0	117	174	82	139	5.73e-04	37.0
5_543	22_483	26.316	114	54	3	42	143	437	532	7.91e-04	37.4
5_544	22_423	93.272	327	22	0	13	339	128	454	0.0	620
5_544	22_308	29.787	329	223	4	15	339	289	613	1.76e-40	145
5_544	22_53	27.742	155	99	6	56	203	150	298	8.55e-05	38.5
5_544	22_351	22.973	296	195	12	62	332	160	447	2.35e-04	37.4
5_545	22_648	66.049	162	55	0	59	220	1	162	2.74e-75	220
5_545	22_430	39.130	207	123	3	4	208	328	533	3.94e-36	128
5_545	22_204	37.321	209	127	3	2	208	324	530	1.17e-32	118
5_545	22_431	34.450	209	125	6	7	208	328	531	9.28e-23	90.5
5_545	22_671	31.754	211	111	9	15	201	13	214	2.10e-17	75.1
5_545	22_15	30.622	209	125	8	12	205	1	204	1.13e-15	68.9
5_545	22_672	29.858	211	130	6	8	208	156	358	7.28e-15	67.4
5_545	22_439	30.808	198	117	8	12	200	1	187	5.94e-13	62.0
5_545	22_542	29.146	199	119	6	12	200	1	187	1.04e-12	61.6
5_545	22_536	29.545	220	114	7	8	201	2	206	2.29e-12	60.5
5_545	22_433	28.365	208	110	6	12	200	1	188	1.49e-11	58.2
5_545	22_270	27.014	211	129	6	12	211	1	197	2.38e-11	57.4
5_545	22_255	26.776	183	120	4	27	198	76	255	7.74e-11	55.5
5_545	22_107	27.551	196	100	5	12	174	1	187	1.22e-10	55.1
5_545	22_380	28.241	216	131	9	12	217	1	202	3.46e-10	53.9
5_545	22_180	27.941	204	118	8	12	199	5	195	4.16e-10	52.8
5_545	22_519	28.804	184	118	5	6	181	463	641	4.71e-10	53.5
5_545	22_440	26.442	208	114	6	12	200	1	188	1.20e-09	52.4
5_545	22_247	28.351	194	128	6	12	200	1	188	1.75e-08	48.9
5_545	22_121	36.232	69	44	0	12	80	10	78	2.29e-08	48.5
5_545	22_121	33.645	107	54	3	107	202	193	293	7.72e-07	43.9
5_545	22_362	27.338	139	81	3	10	130	36	172	1.17e-07	46.2
5_545	22_362	29.808	104	63	5	109	203	470	572	8.52e-05	37.7
5_545	22_540	25.248	202	123	6	12	200	1	187	2.03e-07	45.8
5_545	22_76	27.094	203	123	7	27	207	29	228	1.38e-06	42.7
5_545	22_541	31.111	90	54	2	12	93	1	90	2.36e-05	39.3
5_545	22_60	23.316	193	116	8	19	187	14	198	4.25e-05	38.1
5_545	22_14	25.000	208	118	7	27	203	22	222	1.47e-04	36.6
5_545	22_523	37.313	67	38	2	137	199	611	677	1.80e-04	36.6
5_545	22_585	45.833	48	26	0	13	60	8	55	2.17e-04	36.2
5_545	22_485	43.182	44	25	0	31	74	26	69	3.32e-04	35.8
5_545	22_446	29.333	75	49	1	6	76	37	111	0.001	34.3
5_546	22_535	93.421	76	5	0	2	77	474	549	1.72e-43	142
5_547	22_61	61.875	160	61	0	1	160	151	310	1.77e-70	211
5_548	22_691	34.106	302	146	10	1	294	67	323	1.53e-32	119
5_548	22_681	35.831	307	145	14	1	294	67	334	1.17e-31	117
5_548	22_556	32.087	321	142	13	1	294	22	293	9.46e-31	114
5_549	22_681	58.123	277	107	2	1	277	67	334	2.26e-109	319
5_549	22_556	49.466	281	129	6	1	277	22	293	3.08e-85	256
5_549	22_691	40.070	287	132	11	1	277	67	323	1.10e-47	159
5_550	22_162	68.182	22	7	0	1	22	138	159	2.94e-07	37.7
5_551	22_673	81.046	153	29	0	1	153	63	215	7.78e-91	258
5_552	22_502	95.210	334	16	0	6	339	21	354	0.0	663
