30_0	31_0	100.000	220	0	0	1	220	1	220	1.12e-157	430
30_1	31_151	98.750	160	2	0	1	160	1	160	1.15e-111	309
30_2	31_104	100.000	227	0	0	1	227	1	227	5.04e-165	449
30_3	31_48	99.438	356	2	0	1	356	1	356	0.0	719
30_4	31_207	99.411	679	4	0	1	679	1	679	0.0	1333
30_4	31_557	25.307	407	260	14	272	655	122	507	3.08e-17	79.7
30_4	31_428	27.114	402	249	12	255	633	115	495	2.60e-14	70.5
30_4	31_462	30.368	326	180	16	349	653	217	516	4.11e-13	66.6
30_4	31_451	32.258	217	111	11	458	659	315	510	9.87e-12	62.4
30_4	31_429	31.548	168	92	7	501	659	368	521	1.04e-10	58.9
30_4	31_359	29.193	161	93	4	500	652	38	185	1.33e-10	57.0
30_4	31_281	31.214	173	96	8	499	663	32	189	3.58e-09	54.3
30_4	31_501	29.861	144	87	6	501	637	94	230	6.13e-09	52.4
30_4	31_101	31.176	170	93	7	499	659	365	519	8.34e-09	53.1
30_4	31_15	25.243	206	129	8	470	660	2	197	2.34e-07	47.4
30_4	31_303	31.707	164	100	5	499	660	32	185	4.20e-07	47.8
30_4	31_481	25.000	172	102	5	499	660	32	186	1.37e-06	45.8
30_4	31_550	25.137	183	123	5	499	677	32	204	1.41e-06	45.8
30_4	31_603	39.683	63	30	2	602	660	127	185	4.26e-06	42.7
30_4	31_276	33.803	71	47	0	601	671	126	196	1.27e-05	42.7
30_4	31_384	22.941	170	118	5	499	659	37	202	7.99e-05	40.0
30_4	31_226	25.114	219	139	9	470	666	2	217	1.06e-04	39.7
30_4	31_149	37.931	58	32	1	594	647	119	176	1.10e-04	40.0
30_4	31_262	24.870	193	103	9	497	659	36	216	1.61e-04	38.9
30_4	31_128	33.898	59	39	0	602	660	127	185	5.41e-04	37.7
30_4	31_513	25.333	150	96	5	499	636	42	187	0.001	35.8
30_5	31_201	98.000	250	5	0	1	250	1	250	0.0	498
30_5	31_443	31.034	203	129	4	3	203	121	314	9.32e-18	76.3
30_5	31_378	28.333	120	74	4	58	166	501	619	2.40e-04	36.6
30_6	31_289	99.600	250	1	0	1	250	1	250	2.01e-176	480
30_7	31_376	97.601	542	13	0	1	542	1	542	0.0	1065
30_8	31_443	98.551	345	5	0	1	345	1	345	0.0	696
30_8	31_201	30.542	203	130	4	121	314	3	203	2.83e-17	75.1
30_9	31_155	100.000	197	0	0	1	197	1	197	6.38e-140	384
30_10	31_649	99.330	448	3	0	1	448	1	448	0.0	895
30_11	31_509	98.273	579	10	0	5	583	1	579	0.0	1156
30_12	31_286	98.430	1975	31	0	1	1975	1	1975	0.0	3879
30_13	31_278	97.436	117	3	0	1	117	1	117	5.66e-80	226
30_14	31_694	95.088	285	14	0	327	611	1	285	0.0	548
30_14	31_499	42.857	84	42	3	609	690	52	131	9.39e-13	60.8
30_15	31_312	96.029	554	16	2	1	554	1	548	0.0	1076
30_15	31_617	57.849	344	131	5	217	552	8	345	1.65e-132	385
30_15	31_606	34.562	434	249	12	128	550	84	493	1.25e-67	222
30_15	31_665	34.058	414	223	11	165	554	180	567	1.78e-67	224
30_15	31_324	30.065	459	268	12	131	554	98	538	2.30e-51	179
30_15	31_512	40.609	197	60	6	1	187	1	150	8.49e-32	115
30_16	31_358	98.475	459	7	0	1	459	1	459	0.0	931
30_17	31_388	99.176	607	5	0	1	607	1	607	0.0	1212
30_18	31_630	99.845	646	1	0	225	870	1	646	0.0	1300
30_19	31_423	98.289	818	14	0	1	818	1	818	0.0	1652
30_19	31_494	26.248	621	341	21	251	808	244	810	5.49e-41	156
30_20	31_494	98.905	822	9	0	1	822	1	822	0.0	1662
30_20	31_423	25.522	623	343	19	244	810	251	808	1.92e-32	129
30_21	31_499	98.473	131	2	0	1	131	1	131	1.57e-92	258
30_23	31_493	98.286	175	3	0	1	175	5	179	4.39e-121	334
30_24	31_665	95.026	583	24	2	31	612	1	579	0.0	1117
30_24	31_606	38.215	437	249	4	163	597	77	494	2.97e-101	312
30_24	31_312	29.355	620	333	19	8	600	7	548	7.07e-71	233
30_24	31_324	29.372	446	249	11	198	600	116	538	5.95e-49	174
30_24	31_617	30.495	364	197	6	263	596	6	343	1.07e-48	168
30_24	31_512	40.476	42	24	1	194	234	108	149	7.83e-04	35.4
30_25	31_397	96.512	86	3	0	1	86	1	86	2.77e-57	169
30_26	31_588	98.925	930	10	0	46	975	1	930	0.0	1846
