1_0	6_0	100.000	96	0	0	1	96	1	96	9.07e-66	188
1_1	6_1	100.000	589	0	0	1	589	1	589	0.0	1146
1_1	6_125	26.087	460	272	17	51	492	10	419	1.44e-21	92.8
1_2	6_271	99.714	350	1	0	1	350	1	350	0.0	715
1_3	6_270	98.936	188	2	0	1	188	1	188	2.02e-133	366
1_4	6_2	100.000	110	0	0	1	110	1	110	1.58e-79	224
1_5	6_3	100.000	290	0	0	1	290	1	290	0.0	578
1_5	6_376	32.331	266	149	14	23	264	25	283	6.73e-24	93.6
1_6	6_238	99.701	335	1	0	1	335	1	335	0.0	662
1_7	6_447	99.700	333	1	0	1	333	1	333	0.0	662
1_7	6_322	34.375	192	115	3	125	314	101	283	7.94e-25	99.0
1_8	6_6	100.000	189	0	0	1	189	1	189	2.93e-140	384
1_9	6_7	100.000	152	0	0	1	152	1	152	1.20e-110	306
1_10	6_445	99.677	619	2	0	1	619	1	619	0.0	1245
1_11	6_444	99.568	463	2	0	1	463	1	463	0.0	920
1_12	6_9	100.000	47	0	0	1	47	1	47	3.64e-30	94.7
1_13	6_240	99.688	321	1	0	1	321	1	321	0.0	622
1_14	6_460	99.709	344	1	0	1	344	1	344	0.0	702
1_14	6_383	27.451	204	135	5	121	314	3	203	1.92e-15	69.7
1_15	6_12	100.000	50	0	0	1	50	1	50	3.85e-32	99.8
1_15	6_165	35.556	45	26	1	6	50	5	46	1.49e-04	30.0
1_16	6_13	100.000	273	0	0	1	273	1	273	0.0	562
1_17	6_14	100.000	146	0	0	1	146	1	146	2.34e-105	292
1_18	6_15	100.000	295	0	0	1	295	1	295	0.0	590
1_19	6_16	100.000	337	0	0	1	337	1	337	0.0	685
1_20	6_17	100.000	225	0	0	1	225	1	225	3.15e-168	457
1_21	6_544	99.422	173	1	0	1	173	1	173	3.16e-126	347
1_22	6_18	100.000	564	0	0	1	564	1	564	0.0	1105
1_22	6_520	31.278	454	262	10	97	533	9	429	3.60e-52	179
1_22	6_372	31.020	461	254	11	95	533	214	632	3.53e-51	181
1_22	6_558	31.989	372	210	8	178	533	14	358	8.75e-46	160
1_22	6_529	30.024	423	248	9	118	533	232	613	1.85e-44	161
1_22	6_371	30.496	423	234	11	131	540	144	519	6.96e-44	159
1_23	6_19	100.000	298	0	0	1	298	1	298	0.0	603
1_24	6_21	100.000	170	0	0	1	170	1	170	1.20e-122	337
1_25	6_539	99.655	290	1	0	1	290	1	290	0.0	562
1_26	6_24	100.000	259	0	0	1	259	1	259	0.0	526
1_27	6_25	100.000	413	0	0	1	413	1	413	0.0	841
1_28	6_416	99.435	177	1	0	1	177	1	177	2.84e-129	355
1_29	6_26	100.000	111	0	0	1	111	1	111	2.66e-77	218
1_30	6_28	100.000	211	0	0	1	211	1	211	2.52e-155	424
1_31	6_29	100.000	291	0	0	1	291	1	291	0.0	559
1_31	6_27	32.381	105	65	3	37	139	76	176	5.81e-06	42.0
1_32	6_30	100.000	239	0	0	1	239	1	239	6.82e-175	475
1_33	6_31	100.000	300	0	0	1	300	1	300	0.0	602
1_33	6_246	34.188	234	133	6	22	254	19	232	3.38e-35	123
1_33	6_224	35.897	156	87	5	130	276	204	355	2.39e-19	82.4
1_33	6_224	25.962	104	55	3	21	123	24	106	4.86e-05	38.9
1_33	6_171	27.854	219	136	3	22	240	21	217	1.23e-18	78.2
1_33	6_191	28.638	213	121	8	23	232	17	201	3.48e-17	76.3
1_33	6_358	39.091	110	66	1	140	248	599	708	1.06e-16	75.1
1_33	6_358	38.462	39	23	1	10	48	12	49	0.001	35.0
1_33	6_203	26.778	239	140	7	27	248	147	367	3.31e-16	73.2
1_33	6_391	36.842	114	71	1	136	248	258	371	6.59e-16	72.0
1_33	6_462	28.169	213	128	6	24	236	18	205	1.06e-15	72.0
1_33	6_67	29.464	224	131	5	22	239	22	224	2.78e-15	70.5
1_33	6_67	21.127	213	161	4	26	236	277	484	1.18e-05	40.8
1_33	6_461	25.714	210	125	6	23	229	17	198	9.90e-15	68.9
1_33	6_303	25.000	236	140	7	14	237	13	223	2.27e-14	67.8
1_33	6_303	28.959	221	128	9	27	236	287	489	1.38e-13	65.5
1_33	6_55	29.327	208	109	8	21	217	78	258	3.36e-13	63.5
1_33	6_497	25.806	155	88	3	152	279	501	655	9.27e-13	63.2
1_33	6_497	30.952	84	39	3	22	105	53	117	4.46e-06	42.4
1_33	6_490	25.600	250	143	8	27	237	27	272	1.28e-12	62.0
1_33	6_52	27.197	239	155	8	20	250	27	254	8.70e-11	56.6
1_33	6_268	31.646	79	53	1	158	235	153	231	2.45e-10	54.7
1_33	6_248	25.714	210	124	7	26	219	20	213	6.61e-08	48.1
1_33	6_222	32.051	78	50	1	145	219	820	897	4.07e-07	45.8
1_33	6_222	28.090	89	62	1	136	222	470	558	1.23e-06	44.3
1_33	6_474	22.527	182	118	4	37	218	364	522	1.46e-05	40.8
1_33	6_516	24.390	205	117	6	22	219	339	512	7.56e-05	38.5
1_34	6_411	99.558	226	1	0	1	226	1	226	1.49e-170	463
1_35	6_301	98.462	65	1	0	1	65	1	65	3.26e-44	131
1_36	6_32	100.000	280	0	0	1	280	1	280	0.0	562
1_37	6_409	99.257	269	2	0	1	269	1	269	0.0	534
1_37	6_478	26.568	271	164	13	4	258	3	254	6.26e-07	44.7
1_37	6_306	23.704	270	160	9	1	246	1	248	8.71e-06	40.4
1_37	6_213	32.203	59	40	0	188	246	183	241	1.11e-04	37.4
1_37	6_20	25.368	272	165	12	1	246	15	274	2.24e-04	36.2
1_37	6_180	32.877	73	43	1	180	246	186	258	2.66e-04	36.2
1_38	6_34	100.000	114	0	0	1	114	1	114	6.49e-84	235
1_39	6_330	99.408	169	1	0	1	169	1	169	1.51e-120	332
1_40	6_35	100.000	163	0	0	1	163	1	163	1.69e-119	329
1_41	6_36	100.000	326	0	0	1	326	1	326	0.0	653
1_42	6_37	100.000	639	0	0	1	639	1	639	0.0	1304
1_42	6_312	44.131	639	334	9	5	635	3	626	1.08e-169	494
1_43	6_38	100.000	171	0	0	1	171	1	171	3.93e-123	339
1_44	6_40	100.000	494	0	0	1	494	1	494	0.0	963
1_45	6_41	100.000	231	0	0	1	231	1	231	6.78e-170	462
1_46	6_533	99.555	449	2	0	1	449	1	449	0.0	902
1_47	6_43	100.000	571	0	0	1	571	1	571	0.0	1149
1_48	6_44	100.000	236	0	0	1	236	1	236	8.85e-176	477
1_49	6_45	100.000	186	0	0	1	186	1	186	1.38e-132	364
1_50	6_46	100.000	144	0	0	1	144	1	144	5.80e-108	298
1_51	6_47	100.000	221	0	0	1	221	1	221	5.26e-162	441
1_52	6_48	100.000	204	0	0	1	204	1	204	2.18e-151	413
1_53	6_347	99.885	872	1	0	1	872	1	872	0.0	1763
1_54	6_49	100.000	402	0	0	1	402	1	402	0.0	818
1_54	6_150	27.083	288	181	10	20	301	8	272	2.98e-16	75.1
1_54	6_250	32.099	162	90	3	21	182	116	257	1.82e-13	66.2
1_54	6_152	34.091	132	84	3	16	145	8	138	2.97e-13	65.9
1_55	6_50	100.000	316	0	0	1	316	1	316	0.0	632
1_56	6_51	100.000	402	0	0	1	402	1	402	0.0	806
1_57	6_356	99.673	306	1	0	1	306	1	306	0.0	607
1_58	6_378	99.481	385	2	0	1	385	1	385	0.0	765
1_58	6_121	32.877	219	139	5	160	377	106	317	2.04e-21	88.6
1_58	6_120	24.000	225	145	7	175	384	151	364	4.83e-04	36.2
1_59	6_52	100.000	349	0	0	1	349	1	349	0.0	715
1_59	6_203	40.240	333	193	3	5	332	116	447	4.26e-79	244
1_59	6_358	37.267	161	81	3	118	266	570	722	8.11e-31	118
1_59	6_391	37.500	136	83	1	131	266	252	385	9.93e-28	107
1_59	6_391	29.630	135	70	5	7	125	32	157	4.37e-09	52.0
1_59	6_246	31.330	233	127	7	29	252	19	227	3.41e-23	92.0
1_59	6_55	28.972	214	133	6	14	221	58	258	9.08e-19	80.5
1_59	6_171	24.783	230	150	7	30	257	22	230	1.13e-13	64.7
1_59	6_224	28.125	128	89	1	131	258	204	328	1.50e-13	65.9
1_59	6_31	33.043	115	74	2	140	254	139	250	2.44e-13	64.3
1_59	6_497	29.358	109	76	1	159	267	505	612	1.02e-12	63.5
1_59	6_497	25.899	139	83	6	4	139	30	151	2.48e-04	37.4
1_59	6_490	27.778	126	87	2	142	267	176	297	1.16e-12	62.8
1_59	6_268	38.462	78	48	0	162	239	154	231	2.26e-12	60.8
1_59	6_300	29.612	206	115	11	29	228	351	532	1.16e-08	50.8
1_59	6_303	26.267	217	134	9	40	248	32	230	3.52e-08	49.3
1_59	6_303	33.333	81	53	1	160	240	410	489	5.67e-07	45.4
1_59	6_462	32.941	85	55	1	160	244	127	209	8.20e-08	48.1
1_59	6_191	24.880	209	125	7	29	232	16	197	1.79e-07	47.4
1_59	6_222	30.702	114	67	5	161	265	833	943	3.88e-07	46.2
1_59	6_461	30.682	88	57	2	145	232	114	197	9.63e-07	45.1
1_59	6_516	26.667	210	115	10	29	228	339	519	1.41e-06	44.3
1_59	6_67	25.000	236	148	10	28	249	273	493	4.88e-06	42.4
1_59	6_248	27.143	70	47	2	163	232	449	514	3.39e-04	36.6
1_59	6_456	26.857	175	106	8	49	223	361	513	3.79e-04	36.6
1_60	6_375	99.567	231	1	0	1	231	1	231	4.47e-170	462
1_61	6_53	100.000	73	0	0	1	73	1	73	5.57e-53	154
1_62	6_54	100.000	201	0	0	1	201	1	201	2.34e-148	405
1_62	6_297	38.509	161	94	3	3	162	4	160	6.56e-28	99.4
1_63	6_481	99.631	271	1	0	1	271	1	271	0.0	550
1_64	6_266	99.387	163	1	0	1	163	1	163	2.97e-118	326
1_65	6_57	100.000	110	0	0	1	110	1	110	2.11e-78	221
1_66	6_60	100.000	220	0	0	1	220	1	220	9.89e-158	430
1_67	6_62	100.000	144	0	0	1	144	1	144	6.35e-107	296
1_68	6_397	99.317	293	2	0	1	293	1	293	0.0	576
1_69	6_65	100.000	118	0	0	1	118	1	118	4.15e-79	223
1_70	6_66	100.000	97	0	0	1	97	1	97	2.02e-67	192
1_71	6_403	99.604	505	2	0	1	505	1	505	0.0	1026
1_72	6_67	100.000	508	0	0	1	508	1	508	0.0	1011
1_72	6_303	30.273	512	328	14	12	505	11	511	8.86e-54	184
1_72	6_171	35.349	215	114	6	26	231	25	223	1.22e-23	94.4
1_72	6_171	32.051	78	53	0	407	484	136	213	7.30e-07	45.1
1_72	6_461	32.673	202	122	5	12	211	6	195	9.45e-16	74.7
1_72	6_191	29.630	216	130	6	8	217	2	201	1.76e-13	67.4
1_72	6_191	24.229	227	142	7	261	482	2	203	0.001	36.2
1_72	6_31	29.464	224	131	5	22	224	22	239	2.53e-13	65.1
1_72	6_31	21.127	213	161	4	277	484	26	236	2.49e-04	37.4
1_72	6_462	29.524	210	134	5	12	221	10	205	4.48e-13	65.9
1_72	6_462	28.326	233	135	9	261	487	2	208	2.01e-09	54.3
1_72	6_246	32.143	196	124	6	31	223	28	217	1.02e-11	60.1
1_72	6_248	26.271	236	145	9	8	221	2	230	6.09e-10	55.8
1_72	6_248	32.432	74	47	2	149	222	453	523	3.20e-04	37.4
1_72	6_55	25.405	185	119	6	26	201	83	257	9.90e-09	51.2
1_72	6_55	23.636	220	146	8	272	487	78	279	1.78e-05	41.2
1_72	6_203	28.444	225	127	11	23	224	145	358	1.82e-08	50.8
1_72	6_203	25.106	235	140	8	278	493	147	364	1.22e-05	42.0
1_72	6_300	31.694	183	103	8	26	201	355	522	2.37e-08	50.8
1_72	6_497	30.476	105	70	1	7	111	38	139	3.59e-08	50.4
1_72	6_497	25.974	77	56	1	407	482	508	584	4.75e-04	37.0
1_72	6_490	28.788	132	85	4	356	484	146	271	1.05e-07	48.5
1_72	6_224	30.488	82	54	2	407	486	232	312	3.95e-07	46.6
1_72	6_224	28.333	60	43	0	8	67	11	70	4.30e-04	37.0
1_72	6_268	23.148	216	153	7	14	220	20	231	1.92e-06	43.9
1_72	6_268	24.180	244	146	10	277	503	30	251	2.60e-04	37.4
1_72	6_358	25.532	94	63	2	398	487	609	699	5.56e-06	43.5
1_72	6_391	25.954	131	94	2	357	484	229	359	1.25e-05	42.0
1_72	6_391	33.333	45	30	0	24	68	64	108	6.57e-04	36.6
1_72	6_474	26.136	176	110	6	36	205	363	524	1.28e-05	42.0
1_72	6_456	25.000	184	124	4	27	208	346	517	3.54e-04	37.4
1_72	6_52	25.000	236	148	10	273	493	28	249	3.80e-04	37.0
1_72	6_516	43.182	44	25	0	26	69	343	386	6.53e-04	36.6
1_73	6_68	100.000	303	0	0	1	303	1	303	0.0	577
1_73	6_252	31.050	219	119	5	18	216	79	285	1.65e-11	59.3
1_74	6_69	100.000	184	0	0	1	184	1	184	6.14e-138	377
1_75	6_70	100.000	89	0	0	1	89	1	89	2.36e-60	174
1_76	6_71	100.000	165	0	0	1	165	1	165	6.39e-118	325
1_77	6_493	99.787	1411	3	0	1	1411	1	1411	0.0	2882
1_78	6_72	100.000	139	0	0	1	139	1	139	1.64e-99	276
1_79	6_73	100.000	534	0	0	1	534	1	534	0.0	1088
1_80	6_74	100.000	214	0	0	1	214	1	214	2.72e-154	421
1_81	6_76	100.000	120	0	0	1	120	1	120	5.77e-85	238
1_82	6_77	100.000	227	0	0	1	227	1	227	1.94e-169	461
1_83	6_313	99.688	321	1	0	1	321	1	321	0.0	641
1_83	6_27	42.857	56	28	1	8	63	15	66	1.39e-07	47.4
1_84	6_78	100.000	109	0	0	1	109	1	109	1.15e-79	224
1_85	6_79	100.000	155	0	0	1	155	1	155	8.13e-113	311
1_86	6_80	100.000	64	0	0	1	64	1	64	6.82e-43	127
1_87	6_81	100.000	116	0	0	1	116	1	116	4.08e-83	233
1_88	6_82	100.000	478	0	0	1	478	1	478	0.0	968
1_89	6_85	100.000	356	0	0	1	356	1	356	0.0	721
1_90	6_314	98.990	99	1	0	1	99	1	99	3.07e-68	194
1_91	6_86	100.000	84	0	0	1	84	1	84	2.19e-57	166
1_92	6_513	99.296	284	2	0	1	284	1	284	0.0	570
1_92	6_415	37.143	105	61	3	37	141	22	121	4.09e-14	65.5
1_93	6_431	99.729	369	1	0	1	369	1	369	0.0	742
1_94	6_87	100.000	489	0	0	1	489	1	489	0.0	965
1_95	6_430	99.683	315	1	0	1	315	1	315	0.0	625
1_95	6_367	21.908	283	199	6	36	309	31	300	1.05e-12	62.0
1_96	6_88	100.000	242	0	0	1	242	1	242	9.07e-176	478
1_96	6_380	26.772	127	68	4	81	203	46	151	2.84e-04	35.4
1_97	6_92	100.000	216	0	0	1	216	1	216	1.05e-156	427
1_97	6_290	25.654	191	131	5	28	214	18	201	4.85e-10	52.0
1_98	6_93	100.000	193	0	0	1	193	1	193	2.86e-139	381
1_99	6_94	100.000	131	0	0	1	131	1	131	2.98e-94	263
1_100	6_95	100.000	150	0	0	1	150	1	150	1.61e-109	303
1_101	6_408	99.853	679	1	0	2	680	1	679	0.0	1343
1_101	6_474	28.070	285	183	6	358	634	225	495	9.82e-15	71.6
1_101	6_456	28.086	324	194	14	355	660	208	510	6.90e-11	59.3
1_101	6_462	31.285	179	100	8	500	670	32	195	5.43e-10	56.6
1_101	6_300	31.138	167	94	7	502	660	369	522	6.81e-10	56.2
1_101	6_171	29.630	189	109	7	501	679	38	212	6.93e-10	54.7
1_101	6_516	28.571	189	106	7	463	638	317	489	2.31e-09	54.7
1_101	6_55	29.167	168	103	8	502	660	97	257	4.03e-08	50.1
1_101	6_461	24.479	192	131	5	491	678	23	204	2.30e-07	48.5
1_101	6_246	25.359	209	123	8	464	661	11	197	3.62e-07	46.6
1_101	6_490	27.706	231	100	13	466	637	4	226	2.29e-05	41.6
1_101	6_303	22.353	170	119	4	500	660	37	202	4.92e-05	40.8
1_101	6_191	24.510	204	131	6	469	670	13	195	1.18e-04	39.7
1_101	6_268	28.814	177	108	5	498	660	40	212	3.47e-04	37.4
1_101	6_248	25.126	199	105	10	500	667	32	217	5.96e-04	37.4
1_102	6_96	100.000	398	0	0	1	398	1	398	0.0	811
1_103	6_98	100.000	332	0	0	1	332	1	332	0.0	667
1_104	6_99	100.000	134	0	0	1	134	1	134	3.31e-97	270
1_105	6_100	100.000	137	0	0	1	137	1	137	1.88e-97	271
1_106	6_101	100.000	37	0	0	1	37	1	37	1.09e-20	70.1
1_107	6_102	100.000	75	0	0	1	75	1	75	3.29e-53	154
1_108	6_383	99.600	250	1	0	1	250	1	250	0.0	509
1_108	6_460	27.451	204	135	5	3	203	121	314	2.27e-15	69.3
1_109	6_384	99.789	473	1	0	1	473	1	473	0.0	926
1_110	6_103	100.000	147	0	0	1	147	1	147	7.21e-107	296
1_111	6_104	100.000	179	0	0	1	179	1	179	4.16e-130	357
1_112	6_105	100.000	131	0	0	1	131	1	131	2.21e-94	263
1_113	6_106	100.000	61	0	0	1	61	1	61	5.57e-42	125
1_114	6_107	100.000	181	0	0	1	181	1	181	5.18e-135	370
1_115	6_108	100.000	122	0	0	1	122	1	122	1.03e-84	238
1_116	6_109	100.000	121	0	0	1	121	1	121	1.58e-81	229
1_117	6_110	100.000	136	0	0	1	136	1	136	9.09e-100	277
1_118	6_111	100.000	227	0	0	1	227	1	227	2.13e-167	455
1_119	6_112	100.000	90	0	0	1	90	1	90	1.44e-65	187
1_120	6_113	100.000	282	0	0	1	282	1	282	0.0	566
1_121	6_387	99.387	163	1	0	1	163	1	163	8.74e-116	320
1_122	6_114	100.000	233	0	0	1	233	1	233	4.01e-170	462
1_123	6_115	100.000	106	0	0	1	106	1	106	6.75e-75	212
1_124	6_255	99.559	227	1	0	1	227	1	227	7.76e-167	454
1_125	6_117	100.000	184	0	0	1	184	1	184	1.67e-136	374
1_126	6_389	99.718	709	2	0	1	709	1	709	0.0	1422
1_127	6_390	99.591	489	2	0	1	489	1	489	0.0	981
1_127	6_417	27.500	160	109	3	145	300	110	266	7.38e-12	62.0
1_127	6_417	46.809	47	22	1	439	482	489	535	3.99e-08	50.1
1_127	6_435	23.176	466	288	19	51	483	14	442	1.33e-10	57.8
1_128	6_118	100.000	442	0	0	1	442	1	442	0.0	874
1_128	6_149	35.897	156	83	4	218	368	172	315	3.61e-20	87.0
1_128	6_149	29.032	124	83	4	220	341	6	126	3.79e-06	43.1
1_128	6_382	37.705	61	35	1	218	275	5	65	6.36e-05	38.9
1_129	6_121	100.000	321	0	0	1	321	1	321	0.0	634
1_129	6_378	32.877	219	139	5	106	317	160	377	2.19e-20	85.5
1_130	6_122	100.000	142	0	0	1	142	1	142	5.81e-104	288
1_130	6_488	25.714	105	72	3	3	103	10	112	2.43e-05	37.0
1_131	6_124	100.000	259	0	0	1	259	1	259	0.0	515
1_132	6_125	100.000	504	0	0	1	504	1	504	0.0	979
1_132	6_1	25.901	444	264	16	10	403	51	479	3.70e-21	91.3
1_133	6_126	100.000	91	0	0	1	91	1	91	6.70e-61	175
1_133	6_0	28.571	91	61	3	1	88	3	92	8.81e-07	38.5
1_134	6_127	100.000	98	0	0	1	98	1	98	9.68e-67	191
1_135	6_128	100.000	207	0	0	1	207	1	207	5.32e-147	402
1_136	6_129	100.000	97	0	0	1	97	1	97	7.23e-67	191
1_137	6_451	99.544	439	2	0	1	439	1	439	0.0	872
1_138	6_455	99.774	886	2	0	1	886	1	886	0.0	1800
1_138	6_441	24.212	698	427	16	34	711	18	633	2.72e-47	176
1_138	6_263	22.941	340	205	10	440	753	393	701	1.59e-14	72.0
1_138	6_263	23.563	174	120	3	27	199	8	169	7.01e-09	53.9
1_138	6_424	25.828	151	101	3	50	200	2	141	3.83e-09	54.3
1_138	6_424	34.426	61	35	2	574	634	294	349	4.59e-05	41.2
1_139	6_132	100.000	336	0	0	1	336	1	336	0.0	687
1_140	6_236	99.856	694	1	0	1	694	1	694	0.0	1389
1_141	6_133	100.000	337	0	0	1	337	1	337	0.0	672
1_142	6_134	100.000	240	0	0	1	240	1	240	3.08e-178	484
1_143	6_135	100.000	419	0	0	1	419	1	419	0.0	828
1_143	6_480	35.433	127	57	2	160	261	6	132	1.44e-14	69.3
1_143	6_149	25.112	223	154	7	159	375	173	388	1.94e-04	37.7
1_143	6_504	35.000	60	27	2	159	214	113	164	6.41e-04	35.8
1_144	6_136	100.000	141	0	0	1	141	1	141	1.21e-99	277
1_145	6_137	100.000	242	0	0	1	242	1	242	8.53e-173	470
1_146	6_138	100.000	102	0	0	1	102	1	102	1.56e-71	203
1_147	6_139	100.000	179	0	0	1	179	1	179	3.47e-127	350
1_148	6_140	100.000	187	0	0	1	187	1	187	4.41e-132	363
1_149	6_320	98.758	161	2	0	1	161	1	161	5.57e-117	322
1_150	6_322	99.545	440	2	0	1	440	1	440	0.0	874
1_150	6_447	36.269	193	110	4	101	283	125	314	1.01e-26	104
1_151	6_143	100.000	455	0	0	1	455	1	455	0.0	930
1_152	6_144	100.000	257	0	0	1	257	1	257	0.0	518
1_153	6_145	100.000	276	0	0	1	276	1	276	0.0	564
1_154	6_146	100.000	414	0	0	1	414	1	414	0.0	830
1_155	6_147	100.000	102	0	0	1	102	1	102	4.94e-70	199
1_156	6_148	100.000	376	0	0	1	376	1	376	0.0	775
1_157	6_325	99.559	227	1	0	1	227	1	227	2.55e-169	460
1_158	6_150	100.000	598	0	0	1	598	1	598	0.0	1210
1_158	6_152	36.898	187	106	4	2	183	6	185	1.17e-24	103
1_158	6_152	23.009	226	143	9	165	370	266	480	7.28e-07	46.6
1_158	6_152	22.599	177	118	5	322	480	509	684	3.27e-06	44.3
1_158	6_250	30.093	216	126	7	10	217	117	315	7.16e-17	78.6
1_158	6_49	27.083	288	181	10	8	272	20	301	4.44e-16	75.1
1_158	6_149	28.108	185	98	8	10	176	174	341	6.21e-05	40.0
1_159	6_152	100.000	694	0	0	1	694	1	694	0.0	1425
1_159	6_150	36.898	187	106	4	6	185	2	183	1.36e-24	103
1_159	6_150	23.009	226	143	9	266	480	165	370	8.45e-07	46.6
1_159	6_150	22.599	177	118	5	509	684	322	480	3.80e-06	44.3
1_159	6_250	37.008	127	62	2	13	139	116	224	9.11e-14	68.9
1_159	6_49	34.091	132	84	3	8	138	16	145	5.13e-13	65.9
1_160	6_153	100.000	141	0	0	1	141	1	141	5.95e-104	288
1_161	6_155	100.000	457	0	0	1	457	1	457	0.0	936
1_161	6_552	24.068	295	196	10	106	396	16	286	7.56e-09	51.6
1_161	6_355	26.351	148	100	5	159	302	335	477	1.30e-04	38.5
1_162	6_156	100.000	427	0	0	1	427	1	427	0.0	847
1_163	6_158	100.000	93	0	0	1	93	1	93	4.77e-68	193
1_164	6_159	100.000	259	0	0	1	259	1	259	0.0	514
1_165	6_160	100.000	144	0	0	1	144	1	144	8.24e-108	298
1_166	6_161	100.000	132	0	0	1	132	1	132	6.75e-95	264
1_167	6_163	100.000	410	0	0	1	410	1	410	0.0	811
1_168	6_265	99.559	227	1	0	1	227	1	227	1.24e-163	446
1_169	6_469	99.563	229	1	0	1	229	1	229	2.76e-168	458
1_169	6_545	29.932	147	96	3	82	226	110	251	6.32e-09	49.3
1_170	6_164	100.000	181	0	0	1	181	1	181	1.19e-134	369
1_171	6_165	100.000	46	0	0	1	46	1	46	2.31e-29	92.4
1_172	6_166	100.000	195	0	0	1	195	1	195	2.43e-144	394
1_173	6_472	99.598	249	1	0	1	249	1	249	0.0	498
1_174	6_169	100.000	457	0	0	1	457	1	457	0.0	937
1_175	6_370	99.502	201	1	0	1	201	1	201	3.82e-149	407
1_176	6_170	100.000	316	0	0	1	316	1	316	0.0	625
1_177	6_171	100.000	238	0	0	1	238	1	238	3.23e-176	479
1_177	6_67	35.349	215	114	6	25	223	26	231	5.72e-24	94.4
1_177	6_67	32.051	78	53	0	136	213	407	484	3.42e-07	45.1
1_177	6_31	40.000	85	51	0	133	217	156	240	7.35e-17	72.8
1_177	6_203	28.444	225	136	8	22	223	143	365	9.44e-17	73.6
1_177	6_246	27.805	205	136	6	22	218	20	220	2.10e-15	68.6
1_177	6_303	25.676	222	145	6	5	212	6	221	4.53e-14	65.5
1_177	6_303	25.446	224	142	7	22	225	283	501	3.21e-09	51.2
1_177	6_391	32.353	102	68	1	133	233	278	379	1.95e-12	60.5
1_177	6_391	31.915	47	32	0	22	68	63	109	4.36e-04	35.4
1_177	6_490	32.143	140	84	3	90	221	143	279	5.21e-12	59.3
1_177	6_358	30.108	93	64	1	133	224	615	707	5.71e-12	59.7
1_177	6_358	40.426	47	28	0	21	67	23	69	1.79e-07	45.8
1_177	6_497	32.292	96	63	2	127	221	500	594	1.73e-11	58.2
1_177	6_497	30.556	72	46	3	21	89	53	123	3.26e-04	35.8
1_177	6_462	29.596	223	136	8	8	221	4	214	2.06e-11	57.8
1_177	6_408	29.630	189	109	7	38	212	500	678	1.77e-10	55.1
1_177	6_224	31.313	99	67	1	136	233	232	330	1.81e-10	54.7
1_177	6_52	24.783	230	150	7	22	230	30	257	2.71e-10	53.9
1_177	6_55	23.913	230	153	7	1	220	66	283	7.00e-10	52.8
1_177	6_300	31.522	184	108	8	24	198	354	528	1.94e-09	51.6
1_177	6_516	28.125	192	104	6	22	197	340	513	2.92e-09	51.2
1_177	6_191	27.000	200	123	7	22	211	17	203	9.03e-09	50.1
1_177	6_461	27.174	184	109	7	24	196	19	188	6.57e-07	44.3
1_177	6_248	21.397	229	162	8	5	226	319	536	6.83e-07	43.9
1_177	6_248	22.363	237	149	6	5	213	1	230	1.08e-05	40.4
1_177	6_474	27.273	209	130	9	8	205	336	533	8.49e-07	43.9
1_177	6_268	26.582	79	57	1	135	212	153	231	3.07e-06	41.6
1_177	6_456	25.414	181	122	5	22	197	342	514	4.34e-06	41.6
1_178	6_172	100.000	578	0	0	1	578	1	578	0.0	1161
1_179	6_173	100.000	127	0	0	1	127	1	127	2.14e-88	248
1_180	6_174	100.000	285	0	0	1	285	1	285	0.0	552
1_180	6_175	42.748	262	132	5	26	281	1	250	4.89e-54	171
1_180	6_181	42.786	201	111	2	84	280	43	243	6.46e-48	155
1_181	6_176	100.000	411	0	0	1	411	1	411	0.0	820
1_182	6_177	100.000	202	0	0	1	202	1	202	1.50e-145	398
1_183	6_178	100.000	487	0	0	1	487	1	487	0.0	968
1_184	6_179	100.000	457	0	0	1	457	1	457	0.0	926
1_184	6_319	37.168	452	279	4	2	450	7	456	4.08e-104	313
1_184	6_318	24.291	247	181	5	15	260	37	278	7.08e-08	48.9
1_184	6_365	22.819	298	203	11	119	402	116	400	3.64e-06	43.5
1_185	6_181	100.000	245	0	0	1	245	1	245	0.0	491
1_185	6_175	38.976	254	139	5	1	243	1	249	3.64e-48	155
1_185	6_174	42.786	201	111	2	43	243	84	280	5.55e-48	155
1_186	6_175	98.479	263	4	0	1	263	1	263	0.0	509
1_186	6_174	43.077	260	134	4	1	250	26	281	1.99e-54	172
1_186	6_181	39.062	256	136	6	1	249	1	243	2.07e-47	153
1_187	6_182	100.000	77	0	0	1	77	1	77	1.95e-49	145
1_188	6_183	100.000	90	0	0	1	90	1	90	1.25e-61	177
1_189	6_184	100.000	156	0	0	1	156	1	156	1.34e-117	323
1_190	6_185	100.000	126	0	0	1	126	1	126	2.42e-88	247
1_191	6_186	100.000	174	0	0	1	174	1	174	6.38e-126	346
1_192	6_187	100.000	305	0	0	1	305	1	305	0.0	619
1_192	6_355	24.128	344	194	13	4	298	157	482	1.80e-04	37.4
1_192	6_552	25.949	158	98	6	150	298	56	203	3.93e-04	35.8
1_193	6_333	98.592	142	2	0	1	142	1	142	1.82e-97	271
1_194	6_190	100.000	87	0	0	1	87	1	87	2.04e-61	176
1_195	6_486	99.618	524	2	0	1	524	1	524	0.0	1011
1_195	6_336	24.301	465	302	18	4	429	9	462	2.04e-13	67.0
1_196	6_500	99.688	321	1	0	1	321	1	321	0.0	640
1_196	6_526	22.892	249	168	11	57	298	29	260	2.33e-05	39.7
1_197	6_192	100.000	326	0	0	1	326	1	326	0.0	649
1_198	6_194	100.000	93	0	0	1	93	1	93	6.71e-61	175
1_199	6_196	100.000	64	0	0	1	64	1	64	8.29e-41	122
1_200	6_197	100.000	136	0	0	1	136	1	136	5.59e-92	257
1_201	6_254	99.425	174	1	0	1	174	1	174	7.22e-130	356
1_202	6_198	100.000	146	0	0	1	146	1	146	2.58e-102	284
1_203	6_199	100.000	127	0	0	1	127	1	127	1.90e-87	245
1_204	6_201	100.000	143	0	0	1	143	1	143	1.83e-100	279
1_205	6_203	100.000	469	0	0	1	469	1	469	0.0	967
1_205	6_52	40.240	333	193	3	116	447	5	332	1.87e-74	233
1_205	6_358	44.737	114	63	0	273	386	614	727	2.52e-30	119
1_205	6_358	31.579	95	60	2	153	247	34	123	2.65e-07	47.4
1_205	6_391	45.082	122	66	1	269	389	273	394	1.51e-28	112
1_205	6_391	36.111	108	52	4	139	239	59	156	4.11e-12	62.4
1_205	6_246	26.800	250	159	8	122	370	3	229	1.78e-18	80.1
1_205	6_171	28.444	225	136	8	143	365	22	223	3.13e-16	72.8
1_205	6_224	32.520	123	71	3	247	357	190	312	7.29e-15	70.9
1_205	6_497	32.432	111	74	1	274	384	505	614	7.34e-15	71.6
1_205	6_55	30.645	186	110	6	153	336	90	258	5.50e-14	67.0
1_205	6_31	27.350	234	147	5	146	367	26	248	6.93e-14	66.6
1_205	6_490	23.448	145	108	2	244	388	162	303	2.03e-11	59.7
1_205	6_303	25.424	236	134	10	143	363	22	230	1.74e-09	54.3
1_205	6_303	25.194	258	149	8	115	355	259	489	5.43e-08	49.3
1_205	6_268	26.033	242	156	9	122	354	4	231	3.28e-09	52.0
1_205	6_462	25.688	218	138	7	142	359	16	209	5.57e-09	52.8
1_205	6_67	28.444	225	127	11	145	358	23	224	2.36e-08	50.4
1_205	6_67	24.483	290	175	11	99	364	224	493	1.26e-05	42.0
1_205	6_191	25.561	223	120	8	141	356	15	198	4.41e-08	50.1
1_205	6_461	25.592	211	123	8	142	347	16	197	4.69e-06	43.5
1_205	6_248	23.913	184	111	6	142	308	16	187	1.07e-04	38.9
1_205	6_222	29.897	97	57	4	277	364	834	928	1.88e-04	38.1
1_206	6_204	100.000	151	0	0	1	151	1	151	1.08e-108	301
1_206	6_488	32.500	120	78	2	15	132	22	140	1.01e-10	51.6
1_207	6_205	100.000	113	0	0	1	113	1	113	7.07e-82	230
1_208	6_206	100.000	96	0	0	1	96	1	96	1.57e-68	195
1_209	6_207	100.000	1065	0	0	1	1065	1	1065	0.0	2137
1_209	6_324	26.625	323	183	13	623	907	917	1223	5.09e-14	71.2
1_209	6_324	37.383	107	59	3	297	397	281	385	4.54e-10	58.2
1_210	6_404	99.649	285	1	0	1	285	1	285	0.0	555
1_211	6_208	100.000	190	0	0	1	190	1	190	3.91e-143	391
1_212	6_209	100.000	331	0	0	1	331	1	331	0.0	660
1_213	6_210	100.000	203	0	0	1	203	1	203	7.01e-147	401
1_214	6_211	100.000	149	0	0	1	149	1	149	1.73e-111	308
1_215	6_443	99.107	112	1	0	1	112	1	112	3.30e-77	218
1_216	6_213	100.000	267	0	0	1	267	1	267	0.0	541
1_216	6_20	26.502	283	175	9	3	260	19	293	4.86e-16	70.9
1_216	6_478	32.895	228	137	8	1	219	1	221	3.43e-15	69.3
1_216	6_306	23.897	272	196	8	4	265	2	272	8.56e-12	58.5
1_216	6_180	22.968	283	187	11	2	263	5	277	1.52e-08	48.9
1_216	6_409	32.203	59	40	0	183	241	188	246	1.09e-04	37.4
1_217	6_214	100.000	90	0	0	1	90	1	90	1.89e-57	166
1_218	6_215	100.000	221	0	0	1	221	1	221	2.68e-164	447
1_219	6_432	99.543	219	1	0	1	219	1	219	2.42e-159	434
1_220	6_216	100.000	70	0	0	1	70	1	70	3.05e-44	131
1_221	6_332	99.855	692	1	0	1	692	1	692	0.0	1370
1_222	6_217	100.000	95	0	0	1	95	1	95	2.40e-67	192
1_223	6_555	98.718	78	1	0	1	78	13	90	1.13e-51	151
1_224	6_218	100.000	699	0	0	1	699	1	699	0.0	1417
1_224	6_495	26.393	754	439	25	16	692	6	720	1.78e-45	168
1_225	6_219	100.000	181	0	0	1	181	1	181	8.01e-131	359
1_226	6_287	98.148	54	1	0	3	56	1	54	4.67e-33	103
1_227	6_221	100.000	232	0	0	1	232	1	232	5.74e-171	465
1_228	6_463	98.291	117	2	0	1	117	1	117	1.20e-74	226
1_228	6_302	45.263	95	45	3	16	103	1	95	4.61e-19	71.2
1_228	6_522	75.000	24	6	0	90	113	12	35	6.94e-07	41.6
1_229	6_222	100.000	947	0	0	1	947	1	947	0.0	1932
1_229	6_246	29.801	151	85	7	783	928	90	224	3.71e-07	47.4
1_229	6_461	39.130	92	47	4	820	908	115	200	6.70e-07	47.4
1_229	6_461	28.571	147	88	6	416	562	64	193	1.56e-04	39.7
1_229	6_31	32.051	78	50	1	820	897	145	219	1.34e-06	45.8
1_229	6_31	30.000	80	54	1	479	558	145	222	5.87e-06	43.5
1_229	6_191	36.585	82	43	4	834	912	129	204	1.76e-05	42.7
1_229	6_391	25.168	298	194	12	628	907	63	349	1.17e-04	40.0
1_229	6_462	36.905	84	44	4	826	906	121	198	1.81e-04	39.7
1_229	6_358	33.333	102	63	3	476	574	601	700	1.91e-04	39.7
1_229	6_224	38.667	75	43	2	485	558	224	296	2.29e-04	38.9
1_229	6_203	29.897	97	57	4	834	928	277	364	4.09e-04	38.1
1_229	6_52	29.825	114	68	5	833	943	161	265	4.98e-04	37.7
1_229	6_303	24.737	190	120	8	481	655	129	310	5.03e-04	38.1
1_230	6_328	99.147	821	7	0	1	821	1	821	0.0	1651
1_230	6_448	22.437	517	375	10	10	510	6	512	2.20e-31	125
1_231	6_223	100.000	242	0	0	1	242	1	242	1.65e-178	484
1_232	6_279	99.689	322	1	0	1	322	1	322	0.0	649
1_233	6_224	100.000	444	0	0	1	444	1	444	0.0	887
1_233	6_490	32.059	340	185	10	8	341	5	304	7.91e-38	136
1_233	6_497	38.624	189	111	4	205	390	481	667	3.86e-35	133
1_233	6_497	47.423	97	51	0	11	107	39	135	7.15e-23	96.3
1_233	6_391	27.041	392	247	11	10	379	43	417	7.46e-24	97.8
1_233	6_358	32.117	137	92	1	199	334	584	720	2.75e-20	88.2
1_233	6_358	40.541	37	22	0	20	56	18	54	6.15e-04	36.6
1_233	6_31	35.616	146	81	5	214	355	140	276	2.40e-17	77.0
1_233	6_31	25.962	104	55	3	24	106	21	123	8.97e-05	38.5
1_233	6_203	32.520	123	71	3	190	312	247	357	5.57e-15	71.2
1_233	6_246	34.545	110	71	1	212	321	118	226	4.48e-13	63.9
1_233	6_246	26.050	119	79	3	22	137	16	128	1.81e-05	40.8
1_233	6_55	36.170	94	54	2	24	111	78	171	6.38e-12	60.8
1_233	6_55	36.585	82	51	1	230	311	197	277	4.72e-10	55.1
1_233	6_303	30.147	136	88	4	202	333	112	244	6.84e-11	58.5
1_233	6_303	28.431	102	68	3	10	106	6	107	3.07e-08	50.1
1_233	6_303	25.287	87	64	1	224	310	404	489	3.91e-05	40.0
1_233	6_171	31.313	99	67	1	232	330	136	233	3.38e-10	54.7
1_233	6_191	32.990	97	63	1	10	106	1	95	6.96e-10	55.5
1_233	6_52	28.030	132	92	1	204	332	131	262	7.98e-10	54.7
1_233	6_268	31.313	99	68	0	211	309	133	231	5.05e-09	51.6
1_233	6_462	39.535	86	46	3	229	312	126	207	7.34e-09	52.4
1_233	6_462	31.915	94	62	1	10	103	1	92	1.11e-08	51.6
1_233	6_461	32.394	142	92	3	211	351	107	245	9.22e-09	52.0
1_233	6_461	32.955	88	57	1	16	103	7	92	1.04e-08	51.6
1_233	6_516	36.232	69	44	0	10	78	324	392	1.61e-07	47.8
1_233	6_516	33.645	107	54	3	193	293	419	514	5.57e-06	42.7
1_233	6_67	30.488	82	54	2	232	312	407	486	3.45e-07	46.6
1_233	6_67	28.333	60	43	0	11	70	8	67	3.75e-04	37.0
1_233	6_300	30.769	78	53	1	1	77	327	404	5.55e-06	42.7
1_233	6_300	35.294	68	41	1	229	296	464	528	4.86e-05	40.0
1_233	6_248	31.765	85	54	1	226	310	150	230	1.61e-05	41.6
1_233	6_248	27.586	58	42	0	10	67	1	58	2.07e-05	41.2
1_233	6_456	32.787	61	41	0	11	71	327	387	3.37e-05	40.4
1_233	6_222	38.667	75	43	2	224	296	485	558	1.15e-04	38.9
1_234	6_225	100.000	446	0	0	1	446	1	446	0.0	892
1_235	6_345	99.883	856	1	0	1	856	1	856	0.0	1718
1_235	6_554	30.952	588	378	12	171	746	1	572	5.37e-73	249
1_235	6_554	25.000	132	88	5	727	854	456	580	3.95e-04	38.1
1_235	6_546	57.143	119	51	0	50	168	6	124	1.20e-44	151
1_236	6_534	100.000	108	0	0	1	108	1	108	3.46e-74	223
1_237	6_351	99.327	297	2	0	1	297	1	297	0.0	596
1_238	6_353	99.519	416	2	0	1	416	1	416	0.0	795
1_239	6_354	99.761	419	1	0	1	419	1	419	0.0	847
1_240	6_275	99.715	351	1	0	1	351	1	351	0.0	684
1_240	6_120	27.358	318	207	7	6	316	61	361	8.58e-23	92.8
1_241	6_228	100.000	184	0	0	1	184	1	184	4.63e-136	372
1_242	6_231	100.000	176	0	0	1	176	1	176	4.11e-131	359
1_242	6_149	40.741	54	29	1	19	69	6	59	1.95e-06	41.6
1_242	6_149	28.415	183	118	5	5	175	157	338	2.86e-06	40.8
1_242	6_382	39.344	61	33	3	19	76	10	69	1.45e-04	35.8
1_243	6_327	98.739	238	3	0	1	238	1	238	2.12e-171	466
1_244	6_281	99.779	452	1	0	1	452	1	452	0.0	883
1_245	6_154	99.398	166	1	0	1	166	1	166	1.36e-116	322
1_246	6_232	100.000	76	0	0	1	76	1	76	2.74e-50	147
1_247	6_149	99.771	437	1	0	1	437	1	437	0.0	875
1_247	6_118	35.897	156	83	4	172	315	218	368	3.67e-20	87.0
1_247	6_118	30.337	89	60	2	6	93	220	307	1.29e-05	41.6
1_247	6_382	29.530	149	90	6	5	143	9	152	2.14e-09	52.8
1_247	6_382	35.593	59	38	0	173	231	9	67	4.08e-06	42.7
1_247	6_231	40.741	54	29	1	6	59	19	69	4.98e-06	41.6
1_247	6_231	28.415	183	118	5	157	338	5	175	7.17e-06	40.8
1_247	6_150	28.108	185	98	8	174	341	10	176	4.54e-05	40.0
1_247	6_504	33.846	65	33	4	5	65	113	171	2.61e-04	37.0
1_248	6_233	100.000	600	0	0	1	600	1	600	0.0	1198
1_249	6_321	99.673	306	1	0	1	306	1	306	0.0	605
1_250	6_235	100.000	120	0	0	1	120	1	120	4.25e-85	238
1_251	6_453	98.799	333	4	0	1	333	1	333	0.0	654
1_252	6_237	100.000	120	0	0	1	120	1	120	7.19e-85	238
1_253	6_4	99.303	287	2	0	1	287	1	287	0.0	573
1_253	6_395	36.220	254	121	7	1	234	1	233	5.59e-34	120
1_254	6_5	98.765	81	1	0	1	81	1	81	4.70e-57	165
1_255	6_212	99.375	160	1	0	1	160	1	160	5.27e-113	312
1_256	6_242	100.000	222	0	0	1	222	1	222	5.80e-163	444
1_257	6_417	99.647	567	2	0	1	567	1	567	0.0	1142
1_257	6_435	28.049	246	157	9	14	247	18	255	1.30e-12	64.3
1_257	6_435	46.154	39	21	0	503	541	409	447	1.39e-05	42.0
1_257	6_390	27.338	139	98	2	110	245	145	283	2.60e-10	57.0
1_257	6_390	46.809	47	22	1	489	535	439	482	6.50e-08	49.7
1_258	6_23	99.886	880	1	0	1	880	1	880	0.0	1779
1_259	6_244	100.000	452	0	0	1	452	1	452	0.0	920
1_260	6_415	99.624	266	1	0	1	266	1	266	0.0	525
1_260	6_513	37.143	105	61	3	22	121	37	141	3.45e-14	65.5
1_261	6_245	100.000	332	0	0	1	332	1	332	0.0	662
1_262	6_246	100.000	272	0	0	1	272	1	272	0.0	542
1_262	6_31	34.188	234	133	6	19	232	22	254	2.72e-34	120
1_262	6_300	35.204	196	109	5	16	205	348	531	2.27e-19	82.0
1_262	6_203	26.800	250	159	8	3	229	122	370	7.29e-19	80.5
1_262	6_52	31.330	233	127	7	19	227	29	252	1.09e-18	79.3
1_262	6_55	28.636	220	132	4	19	225	79	286	1.56e-18	78.2
1_262	6_358	36.275	102	64	1	127	227	607	708	2.37e-15	70.5
1_262	6_358	33.333	75	43	3	23	91	27	100	2.63e-04	36.6
1_262	6_171	27.805	205	136	6	20	220	22	218	2.40e-15	68.6
1_262	6_516	32.057	209	122	8	1	204	324	517	1.25e-14	68.2
1_262	6_474	30.189	212	132	8	2	208	334	534	1.35e-14	67.8
1_262	6_462	31.081	222	129	11	1	215	1	205	3.44e-14	66.6
1_262	6_224	34.545	110	71	1	118	226	212	321	2.74e-13	63.9
1_262	6_224	26.050	119	79	3	16	128	22	137	1.11e-05	40.8
1_262	6_456	32.353	204	117	11	2	200	327	514	3.07e-13	63.9
1_262	6_497	31.776	107	72	1	116	221	486	592	3.24e-13	63.9
1_262	6_497	31.915	94	55	3	16	106	50	137	3.84e-06	42.4
1_262	6_248	27.778	198	108	5	16	185	13	203	1.10e-12	62.0
1_262	6_303	27.273	220	125	10	19	218	21	225	2.24e-12	61.2
1_262	6_303	25.541	231	157	8	1	218	264	492	3.89e-06	42.0
1_262	6_391	32.500	120	77	3	104	219	244	363	2.31e-12	61.2
1_262	6_391	29.167	96	58	3	1	87	43	137	8.17e-04	35.0
1_262	6_67	32.143	196	124	6	28	217	31	223	5.45e-12	60.1
1_262	6_490	28.571	126	85	2	112	236	171	292	4.29e-11	57.0
1_262	6_268	26.848	257	156	9	1	240	9	250	1.74e-08	48.5
1_262	6_461	23.618	199	141	6	16	212	13	202	3.18e-08	48.9
1_262	6_191	27.149	221	125	10	1	208	1	198	7.53e-08	47.8
1_262	6_222	29.801	151	85	7	90	224	783	928	1.16e-07	47.0
1_262	6_408	25.359	209	123	8	11	197	463	660	1.47e-07	46.6
1_263	6_247	100.000	320	0	0	1	320	1	320	0.0	627
1_264	6_316	99.369	317	2	0	1	317	1	317	0.0	640
1_265	6_248	100.000	538	0	0	1	538	1	538	0.0	1101
1_265	6_462	25.641	234	141	6	1	230	1	205	1.53e-12	64.3
1_265	6_462	28.571	210	133	8	319	519	1	202	1.33e-09	55.1
1_265	6_246	27.778	198	108	5	13	203	16	185	2.18e-12	62.0
1_265	6_461	22.993	274	175	5	1	272	1	240	6.39e-11	59.3
1_265	6_461	24.645	211	138	8	319	518	1	201	5.63e-06	43.5
1_265	6_516	28.877	187	109	5	1	187	324	486	7.06e-11	58.9
1_265	6_67	26.271	236	145	9	2	230	8	221	6.45e-10	55.8
1_265	6_67	32.432	74	47	2	453	523	149	222	3.38e-04	37.4
1_265	6_300	23.853	218	133	6	1	213	336	525	6.05e-09	52.8
1_265	6_474	44.898	49	27	0	13	61	346	394	9.34e-08	48.9
1_265	6_303	24.599	187	125	4	1	187	6	176	5.17e-07	46.6
1_265	6_497	35.088	57	37	0	2	58	39	95	6.79e-07	46.2
1_265	6_497	23.810	84	60	1	152	231	504	587	3.31e-05	40.8
1_265	6_31	24.286	210	127	6	20	213	26	219	9.04e-07	45.1
1_265	6_171	21.397	229	162	8	319	536	5	226	1.54e-06	43.9
1_265	6_171	22.363	237	149	6	1	230	5	213	2.45e-05	40.4
1_265	6_191	26.027	219	131	9	319	521	1	204	7.03e-06	43.1
1_265	6_191	20.851	235	133	6	1	219	1	198	8.86e-06	42.7
1_265	6_456	35.185	54	35	0	10	63	335	388	7.98e-06	42.7
1_265	6_224	31.765	85	54	1	150	230	226	310	1.95e-05	41.6
1_265	6_224	27.586	58	42	0	1	58	10	67	2.51e-05	41.2
1_265	6_268	22.511	231	149	6	320	525	10	235	4.48e-05	39.7
1_265	6_268	21.577	241	139	6	14	233	24	235	2.06e-04	37.7
1_265	6_203	23.913	184	111	6	16	187	142	308	1.07e-04	39.3
1_265	6_490	27.174	92	64	1	443	534	188	276	3.30e-04	37.4
1_265	6_408	25.126	199	105	10	32	217	499	666	4.52e-04	37.4
1_265	6_358	28.169	71	47	1	449	515	619	689	7.01e-04	36.6
1_265	6_391	34.783	46	30	0	16	61	62	107	8.20e-04	36.2
1_266	6_391	99.549	443	2	0	1	443	1	443	0.0	887
1_266	6_358	37.349	249	138	4	204	437	530	775	4.74e-43	156
1_266	6_358	39.175	97	55	2	61	156	22	115	8.55e-13	64.7
1_266	6_203	45.082	122	66	1	273	394	269	389	1.41e-28	112
1_266	6_203	35.185	108	53	4	59	156	139	239	1.76e-11	60.1
1_266	6_52	37.500	136	83	1	252	385	131	266	1.88e-23	95.5
1_266	6_52	29.630	135	70	5	32	157	7	125	5.12e-09	52.0
1_266	6_224	26.786	392	248	11	43	417	10	379	4.10e-23	95.9
1_266	6_497	38.298	94	57	1	274	366	501	594	5.60e-17	77.8
1_266	6_497	29.688	128	75	3	38	165	33	145	4.32e-10	56.2
1_266	6_268	34.711	121	77	2	251	371	126	244	5.45e-16	72.4
1_266	6_31	36.719	128	73	3	261	386	139	260	2.14e-15	71.2
1_266	6_490	33.333	90	60	0	282	371	194	283	8.65e-15	70.1
1_266	6_55	42.857	84	47	1	276	359	194	276	1.04e-14	69.3
1_266	6_55	31.481	108	69	2	42	147	59	163	1.43e-06	44.3
1_266	6_171	32.353	102	68	1	278	379	133	233	3.47e-12	60.8
1_266	6_246	32.500	120	77	3	244	363	104	219	4.01e-12	60.8
1_266	6_303	36.634	101	54	3	264	360	129	223	7.57e-11	58.2
1_266	6_303	35.443	79	50	1	281	359	412	489	3.37e-07	46.6
1_266	6_303	41.071	56	29	1	43	98	6	57	5.56e-06	42.7
1_266	6_462	35.556	90	52	3	281	367	129	215	1.66e-08	51.2
1_266	6_461	25.191	131	91	3	223	351	72	197	8.30e-08	48.9
1_266	6_191	29.600	125	78	5	267	390	115	230	2.04e-07	47.8
1_266	6_67	25.954	131	94	2	229	359	357	484	1.16e-05	42.0
1_266	6_300	38.983	59	33	1	281	339	467	522	4.64e-05	40.0
1_266	6_516	29.412	85	53	2	30	111	308	388	1.49e-04	38.5
1_266	6_474	27.132	129	76	4	23	138	302	425	4.30e-04	37.0
1_266	6_222	26.984	189	115	7	240	424	450	619	6.02e-04	36.6
1_267	6_249	100.000	254	0	0	1	254	1	254	0.0	523
1_268	6_250	100.000	599	0	0	1	599	1	599	0.0	1221
1_268	6_150	30.093	216	126	7	117	315	10	217	6.07e-17	78.6
1_268	6_152	37.008	127	62	2	116	224	13	139	8.00e-14	68.9
1_268	6_49	32.099	162	90	3	116	257	21	182	2.48e-13	66.6
1_269	6_64	99.838	617	1	0	1	617	1	617	0.0	1241
1_270	6_401	99.694	327	1	0	1	327	1	327	0.0	659
1_271	6_402	99.593	246	1	0	1	246	1	246	7.59e-179	486
1_272	6_406	99.758	826	2	0	1	826	1	826	0.0	1674
1_272	6_289	28.413	630	325	21	29	613	34	582	5.32e-49	177
1_273	6_253	100.000	161	0	0	1	161	1	161	3.50e-114	315
1_273	6_243	26.623	154	99	6	7	151	1054	1202	1.46e-04	35.8
1_274	6_83	99.620	263	1	0	1	263	1	263	0.0	503
1_274	6_342	27.350	117	73	3	48	152	110	226	1.46e-06	42.7
1_274	6_342	30.894	123	73	4	35	145	121	243	2.66e-05	38.9
1_275	6_428	99.786	467	1	0	1	467	1	467	0.0	952
1_276	6_116	99.512	205	1	0	1	205	1	205	4.07e-150	410
1_277	6_256	100.000	214	0	0	1	214	1	214	1.58e-157	429
1_278	6_257	100.000	107	0	0	1	107	1	107	2.31e-72	205
1_279	6_385	98.456	259	4	0	1	259	1	259	0.0	514
1_280	6_258	100.000	212	0	0	1	212	1	212	9.37e-157	427
1_281	6_259	100.000	120	0	0	1	120	1	120	5.19e-88	246
1_282	6_260	100.000	236	0	0	1	236	1	236	1.76e-172	469
1_282	6_376	33.088	136	64	8	4	113	16	150	6.97e-06	40.8
1_283	6_261	100.000	381	0	0	1	381	1	381	0.0	754
1_284	6_97	99.582	239	1	0	1	239	1	239	3.38e-175	476
1_285	6_264	100.000	665	0	0	1	665	1	665	0.0	1345
1_285	6_239	22.941	340	195	13	321	637	1	296	4.38e-09	53.1
1_285	6_446	28.452	239	134	10	325	557	9	216	1.32e-08	51.6
1_286	6_55	99.674	307	1	0	1	307	1	307	0.0	615
1_286	6_191	32.735	223	133	7	60	279	1	209	1.18e-24	99.0
1_286	6_462	30.732	205	122	6	79	277	16	206	3.37e-20	85.5
1_286	6_461	29.442	197	127	5	79	273	16	202	2.51e-19	82.8
1_286	6_246	28.636	220	132	4	79	286	19	225	1.97e-18	78.2
1_286	6_52	28.972	214	133	6	58	258	14	221	1.25e-15	70.9
1_286	6_391	42.857	84	47	1	194	276	276	359	6.04e-15	69.3
1_286	6_391	32.407	108	68	2	59	163	42	147	2.15e-07	46.2
1_286	6_203	31.282	195	113	8	81	258	146	336	1.84e-14	68.2
1_286	6_303	25.108	231	157	8	60	282	6	228	3.39e-14	67.4
1_286	6_303	30.263	76	53	0	199	274	412	487	9.96e-05	38.1
1_286	6_490	24.779	226	119	3	84	258	27	252	1.08e-13	65.5
1_286	6_358	31.000	100	68	1	188	286	607	706	1.21e-13	65.9
1_286	6_268	25.472	212	146	4	56	258	5	213	4.44e-13	62.8
1_286	6_31	27.885	208	112	7	78	258	21	217	3.75e-12	60.5
1_286	6_224	36.170	94	54	2	78	171	24	111	4.96e-12	60.5
1_286	6_224	36.585	82	51	1	197	277	230	311	3.77e-10	54.7
1_286	6_497	34.146	82	53	1	194	274	503	584	8.44e-10	53.9
1_286	6_497	31.707	82	46	2	84	163	58	131	6.98e-08	48.1
1_286	6_171	24.272	206	141	6	83	283	25	220	2.19e-09	51.6
1_286	6_67	25.405	185	119	6	83	257	26	201	6.37e-09	51.2
1_286	6_67	23.387	248	159	10	59	279	244	487	8.38e-06	41.6
1_286	6_474	31.527	203	114	11	79	271	349	536	1.36e-08	50.1
1_286	6_408	29.167	168	103	8	97	257	501	659	1.74e-08	50.1
1_286	6_300	25.510	196	125	7	79	267	351	532	6.91e-08	48.1
1_286	6_456	29.570	186	108	8	79	257	341	510	8.77e-08	47.8
1_286	6_516	25.683	183	122	4	79	258	339	510	8.99e-08	47.8
1_287	6_296	99.737	380	1	0	1	380	1	380	0.0	773
1_288	6_267	100.000	260	0	0	1	260	1	260	0.0	521
1_289	6_485	99.598	249	1	0	1	249	1	249	5.85e-178	484
1_290	6_268	100.000	256	0	0	1	256	1	256	0.0	509
1_290	6_391	34.711	121	77	2	126	244	251	371	2.22e-16	72.8
1_290	6_55	27.358	212	142	4	5	213	56	258	7.86e-16	70.5
1_290	6_490	25.714	280	163	5	8	244	6	283	2.60e-15	69.3
1_290	6_358	30.508	118	73	2	134	250	597	706	3.39e-14	66.6
1_290	6_461	27.136	199	126	4	28	225	18	198	2.81e-13	63.9
1_290	6_303	24.138	232	162	10	27	252	22	245	3.11e-12	60.5
1_290	6_303	22.566	226	163	6	12	230	267	487	4.39e-09	50.8
1_290	6_203	25.203	246	153	8	4	231	122	354	1.91e-11	58.2
1_290	6_246	27.237	257	155	9	9	250	1	240	6.78e-11	55.8
1_290	6_31	25.806	217	145	9	27	231	23	235	8.61e-11	55.5
1_290	6_462	25.664	226	139	7	24	245	14	214	1.50e-10	55.5
1_290	6_497	33.766	77	51	0	154	230	508	584	2.66e-09	52.0
1_290	6_497	29.885	87	55	2	27	112	54	135	1.80e-04	37.0
1_290	6_224	31.313	99	68	0	133	231	211	309	2.78e-09	51.6
1_290	6_52	27.801	241	145	11	6	231	13	239	1.22e-08	49.3
1_290	6_191	23.188	207	138	6	23	227	13	200	3.20e-08	48.5
1_290	6_67	24.074	216	151	7	20	231	14	220	4.97e-08	47.8
1_290	6_67	24.180	244	146	10	30	251	277	503	1.77e-05	40.0
1_290	6_300	26.699	206	131	7	9	212	336	523	7.37e-08	47.4
1_290	6_171	22.831	219	137	7	22	231	17	212	2.20e-06	42.0
1_290	6_248	22.271	229	152	6	10	235	320	525	3.01e-06	42.4
1_290	6_248	21.992	241	138	8	24	235	14	233	2.76e-05	39.3
1_290	6_408	28.333	180	105	7	40	212	497	659	3.00e-05	39.3
1_290	6_516	21.053	209	141	7	9	214	324	511	1.98e-04	36.6
1_290	6_474	24.312	218	127	10	8	214	332	522	2.33e-04	36.6
1_290	6_222	28.889	90	53	4	136	218	815	900	3.43e-04	36.2
1_291	6_269	100.000	158	0	0	1	158	1	158	1.01e-115	319
1_292	6_483	98.706	309	4	0	1	309	1	309	0.0	590
1_293	6_488	98.742	159	2	0	1	159	1	159	2.18e-116	321
1_293	6_204	32.500	120	78	2	22	140	15	132	6.88e-11	52.4
1_294	6_497	99.862	725	1	0	1	725	1	725	0.0	1468
1_294	6_224	38.624	189	111	4	481	667	205	390	6.24e-35	133
1_294	6_224	47.423	97	51	0	39	135	11	107	1.14e-22	96.3
1_294	6_490	40.146	137	82	0	481	617	166	302	3.51e-31	120
1_294	6_490	30.088	113	70	2	38	150	7	110	5.39e-11	59.3
1_294	6_358	25.735	136	99	2	481	614	590	725	2.50e-17	80.9
1_294	6_358	28.049	164	100	5	42	204	12	158	2.45e-07	48.5
1_294	6_391	38.298	94	57	1	501	594	274	366	8.84e-17	77.8
1_294	6_391	30.469	128	74	3	33	145	38	165	1.52e-10	58.2
1_294	6_203	32.432	111	74	1	505	614	274	384	1.73e-14	70.9
1_294	6_246	31.776	107	72	1	486	592	116	221	8.97e-13	63.9
1_294	6_246	31.915	94	55	3	50	137	16	106	1.04e-05	42.4
1_294	6_31	25.806	155	88	3	501	655	152	279	2.45e-12	62.8
1_294	6_31	30.952	84	39	3	53	117	22	105	1.19e-05	42.4
1_294	6_462	34.066	91	58	1	498	588	119	207	1.76e-11	61.6
1_294	6_462	33.333	99	58	3	39	134	2	95	6.07e-07	47.0
1_294	6_171	32.292	96	63	2	500	594	127	221	5.08e-11	58.2
1_294	6_171	30.556	72	46	3	53	123	21	89	0.001	35.8
1_294	6_303	34.409	93	54	2	498	587	402	490	2.22e-10	57.8
1_294	6_303	29.213	89	58	2	500	584	133	220	1.23e-07	49.3
1_294	6_303	29.348	92	54	4	48	131	16	104	1.10e-06	46.2
1_294	6_461	31.897	116	70	2	474	589	102	208	1.58e-09	55.5
1_294	6_461	32.673	101	60	2	39	136	2	97	2.57e-07	48.5
1_294	6_55	34.146	82	53	1	503	584	194	274	2.34e-09	53.9
1_294	6_55	31.707	82	46	2	58	131	84	163	2.25e-07	47.8
1_294	6_52	29.358	109	76	1	505	612	159	267	1.01e-08	52.0
1_294	6_52	25.899	139	83	6	30	151	4	139	4.41e-04	37.4
1_294	6_268	33.766	77	51	0	508	584	154	230	1.34e-08	51.2
1_294	6_191	30.357	112	75	2	39	149	2	111	3.11e-08	51.2
1_294	6_191	31.081	74	49	1	508	581	129	200	1.50e-05	42.7
1_294	6_67	30.476	105	70	1	38	139	7	111	5.08e-08	50.4
1_294	6_67	25.974	77	56	1	508	584	407	482	6.66e-04	37.0
1_294	6_516	34.247	73	48	0	36	108	322	394	4.78e-07	47.4
1_294	6_516	29.545	132	77	7	448	572	393	515	5.70e-05	40.4
1_294	6_248	35.088	57	37	0	39	95	2	58	9.07e-07	46.2
1_294	6_248	23.810	84	60	1	504	587	152	231	4.66e-05	40.8
1_294	6_300	27.778	90	61	2	493	581	452	538	1.45e-06	45.8
1_294	6_474	33.333	66	43	1	36	100	331	396	2.61e-05	41.6
1_294	6_456	25.301	83	59	1	36	115	324	406	2.75e-04	38.5
1_295	6_274	100.000	361	0	0	1	361	1	361	0.0	736
1_297	6_352	98.537	205	3	0	1	205	1	205	1.35e-142	391
1_298	6_350	99.671	607	2	0	1	607	1	607	0.0	1217
1_299	6_226	99.351	308	2	0	1	308	1	308	0.0	578
1_300	6_277	100.000	175	0	0	1	175	1	175	7.52e-126	346
1_301	6_342	99.640	278	1	0	1	278	1	278	0.0	539
1_301	6_83	27.350	117	73	3	110	226	48	152	1.69e-06	42.7
1_301	6_83	33.333	93	52	3	121	213	35	117	3.25e-05	38.9
1_302	6_278	100.000	274	0	0	1	274	1	274	0.0	539
1_302	6_42	25.749	167	114	4	73	233	75	237	1.95e-05	39.7
1_303	6_39	99.701	334	1	0	1	334	1	334	0.0	679
1_304	6_337	99.733	374	1	0	1	374	1	374	0.0	774
1_305	6_336	99.618	524	2	0	1	524	1	524	0.0	1016
1_305	6_486	24.573	293	191	10	9	294	4	273	2.25e-13	66.6
1_306	6_280	100.000	88	0	0	1	88	1	88	6.74e-60	172
1_307	6_548	99.153	945	8	0	21	965	1	945	0.0	1854
1_307	6_458	23.270	318	183	13	20	297	22	318	3.12e-08	52.0
1_307	6_334	26.286	175	110	5	24	191	12	174	3.48e-04	38.9
1_308	6_157	99.569	232	1	0	1	232	1	232	3.03e-173	471
1_309	6_151	99.690	323	1	0	1	323	1	323	0.0	657
1_310	6_323	99.711	691	2	0	1	691	1	691	0.0	1388
1_311	6_319	99.575	471	2	0	1	471	1	471	0.0	950
1_311	6_179	37.168	452	279	4	7	456	2	450	1.88e-104	314
1_311	6_318	26.757	370	260	7	44	408	58	421	3.19e-26	105
1_311	6_365	22.712	295	216	6	63	348	49	340	3.41e-08	50.1
1_312	6_141	99.638	276	1	0	1	276	1	276	0.0	542
1_313	6_318	99.803	507	1	0	1	507	1	507	0.0	1012
1_313	6_365	43.385	325	173	6	125	444	105	423	1.17e-74	239
1_313	6_319	27.027	370	259	7	58	421	44	408	1.27e-26	107
1_313	6_179	24.291	247	181	5	37	278	15	260	8.14e-08	48.9
1_314	6_282	100.000	385	0	0	1	385	1	385	0.0	749
1_315	6_283	100.000	402	0	0	1	402	1	402	0.0	799
1_316	6_448	99.851	673	1	0	1	673	1	673	0.0	1348
1_316	6_328	22.179	514	380	10	6	512	10	510	9.20e-32	126
1_317	6_8	99.735	378	1	0	1	378	1	378	0.0	751
1_318	6_442	99.745	783	2	0	1	783	1	783	0.0	1560
1_319	6_11	99.717	353	1	0	1	353	1	353	0.0	696
1_319	6_298	27.129	317	167	15	46	345	64	333	6.42e-07	45.1
1_320	6_441	99.514	823	4	0	1	823	1	823	0.0	1650
1_320	6_455	24.157	741	452	18	18	668	34	754	7.38e-48	177
1_320	6_263	21.557	334	201	9	393	679	398	717	6.48e-14	70.1
1_320	6_263	27.174	184	113	4	6	186	3	168	1.28e-08	52.8
1_320	6_424	23.560	191	114	4	32	222	3	161	4.53e-07	47.4
1_320	6_424	21.053	304	175	13	321	594	128	396	8.77e-04	37.0
1_321	6_439	99.423	520	3	0	1	520	1	520	0.0	1009
1_322	6_462	99.846	650	1	0	1	650	1	650	0.0	1261
1_322	6_461	48.402	438	198	9	1	432	1	416	5.65e-108	338
1_322	6_461	39.344	183	105	1	470	646	590	772	8.17e-31	123
1_322	6_191	39.823	452	246	10	1	438	1	440	2.37e-89	289
1_322	6_191	29.348	184	126	2	467	646	583	766	2.66e-16	77.0
1_322	6_55	30.732	205	122	6	16	206	79	277	2.07e-20	87.0
1_322	6_474	32.558	215	117	9	2	200	334	536	2.68e-15	73.6
1_322	6_300	29.717	212	130	8	1	201	336	539	4.17e-15	72.8
1_322	6_31	28.169	213	128	6	18	205	24	236	3.58e-14	68.2
1_322	6_246	31.081	222	129	11	1	205	1	215	1.89e-13	65.9
1_322	6_303	25.688	218	140	7	15	212	20	235	3.11e-13	66.6
1_322	6_303	27.753	227	134	7	16	215	282	505	8.86e-13	65.5
1_322	6_67	29.524	210	134	5	10	205	12	221	1.58e-12	64.7
1_322	6_67	28.326	233	135	9	2	208	261	487	7.04e-09	52.8
1_322	6_248	25.641	234	141	6	1	205	1	230	1.72e-12	64.7
1_322	6_248	28.571	210	133	8	1	202	319	519	1.80e-09	54.7
1_322	6_516	28.365	208	110	6	1	188	324	512	8.41e-11	58.9
1_322	6_171	29.596	223	136	8	4	214	8	221	9.63e-11	57.0
1_322	6_408	31.285	179	100	8	32	195	499	669	5.66e-10	56.6
1_322	6_497	32.967	91	59	1	119	207	498	588	1.09e-09	55.8
1_322	6_497	33.333	99	58	3	2	95	39	134	5.78e-07	47.0
1_322	6_490	29.333	150	99	3	60	207	129	273	1.85e-09	54.3
1_322	6_490	43.636	55	31	0	2	56	8	62	1.19e-05	42.4
1_322	6_268	26.407	231	131	10	14	214	24	245	5.72e-09	52.0
1_322	6_358	34.940	83	52	1	127	207	616	698	5.82e-09	53.5
1_322	6_203	25.688	218	138	7	16	209	142	359	1.28e-08	52.0
1_322	6_224	31.915	94	62	1	1	92	10	103	1.66e-08	51.6
1_322	6_224	39.535	86	46	3	126	207	229	312	3.24e-08	50.8
1_322	6_456	29.167	216	137	9	2	209	327	534	5.54e-08	50.1
1_322	6_391	32.692	104	64	3	115	215	267	367	5.90e-08	49.7
1_322	6_52	32.941	85	55	1	127	209	160	244	2.63e-05	41.2
1_322	6_222	36.905	84	44	4	121	198	826	906	1.30e-04	39.3
1_323	6_465	99.796	979	2	0	1	979	1	979	0.0	1928
1_324	6_284	100.000	408	0	0	1	408	1	408	0.0	823
1_325	6_263	99.747	790	2	0	1	790	1	790	0.0	1605
1_325	6_455	22.941	340	205	10	393	701	440	753	8.42e-15	72.8
1_325	6_455	23.563	174	120	3	8	169	27	199	6.19e-09	53.9
1_325	6_441	24.103	195	101	6	398	592	393	540	2.17e-12	65.1
1_325	6_441	27.174	184	113	4	3	168	6	186	8.88e-09	53.1
1_325	6_424	34.444	90	58	1	29	118	3	91	4.38e-08	50.8
1_325	6_424	33.000	100	59	3	513	612	264	355	1.56e-07	48.9
1_326	6_470	99.691	324	1	0	1	324	1	324	0.0	642
1_327	6_471	99.366	946	6	0	1	946	1	946	0.0	1854
1_328	6_167	99.592	245	1	0	1	245	1	245	2.49e-176	479
1_329	6_168	99.714	700	2	0	1	700	1	700	0.0	1419
1_330	6_473	98.797	582	7	0	1	582	1	582	0.0	1167
1_331	6_474	98.881	536	6	0	1	536	1	536	0.0	1010
1_331	6_456	32.227	512	321	10	35	536	31	526	1.93e-55	190
1_331	6_300	38.462	221	128	7	320	536	322	538	1.66e-29	116
1_331	6_516	35.437	206	127	5	328	531	319	520	1.76e-23	98.6
1_331	6_462	32.864	213	115	9	334	534	2	198	4.64e-15	72.4
1_331	6_246	30.189	212	132	8	334	534	2	208	6.97e-14	66.6
1_331	6_408	31.016	187	111	5	319	495	455	633	1.61e-13	67.4
1_331	6_461	31.373	204	111	9	346	536	13	200	2.72e-11	60.5
1_331	6_55	31.527	203	114	11	349	536	79	271	4.60e-08	49.3
1_331	6_248	44.898	49	27	0	346	394	13	61	8.76e-08	48.9
1_331	6_191	28.505	214	123	10	334	534	2	198	8.22e-07	46.2
1_331	6_171	25.943	212	129	9	336	533	8	205	2.33e-06	43.5
1_331	6_497	33.333	66	43	1	331	396	36	100	2.42e-05	41.2
1_331	6_67	25.568	176	111	6	363	524	36	205	4.86e-05	40.0
1_331	6_358	36.508	63	34	2	364	424	38	96	7.69e-05	39.7
1_331	6_490	38.000	100	46	5	327	415	1	95	1.39e-04	38.5
1_331	6_391	27.132	129	76	4	302	425	23	138	3.31e-04	37.4
1_331	6_303	26.230	183	118	8	365	534	37	215	7.74e-04	36.2
1_331	6_31	22.527	182	118	4	364	522	37	218	7.81e-04	36.2
1_332	6_541	92.105	38	3	0	424	461	98	135	3.07e-16	70.5
1_333	6_262	99.298	285	2	0	1	285	1	285	0.0	566
1_334	6_380	99.462	186	1	0	1	186	1	186	1.82e-136	374
1_334	6_88	26.772	127	68	4	46	151	81	203	2.33e-04	35.0
1_335	6_382	98.976	293	3	0	1	293	1	293	0.0	580
1_335	6_149	29.530	149	90	6	9	152	5	143	3.13e-09	52.0
1_335	6_149	35.593	59	38	0	9	67	173	231	2.81e-06	42.7
1_335	6_118	37.705	61	35	1	5	65	218	275	3.86e-05	39.3
1_335	6_231	39.344	61	33	3	10	69	19	76	2.41e-04	35.8
1_336	6_200	99.346	153	1	0	1	153	1	153	1.94e-107	298
1_337	6_285	100.000	297	0	0	1	297	1	297	0.0	578
1_338	6_299	99.796	490	1	0	1	490	1	490	0.0	959
1_339	6_289	100.000	594	0	0	1	594	1	594	0.0	1190
1_339	6_406	28.413	630	325	21	34	582	29	613	5.14e-44	162
1_340	6_61	99.512	205	1	0	1	205	1	205	3.25e-153	417
1_341	6_63	99.635	274	1	0	1	274	1	274	0.0	559
1_342	6_396	99.204	377	3	0	1	377	1	377	0.0	755
1_343	6_398	98.679	984	10	2	1	984	1	981	0.0	1950
1_343	6_343	22.222	720	356	26	188	785	789	1426	1.21e-17	82.8
1_344	6_399	99.850	666	1	0	1	666	1	666	0.0	1348
1_345	6_426	97.938	194	4	0	1	194	1	194	6.74e-139	380
1_346	6_291	100.000	256	0	0	1	256	1	256	0.0	510
1_347	6_292	100.000	289	0	0	1	289	1	289	0.0	558
1_348	6_20	99.661	295	1	0	1	295	1	295	0.0	592
1_348	6_180	27.241	290	173	9	21	293	10	278	2.66e-21	86.7
1_348	6_213	26.502	283	175	9	19	293	3	260	4.97e-16	71.2
1_348	6_306	26.894	264	165	9	21	275	5	249	1.08e-13	64.7
1_349	6_315	99.837	615	1	0	1	615	1	615	0.0	1266
1_350	6_420	98.936	188	2	0	1	188	1	188	6.47e-138	377
1_351	6_419	99.769	865	2	0	1	865	1	865	0.0	1714
1_352	6_418	99.766	428	1	0	1	428	1	428	0.0	853
1_353	6_243	99.753	1216	3	0	1	1216	1	1216	0.0	2392
1_354	6_538	98.896	634	7	0	63	696	1	634	0.0	1248
1_355	6_27	98.207	725	10	1	1	722	1	725	0.0	1405
1_355	6_313	42.857	56	28	1	15	66	8	63	2.88e-07	47.4
1_355	6_29	32.381	105	65	3	76	176	37	139	2.12e-05	41.6
1_356	6_414	98.913	184	2	0	1	184	1	184	6.11e-134	367
1_357	6_294	100.000	270	0	0	1	270	1	270	0.0	546
1_358	6_545	99.203	251	2	0	2	252	1	251	0.0	493
1_358	6_469	29.252	147	97	3	111	252	82	226	1.29e-08	48.5
1_359	6_429	99.723	361	1	0	1	361	1	361	0.0	733
1_360	6_436	99.368	475	3	0	1	475	1	475	0.0	917
1_361	6_437	99.043	627	6	0	1	627	1	627	0.0	1236
1_362	6_479	98.925	186	2	0	1	186	1	186	9.60e-139	379
1_363	6_56	99.690	323	1	0	1	323	1	323	0.0	634
1_364	6_489	99.516	620	3	0	1	620	1	620	0.0	1242
1_365	6_499	99.678	931	3	0	1	931	1	931	0.0	1837
1_365	6_334	26.941	219	124	7	9	225	17	201	6.28e-08	50.8
1_365	6_458	22.680	388	252	14	2	352	7	383	1.38e-05	43.1
1_365	6_508	30.864	162	92	7	60	208	55	209	1.92e-05	42.7
1_366	6_33	99.631	271	1	0	1	271	1	271	0.0	534
1_367	6_272	98.347	121	2	0	1	121	1	121	1.25e-78	222
1_368	6_58	99.646	565	2	0	1	565	1	565	0.0	1096
1_369	6_346	98.707	232	3	0	1	232	1	232	2.12e-161	441
1_370	6_507	92.157	51	4	0	1	51	1	51	1.11e-30	96.3
1_371	6_91	99.556	450	2	0	1	450	1	450	0.0	897
1_372	6_298	100.000	344	0	0	1	344	1	344	0.0	681
1_372	6_11	24.308	325	166	12	64	333	46	345	9.01e-06	41.2
1_373	6_400	99.827	579	1	0	1	579	1	579	0.0	1177
1_374	6_421	99.510	408	2	0	1	408	1	408	0.0	822
1_375	6_22	99.731	372	1	0	1	372	1	372	0.0	762
1_376	6_295	99.444	720	4	0	1	720	1	720	0.0	1476
1_377	6_84	98.901	91	1	0	1	91	1	91	3.27e-62	178
1_378	6_90	99.537	216	1	0	1	216	1	216	4.55e-146	400
1_379	6_162	99.310	145	1	0	1	145	1	145	1.16e-101	282
1_380	6_478	99.329	447	3	0	1	447	1	447	0.0	881
1_380	6_213	31.878	229	138	9	1	221	1	219	1.05e-16	74.7
1_380	6_409	27.675	271	161	14	3	254	4	258	8.09e-08	47.8
1_380	6_180	22.305	269	160	7	8	246	12	261	3.06e-06	43.1
1_381	6_293	98.621	145	2	0	1	145	1	145	8.17e-102	283
1_382	6_496	99.379	322	2	0	1	322	1	322	0.0	647
1_383	6_241	99.057	212	2	0	1	212	1	212	4.66e-147	403
1_384	6_440	99.687	639	1	1	1	638	1	639	0.0	1243
1_385	6_10	99.836	609	1	0	1	609	1	609	0.0	1217
1_386	6_449	99.203	251	2	0	1	251	1	251	7.35e-180	489
1_387	6_450	99.813	534	1	0	1	534	1	534	0.0	1058
1_388	6_130	99.570	465	2	0	1	465	1	465	0.0	925
1_389	6_452	99.097	443	4	0	1	443	1	443	0.0	867
1_390	6_454	98.000	150	3	0	1	150	1	150	3.29e-103	287
1_390	6_344	35.065	77	49	1	67	143	26	101	7.19e-08	43.1
1_391	6_131	99.020	204	2	0	1	204	1	204	1.21e-141	388
1_392	6_554	99.171	724	6	0	127	850	1	724	0.0	1415
1_392	6_345	35.562	703	425	12	12	698	56	746	4.26e-130	405
1_392	6_345	25.000	132	88	5	582	706	727	854	3.60e-04	38.5
1_392	6_546	100.000	125	0	0	1	125	1	125	1.83e-86	265
1_393	6_312	99.844	641	1	0	1	641	1	641	0.0	1285
1_393	6_37	44.131	639	334	9	3	626	5	635	6.57e-168	489
1_394	6_324	99.432	1584	9	0	1	1584	1	1584	0.0	3115
1_394	6_207	26.625	323	183	13	917	1223	623	907	1.05e-13	70.9
1_394	6_207	37.383	107	59	3	281	385	297	397	1.16e-05	44.3
1_395	6_234	99.613	517	2	0	1	517	1	517	0.0	1004
1_396	6_326	99.399	999	6	0	1	999	1	999	0.0	2009
1_397	6_329	82.107	503	47	5	1	481	1	482	0.0	763
1_398	6_331	99.079	1086	10	0	1	1086	1	1086	0.0	2120
1_398	6_308	25.160	469	293	15	18	451	14	459	1.50e-08	53.1
1_398	6_335	24.222	450	279	15	23	431	12	440	8.87e-08	50.8
1_398	6_457	22.624	221	146	6	31	226	14	234	1.25e-04	40.4
1_398	6_509	22.394	259	169	8	202	430	197	453	2.12e-04	39.7
1_398	6_487	27.523	218	136	8	62	260	30	244	3.70e-04	38.9
1_399	6_335	95.225	1089	11	4	1	1059	1	1078	0.0	2033
1_399	6_308	26.514	1090	681	33	1	1050	6	1015	1.81e-81	281
1_399	6_457	31.988	322	208	5	4	322	1	314	3.56e-43	165
1_399	6_457	26.174	298	176	8	521	777	726	1020	8.57e-17	80.1
1_399	6_457	35.965	114	69	4	357	468	472	583	1.29e-10	60.1
1_399	6_509	24.774	553	307	20	6	496	4	509	9.55e-15	73.6
1_399	6_487	24.936	393	233	13	26	394	7	361	1.02e-13	70.1
1_399	6_331	25.111	450	275	16	12	440	23	431	4.30e-09	55.1
1_400	6_338	99.346	1376	5	1	1	1376	1	1372	0.0	2680
1_400	6_349	68.032	1392	422	6	1	1376	1	1385	0.0	1841
1_401	6_339	85.752	379	44	2	6	380	10	382	0.0	580
1_401	6_340	55.024	209	91	2	174	379	3	211	7.72e-65	201
1_402	6_220	99.620	263	1	0	19	281	1	263	0.0	525
1_403	6_42	99.301	286	2	0	1	286	1	286	0.0	553
1_403	6_278	25.150	167	115	4	75	237	73	233	5.59e-05	38.1
1_404	6_343	98.781	1477	11	1	1	1477	1	1470	0.0	2953
1_404	6_398	22.531	719	355	27	796	1433	188	785	8.12e-17	80.9
1_405	6_276	99.767	429	1	0	1	429	1	429	0.0	862
1_406	6_344	95.413	109	5	0	1	109	1	109	1.22e-70	201
1_406	6_454	34.375	64	41	1	38	100	79	142	3.10e-07	41.2
1_407	6_348	99.445	1982	11	0	1	1982	1	1982	0.0	3855
1_407	6_549	30.460	870	556	19	45	884	8	858	2.40e-95	326
1_407	6_517	35.516	397	209	11	60	425	37	417	1.14e-54	197
1_409	6_303	100.000	512	0	0	1	512	1	512	0.0	1018
1_409	6_67	30.273	512	328	14	11	511	12	505	8.93e-54	184
1_409	6_191	23.938	259	169	9	6	263	1	232	1.42e-14	70.9
1_409	6_191	23.301	206	140	4	282	487	16	203	1.54e-06	45.1
1_409	6_55	25.108	231	157	8	6	228	60	282	5.50e-14	67.4
1_409	6_55	30.263	76	53	0	412	487	199	274	1.95e-04	37.7
1_409	6_461	25.592	211	143	5	6	215	1	198	8.21e-14	68.6
1_409	6_461	26.020	196	127	5	277	472	11	188	2.97e-10	57.0
1_409	6_171	25.676	222	145	6	6	221	5	212	9.74e-14	65.5
1_409	6_171	25.446	224	142	7	283	501	22	225	6.92e-09	51.2
1_409	6_462	25.688	218	140	7	20	235	15	212	1.40e-13	67.4
1_409	6_462	27.753	227	134	7	282	505	16	215	3.33e-13	66.2
1_409	6_31	24.576	236	141	7	13	223	14	237	3.66e-12	61.6
1_409	6_31	27.928	222	131	9	286	489	26	236	6.15e-12	61.2
1_409	6_246	27.273	220	125	10	21	225	19	218	4.22e-12	61.2
1_409	6_246	25.541	231	157	8	264	492	1	218	7.32e-06	42.0
1_409	6_268	24.464	233	160	7	22	245	27	252	1.52e-11	59.3
1_409	6_268	21.875	224	167	5	267	487	12	230	9.98e-08	47.8
1_409	6_516	30.455	220	112	7	2	206	320	513	3.49e-11	59.7
1_409	6_224	30.147	136	88	4	112	244	202	333	7.89e-11	58.5
1_409	6_224	28.431	102	68	3	6	107	10	106	3.54e-08	50.1
1_409	6_224	25.287	87	64	1	404	489	224	310	4.51e-05	40.0
1_409	6_391	36.634	101	54	3	129	223	264	360	8.59e-11	58.2
1_409	6_391	35.443	79	50	1	412	489	281	359	4.36e-07	46.6
1_409	6_391	41.071	56	29	1	6	57	43	98	3.12e-06	43.9
1_409	6_497	34.409	93	54	2	402	490	498	587	1.51e-10	58.2
1_409	6_497	29.213	89	58	2	133	220	500	584	8.83e-08	49.3
1_409	6_497	29.348	92	54	4	16	104	48	131	8.24e-07	45.8
1_409	6_490	23.420	269	153	9	29	246	30	296	3.71e-10	56.2
1_409	6_490	32.609	92	57	2	399	489	184	271	1.01e-06	45.4
1_409	6_203	25.424	236	134	10	22	230	143	363	1.28e-09	54.7
1_409	6_203	25.296	253	145	8	262	487	118	353	4.98e-08	49.7
1_409	6_358	30.097	103	62	3	129	225	601	699	4.61e-08	50.1
1_409	6_358	27.723	101	72	1	410	509	616	716	1.39e-05	42.0
1_409	6_248	24.599	187	125	4	6	176	1	187	4.92e-07	46.6
1_409	6_52	26.267	217	134	9	32	230	40	248	5.23e-06	43.1
1_409	6_52	33.333	81	53	1	410	489	160	240	6.05e-05	39.7
1_409	6_408	22.353	170	119	4	37	202	499	659	2.86e-05	41.2
1_409	6_474	26.230	183	118	8	37	215	365	534	6.96e-04	36.6
1_409	6_222	27.184	103	72	1	373	472	795	897	7.28e-04	36.6
1_410	6_355	99.673	611	2	0	1	611	1	611	0.0	1224
1_410	6_552	29.483	329	224	5	285	609	15	339	3.19e-45	158
1_410	6_536	30.303	132	90	1	169	300	17	146	7.93e-15	67.0
1_410	6_187	24.277	346	195	13	155	482	2	298	6.13e-08	49.3
1_410	6_155	26.351	148	100	5	335	477	159	302	1.17e-04	39.3
1_411	6_357	99.574	939	4	0	1	939	1	939	0.0	1897
1_412	6_358	99.871	775	1	0	1	775	1	775	0.0	1530
1_412	6_391	37.551	245	135	4	530	771	204	433	1.26e-42	155
1_412	6_391	40.206	97	54	2	22	115	61	156	4.42e-13	66.6
1_412	6_203	45.536	112	61	0	614	725	273	384	5.91e-30	119
1_412	6_203	31.250	96	61	2	33	123	152	247	6.68e-07	47.0
1_412	6_52	37.267	161	81	3	570	722	118	266	1.12e-25	103
1_412	6_224	32.117	137	92	1	584	720	199	334	4.79e-20	88.2
1_412	6_497	26.761	142	97	3	584	725	480	614	2.58e-17	80.9
1_412	6_497	28.049	164	100	5	12	158	42	204	6.88e-07	47.0
1_412	6_31	39.091	110	66	1	599	708	140	248	2.71e-16	75.1
1_412	6_490	37.363	91	57	0	619	709	194	284	3.09e-15	72.8
1_412	6_246	36.275	102	64	1	607	708	127	227	6.87e-15	70.5
1_412	6_246	33.333	75	43	3	27	100	23	91	7.90e-04	36.6
1_412	6_268	30.508	118	73	2	597	706	134	250	1.66e-13	65.9
1_412	6_55	31.000	100	68	1	607	706	188	286	3.10e-13	65.9
1_412	6_171	32.258	93	62	1	615	707	133	224	2.14e-11	59.3
1_412	6_171	40.426	47	28	0	23	69	21	67	6.46e-07	45.8
1_412	6_462	34.940	83	52	1	616	698	127	207	2.39e-09	55.1
1_412	6_303	30.097	103	62	3	601	699	129	225	7.47e-08	50.1
1_412	6_303	27.723	101	72	1	616	716	410	509	2.19e-05	42.0
1_412	6_191	30.476	105	65	2	618	722	129	225	5.10e-07	47.4
1_412	6_300	38.983	59	33	1	618	676	467	522	7.26e-07	47.0
1_412	6_461	27.957	93	65	1	597	689	108	198	7.77e-07	47.0
1_412	6_67	25.532	94	63	2	609	699	398	487	8.78e-06	43.1
1_412	6_474	36.508	63	34	2	38	96	364	424	1.06e-04	39.7
1_412	6_222	33.333	102	63	3	601	700	476	574	1.54e-04	39.7
1_412	6_248	28.169	71	47	1	619	689	449	515	0.001	36.6
1_412	6_516	37.313	67	38	2	612	678	449	511	0.001	36.6
1_413	6_359	99.549	443	2	0	1	443	1	443	0.0	881
1_414	6_360	99.298	1425	10	0	1	1425	1	1425	0.0	2852
1_415	6_361	99.016	305	3	0	1	305	1	305	0.0	606
1_416	6_362	99.567	231	1	0	1	231	1	231	9.74e-161	439
1_417	6_363	99.241	527	4	0	1	527	1	527	0.0	1019
1_418	6_188	98.718	156	2	0	1	156	1	156	2.44e-111	308
1_419	6_364	99.325	741	5	0	1	741	1	741	0.0	1486
1_420	6_365	99.609	511	2	0	1	511	1	511	0.0	1043
1_420	6_318	43.385	325	173	6	105	423	125	444	2.49e-74	239
1_420	6_319	24.201	219	162	3	125	340	131	348	6.87e-08	49.3
1_420	6_179	22.819	298	203	11	116	400	119	402	3.76e-06	43.5
1_421	6_180	99.673	306	1	0	1	306	1	306	0.0	629
1_421	6_20	26.897	290	174	9	10	278	21	293	7.84e-21	85.5
1_421	6_213	22.939	279	185	10	9	277	5	263	2.07e-08	48.9
1_421	6_478	23.019	265	163	8	12	261	8	246	3.79e-06	42.4
1_421	6_306	27.397	73	51	1	7	79	2	72	4.28e-05	38.9
1_421	6_409	32.877	73	43	1	186	258	180	246	1.74e-04	37.0
1_422	6_229	99.541	218	1	0	1	218	1	218	5.88e-161	438
1_423	6_230	99.585	241	1	0	1	241	1	241	5.50e-180	488
1_424	6_366	99.593	246	1	0	1	246	1	246	0.0	497
1_425	6_367	99.013	304	3	0	1	304	1	304	0.0	587
1_425	6_430	22.266	256	179	5	58	300	61	309	1.31e-12	61.6
1_426	6_368	98.865	705	8	0	1	705	1	705	0.0	1370
1_427	6_369	93.519	324	2	4	1	312	1	317	0.0	582
1_427	6_508	35.354	99	52	6	134	230	480	568	3.06e-05	40.0
1_428	6_371	99.635	548	2	0	1	548	1	548	0.0	1120
1_428	6_372	65.180	471	141	6	80	533	189	653	0.0	595
1_428	6_372	78.947	38	8	0	4	41	1	38	4.05e-13	66.2
1_428	6_529	39.588	485	271	7	44	513	137	614	3.14e-106	326
1_428	6_520	38.753	449	221	17	98	512	1	429	9.43e-76	241
1_428	6_558	34.104	346	185	7	199	514	28	360	2.03e-55	185
1_428	6_18	30.496	423	234	11	144	519	131	540	7.25e-44	159
1_428	6_519	30.151	199	109	8	18	195	17	206	7.11e-12	59.7
1_429	6_372	98.939	660	7	0	1	660	1	660	0.0	1321
1_429	6_371	66.026	468	136	6	192	653	83	533	0.0	598
1_429	6_371	42.500	120	41	6	1	104	4	111	6.22e-14	69.3
1_429	6_529	43.091	427	224	5	209	633	205	614	3.92e-105	327
1_429	6_520	40.625	416	205	12	237	632	36	429	3.19e-79	253
1_429	6_558	35.635	362	182	7	300	634	23	360	1.66e-60	201
1_429	6_18	31.670	461	251	12	214	632	95	533	3.18e-52	184
1_429	6_519	39.655	58	33	2	237	293	143	199	1.35e-05	41.2
1_430	6_373	93.587	3571	215	9	1	3565	1	3563	0.0	6593
1_430	6_374	24.715	263	143	12	496	739	346	572	9.81e-06	46.2
1_431	6_374	94.370	3783	173	11	1	3769	1	3757	0.0	6990
1_431	6_373	25.283	265	139	13	346	572	496	739	1.07e-04	42.7
1_432	6_189	99.320	147	1	0	1	147	1	147	5.15e-106	293
1_433	6_376	99.333	300	2	0	1	300	1	300	0.0	602
1_433	6_3	31.955	266	150	14	25	283	23	264	4.03e-23	91.3
1_433	6_260	33.824	136	63	8	16	150	4	113	4.71e-06	41.6
1_434	6_377	98.621	145	2	0	1	145	1	145	7.29e-104	288
1_435	6_297	98.969	194	2	0	1	194	1	194	7.97e-143	390
1_435	6_54	37.888	161	95	3	4	160	3	162	1.82e-27	98.2
1_436	6_239	99.383	324	2	0	1	324	1	324	0.0	662
1_436	6_446	42.049	283	152	6	7	282	7	284	6.85e-57	182
1_436	6_264	22.941	340	195	13	1	296	321	637	3.36e-09	52.4
1_437	6_456	99.439	535	3	0	1	535	1	535	0.0	1035
1_437	6_474	31.641	512	324	9	31	526	35	536	2.96e-55	189
1_437	6_300	31.132	212	136	3	321	526	331	538	3.24e-30	119
1_437	6_516	31.088	386	213	17	155	514	155	513	3.78e-24	100
1_437	6_246	32.353	204	117	11	327	514	2	200	7.83e-13	63.5
1_437	6_461	30.882	204	134	4	327	527	2	201	2.91e-11	60.5
1_437	6_408	32.184	174	95	8	352	510	494	659	1.12e-10	58.5
1_437	6_191	29.167	216	128	8	327	530	2	204	8.93e-09	52.4
1_437	6_462	29.167	216	137	9	327	534	2	209	7.14e-08	49.3
1_437	6_55	29.570	186	108	8	341	510	79	257	1.69e-07	47.4
1_437	6_248	35.185	54	35	0	335	388	10	63	9.43e-06	42.4
1_437	6_171	25.414	181	122	5	342	514	22	197	1.48e-05	41.2
1_437	6_224	32.787	61	41	0	327	387	11	71	5.04e-05	40.0
1_437	6_497	25.301	83	59	1	324	406	36	115	3.23e-04	37.7
1_437	6_67	25.532	188	118	5	346	517	27	208	5.89e-04	36.6
1_438	6_304	100.000	133	0	0	1	133	1	133	3.50e-93	260
1_439	6_457	97.951	1220	20	2	1	1215	1	1220	0.0	2380
1_439	6_335	31.988	322	208	5	1	314	4	322	3.55e-43	166
1_439	6_335	26.573	286	168	7	721	1003	521	767	7.32e-17	80.5
1_439	6_308	32.867	286	182	5	3	285	11	289	1.79e-34	137
1_439	6_308	30.822	292	137	10	738	1017	545	783	4.61e-23	100
1_439	6_308	32.231	121	72	5	477	594	361	474	1.63e-05	43.5
1_439	6_487	25.714	245	153	5	10	249	1	221	1.25e-14	73.2
1_439	6_509	26.556	241	150	8	1	234	1	221	5.03e-11	61.6
1_439	6_509	22.291	646	388	27	506	1103	403	982	3.16e-06	45.8
1_439	6_331	23.077	221	145	5	14	234	31	226	7.00e-05	41.6
1_440	6_458	97.791	1177	13	1	1	1164	1	1177	0.0	2302
1_440	6_334	32.576	264	156	5	7	261	5	255	9.71e-30	122
1_440	6_334	25.570	395	212	17	584	960	445	775	2.32e-09	55.8
1_440	6_412	31.855	248	152	8	10	252	13	248	2.28e-23	101
1_440	6_412	26.459	257	150	12	722	958	496	733	4.14e-04	38.9
1_440	6_508	29.560	159	99	4	6	161	2	150	3.51e-11	62.0
1_440	6_499	22.879	389	252	14	7	384	2	353	7.92e-06	44.3
1_440	6_548	39.474	38	23	0	281	318	240	277	4.27e-04	38.9
1_441	6_459	99.395	496	3	0	1	496	1	496	0.0	966
1_441	6_510	27.750	400	245	15	122	489	188	575	1.83e-22	95.1
1_442	6_461	99.741	772	2	0	1	772	1	772	0.0	1503
1_442	6_462	48.402	438	198	9	1	416	1	432	6.57e-108	338
1_442	6_462	45.736	129	70	0	644	772	518	646	7.19e-23	98.2
1_442	6_191	30.788	812	476	21	1	772	1	766	4.79e-87	286
1_442	6_55	29.442	197	127	5	16	202	79	273	4.48e-19	83.6
1_442	6_67	32.673	202	122	5	6	195	12	211	1.39e-15	74.7
1_442	6_303	25.592	211	143	5	1	198	6	215	1.21e-13	68.6
1_442	6_303	26.020	196	127	5	11	188	277	472	4.33e-10	57.0
1_442	6_31	25.000	208	129	5	17	198	23	229	1.49e-13	66.6
1_442	6_300	26.415	212	137	7	1	201	336	539	7.61e-12	62.8
1_442	6_268	27.451	204	119	8	18	198	28	225	8.66e-12	60.8
1_442	6_474	31.373	204	111	9	13	200	346	536	2.80e-11	60.8
1_442	6_456	30.882	204	134	4	2	201	327	527	3.18e-11	60.8
1_442	6_248	22.993	274	175	5	1	240	1	272	8.41e-11	59.3
1_442	6_248	24.645	211	138	8	1	201	319	518	7.54e-06	43.5
1_442	6_497	31.897	116	70	2	102	208	474	589	1.70e-09	55.5
1_442	6_497	30.233	129	77	3	2	120	39	164	2.72e-07	48.5
1_442	6_490	30.986	142	89	5	59	197	128	263	2.00e-09	54.7
1_442	6_490	52.778	36	17	0	21	56	27	62	5.19e-05	40.4
1_442	6_516	28.351	194	128	6	1	188	324	512	1.48e-08	52.4
1_442	6_224	32.394	142	92	3	107	245	211	351	1.67e-08	52.0
1_442	6_224	32.955	88	57	1	7	92	16	103	1.84e-08	51.6
1_442	6_246	23.618	199	141	6	13	202	16	212	9.44e-08	48.5
1_442	6_391	25.191	131	91	3	72	197	223	351	1.26e-07	48.9
1_442	6_408	24.479	192	131	5	23	204	490	677	2.92e-07	48.1
1_442	6_222	39.130	92	47	4	115	200	820	908	6.31e-07	47.4
1_442	6_222	28.571	147	88	6	64	193	416	562	1.50e-04	39.7
1_442	6_358	27.957	93	65	1	108	198	597	689	6.98e-07	47.0
1_442	6_171	27.174	184	109	7	19	188	24	196	2.11e-06	44.3
1_442	6_203	25.592	211	123	8	16	197	142	347	5.75e-06	43.9
1_442	6_52	30.682	88	57	2	114	197	145	232	1.89e-04	38.9
1_443	6_464	94.919	807	36	3	1	803	1	806	0.0	1514
1_443	6_427	45.281	837	395	16	1	803	1	808	0.0	641
1_443	6_492	35.523	822	431	29	1	769	1	776	4.14e-105	337
1_443	6_59	68.293	41	13	0	45	85	22	62	9.08e-15	64.7
1_444	6_466	99.698	662	2	0	1	662	1	662	0.0	1326
1_445	6_467	99.568	463	2	0	1	463	1	463	0.0	932
1_446	6_468	99.752	404	1	0	1	404	1	404	0.0	813
1_447	6_300	99.629	539	2	0	1	539	1	539	0.0	1044
1_447	6_516	29.081	533	352	10	7	533	8	520	6.66e-50	174
1_447	6_456	31.132	212	136	3	331	538	321	526	1.91e-30	119
1_447	6_474	38.914	221	127	7	322	538	320	536	5.19e-30	118
1_447	6_246	35.204	196	109	5	348	531	16	205	5.39e-19	82.0
1_447	6_462	29.717	212	130	8	336	539	1	201	3.43e-15	72.8
1_447	6_191	30.412	194	125	6	336	525	1	188	3.15e-13	66.6
1_447	6_461	26.415	212	137	7	336	539	1	201	5.41e-12	62.8
1_447	6_408	31.138	167	94	7	369	522	501	659	7.18e-10	55.8
1_447	6_171	31.522	184	108	8	354	528	24	198	4.27e-09	52.0
1_447	6_248	23.853	218	133	6	336	525	1	213	6.44e-09	52.8
1_447	6_67	31.694	183	103	8	355	522	26	201	3.21e-08	50.4
1_447	6_55	25.510	196	125	7	351	532	79	267	6.33e-08	48.9
1_447	6_358	38.983	59	33	1	467	522	618	676	5.80e-07	46.6
1_447	6_497	27.778	90	61	2	452	538	493	581	1.40e-06	45.4
1_447	6_52	29.612	206	115	11	351	532	29	228	4.28e-06	43.1
1_447	6_490	29.412	85	52	2	441	522	172	251	4.90e-06	43.1
1_447	6_224	30.769	78	53	1	327	404	1	77	8.01e-06	42.7
1_447	6_224	35.294	68	41	1	464	528	229	296	7.02e-05	39.7
1_447	6_268	26.699	206	131	7	336	523	9	212	4.49e-05	39.7
1_447	6_391	38.983	59	33	1	467	522	281	339	5.79e-05	40.0
1_448	6_475	99.758	828	2	0	1	828	1	828	0.0	1677
1_448	6_407	28.571	616	326	23	246	809	249	802	6.97e-45	168
1_449	6_476	98.947	760	8	0	19	778	1	760	0.0	1528
1_449	6_537	30.539	334	203	9	327	658	206	512	3.98e-34	133
1_449	6_537	51.807	83	13	3	19	82	1	75	1.92e-11	61.6
1_449	6_550	28.829	333	192	12	328	646	217	518	1.10e-27	113
1_449	6_422	64.198	81	29	0	218	298	232	312	1.76e-25	106
1_450	6_379	99.754	407	1	0	2	408	1	407	0.0	810
1_451	6_305	100.000	121	0	0	1	121	1	121	7.43e-88	246
1_452	6_386	98.844	173	2	0	1	173	1	173	4.82e-124	341
1_453	6_388	99.434	883	5	0	1	883	1	883	0.0	1776
1_454	6_202	99.310	145	1	0	1	145	1	145	1.32e-105	293
1_455	6_306	100.000	276	0	0	1	276	1	276	0.0	566
1_455	6_20	27.170	265	163	10	5	249	21	275	9.37e-14	64.7
1_455	6_213	23.897	272	196	8	2	272	4	265	8.85e-12	58.5
1_455	6_409	23.704	270	160	9	1	248	1	246	4.52e-06	41.6
1_455	6_180	27.397	73	51	1	2	72	7	79	4.66e-05	38.5
1_455	6_478	25.877	228	143	10	7	224	8	219	8.55e-04	34.7
1_456	6_286	99.142	699	2	1	1	699	1	695	0.0	1370
1_457	6_120	99.727	366	1	0	1	366	1	366	0.0	722
1_457	6_275	27.358	318	207	7	61	361	6	316	7.29e-23	92.8
1_458	6_392	99.361	2033	13	0	1	2033	1	2033	0.0	4068
1_459	6_288	99.776	892	2	0	1	892	1	892	0.0	1800
1_460	6_123	99.723	361	1	0	1	361	1	361	0.0	717
1_461	6_425	99.574	469	2	0	1	469	1	469	0.0	932
1_462	6_424	99.222	514	4	0	1	514	1	514	0.0	1033
1_462	6_455	26.490	151	100	3	2	141	50	200	1.65e-09	54.7
1_462	6_455	34.426	61	35	2	294	349	574	634	2.64e-05	41.2
1_462	6_263	34.444	90	58	1	3	91	29	118	4.47e-08	50.1
1_462	6_263	33.000	100	59	3	264	355	513	612	1.09e-07	48.9
1_462	6_441	24.084	191	113	4	3	161	32	222	8.77e-08	49.3
1_463	6_423	99.167	240	2	0	1	240	1	240	0.0	500
1_464	6_422	98.949	666	7	0	1	666	1	666	0.0	1332
1_464	6_476	61.728	81	31	0	232	312	200	280	1.42e-24	103
1_465	6_307	100.000	690	0	0	1	690	1	690	0.0	1372
1_466	6_413	99.311	871	6	0	1	871	1	871	0.0	1702
1_467	6_412	99.804	1019	2	0	1	1019	1	1019	0.0	2024
1_467	6_334	28.506	1091	658	29	17	1018	13	1070	9.67e-105	347
1_467	6_458	32.258	248	151	8	13	248	10	252	1.17e-23	102
1_467	6_508	26.923	156	100	7	12	159	7	156	3.72e-07	48.5
1_468	6_308	100.000	1018	0	0	1	1018	1	1018	0.0	1981
1_468	6_335	27.186	1052	662	31	6	991	1	1014	2.35e-81	281
1_468	6_457	32.867	286	182	5	11	289	3	285	1.62e-34	137
1_468	6_457	31.724	290	137	11	545	783	743	1022	4.33e-23	100
1_468	6_457	32.231	121	72	5	361	474	477	594	1.70e-05	43.1
1_468	6_487	26.667	240	154	8	18	255	1	220	1.65e-09	56.2
1_468	6_509	21.891	804	468	31	11	699	2	760	4.19e-09	55.1
1_468	6_331	25.112	446	278	14	14	436	18	430	1.66e-07	49.7
1_469	6_410	99.583	719	3	0	1	719	1	719	0.0	1423
1_470	6_195	99.640	278	1	0	1	278	1	278	0.0	550
1_471	6_394	99.479	384	2	0	1	384	1	384	0.0	764
1_472	6_395	99.638	276	1	0	1	276	1	276	0.0	548
1_472	6_4	36.255	251	125	6	1	233	1	234	2.72e-31	112
1_473	6_251	99.625	267	1	0	1	267	1	267	0.0	511
1_474	6_309	100.000	184	0	0	1	184	1	184	5.69e-137	375
1_475	6_405	98.485	462	7	0	1	462	1	462	0.0	916
1_476	6_252	99.649	569	2	0	1	569	1	569	0.0	1099
1_476	6_68	30.556	216	124	4	79	285	18	216	1.09e-11	60.5
1_477	6_407	99.022	818	5	1	1	818	1	815	0.0	1664
1_477	6_475	28.734	616	325	23	252	805	246	809	2.41e-45	169
1_478	6_537	99.081	653	6	0	19	671	1	653	0.0	1303
1_478	6_550	37.977	682	336	21	13	646	17	659	5.17e-126	384
1_478	6_476	29.940	334	205	9	224	530	309	640	2.12e-33	131
1_479	6_433	99.074	216	2	0	1	216	1	216	2.14e-155	424
1_480	6_434	99.043	418	4	0	1	418	1	418	0.0	844
1_481	6_435	99.332	449	3	0	1	449	1	449	0.0	918
1_481	6_417	28.571	245	157	8	18	255	14	247	6.31e-13	65.1
1_481	6_417	46.154	39	21	0	409	447	503	541	1.17e-05	42.0
1_481	6_390	22.961	466	289	19	14	442	51	483	3.83e-09	52.8
1_482	6_310	100.000	87	0	0	1	87	1	87	9.84e-63	179
1_483	6_75	99.842	632	1	0	1	632	1	632	0.0	1285
1_484	6_311	100.000	197	0	0	1	197	1	197	2.29e-134	369
1_485	6_438	98.529	136	0	1	1	134	1	136	2.97e-92	258
1_486	6_477	99.536	647	3	0	1	647	1	647	0.0	1273
1_487	6_480	99.455	367	2	0	1	367	1	367	0.0	744
1_487	6_135	35.433	127	57	2	6	132	160	261	9.35e-15	69.7
1_488	6_482	99.931	1458	1	0	5	1462	1	1458	0.0	2879
1_489	6_191	99.351	770	1	1	1	770	1	766	0.0	1502
1_489	6_461	30.941	808	484	18	1	770	1	772	6.14e-92	300
1_489	6_462	39.823	452	246	10	1	440	1	438	7.18e-90	291
1_489	6_462	33.588	131	87	0	640	770	516	646	1.63e-15	74.7
1_489	6_55	32.735	223	133	7	1	209	60	279	2.72e-24	99.0
1_489	6_31	27.488	211	126	7	17	201	23	232	5.38e-15	71.2
1_489	6_303	23.938	259	169	9	1	232	6	263	2.16e-14	70.9
1_489	6_303	23.301	206	140	4	16	203	282	487	3.22e-06	44.7
1_489	6_67	29.630	216	130	6	2	201	8	217	3.44e-13	67.0
1_489	6_300	30.412	194	125	6	1	188	336	525	3.72e-13	67.0
1_489	6_224	32.990	97	63	1	1	95	10	106	1.24e-09	55.5
1_489	6_516	27.230	213	130	7	1	199	324	525	2.99e-09	54.3
1_489	6_456	29.187	209	137	7	2	204	327	530	8.66e-09	53.1
1_489	6_532	26.382	398	234	18	302	663	19	393	1.50e-08	52.4
1_489	6_490	34.483	87	53	2	119	202	183	268	1.78e-08	51.6
1_489	6_497	30.357	112	75	2	2	111	39	149	3.19e-08	51.2
1_489	6_497	31.081	74	49	1	129	200	508	581	1.67e-05	42.7
1_489	6_171	27.273	198	121	7	19	203	24	211	3.55e-08	49.7
1_489	6_203	25.561	223	120	8	15	198	141	356	8.70e-08	49.7
1_489	6_246	27.149	221	125	10	1	198	1	208	2.33e-07	47.4
1_489	6_391	29.600	125	78	5	115	230	267	390	4.37e-07	47.4
1_489	6_358	30.476	105	65	2	129	225	618	722	4.74e-07	47.8
1_489	6_268	29.545	88	59	2	115	200	141	227	4.82e-07	46.2
1_489	6_474	28.505	214	123	10	2	198	334	534	8.75e-07	46.6
1_489	6_52	24.880	209	125	7	16	197	29	232	1.20e-05	42.4
1_489	6_248	25.000	212	142	9	1	204	319	521	1.31e-05	42.7
1_489	6_248	21.053	228	141	7	1	198	1	219	1.51e-05	42.7
1_489	6_222	36.585	82	43	4	129	204	834	912	1.53e-05	42.7
1_489	6_222	31.068	103	61	4	93	190	460	557	0.001	37.0
1_489	6_408	24.510	204	131	6	13	195	468	669	1.16e-04	39.7
1_490	6_490	98.964	386	4	0	1	386	1	386	0.0	753
1_490	6_224	30.725	345	183	9	5	304	8	341	3.79e-38	137
1_490	6_497	40.146	137	82	0	166	302	481	617	1.67e-31	120
1_490	6_497	30.088	113	70	2	7	110	38	150	1.63e-11	60.1
1_490	6_358	37.363	91	57	0	194	284	619	709	1.46e-15	72.8
1_490	6_268	25.714	280	163	5	6	283	8	244	5.62e-15	68.9
1_490	6_391	33.333	90	60	0	194	283	282	371	7.33e-15	70.1
1_490	6_55	24.779	226	119	3	27	252	84	258	7.21e-14	66.2
1_490	6_171	33.571	140	82	4	143	279	90	221	3.35e-12	60.5
1_490	6_203	23.404	141	104	2	164	303	251	388	1.27e-11	60.1
1_490	6_31	25.723	311	162	12	27	307	27	298	1.66e-11	58.9
1_490	6_246	24.221	289	161	9	8	292	2	236	4.54e-11	57.4
1_490	6_52	27.778	126	87	2	176	297	142	267	1.05e-10	57.0
1_490	6_462	29.333	150	99	3	129	273	60	207	5.67e-10	55.5
1_490	6_462	43.636	55	31	0	8	62	2	56	6.81e-06	42.4
1_490	6_303	23.420	269	153	9	30	296	29	246	7.40e-10	54.7
1_490	6_303	32.609	92	57	2	184	271	399	489	6.99e-07	45.4
1_490	6_461	30.986	142	89	5	128	263	59	197	9.38e-10	54.7
1_490	6_461	52.778	36	17	0	27	62	21	56	2.62e-05	40.4
1_490	6_191	34.483	87	53	2	183	268	119	202	1.02e-08	51.6
1_490	6_191	31.579	95	58	3	8	95	2	96	8.29e-04	35.8
1_490	6_67	28.030	132	86	4	146	271	356	484	2.02e-07	47.0
1_490	6_300	29.412	85	52	2	172	251	441	522	3.05e-06	43.5
1_490	6_474	38.000	100	46	5	1	95	327	415	9.39e-05	38.5
1_490	6_248	27.174	92	64	1	188	276	443	534	2.45e-04	37.4
1_490	6_408	45.588	68	27	4	4	69	465	524	2.89e-04	37.4
1_490	6_516	50.000	46	23	0	8	53	325	370	4.19e-04	36.6
1_491	6_302	98.947	95	1	0	17	111	1	95	2.98e-63	183
1_491	6_463	45.370	108	52	3	7	114	6	106	1.07e-20	81.3
1_491	6_522	100.000	35	0	0	87	121	1	35	2.29e-17	71.6
1_492	6_492	94.691	810	43	0	1	810	1	810	0.0	1511
1_492	6_464	35.758	825	425	31	1	776	1	769	2.47e-106	340
1_492	6_427	33.776	829	450	27	1	779	1	780	6.30e-104	333
1_492	6_59	43.284	67	31	2	14	73	9	75	1.74e-08	47.0
1_493	6_559	99.513	411	2	0	249	659	1	411	0.0	833
1_493	6_543	99.580	238	1	0	1	238	1	238	2.54e-166	470
1_494	6_494	99.671	1217	4	0	1	1217	1	1217	0.0	2485
1_495	6_59	97.333	75	2	0	1	75	1	75	3.01e-50	147
1_495	6_427	70.000	60	18	0	3	62	8	67	2.35e-24	89.0
1_495	6_464	68.293	41	13	0	22	62	45	85	1.82e-15	63.9
1_495	6_492	49.091	55	21	2	21	75	26	73	2.04e-08	43.9
1_496	6_561	98.895	362	4	0	17	378	1	362	0.0	723
1_496	6_501	43.973	448	210	7	38	481	3	413	8.41e-106	317
1_496	6_463	44.785	489	202	12	10	481	120	557	2.52e-104	317
1_496	6_522	42.140	458	185	14	4	433	31	436	1.78e-97	297
1_496	6_560	53.631	179	73	5	307	482	296	467	2.31e-48	167
1_496	6_560	62.698	126	42	2	12	134	22	145	3.68e-45	159
1_496	6_564	36.909	317	145	15	81	378	1	281	1.93e-39	139
1_496	6_562	57.333	75	30	1	300	374	247	319	3.31e-21	89.0
1_496	6_562	67.742	62	20	0	70	131	1	62	1.32e-20	87.0
1_497	6_495	98.385	743	5	1	1	743	1	736	0.0	1452
1_497	6_218	25.878	769	431	26	6	727	16	692	2.16e-44	165
1_498	6_273	99.545	220	1	0	2	221	1	220	1.21e-157	430
1_498	6_542	21.364	220	158	6	2	221	105	309	1.36e-05	39.7
1_499	6_498	98.387	62	1	0	2	63	1	62	1.93e-41	124
1_500	6_484	99.608	510	2	0	1	510	1	510	0.0	1042
1_501	6_560	98.403	313	5	0	117	429	12	324	0.0	638
1_501	6_522	68.023	344	105	3	87	429	1	340	2.42e-165	469
1_501	6_463	42.022	445	197	15	7	429	6	411	1.96e-81	256
1_501	6_564	43.750	240	131	3	194	429	1	240	1.90e-60	193
1_501	6_302	97.895	95	2	0	17	111	1	95	3.55e-58	181
1_501	6_501	69.027	113	28	2	149	257	1	110	1.21e-42	150
1_501	6_561	59.504	121	44	2	132	250	1	118	1.41e-41	145
1_501	6_562	66.667	66	19	2	183	248	1	63	1.40e-19	83.6
1_501	6_562	34.146	82	45	4	357	429	202	283	8.34e-05	38.9
1_502	6_562	98.714	311	4	0	10	320	1	311	0.0	620
1_502	6_501	39.441	322	146	8	1	320	26	300	2.00e-46	157
1_502	6_522	36.364	330	154	10	1	320	86	369	2.47e-46	158
1_502	6_560	40.549	328	144	15	1	320	69	353	2.56e-46	157
1_502	6_463	36.278	317	145	13	7	320	177	439	1.85e-39	140
1_502	6_564	33.022	321	142	11	21	320	1	269	3.74e-34	121
1_502	6_561	71.622	74	21	0	1	74	45	118	1.86e-28	107
1_502	6_561	75.000	44	11	0	277	320	307	350	6.00e-17	75.1
1_503	6_393	91.071	112	10	0	1	112	359	470	2.46e-71	215
1_508	6_296	64.912	57	20	0	21	77	218	274	3.14e-24	88.2
1_511	6_502	100.000	55	0	0	1	55	1	55	5.49e-35	107
1_512	6_503	100.000	288	0	0	1	288	1	288	0.0	563
1_513	6_514	100.000	753	0	0	1	753	1	753	0.0	1525
1_514	6_518	100.000	396	0	0	1	396	1	396	0.0	807
1_515	6_534	99.275	138	1	0	1	138	319	456	1.23e-92	270
1_516	6_506	99.127	229	2	0	1	229	1	229	2.35e-166	453
1_517	6_505	99.031	413	4	0	1	413	1	413	0.0	790
1_518	6_504	99.620	263	1	0	1	263	1	263	0.0	511
1_518	6_149	33.846	65	33	4	113	171	5	65	1.70e-04	37.0
1_518	6_135	35.000	60	27	2	113	164	159	214	3.39e-04	35.8
1_518	6_382	29.524	105	66	3	113	212	9	110	3.68e-04	35.8
1_519	6_142	99.396	331	2	0	1	331	1	331	0.0	663
1_520	6_541	87.500	120	13	1	1	118	3	122	5.36e-64	205
1_521	6_487	99.429	876	5	0	34	909	1	876	0.0	1739
1_521	6_457	24.400	250	165	5	24	254	5	249	1.32e-14	72.8
1_521	6_335	23.762	404	244	14	31	394	15	394	1.39e-12	66.2
1_521	6_308	26.562	256	167	7	11	253	8	255	1.05e-10	60.1
1_521	6_331	25.596	629	374	27	12	593	4	585	2.92e-09	55.1
1_521	6_509	27.160	243	152	7	30	257	7	239	2.35e-08	52.4
1_522	6_334	98.136	1073	17	3	1	1071	1	1072	0.0	2107
1_522	6_412	28.923	1096	646	31	13	1069	17	1018	2.71e-113	370
1_522	6_458	29.765	383	217	11	5	344	7	380	4.43e-30	123
1_522	6_458	25.000	408	216	17	445	777	584	976	3.99e-10	58.5
1_522	6_508	29.677	155	101	3	13	161	10	162	3.60e-13	68.6
1_522	6_499	27.523	218	124	7	17	201	9	225	3.04e-08	52.0
1_523	6_508	95.887	1386	32	5	1	1362	1	1385	0.0	2640
1_523	6_334	29.677	155	101	3	10	162	13	161	1.40e-12	66.6
1_523	6_458	28.931	159	100	4	2	150	6	161	1.14e-10	60.5
1_523	6_412	26.923	156	100	7	7	156	12	159	4.79e-07	48.5
1_523	6_499	30.864	162	92	7	55	209	60	208	2.62e-05	43.1
1_524	6_509	98.684	1824	22	2	1	1824	1	1822	0.0	3620
1_524	6_335	24.593	553	308	20	4	509	6	496	1.51e-13	70.5
1_524	6_457	26.556	241	150	8	1	221	1	234	6.17e-11	62.0
1_524	6_457	27.083	144	85	6	851	983	974	1108	0.001	38.5
1_524	6_308	22.360	805	464	34	2	761	11	699	9.27e-09	54.7
1_524	6_487	27.426	237	147	7	13	239	3	224	1.84e-08	53.9
1_524	6_331	22.707	458	302	16	5	453	16	430	2.76e-04	40.0
1_525	6_510	97.770	583	5	1	1	575	1	583	0.0	1115
1_525	6_459	28.000	400	244	15	180	567	122	489	3.98e-23	97.4
1_526	6_516	99.437	533	3	0	1	533	1	533	0.0	1032
1_526	6_300	29.175	521	347	9	16	520	19	533	1.46e-48	171
1_526	6_456	29.468	526	315	21	20	520	27	521	8.39e-25	102
1_526	6_474	35.407	209	123	6	319	520	328	531	9.32e-24	99.4
1_526	6_246	32.057	209	122	8	324	517	1	204	8.96e-14	66.2
1_526	6_462	28.365	208	110	6	324	512	1	188	5.05e-11	59.7
1_526	6_248	28.342	187	110	5	324	486	1	187	2.04e-10	57.4
1_526	6_303	29.545	220	114	7	320	513	2	206	2.72e-10	57.0
1_526	6_191	27.570	214	128	8	324	525	1	199	2.23e-09	54.3
1_526	6_171	28.646	192	103	6	340	513	22	197	3.66e-09	52.0
1_526	6_461	28.866	194	127	6	324	512	1	188	5.89e-09	53.1
1_526	6_408	28.042	189	107	7	317	489	462	637	6.72e-09	52.8
1_526	6_224	36.232	69	44	0	324	392	10	78	2.43e-07	47.4
1_526	6_224	32.710	107	55	3	419	514	193	293	1.02e-05	42.4
1_526	6_55	25.405	185	120	5	339	510	79	258	3.30e-07	46.6
1_526	6_497	34.247	73	48	0	322	394	36	108	4.79e-07	47.0
1_526	6_497	28.788	132	78	6	393	515	448	572	4.85e-05	40.4
1_526	6_391	29.412	85	53	2	308	388	30	111	1.36e-04	38.9
1_526	6_490	50.000	46	23	0	325	370	8	53	6.88e-04	36.2
1_526	6_67	43.182	44	25	0	343	386	26	69	7.03e-04	36.6
1_526	6_52	26.341	205	122	8	339	519	29	228	7.26e-04	36.2
1_526	6_358	38.806	67	37	3	449	511	612	678	8.51e-04	36.2
1_527	6_517	99.485	582	3	0	1	582	1	582	0.0	1154
1_527	6_348	35.264	397	210	11	37	417	60	425	2.73e-54	194
1_527	6_549	30.151	398	207	11	37	409	23	374	6.29e-40	150
1_528	6_511	96.949	590	17	1	1	590	1	589	0.0	1136
1_529	6_515	98.493	730	11	0	1	730	1	730	0.0	1471
1_530	6_521	99.806	516	1	0	1	516	1	516	0.0	1030
1_531	6_520	93.503	431	22	1	85	509	1	431	0.0	808
1_531	6_558	65.497	342	109	4	175	509	21	360	2.69e-153	437
1_531	6_372	39.362	470	235	15	63	507	188	632	1.38e-79	256
1_531	6_371	35.815	497	260	18	35	507	51	512	6.58e-74	239
1_531	6_529	36.294	394	222	9	124	508	241	614	8.98e-60	202
1_531	6_519	56.250	176	67	3	1	170	28	199	1.74e-54	177
1_531	6_18	31.614	446	261	9	95	507	99	533	2.49e-51	178
1_540	6_532	99.018	509	5	0	68	576	1	509	0.0	984
1_540	6_191	26.446	363	210	17	40	382	252	577	2.28e-09	54.7
1_541	6_556	99.639	277	1	0	1	277	1	277	0.0	542
1_542	6_535	99.454	183	1	0	1	183	1	183	3.36e-125	345
1_543	6_524	100.000	86	0	0	1	86	1	86	1.32e-59	171
1_544	6_526	100.000	278	0	0	1	278	1	278	0.0	536
1_544	6_500	24.364	275	181	13	5	260	32	298	1.88e-09	52.0
1_545	6_542	99.676	309	1	0	1	309	6	314	0.0	586
1_545	6_273	21.364	220	158	6	100	304	1	220	5.21e-05	38.1
1_546	6_530	99.677	620	2	0	1	620	1	620	0.0	1246
1_547	6_527	100.000	40	0	0	1	40	1	40	7.77e-22	73.2
1_548	6_528	99.831	591	1	0	1	591	1	591	0.0	1168
1_549	6_512	95.122	41	2	0	1	41	30	70	6.51e-25	81.6
1_550	6_540	99.351	154	1	0	1	154	1	154	2.75e-107	297
1_551	6_529	97.600	625	4	3	1	622	1	617	0.0	1202
1_551	6_371	40.000	485	269	6	142	619	44	513	1.45e-108	333
1_551	6_372	43.387	431	225	5	206	619	205	633	2.16e-107	333
1_551	6_520	36.476	403	226	10	238	619	37	430	5.65e-61	204
1_551	6_18	30.024	423	248	9	237	618	118	533	5.91e-47	169
1_551	6_558	33.429	350	190	9	300	619	23	359	5.94e-44	155
1_552	6_349	100.000	394	0	0	4	397	993	1386	0.0	800
1_552	6_338	71.465	396	106	4	4	396	981	1372	0.0	566
1_553	6_349	99.496	993	5	0	1	993	1	993	0.0	1937
1_553	6_338	66.600	997	313	3	1	993	1	981	0.0	1264
1_554	6_523	99.197	249	2	0	1	249	29	277	7.78e-180	490
1_555	6_393	97.694	477	11	0	4	480	1	477	0.0	946
1_556	6_193	98.507	67	1	0	1	67	1	67	1.45e-45	136
1_557	6_536	98.561	139	2	0	4	142	15	153	8.11e-98	273
1_557	6_355	30.597	134	91	1	4	135	167	300	1.59e-16	69.7
1_558	6_525	99.490	392	1	1	1	391	1	392	0.0	783
1_559	6_491	99.676	309	1	0	2	310	2	310	0.0	620
1_559	6_400	28.571	126	73	4	71	190	437	551	5.66e-04	35.8
1_560	6_381	80.000	180	3	1	1	180	34	180	8.74e-97	273
1_561	6_89	99.005	201	2	0	1	201	1	201	1.32e-140	385
1_562	6_300	62.434	189	71	0	3	191	351	539	1.68e-75	231
1_562	6_516	37.017	181	111	3	6	185	342	520	1.11e-25	97.8
1_562	6_456	33.511	188	119	4	5	190	343	526	1.68e-25	97.4
1_562	6_474	37.500	192	112	3	3	190	349	536	1.54e-22	89.0
1_562	6_171	30.286	175	111	5	6	174	24	193	6.09e-14	62.8
1_562	6_55	26.882	186	117	6	2	174	78	257	1.99e-12	59.3
1_562	6_246	33.333	192	102	8	12	188	28	208	4.99e-12	57.8
1_562	6_191	30.481	187	104	8	3	177	16	188	2.07e-11	56.6
1_562	6_408	30.636	173	105	6	19	182	499	665	3.82e-11	55.8
1_562	6_67	30.337	178	108	4	9	174	28	201	1.60e-10	53.9
1_562	6_303	24.479	192	130	7	4	182	22	211	5.25e-10	52.4
1_562	6_303	38.158	76	39	4	99	170	396	467	2.28e-04	35.8
1_562	6_462	28.889	180	116	5	3	177	16	188	9.60e-10	51.6
1_562	6_461	27.684	177	117	5	3	175	16	185	6.73e-08	46.2
1_562	6_224	35.652	115	65	5	66	177	185	293	1.09e-07	45.4
1_562	6_358	38.983	59	33	1	119	174	618	676	1.47e-06	42.4
1_562	6_497	38.298	47	29	0	104	150	493	539	3.04e-06	41.6
1_562	6_248	24.771	218	128	8	3	191	16	226	4.20e-06	40.8
1_562	6_490	30.952	84	50	2	94	174	173	251	1.23e-05	39.3
1_562	6_391	37.288	59	34	1	119	174	281	339	5.98e-05	37.4
1_563	6_557	99.735	378	1	0	1	378	1	378	0.0	731
1_564	6_553	99.894	945	1	0	27	971	1	945	0.0	1894
1_565	6_547	98.971	486	5	0	1	486	1	486	0.0	958
1_566	6_549	99.145	936	8	0	1	936	1	936	0.0	1805
1_566	6_348	30.230	870	558	19	8	858	45	884	6.70e-89	306
1_566	6_517	30.402	398	206	11	23	374	37	409	6.59e-40	151
1_567	6_550	99.278	693	2	1	53	742	1	693	0.0	1378
1_567	6_537	37.895	665	336	20	74	708	11	628	3.13e-121	373
1_567	6_476	28.097	331	197	11	266	567	310	628	4.92e-27	111
1_568	6_463	99.038	416	4	0	1	416	143	558	0.0	841
1_568	6_522	44.935	385	176	10	6	364	63	437	7.16e-98	296
1_568	6_560	42.727	440	195	13	6	411	46	462	3.68e-97	293
1_568	6_501	41.315	426	219	9	6	415	3	413	5.92e-85	261
1_568	6_561	43.175	359	141	12	1	309	17	362	1.03e-65	209
1_568	6_564	41.379	290	132	12	49	309	1	281	2.46e-48	161
1_568	6_562	36.250	320	151	9	38	305	1	319	2.93e-41	143
1_569	6_551	99.608	255	1	0	1	255	1	255	2.60e-179	488
1_570	6_290	99.038	208	2	0	37	244	1	208	8.17e-151	414
1_570	6_92	26.554	177	119	5	54	223	28	200	4.73e-10	52.8
1_571	6_317	99.556	225	1	0	18	242	1	225	9.17e-163	444
1_572	6_552	98.253	229	4	0	4	232	111	339	5.22e-168	461
1_572	6_355	31.004	229	154	4	4	232	385	609	8.03e-33	119
1_573	6_552	99.107	112	1	0	1	112	1	112	3.93e-75	221
1_574	6_563	100.000	170	0	0	1	170	1	170	7.01e-127	348
1_575	6_501	97.349	415	11	0	2	416	1	415	0.0	811
1_575	6_560	55.830	446	143	14	1	414	43	466	7.76e-142	408
1_575	6_522	55.531	452	134	10	1	414	60	482	1.96e-135	392
1_575	6_561	44.928	345	151	6	4	313	22	362	8.45e-89	268
1_575	6_463	41.822	428	206	10	4	410	148	553	1.84e-83	261
1_575	6_562	40.187	321	143	9	36	309	1	319	3.92e-52	172
1_575	6_564	33.887	301	145	12	47	313	1	281	4.06e-38	134
1_576	6_427	97.901	810	17	0	3	812	1	810	0.0	1595
1_576	6_464	46.210	818	385	16	3	796	1	787	0.0	632
1_576	6_492	32.895	836	448	27	3	782	1	779	1.34e-96	314
1_576	6_59	71.667	60	17	0	10	69	3	62	5.05e-24	91.3
1_577	6_558	100.000	343	0	0	154	496	18	360	0.0	697
1_577	6_520	68.182	440	129	5	59	496	1	431	0.0	580
1_577	6_519	98.718	156	2	0	1	156	50	205	3.11e-105	308
1_577	6_371	33.468	496	266	14	21	496	63	514	1.59e-73	237
1_577	6_372	34.914	464	244	11	58	496	204	634	7.81e-73	238
1_577	6_529	30.377	530	292	16	10	495	118	614	2.24e-50	176
1_577	6_18	30.901	466	255	14	67	494	97	533	2.64e-49	172
1_578	6_560	72.857	280	73	2	1	278	46	324	3.32e-148	418
1_578	6_522	61.151	278	108	0	1	278	63	340	2.16e-118	343
1_578	6_564	43.983	241	128	4	44	278	1	240	1.09e-60	189
1_578	6_463	42.268	291	128	8	1	278	148	411	2.93e-49	166
1_578	6_561	38.053	339	111	14	1	278	22	322	4.13e-46	153
1_578	6_501	54.610	141	55	3	1	136	3	139	6.50e-38	133
1_578	6_562	70.149	67	16	2	33	99	1	63	2.42e-21	86.7
1_578	6_562	48.571	35	17	1	245	278	249	283	9.93e-05	37.7
1_581	6_565	99.346	153	1	0	1	153	65	217	2.18e-112	313
1_582	6_566	99.410	339	2	0	1	339	1	339	0.0	696
1_583	6_397	32.500	80	43	2	6	81	74	146	3.08e-05	35.4
