21_11	30_4	25.243	206	129	8	2	197	470	660	5.21e-09	47.4
21_53	30_4	25.568	176	113	6	42	213	499	660	5.26e-06	37.7
21_73	30_4	23.529	170	117	5	37	202	499	659	1.96e-06	40.8
21_73	30_4	33.333	39	26	0	405	443	596	634	8.77e-04	32.3
21_82	30_4	31.176	170	93	7	365	519	499	659	4.24e-10	52.8
21_86	30_2	100.000	227	0	0	1	227	1	227	2.68e-166	449
21_98	30_4	25.114	219	139	9	2	217	470	666	5.13e-06	39.7
21_105	30_6	97.600	250	6	0	1	250	1	250	1.32e-174	473
21_110	30_4	31.250	64	42	2	41	103	499	561	4.87e-04	32.7
21_116	30_19	32.203	59	38	2	380	437	188	245	0.001	32.3
21_131	30_5	100.000	250	0	0	1	250	1	250	0.0	506
21_131	30_8	30.542	203	130	4	3	203	121	314	1.35e-18	75.1
21_136	30_4	24.870	193	103	9	36	216	497	659	3.53e-06	38.9
21_152	30_8	100.000	345	0	0	1	345	1	345	0.0	706
21_152	30_5	30.542	203	130	4	121	314	3	203	1.86e-18	75.1
21_166	30_4	29.193	161	93	4	38	185	500	652	2.19e-12	57.0
21_191	30_16	99.346	459	3	0	1	459	1	459	0.0	935
21_201	30_18	31.667	60	34	1	2	61	420	472	7.87e-05	32.3
21_212	30_4	29.861	144	87	6	98	234	501	637	1.84e-10	52.4
21_214	30_17	100.000	607	0	0	1	607	1	607	0.0	1220
21_223	30_9	99.492	197	1	0	1	197	1	197	5.03e-141	383
21_238	30_4	99.853	679	1	0	1	679	1	679	0.0	1340
21_245	30_4	31.034	58	40	0	128	185	602	659	2.07e-04	35.0
21_271	30_15	30.549	455	261	13	102	538	137	554	2.18e-52	179
21_271	30_24	29.148	446	250	11	116	538	198	600	1.90e-49	172
21_297	30_1	98.750	160	2	0	1	160	1	160	4.05e-112	307
21_325	30_4	38.095	63	31	2	127	185	602	660	5.16e-06	40.0
21_326	30_22	79.487	39	8	0	526	564	14	52	2.64e-16	64.7
21_326	30_14	27.425	299	168	15	256	520	257	540	5.77e-14	65.5
21_326	30_14	33.708	89	50	4	491	573	587	672	0.001	32.3
21_380	30_4	31.707	164	100	5	32	185	499	660	2.92e-08	47.8
21_383	30_15	95.848	554	16	2	1	547	1	554	0.0	1070
21_383	30_24	32.495	477	269	13	97	547	151	600	2.75e-70	228
21_384	30_15	40.367	218	73	6	1	171	1	208	3.66e-38	128
21_384	30_24	40.476	42	24	1	108	149	194	234	3.09e-05	34.3
21_401	30_0	99.545	220	1	0	1	220	1	220	4.68e-158	428
21_408	30_4	31.016	187	111	5	319	495	455	633	1.12e-14	67.4
21_409	30_4	31.548	168	92	7	369	522	501	659	7.21e-12	58.5
21_427	30_18	99.885	870	1	0	1	870	1	870	0.0	1750
21_437	30_7	97.048	542	16	0	1	542	1	542	0.0	1061
21_439	30_5	27.500	120	75	4	501	619	58	166	8.61e-05	35.4
21_465	30_10	99.720	715	2	0	1	715	1	715	0.0	1434
21_465	30_18	31.646	79	44	2	265	334	450	527	5.55e-04	33.5
21_471	30_4	38.333	60	37	0	127	186	601	660	9.21e-08	45.4
21_472	30_4	33.898	59	39	0	127	185	602	660	3.66e-05	37.4
21_475	30_4	24.590	183	124	5	32	204	499	677	2.25e-07	44.7
21_476	30_4	31.214	173	96	8	32	189	499	663	1.32e-10	54.7
21_480	30_3	99.719	356	1	0	1	356	1	356	0.0	721
21_489	30_14	34.034	714	395	16	3	663	2	692	3.94e-98	308
21_489	30_21	49.351	77	36	2	586	660	55	130	2.18e-20	79.0
21_503	30_4	38.095	63	31	2	64	122	602	660	3.59e-06	40.4
21_504	30_4	44.000	50	24	1	127	176	602	647	4.25e-06	40.4
21_505	30_4	37.288	59	33	1	118	176	593	647	9.92e-06	39.3
21_506	30_4	38.182	55	30	1	119	173	594	644	1.57e-06	38.1
21_527	30_19	97.800	818	18	0	1	818	1	818	0.0	1643
21_527	30_20	25.280	625	342	20	251	808	244	810	5.83e-40	149
21_534	30_18	26.437	174	100	8	35	185	443	611	3.16e-04	32.7
21_534	30_10	34.328	67	34	2	42	99	265	330	7.08e-04	31.6
21_537	30_20	99.270	822	6	0	1	822	1	822	0.0	1665
21_537	30_19	26.248	621	341	22	244	810	251	808	2.40e-34	131
21_537	30_11	27.103	107	50	4	721	807	485	583	0.001	32.7
21_539	30_4	32.258	217	111	11	315	510	458	659	3.02e-13	62.8
21_547	30_13	95.726	117	5	0	1	117	1	117	5.34e-80	222
21_563	30_14	93.567	171	11	0	1	171	337	507	8.14e-113	327
21_564	30_14	86.826	167	22	0	1	167	193	359	7.93e-104	304
21_565	30_14	91.018	167	15	0	1	167	193	359	3.24e-108	315
21_571	30_21	97.710	131	3	0	1	131	1	131	1.62e-92	255
21_571	30_14	42.857	84	42	3	52	131	609	690	3.48e-15	62.0
21_577	30_4	46.939	49	23	2	6	53	468	514	3.57e-04	33.1
21_585	30_4	24.505	404	267	13	122	507	272	655	4.41e-15	68.6
21_596	30_23	98.286	175	3	0	1	175	1	175	2.31e-122	334
21_601	30_4	29.755	326	182	16	44	343	349	653	1.45e-12	59.3
21_615	30_11	98.799	583	7	0	1	583	1	583	0.0	1169
21_615	30_20	27.103	107	50	4	485	583	721	807	4.45e-04	33.5
21_626	30_24	96.019	628	9	1	1	628	1	612	0.0	1221
21_626	30_15	32.218	478	270	14	167	616	103	554	5.57e-69	226
21_630	30_12	98.271	1504	26	0	1	1504	1	1504	0.0	2909
21_631	30_12	98.201	278	5	0	1	278	1698	1975	0.0	572
21_643	30_14	35.506	583	324	13	1	536	112	689	9.67e-94	292
21_643	30_21	48.052	77	37	2	462	536	55	130	7.51e-21	80.1
21_647	30_24	38.673	437	247	5	195	612	163	597	1.43e-101	313
21_647	30_15	33.686	472	275	12	164	611	93	550	5.29e-69	225
21_655	30_25	96.491	57	2	0	303	359	30	86	1.72e-34	115
21_655	30_25	96.552	29	1	0	1	29	1	29	5.70e-14	58.5
21_663	30_26	99.795	975	2	0	1	975	1	975	0.0	1951
