5_0	6_273	100.000	220	0	0	117	336	1	220	3.50e-156	431
5_0	6_542	25.083	303	205	10	36	336	27	309	9.63e-14	65.5
5_1	6_0	100.000	96	0	0	1	96	1	96	9.07e-66	188
5_2	6_1	100.000	589	0	0	1	589	1	589	0.0	1146
5_2	6_125	26.087	460	272	17	51	492	10	419	1.44e-21	92.8
5_3	6_270	98.936	188	2	0	1	188	1	188	2.02e-133	366
5_4	6_3	100.000	290	0	0	1	290	1	290	0.0	578
5_4	6_376	32.331	266	149	14	23	264	25	283	6.73e-24	93.6
5_5	6_4	100.000	287	0	0	1	287	1	287	0.0	577
5_5	6_395	36.220	254	121	7	1	234	1	233	8.41e-34	119
5_6	6_447	99.700	333	1	0	1	333	1	333	0.0	662
5_6	6_322	34.375	192	115	3	125	314	101	283	7.94e-25	99.0
5_7	6_6	100.000	189	0	0	1	189	1	189	2.93e-140	384
5_8	6_239	99.691	324	1	0	1	324	1	324	0.0	663
5_8	6_446	41.538	325	178	6	7	324	7	326	2.82e-57	183
5_8	6_264	22.941	340	195	13	1	296	321	637	2.87e-09	52.8
5_9	6_7	100.000	152	0	0	1	152	1	152	1.20e-110	306
5_10	6_445	99.677	619	2	0	1	619	1	619	0.0	1245
5_11	6_8	100.000	378	0	0	1	378	1	378	0.0	754
5_12	6_9	100.000	47	0	0	1	47	1	47	3.64e-30	94.7
5_13	6_10	100.000	609	0	0	1	609	1	609	0.0	1218
5_14	6_11	100.000	353	0	0	1	353	1	353	0.0	699
5_14	6_298	27.129	317	167	15	46	345	64	333	3.57e-07	45.8
5_15	6_240	99.688	321	1	0	1	321	1	321	0.0	622
5_16	6_12	100.000	50	0	0	1	50	1	50	3.85e-32	99.8
5_16	6_165	35.556	45	26	1	6	50	5	46	1.49e-04	30.0
5_17	6_14	100.000	146	0	0	1	146	1	146	2.34e-105	292
5_18	6_15	100.000	295	0	0	1	295	1	295	0.0	590
5_19	6_16	100.000	337	0	0	1	337	1	337	0.0	685
5_20	6_292	99.654	289	1	0	1	289	1	289	0.0	554
5_21	6_17	100.000	225	0	0	1	225	1	225	3.15e-168	457
5_22	6_544	99.422	173	1	0	1	173	1	173	3.16e-126	347
5_23	6_19	100.000	298	0	0	1	298	1	298	0.0	603
5_24	6_421	99.755	408	1	0	1	408	1	408	0.0	823
5_25	6_22	100.000	372	0	0	1	372	1	372	0.0	763
5_26	6_539	99.655	290	1	0	1	290	1	290	0.0	562
5_27	6_418	99.299	428	3	0	1	428	1	428	0.0	850
5_28	6_417	99.824	567	1	0	1	567	1	567	0.0	1144
5_28	6_435	28.049	246	157	9	14	247	18	255	1.35e-12	64.3
5_28	6_435	46.154	39	21	0	503	541	409	447	1.43e-05	42.0
5_28	6_390	27.338	139	98	2	110	245	145	283	2.96e-10	57.0
5_28	6_390	46.809	47	22	1	489	535	439	482	6.17e-08	49.7
5_29	6_25	100.000	413	0	0	1	413	1	413	0.0	841
5_30	6_416	99.435	177	1	0	1	177	1	177	2.84e-129	355
5_31	6_245	99.699	332	1	0	1	332	1	332	0.0	661
5_32	6_26	100.000	111	0	0	1	111	1	111	2.66e-77	218
5_33	6_414	99.457	184	1	0	1	184	1	184	2.35e-134	368
5_34	6_28	100.000	211	0	0	1	211	1	211	2.52e-155	424
5_35	6_29	100.000	291	0	0	1	291	1	291	0.0	559
5_35	6_27	32.381	105	65	3	37	139	76	176	5.81e-06	42.0
5_36	6_30	100.000	239	0	0	1	239	1	239	6.82e-175	475
5_37	6_31	100.000	300	0	0	1	300	1	300	0.0	602
5_37	6_246	34.188	234	133	6	22	254	19	232	3.38e-35	123
5_37	6_224	35.897	156	87	5	130	276	204	355	2.39e-19	82.4
5_37	6_224	25.962	104	55	3	21	123	24	106	4.86e-05	38.9
5_37	6_171	27.854	219	136	3	22	240	21	217	1.23e-18	78.2
5_37	6_191	28.638	213	121	8	23	232	17	201	3.48e-17	76.3
5_37	6_358	39.091	110	66	1	140	248	599	708	1.06e-16	75.1
5_37	6_358	38.462	39	23	1	10	48	12	49	0.001	35.0
5_37	6_203	26.778	239	140	7	27	248	147	367	3.31e-16	73.2
5_37	6_391	36.842	114	71	1	136	248	258	371	6.59e-16	72.0
5_37	6_462	28.169	213	128	6	24	236	18	205	1.06e-15	72.0
5_37	6_67	29.464	224	131	5	22	239	22	224	2.78e-15	70.5
5_37	6_67	21.127	213	161	4	26	236	277	484	1.18e-05	40.8
5_37	6_461	25.714	210	125	6	23	229	17	198	9.90e-15	68.9
5_37	6_303	25.000	236	140	7	14	237	13	223	2.27e-14	67.8
5_37	6_303	28.959	221	128	9	27	236	287	489	1.38e-13	65.5
5_37	6_55	29.327	208	109	8	21	217	78	258	3.36e-13	63.5
5_37	6_497	25.806	155	88	3	152	279	501	655	9.27e-13	63.2
5_37	6_497	30.952	84	39	3	22	105	53	117	4.46e-06	42.4
5_37	6_490	25.600	250	143	8	27	237	27	272	1.28e-12	62.0
5_37	6_52	27.197	239	155	8	20	250	27	254	8.70e-11	56.6
5_37	6_268	31.646	79	53	1	158	235	153	231	2.45e-10	54.7
5_37	6_248	25.714	210	124	7	26	219	20	213	6.61e-08	48.1
5_37	6_222	32.051	78	50	1	145	219	820	897	4.07e-07	45.8
5_37	6_222	28.090	89	62	1	136	222	470	558	1.23e-06	44.3
5_37	6_474	22.527	182	118	4	37	218	364	522	1.46e-05	40.8
5_37	6_516	24.390	205	117	6	22	219	339	512	7.56e-05	38.5
5_38	6_247	99.688	320	1	0	1	320	1	320	0.0	626
5_39	6_411	99.558	226	1	0	1	226	1	226	1.49e-170	463
5_40	6_32	100.000	280	0	0	1	280	1	280	0.0	562
5_41	6_409	99.257	269	2	0	1	269	1	269	0.0	534
5_41	6_478	26.568	271	164	13	4	258	3	254	6.26e-07	44.7
5_41	6_306	23.704	270	160	9	1	246	1	248	8.71e-06	40.4
5_41	6_213	32.203	59	40	0	188	246	183	241	1.11e-04	37.4
5_41	6_20	25.368	272	165	12	1	246	15	274	2.24e-04	36.2
5_41	6_180	32.877	73	43	1	180	246	186	258	2.66e-04	36.2
5_42	6_33	100.000	271	0	0	1	271	1	271	0.0	534
5_43	6_328	99.269	821	6	0	1	821	1	821	0.0	1653
5_43	6_448	22.437	517	375	10	10	510	6	512	2.30e-31	125
5_44	6_34	100.000	114	0	0	1	114	1	114	6.49e-84	235
5_45	6_330	99.408	169	1	0	1	169	1	169	1.51e-120	332
5_46	6_35	100.000	163	0	0	1	163	1	163	1.69e-119	329
5_47	6_37	100.000	639	0	0	1	639	1	639	0.0	1304
5_47	6_312	44.131	639	334	9	5	635	3	626	1.08e-169	494
5_48	6_279	99.068	322	3	0	1	322	1	322	0.0	647
5_49	6_38	100.000	171	0	0	1	171	1	171	3.93e-123	339
5_50	6_337	99.733	374	1	0	1	374	1	374	0.0	772
5_51	6_39	100.000	334	0	0	1	334	1	334	0.0	680
5_52	6_220	100.000	263	0	0	19	281	1	263	0.0	527
5_53	6_40	100.000	494	0	0	1	494	1	494	0.0	963
5_54	6_41	100.000	231	0	0	1	231	1	231	6.78e-170	462
5_55	6_342	99.281	278	2	0	1	278	1	278	0.0	537
5_55	6_83	27.350	117	73	3	110	226	48	152	1.74e-06	42.7
5_55	6_83	34.127	126	50	5	139	262	24	118	2.74e-06	42.0
5_55	6_83	33.333	93	52	3	121	213	35	117	3.34e-05	38.9
5_56	6_277	99.429	175	1	0	1	175	1	175	3.24e-125	344
5_57	6_44	100.000	236	0	0	1	236	1	236	8.85e-176	477
5_58	6_45	100.000	186	0	0	1	186	1	186	1.38e-132	364
5_59	6_46	100.000	144	0	0	1	144	1	144	5.80e-108	298
5_60	6_47	100.000	221	0	0	1	221	1	221	5.26e-162	441
5_61	6_48	100.000	204	0	0	1	204	1	204	2.18e-151	413
5_62	6_347	99.885	872	1	0	1	872	1	872	0.0	1763
5_63	6_49	100.000	402	0	0	1	402	1	402	0.0	818
5_63	6_150	27.083	288	181	10	20	301	8	272	2.98e-16	75.1
5_63	6_250	32.099	162	90	3	21	182	116	257	1.82e-13	66.2
5_63	6_152	34.091	132	84	3	16	145	8	138	2.97e-13	65.9
5_64	6_534	99.781	456	1	0	1	456	1	456	0.0	910
5_65	6_50	100.000	316	0	0	1	316	1	316	0.0	632
5_66	6_53	100.000	73	0	0	1	73	1	73	5.57e-53	154
5_67	6_54	100.000	201	0	0	1	201	1	201	2.34e-148	405
5_67	6_297	38.509	161	94	3	3	162	4	160	6.56e-28	99.4
5_68	6_481	99.631	271	1	0	1	271	1	271	0.0	550
5_69	6_57	100.000	110	0	0	1	110	1	110	2.11e-78	221
5_70	6_60	100.000	220	0	0	1	220	1	220	9.89e-158	430
5_71	6_249	99.606	254	1	0	1	254	1	254	0.0	522
5_72	6_61	100.000	205	0	0	1	205	1	205	1.15e-153	419
5_73	6_62	100.000	144	0	0	1	144	1	144	6.35e-107	296
5_74	6_396	99.469	377	2	0	1	377	1	377	0.0	756
5_75	6_64	100.000	617	0	0	1	617	1	617	0.0	1243
5_76	6_65	100.000	118	0	0	1	118	1	118	4.15e-79	223
5_77	6_402	99.187	246	2	0	1	246	1	246	1.43e-178	485
5_78	6_66	100.000	97	0	0	1	97	1	97	2.02e-67	192
5_79	6_309	99.457	184	1	0	1	184	1	184	6.16e-136	372
5_80	6_67	100.000	508	0	0	1	508	1	508	0.0	1011
5_80	6_303	30.273	512	328	14	12	505	11	511	8.86e-54	184
5_80	6_171	35.349	215	114	6	26	231	25	223	1.22e-23	94.4
5_80	6_171	32.051	78	53	0	407	484	136	213	7.30e-07	45.1
5_80	6_461	32.673	202	122	5	12	211	6	195	9.45e-16	74.7
5_80	6_191	29.630	216	130	6	8	217	2	201	1.76e-13	67.4
5_80	6_191	24.229	227	142	7	261	482	2	203	0.001	36.2
5_80	6_31	29.464	224	131	5	22	224	22	239	2.53e-13	65.1
5_80	6_31	21.127	213	161	4	277	484	26	236	2.49e-04	37.4
5_80	6_462	29.524	210	134	5	12	221	10	205	4.48e-13	65.9
5_80	6_462	28.326	233	135	9	261	487	2	208	2.01e-09	54.3
5_80	6_246	32.143	196	124	6	31	223	28	217	1.02e-11	60.1
5_80	6_248	26.271	236	145	9	8	221	2	230	6.09e-10	55.8
5_80	6_248	32.432	74	47	2	149	222	453	523	3.20e-04	37.4
5_80	6_55	25.405	185	119	6	26	201	83	257	9.90e-09	51.2
5_80	6_55	23.636	220	146	8	272	487	78	279	1.78e-05	41.2
5_80	6_203	28.444	225	127	11	23	224	145	358	1.82e-08	50.8
5_80	6_203	25.106	235	140	8	278	493	147	364	1.22e-05	42.0
5_80	6_300	31.694	183	103	8	26	201	355	522	2.37e-08	50.8
5_80	6_497	30.476	105	70	1	7	111	38	139	3.59e-08	50.4
5_80	6_497	25.974	77	56	1	407	482	508	584	4.75e-04	37.0
5_80	6_490	28.788	132	85	4	356	484	146	271	1.05e-07	48.5
5_80	6_224	30.488	82	54	2	407	486	232	312	3.95e-07	46.6
5_80	6_224	28.333	60	43	0	8	67	11	70	4.30e-04	37.0
5_80	6_268	23.148	216	153	7	14	220	20	231	1.92e-06	43.9
5_80	6_268	24.180	244	146	10	277	503	30	251	2.60e-04	37.4
5_80	6_358	25.532	94	63	2	398	487	609	699	5.56e-06	43.5
5_80	6_391	25.954	131	94	2	357	484	229	359	1.25e-05	42.0
5_80	6_391	33.333	45	30	0	24	68	64	108	6.57e-04	36.6
5_80	6_474	26.136	176	110	6	36	205	363	524	1.28e-05	42.0
5_80	6_456	25.000	184	124	4	27	208	346	517	3.54e-04	37.4
5_80	6_52	25.000	236	148	10	273	493	28	249	3.80e-04	37.0
5_80	6_516	43.182	44	25	0	26	69	343	386	6.53e-04	36.6
5_81	6_69	100.000	184	0	0	1	184	1	184	6.14e-138	377
5_82	6_70	100.000	89	0	0	1	89	1	89	2.36e-60	174
5_83	6_71	100.000	165	0	0	1	165	1	165	6.39e-118	325
5_84	6_493	99.787	1411	3	0	1	1411	1	1411	0.0	2882
5_85	6_72	100.000	139	0	0	1	139	1	139	1.64e-99	276
5_86	6_73	100.000	534	0	0	1	534	1	534	0.0	1088
5_87	6_74	100.000	214	0	0	1	214	1	214	2.72e-154	421
5_88	6_76	100.000	120	0	0	1	120	1	120	5.77e-85	238
5_89	6_77	100.000	227	0	0	1	227	1	227	1.94e-169	461
5_90	6_310	98.851	87	1	0	1	87	1	87	9.77e-62	177
5_91	6_514	99.867	753	1	0	1	753	1	753	0.0	1523
5_92	6_78	100.000	109	0	0	1	109	1	109	1.15e-79	224
5_93	6_79	100.000	155	0	0	1	155	1	155	8.13e-113	311
5_94	6_80	100.000	64	0	0	1	64	1	64	6.82e-43	127
5_95	6_81	100.000	116	0	0	1	116	1	116	4.08e-83	233
5_96	6_82	100.000	478	0	0	1	478	1	478	0.0	968
5_97	6_85	100.000	356	0	0	1	356	1	356	0.0	721
5_98	6_86	100.000	84	0	0	1	84	1	84	2.19e-57	166
5_99	6_513	99.296	284	2	0	1	284	1	284	0.0	570
5_99	6_415	37.143	105	61	3	37	141	22	121	4.09e-14	65.5
5_100	6_431	99.729	369	1	0	1	369	1	369	0.0	742
5_101	6_87	100.000	489	0	0	1	489	1	489	0.0	965
5_102	6_429	99.169	361	3	0	1	361	1	361	0.0	729
5_103	6_91	100.000	450	0	0	1	450	1	450	0.0	899
5_104	6_92	100.000	216	0	0	1	216	1	216	1.05e-156	427
5_104	6_290	25.654	191	131	5	28	214	18	201	4.85e-10	52.0
5_105	6_93	100.000	193	0	0	1	193	1	193	2.86e-139	381
5_106	6_380	99.462	186	1	0	1	186	1	186	4.38e-136	373
5_106	6_88	26.772	127	68	4	46	151	81	203	2.14e-04	35.4
5_107	6_381	83.099	213	3	1	1	213	1	180	8.40e-122	338
5_108	6_382	99.659	293	1	0	1	293	1	293	0.0	584
5_108	6_149	29.530	149	90	6	9	152	5	143	3.13e-09	52.0
5_108	6_149	26.220	164	110	4	9	162	173	335	2.83e-06	42.7
5_108	6_118	37.705	61	35	1	5	65	218	275	4.10e-05	39.3
5_108	6_231	39.344	61	33	3	10	69	19	76	2.64e-04	35.8
5_109	6_94	100.000	131	0	0	1	131	1	131	2.98e-94	263
5_110	6_95	100.000	150	0	0	1	150	1	150	1.61e-109	303
5_111	6_408	99.853	679	1	0	2	680	1	679	0.0	1343
5_111	6_474	28.070	285	183	6	358	634	225	495	9.82e-15	71.6
5_111	6_456	28.086	324	194	14	355	660	208	510	6.90e-11	59.3
5_111	6_462	31.285	179	100	8	500	670	32	195	5.43e-10	56.6
5_111	6_300	31.138	167	94	7	502	660	369	522	6.81e-10	56.2
5_111	6_171	29.630	189	109	7	501	679	38	212	6.93e-10	54.7
5_111	6_516	28.571	189	106	7	463	638	317	489	2.31e-09	54.7
5_111	6_55	29.167	168	103	8	502	660	97	257	4.03e-08	50.1
5_111	6_461	24.479	192	131	5	491	678	23	204	2.30e-07	48.5
5_111	6_246	25.359	209	123	8	464	661	11	197	3.62e-07	46.6
5_111	6_490	27.706	231	100	13	466	637	4	226	2.29e-05	41.6
5_111	6_303	22.353	170	119	4	500	660	37	202	4.92e-05	40.8
5_111	6_191	24.510	204	131	6	469	670	13	195	1.18e-04	39.7
5_111	6_268	28.814	177	108	5	498	660	40	212	3.47e-04	37.4
5_111	6_248	25.126	199	105	10	500	667	32	217	5.96e-04	37.4
5_112	6_97	100.000	239	0	0	1	239	1	239	7.60e-176	478
5_113	6_98	100.000	332	0	0	1	332	1	332	0.0	667
5_114	6_99	100.000	134	0	0	1	134	1	134	3.31e-97	270
5_115	6_100	100.000	137	0	0	1	137	1	137	1.88e-97	271
5_116	6_101	100.000	37	0	0	1	37	1	37	1.09e-20	70.1
5_117	6_102	100.000	75	0	0	1	75	1	75	3.29e-53	154
5_118	6_383	99.600	250	1	0	1	250	1	250	0.0	509
5_118	6_460	27.451	204	135	5	3	203	121	314	2.27e-15	69.3
5_119	6_104	100.000	179	0	0	1	179	1	179	4.16e-130	357
5_120	6_105	100.000	131	0	0	1	131	1	131	2.21e-94	263
5_121	6_106	100.000	61	0	0	1	61	1	61	5.57e-42	125
5_122	6_107	100.000	181	0	0	1	181	1	181	5.18e-135	370
5_123	6_108	100.000	122	0	0	1	122	1	122	1.03e-84	238
5_124	6_109	100.000	121	0	0	1	121	1	121	1.58e-81	229
5_125	6_110	100.000	136	0	0	1	136	1	136	9.09e-100	277
5_126	6_111	100.000	227	0	0	1	227	1	227	2.13e-167	455
5_127	6_386	99.422	173	1	0	1	173	1	173	7.06e-125	343
5_128	6_112	100.000	90	0	0	1	90	1	90	1.44e-65	187
5_129	6_113	100.000	282	0	0	1	282	1	282	0.0	566
5_130	6_387	99.387	163	1	0	1	163	1	163	8.74e-116	320
5_131	6_256	99.533	214	1	0	1	214	1	214	1.33e-156	427
5_132	6_114	100.000	233	0	0	1	233	1	233	4.01e-170	462
5_133	6_115	100.000	106	0	0	1	106	1	106	6.75e-75	212
5_134	6_116	100.000	205	0	0	1	205	1	205	1.58e-150	411
5_135	6_117	100.000	184	0	0	1	184	1	184	1.67e-136	374
5_136	6_390	99.591	489	2	0	1	489	1	489	0.0	981
5_136	6_417	27.500	160	109	3	145	300	110	266	7.38e-12	62.0
5_136	6_417	46.809	47	22	1	439	482	489	535	3.99e-08	50.1
5_136	6_435	23.176	466	288	19	51	483	14	442	1.33e-10	57.8
5_137	6_306	99.638	276	1	0	1	276	1	276	0.0	565
5_137	6_20	27.170	265	163	10	5	249	21	275	8.20e-14	64.7
5_137	6_213	23.529	272	197	8	2	272	4	265	4.48e-11	56.6
5_137	6_409	24.074	270	159	9	1	248	1	246	1.56e-06	42.7
5_137	6_180	27.397	73	51	1	2	72	7	79	4.83e-05	38.5
5_137	6_478	25.877	228	143	10	7	224	8	219	4.89e-04	35.4
5_138	6_118	100.000	442	0	0	1	442	1	442	0.0	874
5_138	6_149	35.897	156	83	4	218	368	172	315	3.61e-20	87.0
5_138	6_149	29.032	124	83	4	220	341	6	126	3.79e-06	43.1
5_138	6_382	37.705	61	35	1	218	275	5	65	6.36e-05	38.9
5_139	6_121	100.000	321	0	0	1	321	1	321	0.0	634
5_139	6_378	32.877	219	139	5	106	317	160	377	2.19e-20	85.5
5_140	6_391	99.774	443	1	0	1	443	1	443	0.0	888
5_140	6_358	37.349	249	138	4	204	437	530	775	4.79e-43	156
5_140	6_358	39.175	97	55	2	61	156	22	115	8.93e-13	64.7
5_140	6_203	45.082	122	66	1	273	394	269	389	1.40e-28	112
5_140	6_203	35.185	108	53	4	59	156	139	239	1.74e-11	60.1
5_140	6_52	37.500	136	83	1	252	385	131	266	1.88e-23	95.5
5_140	6_52	29.630	135	70	5	32	157	7	125	5.12e-09	52.0
5_140	6_224	26.786	392	248	11	43	417	10	379	3.70e-23	95.9
5_140	6_497	38.298	94	57	1	274	366	501	594	5.12e-17	78.2
5_140	6_497	29.688	128	75	3	38	165	33	145	3.99e-10	56.2
5_140	6_268	34.711	121	77	2	251	371	126	244	5.30e-16	72.4
5_140	6_31	36.719	128	73	3	261	386	139	260	2.18e-15	71.2
5_140	6_490	33.333	90	60	0	282	371	194	283	8.49e-15	70.1
5_140	6_55	42.857	84	47	1	276	359	194	276	1.01e-14	69.3
5_140	6_55	31.481	108	69	2	42	147	59	163	1.43e-06	44.3
5_140	6_171	32.353	102	68	1	278	379	133	233	3.50e-12	60.8
5_140	6_246	32.500	120	77	3	244	363	104	219	4.01e-12	60.8
5_140	6_303	36.634	101	54	3	264	360	129	223	7.84e-11	58.2
5_140	6_303	35.443	79	50	1	281	359	412	489	3.46e-07	46.6
5_140	6_303	41.071	56	29	1	43	98	6	57	5.46e-06	42.7
5_140	6_462	35.556	90	52	3	281	367	129	215	1.71e-08	50.8
5_140	6_461	25.191	131	91	3	223	351	72	197	8.38e-08	48.9
5_140	6_191	29.600	125	78	5	267	390	115	230	2.19e-07	47.4
5_140	6_67	25.954	131	94	2	229	359	357	484	1.16e-05	42.0
5_140	6_300	38.983	59	33	1	281	339	467	522	4.56e-05	40.0
5_140	6_516	29.412	85	53	2	30	111	308	388	1.52e-04	38.1
5_140	6_474	27.132	129	76	4	23	138	302	425	4.57e-04	37.0
5_140	6_222	26.984	189	115	7	240	424	450	619	6.51e-04	36.6
5_141	6_123	100.000	361	0	0	1	361	1	361	0.0	718
5_142	6_124	100.000	259	0	0	1	259	1	259	0.0	515
5_143	6_125	100.000	504	0	0	1	504	1	504	0.0	979
5_143	6_1	25.901	444	264	16	10	403	51	479	3.70e-21	91.3
5_144	6_126	100.000	91	0	0	1	91	1	91	6.70e-61	175
5_144	6_0	28.571	91	61	3	1	88	3	92	8.81e-07	38.5
5_145	6_127	100.000	98	0	0	1	98	1	98	9.68e-67	191
5_146	6_128	100.000	207	0	0	1	207	1	207	5.32e-147	402
5_147	6_290	99.038	208	2	0	1	208	1	208	6.53e-151	412
5_147	6_92	25.654	191	131	5	18	201	28	214	4.38e-10	52.0
5_149	6_129	100.000	97	0	0	1	97	1	97	7.23e-67	191
5_150	6_451	99.544	439	2	0	1	439	1	439	0.0	872
5_151	6_454	98.667	150	2	0	1	150	1	150	9.83e-104	288
5_151	6_344	35.526	76	48	1	67	142	26	100	6.48e-08	43.1
5_152	6_132	100.000	336	0	0	1	336	1	336	0.0	687
5_153	6_133	100.000	337	0	0	1	337	1	337	0.0	672
5_154	6_134	100.000	240	0	0	1	240	1	240	3.08e-178	484
5_155	6_135	100.000	419	0	0	1	419	1	419	0.0	828
5_155	6_480	35.433	127	57	2	160	261	6	132	1.44e-14	69.3
5_155	6_149	25.112	223	154	7	159	375	173	388	1.94e-04	37.7
5_155	6_504	35.000	60	27	2	159	214	113	164	6.41e-04	35.8
5_156	6_136	100.000	141	0	0	1	141	1	141	1.21e-99	277
5_157	6_137	100.000	242	0	0	1	242	1	242	8.53e-173	470
5_158	6_138	100.000	102	0	0	1	102	1	102	1.56e-71	203
5_159	6_140	100.000	187	0	0	1	187	1	187	4.41e-132	363
5_160	6_141	100.000	276	0	0	1	276	1	276	0.0	544
5_161	6_319	99.788	471	1	0	1	471	1	471	0.0	951
5_161	6_179	37.168	452	279	4	7	456	2	450	3.01e-104	313
5_161	6_318	27.027	370	259	7	44	408	58	421	1.34e-26	107
5_161	6_365	22.712	295	216	6	63	348	49	340	4.43e-08	49.7
5_162	6_144	100.000	257	0	0	1	257	1	257	0.0	518
5_163	6_147	100.000	102	0	0	1	102	1	102	4.94e-70	199
5_164	6_148	100.000	376	0	0	1	376	1	376	0.0	775
5_165	6_325	99.559	227	1	0	1	227	1	227	2.55e-169	460
5_166	6_149	100.000	437	0	0	1	437	1	437	0.0	877
5_166	6_118	35.897	156	83	4	172	315	218	368	3.80e-20	86.7
5_166	6_118	29.032	124	83	4	6	126	220	341	3.43e-06	43.5
5_166	6_382	29.530	149	90	6	5	143	9	152	2.32e-09	52.8
5_166	6_382	35.593	59	38	0	173	231	9	67	4.04e-06	42.7
5_166	6_231	40.741	54	29	1	6	59	19	69	4.84e-06	41.6
5_166	6_231	28.415	183	118	5	157	338	5	175	7.10e-06	40.8
5_166	6_150	28.108	185	98	8	174	341	10	176	4.54e-05	40.0
5_166	6_504	33.846	65	33	4	5	65	113	171	2.71e-04	37.0
5_167	6_150	100.000	598	0	0	1	598	1	598	0.0	1210
5_167	6_152	36.898	187	106	4	2	183	6	185	1.17e-24	103
5_167	6_152	23.009	226	143	9	165	370	266	480	7.28e-07	46.6
5_167	6_152	22.599	177	118	5	322	480	509	684	3.27e-06	44.3
5_167	6_250	30.093	216	126	7	10	217	117	315	7.16e-17	78.6
5_167	6_49	27.083	288	181	10	8	272	20	301	4.44e-16	75.1
5_167	6_149	28.108	185	98	8	10	176	174	341	6.21e-05	40.0
5_168	6_151	100.000	323	0	0	1	323	1	323	0.0	657
5_169	6_152	100.000	694	0	0	1	694	1	694	0.0	1425
5_169	6_150	36.898	187	106	4	6	185	2	183	1.36e-24	103
5_169	6_150	23.009	226	143	9	266	480	165	370	8.45e-07	46.6
5_169	6_150	22.599	177	118	5	509	684	322	480	3.80e-06	44.3
5_169	6_250	37.008	127	62	2	13	139	116	224	9.11e-14	68.9
5_169	6_49	34.091	132	84	3	8	138	16	145	5.13e-13	65.9
5_170	6_153	100.000	141	0	0	1	141	1	141	5.95e-104	288
5_171	6_155	100.000	457	0	0	1	457	1	457	0.0	936
5_171	6_552	24.068	295	196	10	106	396	16	286	7.56e-09	51.6
5_171	6_355	26.351	148	100	5	159	302	335	477	1.30e-04	38.5
5_172	6_156	100.000	427	0	0	1	427	1	427	0.0	847
5_173	6_158	100.000	93	0	0	1	93	1	93	4.77e-68	193
5_174	6_159	100.000	259	0	0	1	259	1	259	0.0	514
5_175	6_160	100.000	144	0	0	1	144	1	144	8.24e-108	298
5_176	6_161	100.000	132	0	0	1	132	1	132	6.75e-95	264
5_177	6_162	100.000	145	0	0	1	145	1	145	1.38e-102	285
5_178	6_469	99.563	229	1	0	1	229	1	229	2.76e-168	458
5_178	6_545	29.932	147	96	3	82	226	110	251	6.32e-09	49.3
5_179	6_164	100.000	181	0	0	1	181	1	181	1.19e-134	369
5_180	6_165	100.000	46	0	0	1	46	1	46	2.31e-29	92.4
5_181	6_166	100.000	195	0	0	1	195	1	195	2.43e-144	394
5_182	6_472	99.598	249	1	0	1	249	1	249	0.0	498
5_183	6_167	100.000	245	0	0	1	245	1	245	7.69e-177	481
5_184	6_169	100.000	457	0	0	1	457	1	457	0.0	937
5_185	6_170	100.000	316	0	0	1	316	1	316	0.0	625
5_186	6_171	100.000	238	0	0	1	238	1	238	3.23e-176	479
5_186	6_67	35.349	215	114	6	25	223	26	231	5.72e-24	94.4
5_186	6_67	32.051	78	53	0	136	213	407	484	3.42e-07	45.1
5_186	6_31	40.000	85	51	0	133	217	156	240	7.35e-17	72.8
5_186	6_203	28.444	225	136	8	22	223	143	365	9.44e-17	73.6
5_186	6_246	27.805	205	136	6	22	218	20	220	2.10e-15	68.6
5_186	6_303	25.676	222	145	6	5	212	6	221	4.53e-14	65.5
5_186	6_303	25.446	224	142	7	22	225	283	501	3.21e-09	51.2
5_186	6_391	32.353	102	68	1	133	233	278	379	1.95e-12	60.5
5_186	6_391	31.915	47	32	0	22	68	63	109	4.36e-04	35.4
5_186	6_490	32.143	140	84	3	90	221	143	279	5.21e-12	59.3
5_186	6_358	30.108	93	64	1	133	224	615	707	5.71e-12	59.7
5_186	6_358	40.426	47	28	0	21	67	23	69	1.79e-07	45.8
5_186	6_497	32.292	96	63	2	127	221	500	594	1.73e-11	58.2
5_186	6_497	30.556	72	46	3	21	89	53	123	3.26e-04	35.8
5_186	6_462	29.596	223	136	8	8	221	4	214	2.06e-11	57.8
5_186	6_408	29.630	189	109	7	38	212	500	678	1.77e-10	55.1
5_186	6_224	31.313	99	67	1	136	233	232	330	1.81e-10	54.7
5_186	6_52	24.783	230	150	7	22	230	30	257	2.71e-10	53.9
5_186	6_55	23.913	230	153	7	1	220	66	283	7.00e-10	52.8
5_186	6_300	31.522	184	108	8	24	198	354	528	1.94e-09	51.6
5_186	6_516	28.125	192	104	6	22	197	340	513	2.92e-09	51.2
5_186	6_191	27.000	200	123	7	22	211	17	203	9.03e-09	50.1
5_186	6_461	27.174	184	109	7	24	196	19	188	6.57e-07	44.3
5_186	6_248	21.397	229	162	8	5	226	319	536	6.83e-07	43.9
5_186	6_248	22.363	237	149	6	5	213	1	230	1.08e-05	40.4
5_186	6_474	27.273	209	130	9	8	205	336	533	8.49e-07	43.9
5_186	6_268	26.582	79	57	1	135	212	153	231	3.07e-06	41.6
5_186	6_456	25.414	181	122	5	22	197	342	514	4.34e-06	41.6
5_187	6_177	100.000	202	0	0	1	202	1	202	1.50e-145	398
5_188	6_178	100.000	487	0	0	1	487	1	487	0.0	968
5_189	6_362	99.134	231	2	0	1	231	1	231	4.01e-160	437
5_190	6_179	100.000	457	0	0	1	457	1	457	0.0	926
5_190	6_319	37.168	452	279	4	2	450	7	456	4.08e-104	313
5_190	6_318	24.291	247	181	5	15	260	37	278	7.08e-08	48.9
5_190	6_365	22.819	298	203	11	119	402	116	400	3.64e-06	43.5
5_191	6_446	99.702	336	0	1	1	335	1	336	0.0	672
5_191	6_239	41.846	325	176	7	7	325	7	324	2.10e-72	222
5_191	6_264	27.195	353	208	16	9	326	325	663	5.44e-13	64.3
5_192	6_237	98.333	120	2	0	1	120	1	120	9.80e-84	235
5_193	6_182	100.000	77	0	0	1	77	1	77	1.95e-49	145
5_194	6_183	100.000	90	0	0	1	90	1	90	1.25e-61	177
5_195	6_184	100.000	156	0	0	1	156	1	156	1.34e-117	323
5_196	6_185	100.000	126	0	0	1	126	1	126	2.42e-88	247
5_197	6_186	100.000	174	0	0	1	174	1	174	6.38e-126	346
5_198	6_188	100.000	156	0	0	1	156	1	156	3.16e-113	313
5_199	6_189	100.000	147	0	0	1	147	1	147	3.01e-106	294
5_200	6_190	100.000	87	0	0	1	87	1	87	2.04e-61	176
5_201	6_500	99.688	321	1	0	1	321	1	321	0.0	640
5_201	6_526	22.892	249	168	11	57	298	29	260	2.33e-05	39.7
5_202	6_192	100.000	326	0	0	1	326	1	326	0.0	649
5_203	6_193	100.000	103	0	0	1	103	1	103	4.37e-70	199
5_204	6_194	100.000	93	0	0	1	93	1	93	6.71e-61	175
5_205	6_195	100.000	278	0	0	1	278	1	278	0.0	552
5_206	6_196	100.000	64	0	0	1	64	1	64	8.29e-41	122
5_207	6_433	99.537	216	1	0	1	216	1	216	1.93e-156	427
5_208	6_197	100.000	136	0	0	1	136	1	136	5.59e-92	257
5_209	6_254	99.425	174	1	0	1	174	1	174	7.22e-130	356
5_210	6_198	100.000	146	0	0	1	146	1	146	2.58e-102	284
5_211	6_199	100.000	127	0	0	1	127	1	127	1.90e-87	245
5_212	6_200	100.000	153	0	0	1	153	1	153	3.90e-108	300
5_213	6_201	100.000	143	0	0	1	143	1	143	1.83e-100	279
5_214	6_203	100.000	469	0	0	1	469	1	469	0.0	967
5_214	6_52	40.240	333	193	3	116	447	5	332	1.87e-74	233
5_214	6_358	44.737	114	63	0	273	386	614	727	2.52e-30	119
5_214	6_358	31.579	95	60	2	153	247	34	123	2.65e-07	47.4
5_214	6_391	45.082	122	66	1	269	389	273	394	1.51e-28	112
5_214	6_391	36.111	108	52	4	139	239	59	156	4.11e-12	62.4
5_214	6_246	26.800	250	159	8	122	370	3	229	1.78e-18	80.1
5_214	6_171	28.444	225	136	8	143	365	22	223	3.13e-16	72.8
5_214	6_224	32.520	123	71	3	247	357	190	312	7.29e-15	70.9
5_214	6_497	32.432	111	74	1	274	384	505	614	7.34e-15	71.6
5_214	6_55	30.645	186	110	6	153	336	90	258	5.50e-14	67.0
5_214	6_31	27.350	234	147	5	146	367	26	248	6.93e-14	66.6
5_214	6_490	23.448	145	108	2	244	388	162	303	2.03e-11	59.7
5_214	6_303	25.424	236	134	10	143	363	22	230	1.74e-09	54.3
5_214	6_303	25.194	258	149	8	115	355	259	489	5.43e-08	49.3
5_214	6_268	26.033	242	156	9	122	354	4	231	3.28e-09	52.0
5_214	6_462	25.688	218	138	7	142	359	16	209	5.57e-09	52.8
5_214	6_67	28.444	225	127	11	145	358	23	224	2.36e-08	50.4
5_214	6_67	24.483	290	175	11	99	364	224	493	1.26e-05	42.0
5_214	6_191	25.561	223	120	8	141	356	15	198	4.41e-08	50.1
5_214	6_461	25.592	211	123	8	142	347	16	197	4.69e-06	43.5
5_214	6_248	23.913	184	111	6	142	308	16	187	1.07e-04	38.9
5_214	6_222	29.897	97	57	4	277	364	834	928	1.88e-04	38.1
5_215	6_204	100.000	151	0	0	1	151	1	151	1.08e-108	301
5_215	6_488	32.500	120	78	2	15	132	22	140	1.01e-10	51.6
5_216	6_404	99.649	285	1	0	1	285	1	285	0.0	555
5_217	6_251	99.623	265	1	0	2	266	3	267	0.0	506
5_218	6_208	100.000	190	0	0	1	190	1	190	3.91e-143	391
5_219	6_264	99.850	665	1	0	1	665	1	665	0.0	1345
5_219	6_239	22.941	340	195	13	321	637	1	296	4.50e-09	52.8
5_219	6_446	28.452	239	134	10	325	557	9	216	1.29e-08	51.6
5_220	6_209	100.000	331	0	0	1	331	1	331	0.0	660
5_221	6_210	100.000	203	0	0	1	203	1	203	7.01e-147	401
5_222	6_211	100.000	149	0	0	1	149	1	149	1.73e-111	308
5_223	6_443	99.107	112	1	0	1	112	1	112	3.30e-77	218
5_224	6_213	100.000	267	0	0	1	267	1	267	0.0	541
5_224	6_20	26.502	283	175	9	3	260	19	293	4.86e-16	70.9
5_224	6_478	32.895	228	137	8	1	219	1	221	3.43e-15	69.3
5_224	6_306	23.897	272	196	8	4	265	2	272	8.56e-12	58.5
5_224	6_180	22.968	283	187	11	2	263	5	277	1.52e-08	48.9
5_224	6_409	32.203	59	40	0	183	241	188	246	1.09e-04	37.4
5_225	6_214	100.000	90	0	0	1	90	1	90	1.89e-57	166
5_226	6_215	100.000	221	0	0	1	221	1	221	2.68e-164	447
5_227	6_432	99.543	219	1	0	1	219	1	219	2.42e-159	434
5_228	6_216	100.000	70	0	0	1	70	1	70	3.05e-44	131
5_229	6_332	99.855	692	1	0	1	692	1	692	0.0	1370
5_230	6_217	100.000	95	0	0	1	95	1	95	2.40e-67	192
5_231	6_218	100.000	699	0	0	1	699	1	699	0.0	1417
5_231	6_495	26.393	754	439	25	16	692	6	720	1.78e-45	168
5_232	6_219	100.000	181	0	0	1	181	1	181	8.01e-131	359
5_233	6_555	98.889	90	1	0	1	90	1	90	4.79e-61	176
5_234	6_507	98.039	51	1	0	1	51	1	51	4.01e-33	102
5_235	6_221	100.000	232	0	0	1	232	1	232	5.74e-171	465
5_236	6_187	99.344	305	2	0	1	305	1	305	0.0	617
5_236	6_552	26.582	158	97	6	150	298	56	203	7.18e-05	38.1
5_236	6_355	24.419	344	193	13	4	298	157	482	1.44e-04	37.7
5_237	6_223	100.000	242	0	0	1	242	1	242	1.65e-178	484
5_238	6_333	99.296	142	1	0	1	142	1	142	5.89e-98	273
5_239	6_336	99.809	524	1	0	1	524	1	524	0.0	1018
5_239	6_486	24.573	293	191	10	9	294	4	273	4.69e-13	65.9
5_240	6_224	100.000	444	0	0	1	444	1	444	0.0	887
5_240	6_490	32.059	340	185	10	8	341	5	304	7.91e-38	136
5_240	6_497	38.624	189	111	4	205	390	481	667	3.86e-35	133
5_240	6_497	47.423	97	51	0	11	107	39	135	7.15e-23	96.3
5_240	6_391	27.041	392	247	11	10	379	43	417	7.46e-24	97.8
5_240	6_358	32.117	137	92	1	199	334	584	720	2.75e-20	88.2
5_240	6_358	40.541	37	22	0	20	56	18	54	6.15e-04	36.6
5_240	6_31	35.616	146	81	5	214	355	140	276	2.40e-17	77.0
5_240	6_31	25.962	104	55	3	24	106	21	123	8.97e-05	38.5
5_240	6_203	32.520	123	71	3	190	312	247	357	5.57e-15	71.2
5_240	6_246	34.545	110	71	1	212	321	118	226	4.48e-13	63.9
5_240	6_246	26.050	119	79	3	22	137	16	128	1.81e-05	40.8
5_240	6_55	36.170	94	54	2	24	111	78	171	6.38e-12	60.8
5_240	6_55	36.585	82	51	1	230	311	197	277	4.72e-10	55.1
5_240	6_303	30.147	136	88	4	202	333	112	244	6.84e-11	58.5
5_240	6_303	28.431	102	68	3	10	106	6	107	3.07e-08	50.1
5_240	6_303	25.287	87	64	1	224	310	404	489	3.91e-05	40.0
5_240	6_171	31.313	99	67	1	232	330	136	233	3.38e-10	54.7
5_240	6_191	32.990	97	63	1	10	106	1	95	6.96e-10	55.5
5_240	6_52	28.030	132	92	1	204	332	131	262	7.98e-10	54.7
5_240	6_268	31.313	99	68	0	211	309	133	231	5.05e-09	51.6
5_240	6_462	39.535	86	46	3	229	312	126	207	7.34e-09	52.4
5_240	6_462	31.915	94	62	1	10	103	1	92	1.11e-08	51.6
5_240	6_461	32.394	142	92	3	211	351	107	245	9.22e-09	52.0
5_240	6_461	32.955	88	57	1	16	103	7	92	1.04e-08	51.6
5_240	6_516	36.232	69	44	0	10	78	324	392	1.61e-07	47.8
5_240	6_516	33.645	107	54	3	193	293	419	514	5.57e-06	42.7
5_240	6_67	30.488	82	54	2	232	312	407	486	3.45e-07	46.6
5_240	6_67	28.333	60	43	0	11	70	8	67	3.75e-04	37.0
5_240	6_300	30.769	78	53	1	1	77	327	404	5.55e-06	42.7
5_240	6_300	35.294	68	41	1	229	296	464	528	4.86e-05	40.0
5_240	6_248	31.765	85	54	1	226	310	150	230	1.61e-05	41.6
5_240	6_248	27.586	58	42	0	10	67	1	58	2.07e-05	41.2
5_240	6_456	32.787	61	41	0	11	71	327	387	3.37e-05	40.4
5_240	6_222	38.667	75	43	2	224	296	485	558	1.15e-04	38.9
5_241	6_42	99.650	286	1	0	1	286	1	286	0.0	554
5_241	6_278	25.150	167	115	4	75	237	73	233	6.35e-05	38.1
5_242	6_278	99.270	274	2	0	1	274	1	274	0.0	536
5_242	6_42	25.749	167	114	4	73	233	75	237	3.77e-05	38.9
5_243	6_226	100.000	308	0	0	1	308	1	308	0.0	581
5_244	6_345	99.883	856	1	0	1	856	1	856	0.0	1718
5_244	6_554	30.952	588	378	12	171	746	1	572	5.37e-73	249
5_244	6_554	25.000	132	88	5	727	854	456	580	3.95e-04	38.1
5_244	6_546	57.143	119	51	0	50	168	6	124	1.20e-44	151
5_245	6_351	99.327	297	2	0	1	297	1	297	0.0	596
5_246	6_303	99.805	512	1	0	1	512	1	512	0.0	1016
5_246	6_67	30.469	512	327	14	11	511	12	505	2.31e-54	186
5_246	6_191	23.938	259	169	9	6	263	1	232	1.32e-14	70.9
5_246	6_191	23.301	206	140	4	282	487	16	203	1.27e-06	45.4
5_246	6_55	25.108	231	157	8	6	228	60	282	5.41e-14	67.4
5_246	6_55	30.263	76	53	0	412	487	199	274	1.96e-04	37.7
5_246	6_461	25.592	211	143	5	6	215	1	198	8.72e-14	68.6
5_246	6_461	26.531	196	126	5	277	472	11	188	9.82e-11	58.5
5_246	6_171	25.676	222	145	6	6	221	5	212	9.93e-14	65.5
5_246	6_171	25.446	224	142	7	283	501	22	225	6.98e-09	51.2
5_246	6_462	28.194	227	133	7	282	505	16	215	1.14e-13	67.8
5_246	6_462	25.688	218	140	7	20	235	15	212	1.43e-13	67.4
5_246	6_31	24.576	236	141	7	13	223	14	237	3.40e-12	62.0
5_246	6_31	27.027	222	133	8	286	489	26	236	4.35e-12	61.6
5_246	6_246	27.273	220	125	10	21	225	19	218	3.96e-12	61.2
5_246	6_246	25.541	231	157	8	264	492	1	218	6.40e-06	42.4
5_246	6_268	24.464	233	160	7	22	245	27	252	1.52e-11	59.3
5_246	6_268	21.875	224	167	5	267	487	12	230	1.33e-07	47.4
5_246	6_516	30.455	220	112	7	2	206	320	513	3.46e-11	59.7
5_246	6_224	30.147	136	88	4	112	244	202	333	8.03e-11	58.5
5_246	6_224	28.431	102	68	3	6	107	10	106	3.54e-08	50.1
5_246	6_224	25.287	87	64	1	404	489	224	310	4.43e-05	40.0
5_246	6_391	36.634	101	54	3	129	223	264	360	8.52e-11	58.2
5_246	6_391	35.443	79	50	1	412	489	281	359	4.43e-07	46.6
5_246	6_391	41.071	56	29	1	6	57	43	98	3.04e-06	43.9
5_246	6_497	34.409	93	54	2	402	490	498	587	1.50e-10	58.2
5_246	6_497	29.213	89	58	2	133	220	500	584	8.32e-08	49.3
5_246	6_497	29.348	92	54	4	16	104	48	131	8.46e-07	45.8
5_246	6_490	23.333	270	154	9	28	246	29	296	3.55e-10	56.2
5_246	6_490	32.609	92	57	2	399	489	184	271	1.05e-06	45.4
5_246	6_203	25.424	236	134	10	22	230	143	363	1.18e-09	54.7
5_246	6_203	25.296	253	145	8	262	487	118	353	4.72e-08	49.7
5_246	6_358	30.097	103	62	3	129	225	601	699	4.34e-08	50.1
5_246	6_358	27.723	101	72	1	410	509	616	716	1.39e-05	42.0
5_246	6_248	24.599	187	125	4	6	176	1	187	4.83e-07	46.6
5_246	6_52	26.267	217	134	9	32	230	40	248	5.47e-06	42.7
5_246	6_52	33.333	81	53	1	410	489	160	240	6.05e-05	39.7
5_246	6_408	22.353	170	119	4	37	202	499	659	2.69e-05	41.2
5_246	6_474	26.230	183	118	8	37	215	365	534	6.49e-04	36.6
5_246	6_222	27.184	103	72	1	373	472	795	897	7.28e-04	36.6
5_247	6_354	99.761	419	1	0	1	419	1	419	0.0	847
5_248	6_228	100.000	184	0	0	1	184	1	184	4.63e-136	372
5_249	6_229	100.000	218	0	0	1	218	1	218	5.93e-162	441
5_250	6_230	100.000	241	0	0	1	241	1	241	0.0	490
5_251	6_366	99.593	246	1	0	1	246	1	246	0.0	497
5_252	6_154	99.398	166	1	0	1	166	1	166	1.36e-116	322
5_253	6_232	100.000	76	0	0	1	76	1	76	2.74e-50	147
5_254	6_233	100.000	600	0	0	1	600	1	600	0.0	1198
5_255	6_323	99.855	691	1	0	1	691	1	691	0.0	1389
5_256	6_235	100.000	120	0	0	1	120	1	120	4.25e-85	238
5_257	6_236	100.000	694	0	0	1	694	1	694	0.0	1392
5_258	6_5	98.765	81	1	0	1	81	1	81	4.70e-57	165
5_259	6_238	100.000	335	0	0	1	335	1	335	0.0	663
5_260	6_440	99.687	639	1	1	1	638	1	639	0.0	1243
5_261	6_212	99.375	160	1	0	1	160	1	160	5.27e-113	312
5_262	6_241	100.000	212	0	0	1	212	1	212	1.03e-148	407
5_263	6_242	100.000	222	0	0	1	222	1	222	5.80e-163	444
5_264	6_21	99.412	170	1	0	1	170	1	170	1.54e-121	335
5_265	6_243	100.000	1216	0	0	1	1216	1	1216	0.0	2397
5_266	6_415	99.624	266	1	0	1	266	1	266	0.0	525
5_266	6_513	37.143	105	61	3	22	121	37	141	3.45e-14	65.5
5_267	6_246	100.000	272	0	0	1	272	1	272	0.0	542
5_267	6_31	34.188	234	133	6	19	232	22	254	2.72e-34	120
5_267	6_300	35.204	196	109	5	16	205	348	531	2.27e-19	82.0
5_267	6_203	26.800	250	159	8	3	229	122	370	7.29e-19	80.5
5_267	6_52	31.330	233	127	7	19	227	29	252	1.09e-18	79.3
5_267	6_55	28.636	220	132	4	19	225	79	286	1.56e-18	78.2
5_267	6_358	36.275	102	64	1	127	227	607	708	2.37e-15	70.5
5_267	6_358	33.333	75	43	3	23	91	27	100	2.63e-04	36.6
5_267	6_171	27.805	205	136	6	20	220	22	218	2.40e-15	68.6
5_267	6_516	32.057	209	122	8	1	204	324	517	1.25e-14	68.2
5_267	6_474	30.189	212	132	8	2	208	334	534	1.35e-14	67.8
5_267	6_462	31.081	222	129	11	1	215	1	205	3.44e-14	66.6
5_267	6_224	34.545	110	71	1	118	226	212	321	2.74e-13	63.9
5_267	6_224	26.050	119	79	3	16	128	22	137	1.11e-05	40.8
5_267	6_456	32.353	204	117	11	2	200	327	514	3.07e-13	63.9
5_267	6_497	31.776	107	72	1	116	221	486	592	3.24e-13	63.9
5_267	6_497	31.915	94	55	3	16	106	50	137	3.84e-06	42.4
5_267	6_248	27.778	198	108	5	16	185	13	203	1.10e-12	62.0
5_267	6_303	27.273	220	125	10	19	218	21	225	2.24e-12	61.2
5_267	6_303	25.541	231	157	8	1	218	264	492	3.89e-06	42.0
5_267	6_391	32.500	120	77	3	104	219	244	363	2.31e-12	61.2
5_267	6_391	29.167	96	58	3	1	87	43	137	8.17e-04	35.0
5_267	6_67	32.143	196	124	6	28	217	31	223	5.45e-12	60.1
5_267	6_490	28.571	126	85	2	112	236	171	292	4.29e-11	57.0
5_267	6_268	26.848	257	156	9	1	240	9	250	1.74e-08	48.5
5_267	6_461	23.618	199	141	6	16	212	13	202	3.18e-08	48.9
5_267	6_191	27.149	221	125	10	1	208	1	198	7.53e-08	47.8
5_267	6_222	29.801	151	85	7	90	224	783	928	1.16e-07	47.0
5_267	6_408	25.359	209	123	8	11	197	463	660	1.47e-07	46.6
5_268	6_248	100.000	538	0	0	1	538	1	538	0.0	1101
5_268	6_462	25.641	234	141	6	1	230	1	205	1.53e-12	64.3
5_268	6_462	28.571	210	133	8	319	519	1	202	1.33e-09	55.1
5_268	6_246	27.778	198	108	5	13	203	16	185	2.18e-12	62.0
5_268	6_461	22.993	274	175	5	1	272	1	240	6.39e-11	59.3
5_268	6_461	24.645	211	138	8	319	518	1	201	5.63e-06	43.5
5_268	6_516	28.877	187	109	5	1	187	324	486	7.06e-11	58.9
5_268	6_67	26.271	236	145	9	2	230	8	221	6.45e-10	55.8
5_268	6_67	32.432	74	47	2	453	523	149	222	3.38e-04	37.4
5_268	6_300	23.853	218	133	6	1	213	336	525	6.05e-09	52.8
5_268	6_474	44.898	49	27	0	13	61	346	394	9.34e-08	48.9
5_268	6_303	24.599	187	125	4	1	187	6	176	5.17e-07	46.6
5_268	6_497	35.088	57	37	0	2	58	39	95	6.79e-07	46.2
5_268	6_497	23.810	84	60	1	152	231	504	587	3.31e-05	40.8
5_268	6_31	24.286	210	127	6	20	213	26	219	9.04e-07	45.1
5_268	6_171	21.397	229	162	8	319	536	5	226	1.54e-06	43.9
5_268	6_171	22.363	237	149	6	1	230	5	213	2.45e-05	40.4
5_268	6_191	26.027	219	131	9	319	521	1	204	7.03e-06	43.1
5_268	6_191	20.851	235	133	6	1	219	1	198	8.86e-06	42.7
5_268	6_456	35.185	54	35	0	10	63	335	388	7.98e-06	42.7
5_268	6_224	31.765	85	54	1	150	230	226	310	1.95e-05	41.6
5_268	6_224	27.586	58	42	0	1	58	10	67	2.51e-05	41.2
5_268	6_268	22.511	231	149	6	320	525	10	235	4.48e-05	39.7
5_268	6_268	21.577	241	139	6	14	233	24	235	2.06e-04	37.7
5_268	6_203	23.913	184	111	6	16	187	142	308	1.07e-04	39.3
5_268	6_490	27.174	92	64	1	443	534	188	276	3.30e-04	37.4
5_268	6_408	25.126	199	105	10	32	217	499	666	4.52e-04	37.4
5_268	6_358	28.169	71	47	1	449	515	619	689	7.01e-04	36.6
5_268	6_391	34.783	46	30	0	16	61	62	107	8.20e-04	36.2
5_269	6_286	99.856	695	1	0	1	695	1	695	0.0	1375
5_270	6_250	100.000	599	0	0	1	599	1	599	0.0	1221
5_270	6_150	30.093	216	126	7	117	315	10	217	6.07e-17	78.6
5_270	6_152	37.008	127	62	2	116	224	13	139	8.00e-14	68.9
5_270	6_49	32.099	162	90	3	116	257	21	182	2.48e-13	66.6
5_271	6_401	99.694	327	1	0	1	327	1	327	0.0	659
5_272	6_406	99.758	826	2	0	1	826	1	826	0.0	1674
5_272	6_289	28.413	630	325	21	29	613	34	582	5.32e-49	177
5_273	6_83	99.620	263	1	0	1	263	1	263	0.0	503
5_273	6_342	27.350	117	73	3	48	152	110	226	1.46e-06	42.7
5_273	6_342	30.894	123	73	4	35	145	121	243	2.66e-05	38.9
5_274	6_428	99.786	467	1	0	1	467	1	467	0.0	952
5_275	6_257	100.000	107	0	0	1	107	1	107	2.31e-72	205
5_276	6_258	100.000	212	0	0	1	212	1	212	9.37e-157	427
5_277	6_259	100.000	120	0	0	1	120	1	120	5.19e-88	246
5_278	6_260	100.000	236	0	0	1	236	1	236	1.76e-172	469
5_278	6_376	33.088	136	64	8	4	113	16	150	6.97e-06	40.8
5_279	6_261	100.000	381	0	0	1	381	1	381	0.0	754
5_280	6_262	100.000	285	0	0	1	285	1	285	0.0	573
5_281	6_163	99.756	410	1	0	1	410	1	410	0.0	808
5_282	6_265	100.000	227	0	0	1	227	1	227	8.51e-164	446
5_283	6_55	99.674	307	1	0	1	307	1	307	0.0	615
5_283	6_191	32.735	223	133	7	60	279	1	209	1.18e-24	99.0
5_283	6_462	30.732	205	122	6	79	277	16	206	3.37e-20	85.5
5_283	6_461	29.442	197	127	5	79	273	16	202	2.51e-19	82.8
5_283	6_246	28.636	220	132	4	79	286	19	225	1.97e-18	78.2
5_283	6_52	28.972	214	133	6	58	258	14	221	1.25e-15	70.9
5_283	6_391	42.857	84	47	1	194	276	276	359	6.04e-15	69.3
5_283	6_391	32.407	108	68	2	59	163	42	147	2.15e-07	46.2
5_283	6_203	31.282	195	113	8	81	258	146	336	1.84e-14	68.2
5_283	6_303	25.108	231	157	8	60	282	6	228	3.39e-14	67.4
5_283	6_303	30.263	76	53	0	199	274	412	487	9.96e-05	38.1
5_283	6_490	24.779	226	119	3	84	258	27	252	1.08e-13	65.5
5_283	6_358	31.000	100	68	1	188	286	607	706	1.21e-13	65.9
5_283	6_268	25.472	212	146	4	56	258	5	213	4.44e-13	62.8
5_283	6_31	27.885	208	112	7	78	258	21	217	3.75e-12	60.5
5_283	6_224	36.170	94	54	2	78	171	24	111	4.96e-12	60.5
5_283	6_224	36.585	82	51	1	197	277	230	311	3.77e-10	54.7
5_283	6_497	34.146	82	53	1	194	274	503	584	8.44e-10	53.9
5_283	6_497	31.707	82	46	2	84	163	58	131	6.98e-08	48.1
5_283	6_171	24.272	206	141	6	83	283	25	220	2.19e-09	51.6
5_283	6_67	25.405	185	119	6	83	257	26	201	6.37e-09	51.2
5_283	6_67	23.387	248	159	10	59	279	244	487	8.38e-06	41.6
5_283	6_474	31.527	203	114	11	79	271	349	536	1.36e-08	50.1
5_283	6_408	29.167	168	103	8	97	257	501	659	1.74e-08	50.1
5_283	6_300	25.510	196	125	7	79	267	351	532	6.91e-08	48.1
5_283	6_456	29.570	186	108	8	79	257	341	510	8.77e-08	47.8
5_283	6_516	25.683	183	122	4	79	258	339	510	8.99e-08	47.8
5_284	6_296	99.737	380	1	0	1	380	1	380	0.0	773
5_285	6_266	100.000	163	0	0	1	163	1	163	7.21e-119	327
5_286	6_268	100.000	256	0	0	1	256	1	256	0.0	509
5_286	6_391	34.711	121	77	2	126	244	251	371	2.22e-16	72.8
5_286	6_55	27.358	212	142	4	5	213	56	258	7.86e-16	70.5
5_286	6_490	25.714	280	163	5	8	244	6	283	2.60e-15	69.3
5_286	6_358	30.508	118	73	2	134	250	597	706	3.39e-14	66.6
5_286	6_461	27.136	199	126	4	28	225	18	198	2.81e-13	63.9
5_286	6_303	24.138	232	162	10	27	252	22	245	3.11e-12	60.5
5_286	6_303	22.566	226	163	6	12	230	267	487	4.39e-09	50.8
5_286	6_203	25.203	246	153	8	4	231	122	354	1.91e-11	58.2
5_286	6_246	27.237	257	155	9	9	250	1	240	6.78e-11	55.8
5_286	6_31	25.806	217	145	9	27	231	23	235	8.61e-11	55.5
5_286	6_462	25.664	226	139	7	24	245	14	214	1.50e-10	55.5
5_286	6_497	33.766	77	51	0	154	230	508	584	2.66e-09	52.0
5_286	6_497	29.885	87	55	2	27	112	54	135	1.80e-04	37.0
5_286	6_224	31.313	99	68	0	133	231	211	309	2.78e-09	51.6
5_286	6_52	27.801	241	145	11	6	231	13	239	1.22e-08	49.3
5_286	6_191	23.188	207	138	6	23	227	13	200	3.20e-08	48.5
5_286	6_67	24.074	216	151	7	20	231	14	220	4.97e-08	47.8
5_286	6_67	24.180	244	146	10	30	251	277	503	1.77e-05	40.0
5_286	6_300	26.699	206	131	7	9	212	336	523	7.37e-08	47.4
5_286	6_171	22.831	219	137	7	22	231	17	212	2.20e-06	42.0
5_286	6_248	22.271	229	152	6	10	235	320	525	3.01e-06	42.4
5_286	6_248	21.992	241	138	8	24	235	14	233	2.76e-05	39.3
5_286	6_408	28.333	180	105	7	40	212	497	659	3.00e-05	39.3
5_286	6_516	21.053	209	141	7	9	214	324	511	1.98e-04	36.6
5_286	6_474	24.312	218	127	10	8	214	332	522	2.33e-04	36.6
5_286	6_222	28.889	90	53	4	136	218	815	900	3.43e-04	36.2
5_287	6_269	100.000	158	0	0	1	158	1	158	1.01e-115	319
5_288	6_271	100.000	350	0	0	1	350	1	350	0.0	716
5_289	6_488	98.742	159	2	0	1	159	1	159	2.18e-116	321
5_289	6_204	32.500	120	78	2	22	140	15	132	6.88e-11	52.4
5_290	6_497	99.862	725	1	0	1	725	1	725	0.0	1468
5_290	6_224	38.624	189	111	4	481	667	205	390	6.24e-35	133
5_290	6_224	47.423	97	51	0	39	135	11	107	1.14e-22	96.3
5_290	6_490	40.146	137	82	0	481	617	166	302	3.51e-31	120
5_290	6_490	30.088	113	70	2	38	150	7	110	5.39e-11	59.3
5_290	6_358	25.735	136	99	2	481	614	590	725	2.50e-17	80.9
5_290	6_358	28.049	164	100	5	42	204	12	158	2.45e-07	48.5
5_290	6_391	38.298	94	57	1	501	594	274	366	8.84e-17	77.8
5_290	6_391	30.469	128	74	3	33	145	38	165	1.52e-10	58.2
5_290	6_203	32.432	111	74	1	505	614	274	384	1.73e-14	70.9
5_290	6_246	31.776	107	72	1	486	592	116	221	8.97e-13	63.9
5_290	6_246	31.915	94	55	3	50	137	16	106	1.04e-05	42.4
5_290	6_31	25.806	155	88	3	501	655	152	279	2.45e-12	62.8
5_290	6_31	30.952	84	39	3	53	117	22	105	1.19e-05	42.4
5_290	6_462	34.066	91	58	1	498	588	119	207	1.76e-11	61.6
5_290	6_462	33.333	99	58	3	39	134	2	95	6.07e-07	47.0
5_290	6_171	32.292	96	63	2	500	594	127	221	5.08e-11	58.2
5_290	6_171	30.556	72	46	3	53	123	21	89	0.001	35.8
5_290	6_303	34.409	93	54	2	498	587	402	490	2.22e-10	57.8
5_290	6_303	29.213	89	58	2	500	584	133	220	1.23e-07	49.3
5_290	6_303	29.348	92	54	4	48	131	16	104	1.10e-06	46.2
5_290	6_461	31.897	116	70	2	474	589	102	208	1.58e-09	55.5
5_290	6_461	32.673	101	60	2	39	136	2	97	2.57e-07	48.5
5_290	6_55	34.146	82	53	1	503	584	194	274	2.34e-09	53.9
5_290	6_55	31.707	82	46	2	58	131	84	163	2.25e-07	47.8
5_290	6_52	29.358	109	76	1	505	612	159	267	1.01e-08	52.0
5_290	6_52	25.899	139	83	6	30	151	4	139	4.41e-04	37.4
5_290	6_268	33.766	77	51	0	508	584	154	230	1.34e-08	51.2
5_290	6_191	30.357	112	75	2	39	149	2	111	3.11e-08	51.2
5_290	6_191	31.081	74	49	1	508	581	129	200	1.50e-05	42.7
5_290	6_67	30.476	105	70	1	38	139	7	111	5.08e-08	50.4
5_290	6_67	25.974	77	56	1	508	584	407	482	6.66e-04	37.0
5_290	6_516	34.247	73	48	0	36	108	322	394	4.78e-07	47.4
5_290	6_516	29.545	132	77	7	448	572	393	515	5.70e-05	40.4
5_290	6_248	35.088	57	37	0	39	95	2	58	9.07e-07	46.2
5_290	6_248	23.810	84	60	1	504	587	152	231	4.66e-05	40.8
5_290	6_300	27.778	90	61	2	493	581	452	538	1.45e-06	45.8
5_290	6_474	33.333	66	43	1	36	100	331	396	2.61e-05	41.6
5_290	6_456	25.301	83	59	1	36	115	324	406	2.75e-04	38.5
5_291	6_378	99.740	385	1	0	1	385	1	385	0.0	766
5_291	6_121	32.877	219	139	5	160	377	106	317	2.12e-21	88.6
5_291	6_120	24.000	225	145	7	175	384	151	364	5.32e-04	36.2
5_292	6_275	100.000	351	0	0	1	351	1	351	0.0	685
5_292	6_120	27.358	318	207	7	6	316	61	361	8.41e-23	92.8
5_293	6_350	99.671	607	2	0	1	607	1	607	0.0	1217
5_294	6_276	100.000	429	0	0	1	429	1	429	0.0	864
5_295	6_280	100.000	88	0	0	1	88	1	88	6.74e-60	172
5_296	6_157	99.569	232	1	0	1	232	1	232	3.03e-173	471
5_297	6_281	100.000	452	0	0	1	452	1	452	0.0	884
5_298	6_131	99.510	204	1	0	1	204	1	204	5.91e-143	392
5_299	6_461	99.870	772	1	0	1	772	1	772	0.0	1504
5_299	6_462	48.402	438	198	9	1	416	1	432	7.95e-108	338
5_299	6_462	45.736	129	70	0	644	772	518	646	7.98e-23	98.2
5_299	6_191	30.788	812	476	21	1	772	1	766	5.47e-87	286
5_299	6_55	29.442	197	127	5	16	202	79	273	4.32e-19	83.6
5_299	6_67	32.673	202	122	5	6	195	12	211	1.34e-15	74.7
5_299	6_303	25.592	211	143	5	1	198	6	215	1.22e-13	68.6
5_299	6_303	26.020	196	127	5	11	188	277	472	4.33e-10	57.0
5_299	6_31	25.000	208	129	5	17	198	23	229	1.36e-13	67.0
5_299	6_300	26.415	212	137	7	1	201	336	539	7.68e-12	62.8
5_299	6_268	27.451	204	119	8	18	198	28	225	8.82e-12	60.8
5_299	6_474	31.373	204	111	9	13	200	346	536	2.85e-11	60.8
5_299	6_456	30.882	204	134	4	2	201	327	527	3.07e-11	60.8
5_299	6_248	22.993	274	175	5	1	240	1	272	8.41e-11	59.3
5_299	6_248	24.645	211	138	8	1	201	319	518	7.68e-06	43.5
5_299	6_497	31.897	116	70	2	102	208	474	589	1.67e-09	55.5
5_299	6_497	30.233	129	77	3	2	120	39	164	2.76e-07	48.5
5_299	6_490	30.986	142	89	5	59	197	128	263	1.89e-09	54.7
5_299	6_490	52.778	36	17	0	21	56	27	62	5.19e-05	40.4
5_299	6_516	28.351	194	128	6	1	188	324	512	1.44e-08	52.4
5_299	6_224	32.394	142	92	3	107	245	211	351	1.64e-08	52.0
5_299	6_224	32.955	88	57	1	7	92	16	103	1.79e-08	52.0
5_299	6_246	23.618	199	141	6	13	202	16	212	9.27e-08	48.9
5_299	6_391	25.191	131	91	3	72	197	223	351	1.29e-07	48.9
5_299	6_408	24.479	192	131	5	23	204	490	677	2.94e-07	48.1
5_299	6_222	38.144	97	51	4	110	200	815	908	6.26e-07	47.4
5_299	6_222	28.571	147	88	6	64	193	416	562	1.49e-04	39.7
5_299	6_358	27.957	93	65	1	108	198	597	689	7.17e-07	47.0
5_299	6_171	27.174	184	109	7	19	188	24	196	2.19e-06	44.3
5_299	6_203	25.592	211	123	8	16	197	142	347	5.61e-06	43.9
5_299	6_52	30.682	88	57	2	114	197	145	232	1.89e-04	38.9
5_300	6_462	99.846	650	1	0	1	650	1	650	0.0	1261
5_300	6_461	48.402	438	198	9	1	432	1	416	5.65e-108	338
5_300	6_461	39.344	183	105	1	470	646	590	772	8.17e-31	123
5_300	6_191	39.823	452	246	10	1	438	1	440	2.37e-89	289
5_300	6_191	29.348	184	126	2	467	646	583	766	2.66e-16	77.0
5_300	6_55	30.732	205	122	6	16	206	79	277	2.07e-20	87.0
5_300	6_474	32.558	215	117	9	2	200	334	536	2.68e-15	73.6
5_300	6_300	29.717	212	130	8	1	201	336	539	4.17e-15	72.8
5_300	6_31	28.169	213	128	6	18	205	24	236	3.58e-14	68.2
5_300	6_246	31.081	222	129	11	1	205	1	215	1.89e-13	65.9
5_300	6_303	25.688	218	140	7	15	212	20	235	3.11e-13	66.6
5_300	6_303	27.753	227	134	7	16	215	282	505	8.86e-13	65.5
5_300	6_67	29.524	210	134	5	10	205	12	221	1.58e-12	64.7
5_300	6_67	28.326	233	135	9	2	208	261	487	7.04e-09	52.8
5_300	6_248	25.641	234	141	6	1	205	1	230	1.72e-12	64.7
5_300	6_248	28.571	210	133	8	1	202	319	519	1.80e-09	54.7
5_300	6_516	28.365	208	110	6	1	188	324	512	8.41e-11	58.9
5_300	6_171	29.596	223	136	8	4	214	8	221	9.63e-11	57.0
5_300	6_408	31.285	179	100	8	32	195	499	669	5.66e-10	56.6
5_300	6_497	32.967	91	59	1	119	207	498	588	1.09e-09	55.8
5_300	6_497	33.333	99	58	3	2	95	39	134	5.78e-07	47.0
5_300	6_490	29.333	150	99	3	60	207	129	273	1.85e-09	54.3
5_300	6_490	43.636	55	31	0	2	56	8	62	1.19e-05	42.4
5_300	6_268	26.407	231	131	10	14	214	24	245	5.72e-09	52.0
5_300	6_358	34.940	83	52	1	127	207	616	698	5.82e-09	53.5
5_300	6_203	25.688	218	138	7	16	209	142	359	1.28e-08	52.0
5_300	6_224	31.915	94	62	1	1	92	10	103	1.66e-08	51.6
5_300	6_224	39.535	86	46	3	126	207	229	312	3.24e-08	50.8
5_300	6_456	29.167	216	137	9	2	209	327	534	5.54e-08	50.1
5_300	6_391	32.692	104	64	3	115	215	267	367	5.90e-08	49.7
5_300	6_52	32.941	85	55	1	127	209	160	244	2.63e-05	41.2
5_300	6_222	36.905	84	44	4	121	198	826	906	1.30e-04	39.3
5_301	6_465	99.796	979	2	0	1	979	1	979	0.0	1928
5_302	6_96	99.749	398	1	0	1	398	1	398	0.0	810
5_303	6_285	100.000	297	0	0	1	297	1	297	0.0	578
5_304	6_298	99.128	344	3	0	1	344	1	344	0.0	676
5_304	6_11	24.308	325	166	12	64	333	46	345	1.69e-05	40.4
5_305	6_122	99.296	142	1	0	1	142	1	142	4.83e-103	286
5_305	6_488	25.714	105	72	3	3	103	10	112	5.72e-05	35.8
5_306	6_299	99.796	490	1	0	1	490	1	490	0.0	959
5_307	6_252	99.824	569	1	0	1	569	1	569	0.0	1100
5_307	6_68	30.556	216	124	4	79	285	18	216	9.44e-12	60.8
5_308	6_291	100.000	256	0	0	1	256	1	256	0.0	510
5_309	6_18	99.823	564	1	0	1	564	1	564	0.0	1103
5_309	6_520	31.347	453	261	10	98	533	10	429	4.33e-52	179
5_309	6_372	31.020	461	254	11	95	533	214	632	3.56e-51	181
5_309	6_558	32.267	375	205	10	178	533	14	358	9.21e-46	160
5_309	6_529	30.024	423	248	9	118	533	232	613	1.62e-44	161
5_309	6_371	30.496	423	234	11	131	540	144	519	7.09e-44	159
5_310	6_420	98.936	188	2	0	1	188	1	188	6.47e-138	377
5_311	6_538	98.896	634	7	0	63	696	1	634	0.0	1248
5_312	6_293	100.000	145	0	0	1	145	1	145	1.94e-102	284
5_313	6_294	100.000	270	0	0	1	270	1	270	0.0	546
5_314	6_295	100.000	720	0	0	1	720	1	720	0.0	1484
5_315	6_130	99.785	465	1	0	1	465	1	465	0.0	927
5_316	6_400	99.827	579	1	0	1	579	1	579	0.0	1177
5_317	6_13	99.634	273	1	0	1	273	1	273	0.0	562
5_318	6_301	100.000	65	0	0	1	65	1	65	5.15e-45	133
5_319	6_357	99.574	939	4	0	1	939	1	939	0.0	1897
5_320	6_365	99.609	511	2	0	1	511	1	511	0.0	1043
5_320	6_318	43.385	325	173	6	105	423	125	444	2.49e-74	239
5_320	6_319	24.201	219	162	3	125	340	131	348	6.87e-08	49.3
5_320	6_179	22.819	298	203	11	116	400	119	402	3.76e-06	43.5
5_321	6_297	98.969	194	2	0	1	194	1	194	7.97e-143	390
5_321	6_54	37.888	161	95	3	4	160	3	162	1.82e-27	98.2
5_322	6_466	99.698	662	2	0	1	662	1	662	0.0	1326
5_323	6_467	99.568	463	2	0	1	463	1	463	0.0	932
5_324	6_305	100.000	121	0	0	1	121	1	121	7.43e-88	246
5_325	6_388	99.434	883	5	0	1	883	1	883	0.0	1776
5_326	6_288	99.776	892	2	0	1	892	1	892	0.0	1800
5_327	6_394	99.479	384	2	0	1	384	1	384	0.0	764
5_328	6_395	99.638	276	1	0	1	276	1	276	0.0	548
5_328	6_4	36.255	251	125	6	1	233	1	234	2.72e-31	112
5_329	6_75	99.842	632	1	0	1	632	1	632	0.0	1285
5_330	6_311	100.000	197	0	0	1	197	1	197	2.29e-134	369
5_331	6_312	100.000	641	0	0	1	641	1	641	0.0	1287
5_331	6_37	44.131	639	334	9	3	626	5	635	6.86e-168	489
5_332	6_283	99.005	402	4	0	1	402	1	402	0.0	793
5_333	6_282	97.143	385	11	0	1	385	1	385	0.0	730
5_334	6_139	98.883	179	2	0	1	179	1	179	5.57e-126	347
5_335	6_318	99.408	507	3	0	1	507	1	507	0.0	1008
5_335	6_365	43.077	325	174	6	125	444	105	423	5.45e-74	238
5_335	6_319	26.757	370	260	7	58	421	44	408	1.35e-25	103
5_335	6_179	21.687	332	250	6	37	363	15	341	3.40e-07	47.0
5_336	6_320	99.379	161	1	0	1	161	1	161	1.06e-117	324
5_337	6_321	99.672	305	1	0	1	305	1	305	0.0	603
5_338	6_322	99.773	440	1	0	1	440	1	440	0.0	875
5_338	6_447	36.269	193	110	4	101	283	125	314	1.65e-26	103
5_339	6_143	99.780	455	1	0	1	455	1	455	0.0	927
5_340	6_145	99.638	276	1	0	1	276	1	276	0.0	562
5_341	6_146	99.758	414	1	0	1	414	1	414	0.0	827
5_342	6_324	99.495	1584	8	0	1	1584	1	1584	0.0	3123
5_342	6_207	26.006	323	185	12	917	1223	623	907	4.76e-14	72.0
5_342	6_207	37.383	107	59	3	281	385	297	397	1.19e-05	44.3
5_343	6_234	99.807	517	1	0	1	517	1	517	0.0	1006
5_344	6_326	99.399	999	6	0	1	999	1	999	0.0	2009
5_345	6_327	99.580	238	1	0	1	238	1	238	5.75e-172	468
5_346	6_222	99.789	947	2	0	1	947	1	947	0.0	1932
5_346	6_246	29.801	151	85	7	783	928	90	224	3.85e-07	47.0
5_346	6_461	39.130	92	47	4	820	908	115	200	6.87e-07	47.4
5_346	6_461	28.571	147	88	6	416	562	64	193	1.58e-04	39.7
5_346	6_31	32.051	78	50	1	820	897	145	219	1.34e-06	45.8
5_346	6_31	30.000	80	54	1	479	558	145	222	5.93e-06	43.5
5_346	6_191	36.585	82	43	4	834	912	129	204	1.71e-05	42.7
5_346	6_391	25.168	298	194	12	628	907	63	349	9.33e-05	40.0
5_346	6_358	33.333	102	63	3	476	574	601	700	1.77e-04	39.7
5_346	6_462	36.905	84	44	4	826	906	121	198	1.80e-04	39.7
5_346	6_224	38.667	75	43	2	485	558	224	296	2.29e-04	38.9
5_346	6_203	29.897	97	57	4	834	928	277	364	3.92e-04	38.1
5_346	6_52	29.825	114	68	5	833	943	161	265	5.16e-04	37.7
5_347	6_329	80.716	503	51	6	1	478	1	482	0.0	743
5_348	6_36	99.693	326	1	0	1	326	1	326	0.0	650
5_349	6_331	99.448	1086	6	0	1	1086	1	1086	0.0	2124
5_349	6_335	24.222	450	279	15	23	431	12	440	3.77e-08	52.0
5_349	6_308	24.947	469	294	15	18	451	14	459	1.27e-07	50.1
5_349	6_457	22.624	221	146	6	31	226	14	234	5.66e-05	41.6
5_349	6_509	22.707	458	302	16	16	430	5	453	9.50e-05	40.8
5_349	6_487	27.523	218	136	8	62	260	30	244	1.42e-04	40.0
5_350	6_548	99.153	945	8	0	21	965	1	945	0.0	1854
5_350	6_458	23.270	318	183	13	20	297	22	318	2.55e-08	52.4
5_350	6_334	26.286	175	110	5	24	191	12	174	5.32e-04	38.1
5_351	6_335	96.527	1094	14	3	1	1084	1	1080	0.0	2084
5_351	6_308	27.298	1077	658	34	1	1034	6	1000	8.25e-81	280
5_351	6_457	31.988	322	208	5	4	322	1	314	3.60e-43	165
5_351	6_457	25.839	298	177	8	521	777	726	1020	2.89e-16	78.6
5_351	6_457	35.965	114	69	4	357	468	472	583	2.72e-10	58.9
5_351	6_509	24.412	553	309	20	6	496	4	509	2.19e-14	72.4
5_351	6_487	24.936	393	233	13	26	394	7	361	1.26e-13	69.7
5_351	6_331	24.889	450	276	16	12	440	23	431	7.78e-09	54.3
5_352	6_338	99.273	1376	6	1	1	1376	1	1372	0.0	2679
5_352	6_349	67.888	1392	424	6	1	1376	1	1385	0.0	1837
5_353	6_339	94.154	325	19	0	31	355	58	382	0.0	566
5_353	6_340	54.545	209	92	2	149	354	3	211	2.16e-64	199
5_354	6_43	99.825	571	1	0	1	571	1	571	0.0	1147
5_355	6_225	99.552	446	2	0	1	446	1	446	0.0	889
5_356	6_343	99.524	1470	7	0	1	1470	1	1470	0.0	2964
5_356	6_398	22.670	719	354	27	789	1426	188	785	7.86e-17	80.9
5_357	6_344	97.248	109	3	0	1	109	1	109	8.10e-73	207
5_357	6_454	32.812	64	42	1	38	100	79	142	1.85e-06	38.9
5_358	6_346	98.276	232	4	0	1	232	1	232	1.38e-161	441
5_359	6_348	99.495	1982	10	0	1	1982	1	1982	0.0	3853
5_359	6_549	30.345	870	557	19	45	884	8	858	1.84e-94	323
5_359	6_517	35.516	397	209	11	60	425	37	417	1.21e-54	196
5_360	6_349	99.134	1386	6	1	1	1380	1	1386	0.0	2711
5_360	6_338	68.103	1392	411	7	1	1379	1	1372	0.0	1830
5_361	6_352	99.024	205	2	0	1	205	1	205	1.34e-143	393
5_362	6_353	99.760	416	1	0	1	416	1	416	0.0	796
5_363	6_51	99.751	402	1	0	1	402	1	402	0.0	804
5_364	6_355	99.509	611	3	0	1	611	1	611	0.0	1221
5_364	6_552	29.787	329	223	5	285	609	15	339	9.22e-46	160
5_364	6_536	30.303	132	90	1	169	300	17	146	5.66e-15	67.4
5_364	6_187	24.277	346	195	13	155	482	2	298	8.01e-08	48.9
5_364	6_155	28.704	216	131	10	277	477	95	302	1.07e-04	39.3
5_365	6_356	99.346	306	2	0	1	306	1	306	0.0	605
5_366	6_550	99.278	693	2	1	88	777	1	693	0.0	1380
5_366	6_537	38.045	665	335	20	109	743	11	628	4.45e-122	376
5_366	6_227	100.000	75	0	0	1	75	1	75	6.58e-46	154
5_366	6_476	28.529	333	193	12	301	602	310	628	7.57e-27	111
5_367	6_52	99.713	349	1	0	1	349	1	349	0.0	712
5_367	6_203	39.940	333	194	3	5	332	116	447	8.94e-78	241
5_367	6_358	36.646	161	82	3	118	266	570	722	1.58e-29	114
5_367	6_391	37.500	136	83	1	131	266	252	385	7.19e-28	107
5_367	6_391	29.630	135	70	5	7	125	32	157	4.14e-09	52.0
5_367	6_246	31.330	233	127	7	29	252	19	227	3.38e-23	92.4
5_367	6_55	28.972	214	133	6	14	221	58	258	9.08e-19	80.5
5_367	6_31	33.043	115	74	2	140	254	139	250	9.44e-14	65.5
5_367	6_171	24.783	230	150	7	30	257	22	230	9.47e-14	64.7
5_367	6_224	30.357	112	75	1	131	242	204	312	2.78e-13	65.1
5_367	6_268	38.462	78	48	0	162	239	154	231	2.04e-12	61.2
5_367	6_497	28.440	109	77	1	159	267	505	612	1.65e-11	59.7
5_367	6_497	25.899	139	83	6	4	139	30	151	2.28e-04	37.4
5_367	6_490	26.984	126	88	2	142	267	176	297	1.94e-11	58.9
5_367	6_300	29.612	206	115	11	29	228	351	532	1.06e-08	50.8
5_367	6_303	26.267	217	134	9	40	248	32	230	3.40e-08	49.3
5_367	6_303	33.333	81	53	1	160	240	410	489	5.77e-07	45.4
5_367	6_462	32.941	85	55	1	160	244	127	209	8.28e-08	48.1
5_367	6_191	24.880	209	125	7	29	232	16	197	1.97e-07	47.0
5_367	6_222	30.702	114	67	5	161	265	833	943	3.65e-07	46.2
5_367	6_461	26.549	113	77	3	145	255	114	222	7.80e-07	45.1
5_367	6_516	26.667	210	115	10	29	228	339	519	1.50e-06	44.3
5_367	6_67	25.000	236	148	10	28	249	273	493	4.88e-06	42.4
5_367	6_248	27.143	70	47	2	163	232	449	514	3.48e-04	36.6
5_367	6_456	26.857	175	106	8	49	223	361	513	3.79e-04	36.6
5_368	6_358	99.484	775	4	0	1	775	1	775	0.0	1523
5_368	6_391	37.751	249	137	4	530	775	204	437	2.41e-43	157
5_368	6_391	40.206	97	54	2	22	115	61	156	4.27e-13	66.6
5_368	6_203	45.536	112	61	0	614	725	273	384	6.25e-30	118
5_368	6_203	31.250	96	61	2	33	123	152	247	6.74e-07	47.0
5_368	6_52	37.267	161	81	3	570	722	118	266	9.37e-26	103
5_368	6_224	32.117	137	92	1	584	720	199	334	4.62e-20	88.2
5_368	6_497	26.761	142	97	3	584	725	480	614	2.43e-17	80.9
5_368	6_497	28.049	164	100	5	12	158	42	204	6.59e-07	47.0
5_368	6_31	39.091	110	66	1	599	708	140	248	2.43e-16	75.1
5_368	6_490	37.363	91	57	0	619	709	194	284	3.18e-15	72.8
5_368	6_246	36.275	102	64	1	607	708	127	227	6.68e-15	70.5
5_368	6_246	33.333	75	43	3	27	100	23	91	7.36e-04	36.6
5_368	6_268	30.508	118	73	2	597	706	134	250	1.56e-13	65.9
5_368	6_55	31.000	100	68	1	607	706	188	286	3.55e-13	65.9
5_368	6_171	30.108	93	64	1	615	707	133	224	1.97e-11	59.3
5_368	6_171	40.426	47	28	0	23	69	21	67	6.40e-07	45.8
5_368	6_462	34.940	83	52	1	616	698	127	207	2.37e-09	55.1
5_368	6_303	30.097	103	62	3	601	699	129	225	6.68e-08	50.1
5_368	6_303	27.723	101	72	1	616	716	410	509	2.06e-05	42.0
5_368	6_191	30.476	105	65	2	618	722	129	225	4.60e-07	47.8
5_368	6_300	38.983	59	33	1	618	676	467	522	6.90e-07	47.0
5_368	6_461	27.957	93	65	1	597	689	108	198	7.64e-07	47.0
5_368	6_67	25.532	94	63	2	609	699	398	487	8.41e-06	43.5
5_368	6_474	36.508	63	34	2	38	96	364	424	1.06e-04	39.7
5_368	6_222	33.333	102	63	3	601	700	476	574	1.39e-04	39.7
5_368	6_248	28.169	71	47	1	619	689	449	515	0.001	37.0
5_368	6_516	37.313	67	38	2	612	678	449	511	0.001	36.6
5_369	6_359	99.323	443	3	0	1	443	1	443	0.0	881
5_370	6_360	99.439	1425	8	0	1	1425	1	1425	0.0	2858
5_371	6_361	99.016	305	3	0	1	305	1	305	0.0	607
5_372	6_176	99.753	405	1	0	1	405	1	405	0.0	808
5_374	6_363	99.620	527	2	0	1	527	1	527	0.0	1021
5_375	6_364	99.325	741	5	0	1	741	1	741	0.0	1486
5_376	6_180	99.346	306	2	0	1	306	1	306	0.0	627
5_376	6_20	26.552	290	175	9	10	278	21	293	4.21e-20	83.2
5_376	6_213	22.581	279	186	10	9	277	5	263	1.17e-07	46.6
5_376	6_478	23.019	265	163	8	12	261	8	246	1.90e-06	43.5
5_376	6_306	27.397	73	51	1	7	79	2	72	3.91e-05	38.9
5_376	6_409	32.877	73	43	1	186	258	180	246	1.83e-04	37.0
5_377	6_274	99.723	361	1	0	1	361	1	361	0.0	734
5_378	6_172	99.827	578	1	0	1	578	1	578	0.0	1160
5_379	6_367	98.684	304	4	0	1	304	1	304	0.0	587
5_379	6_430	22.266	256	179	5	58	300	61	309	2.13e-12	61.2
5_380	6_368	99.149	705	6	0	1	705	1	705	0.0	1374
5_381	6_369	97.214	323	3	1	1	323	1	317	0.0	621
5_382	6_370	98.507	201	3	0	1	201	1	201	2.07e-147	402
5_383	6_371	99.819	553	1	0	1	553	1	553	0.0	1134
5_383	6_372	65.393	471	140	6	80	533	189	653	0.0	598
5_383	6_372	42.500	120	41	6	4	111	1	104	5.08e-14	69.3
5_383	6_529	39.588	485	271	7	44	513	137	614	1.18e-105	325
5_383	6_520	38.753	449	221	17	98	512	1	429	2.91e-76	243
5_383	6_558	34.104	346	185	7	199	514	28	360	8.07e-56	186
5_383	6_18	30.496	423	234	11	144	519	131	540	2.27e-44	160
5_383	6_519	30.151	199	109	8	18	195	17	206	8.85e-12	59.3
5_384	6_372	97.583	662	14	1	1	662	1	660	0.0	1302
5_384	6_371	66.242	471	136	6	191	655	80	533	0.0	605
5_384	6_371	42.500	120	41	6	1	104	4	111	5.98e-14	69.3
5_384	6_529	42.623	427	226	5	211	635	205	614	1.80e-102	320
5_384	6_520	40.865	416	204	12	239	634	36	429	1.08e-79	254
5_384	6_558	35.912	362	181	7	302	636	23	360	3.74e-61	203
5_384	6_18	32.104	461	249	12	216	634	95	533	1.28e-53	188
5_384	6_519	39.655	58	33	2	239	295	143	199	4.03e-06	42.7
5_385	6_231	99.432	176	1	0	1	176	1	176	8.69e-130	356
5_385	6_149	40.741	54	29	1	19	69	6	59	2.42e-06	41.2
5_385	6_149	28.415	183	118	5	5	175	157	338	3.29e-06	40.8
5_385	6_382	39.344	61	33	3	19	76	10	69	1.59e-04	35.8
5_386	6_373	90.392	739	62	6	1	736	2831	3563	0.0	1300
5_387	6_374	94.168	3772	196	9	1	3763	1	3757	0.0	6970
5_387	6_373	26.549	226	135	7	2830	3038	2640	2851	1.52e-05	45.4
5_387	6_373	24.335	263	144	12	346	572	496	739	3.13e-05	44.7
5_388	6_375	99.134	231	2	0	1	231	1	231	2.01e-169	461
5_389	6_376	99.667	300	1	0	1	300	1	300	0.0	603
5_389	6_3	32.707	266	148	14	25	283	23	264	1.81e-24	95.1
5_389	6_260	33.088	136	64	8	16	150	4	113	1.05e-05	40.4
5_390	6_377	99.310	145	1	0	1	145	1	145	1.29e-104	290
5_391	6_482	100.000	1458	0	0	1195	2652	1	1458	0.0	2885
5_392	6_480	99.728	367	1	0	1	367	1	367	0.0	744
5_392	6_135	35.433	127	57	2	6	132	160	261	9.79e-15	69.3
5_393	6_479	98.387	186	3	0	1	186	1	186	4.41e-138	378
5_394	6_267	98.462	260	4	0	1	260	1	260	0.0	514
5_395	6_56	99.690	323	1	0	1	323	1	323	0.0	634
5_396	6_478	99.329	447	3	0	1	447	1	447	0.0	880
5_396	6_213	31.878	229	138	9	1	221	1	219	8.86e-17	74.7
5_396	6_409	27.306	271	162	14	3	254	4	258	1.16e-07	47.4
5_396	6_180	22.305	269	160	7	8	246	12	261	2.56e-06	43.5
5_397	6_477	99.382	647	4	0	1	647	1	647	0.0	1270
5_398	6_520	93.735	431	21	1	112	536	1	431	0.0	810
5_398	6_558	65.789	342	108	4	202	536	21	360	4.52e-154	439
5_398	6_372	39.362	470	235	15	90	534	188	632	2.62e-80	259
5_398	6_519	61.576	203	68	3	1	197	1	199	2.06e-75	232
5_398	6_371	35.110	544	278	22	17	534	18	512	2.22e-74	241
5_398	6_529	32.778	540	309	16	18	535	107	614	5.00e-60	204
5_398	6_18	31.614	446	261	9	122	534	99	533	1.95e-51	179
5_399	6_558	99.420	345	2	0	200	544	16	360	0.0	700
5_399	6_520	68.337	439	129	5	108	544	1	431	0.0	582
5_399	6_519	98.529	204	3	0	1	204	1	204	4.01e-139	396
5_399	6_371	32.545	550	296	17	17	544	18	514	4.74e-74	240
5_399	6_372	34.989	463	244	11	107	544	204	634	5.15e-73	240
5_399	6_529	30.411	559	303	17	38	543	89	614	8.10e-52	181
5_399	6_18	31.183	465	254	14	116	542	97	533	9.72e-50	175
5_400	6_486	99.427	524	3	0	1	524	1	524	0.0	1009
5_400	6_336	24.915	293	190	10	4	273	9	294	1.25e-13	67.4
5_401	6_485	99.598	249	1	0	1	249	1	249	1.13e-177	483
5_402	6_484	99.608	510	2	0	1	510	1	510	0.0	1043
5_403	6_58	99.646	565	2	0	1	565	1	565	0.0	1096
5_404	6_483	97.735	309	7	0	1	309	1	309	0.0	583
5_405	6_59	98.667	75	1	0	1	75	1	75	2.53e-50	147
5_405	6_427	71.667	60	17	0	3	62	8	67	6.31e-25	90.9
5_405	6_464	68.293	41	13	0	22	62	45	85	1.14e-15	64.3
5_405	6_492	49.091	55	21	2	21	75	26	73	1.11e-08	44.7
5_406	6_427	76.724	812	178	6	1	804	1	809	0.0	1227
5_406	6_464	45.685	788	391	13	27	803	45	806	0.0	615
5_406	6_492	33.698	822	454	28	1	775	1	778	2.29e-100	324
5_406	6_59	78.689	61	13	0	8	68	3	63	1.47e-28	103
5_407	6_437	99.522	627	3	0	1	627	1	627	0.0	1242
5_408	6_313	100.000	321	0	0	1	321	1	321	0.0	642
5_408	6_27	42.857	56	28	1	8	63	15	66	1.34e-07	47.4
5_409	6_436	99.579	475	2	0	1	475	1	475	0.0	918
5_410	6_435	99.332	449	3	0	1	449	1	449	0.0	920
5_410	6_417	28.163	245	158	8	18	255	14	247	9.55e-13	64.3
5_410	6_417	46.154	39	21	0	409	447	503	541	1.12e-05	42.0
5_410	6_390	23.176	466	288	19	14	442	51	483	2.84e-09	53.1
5_411	6_434	99.522	418	2	0	1	418	1	418	0.0	849
5_412	6_84	97.802	91	2	0	1	91	1	91	1.14e-61	177
5_413	6_314	100.000	99	0	0	1	99	1	99	6.11e-69	196
5_414	6_430	99.365	315	2	0	1	315	1	315	0.0	624
5_414	6_367	21.908	283	199	6	36	309	31	300	9.93e-13	62.4
5_415	6_88	99.587	242	1	0	1	242	1	242	5.13e-175	476
5_415	6_380	26.772	127	68	4	81	203	46	151	2.98e-04	35.0
5_416	6_545	99.602	251	1	0	2	252	1	251	0.0	493
5_416	6_469	29.932	147	96	3	111	252	82	226	7.62e-09	49.3
5_417	6_90	99.074	216	2	0	1	216	1	216	1.96e-145	399
5_418	6_379	99.754	407	1	0	5	411	1	407	0.0	812
5_419	6_384	99.154	473	4	0	1	473	1	473	0.0	918
5_420	6_103	99.320	147	1	0	1	147	1	147	2.39e-106	295
5_421	6_385	97.683	259	6	0	1	259	1	259	0.0	509
5_422	6_255	99.119	227	2	0	1	227	1	227	1.23e-166	453
5_423	6_202	100.000	145	0	0	1	145	1	145	1.06e-106	295
5_424	6_389	99.577	709	3	0	1	709	1	709	0.0	1420
5_425	6_287	98.413	63	1	0	1	63	1	63	1.38e-41	124
5_426	6_392	99.361	2033	13	0	1	2033	1	2033	0.0	4070
5_427	6_120	99.727	366	1	0	1	366	1	366	0.0	722
5_427	6_275	27.358	318	207	7	61	361	6	316	9.30e-23	92.8
5_428	6_427	95.318	598	23	1	1	598	218	810	0.0	1119
5_428	6_464	43.144	598	280	15	2	590	236	782	5.63e-130	395
5_428	6_492	32.406	611	317	22	3	568	220	779	3.29e-56	198
5_429	6_426	98.969	194	2	0	1	194	1	194	8.74e-141	385
5_430	6_425	99.574	469	2	0	1	469	1	469	0.0	933
5_431	6_424	99.027	514	5	0	1	514	1	514	0.0	1033
5_431	6_455	26.490	151	100	3	2	141	50	200	1.79e-09	54.7
5_431	6_455	34.426	61	35	2	294	349	574	634	2.55e-05	41.2
5_431	6_263	34.444	90	58	1	3	91	29	118	4.39e-08	50.1
5_431	6_263	33.000	100	59	3	264	355	513	612	9.53e-08	48.9
5_431	6_441	24.084	191	113	4	3	161	32	222	9.00e-08	49.3
5_432	6_423	98.750	240	3	0	1	240	1	240	0.0	498
5_433	6_20	99.661	295	1	0	1	295	1	295	0.0	593
5_433	6_180	26.897	290	174	9	21	293	10	278	1.19e-20	84.7
5_433	6_213	26.148	283	176	9	19	293	3	260	1.31e-15	70.1
5_433	6_306	26.792	265	164	10	21	275	5	249	2.67e-13	63.5
5_434	6_422	99.249	666	5	0	1	666	1	666	0.0	1335
5_434	6_476	62.963	81	30	0	232	312	200	280	2.72e-25	105
5_435	6_315	100.000	615	0	0	1	615	1	615	0.0	1266
5_436	6_419	99.769	865	2	0	1	865	1	865	0.0	1710
5_437	6_23	99.773	880	2	0	1	880	1	880	0.0	1777
5_438	6_24	99.614	259	1	0	1	259	1	259	0.0	526
5_439	6_244	99.779	452	1	0	1	452	1	452	0.0	919
5_440	6_307	99.710	690	2	0	1	690	1	690	0.0	1369
5_441	6_316	100.000	317	0	0	1	317	1	317	0.0	643
5_442	6_413	98.852	871	10	0	1	871	1	871	0.0	1694
5_443	6_289	99.832	594	1	0	1	594	1	594	0.0	1189
5_443	6_406	28.413	630	325	21	34	582	29	613	2.73e-44	163
5_444	6_63	99.635	274	1	0	1	274	1	274	0.0	558
5_445	6_317	100.000	225	0	0	1	225	1	225	2.69e-163	445
5_446	6_397	98.976	293	3	0	1	293	1	293	0.0	574
5_447	6_398	99.694	981	3	0	1	981	1	981	0.0	1975
5_447	6_343	22.222	720	356	26	188	785	789	1426	1.11e-17	82.8
5_448	6_205	99.115	113	1	0	1	113	1	113	3.96e-81	228
5_449	6_206	97.917	96	2	0	1	96	1	96	2.37e-67	192
5_450	6_399	99.700	666	2	0	1	666	1	666	0.0	1346
5_451	6_207	99.906	1065	0	1	1	1064	1	1065	0.0	2130
5_451	6_324	26.625	323	183	13	622	906	917	1223	4.56e-14	71.2
5_451	6_324	37.383	107	59	3	296	396	281	385	4.42e-10	58.2
5_452	6_403	99.802	505	1	0	1	505	1	505	0.0	1028
5_453	6_405	98.918	462	5	0	1	462	1	462	0.0	920
5_454	6_68	99.670	303	1	0	1	303	1	303	0.0	575
5_454	6_252	31.050	219	119	5	18	216	79	285	1.49e-11	59.3
5_455	6_407	99.387	816	5	0	1	816	1	816	0.0	1669
5_455	6_475	28.734	616	325	23	249	802	246	809	1.77e-45	170
5_456	6_439	99.231	520	4	0	1	520	1	520	0.0	1007
5_457	6_441	99.635	823	3	0	1	823	1	823	0.0	1652
5_457	6_455	24.291	741	451	18	18	668	34	754	1.12e-48	180
5_457	6_263	22.781	338	192	11	393	679	398	717	1.20e-13	68.9
5_457	6_263	27.174	184	113	4	6	186	3	168	1.01e-08	53.1
5_457	6_424	23.560	191	114	4	32	222	3	161	3.47e-07	47.8
5_458	6_442	99.617	783	3	0	1	783	1	783	0.0	1559
5_459	6_444	99.352	463	3	0	1	463	1	463	0.0	919
5_460	6_448	99.554	673	3	0	1	673	1	673	0.0	1343
5_460	6_328	22.179	514	380	10	6	512	10	510	7.37e-32	126
5_461	6_449	98.805	251	3	0	1	251	1	251	3.42e-179	487
5_462	6_450	99.438	534	3	0	1	534	1	534	0.0	1054
5_463	6_452	98.871	443	5	0	1	443	1	443	0.0	865
5_464	6_453	98.513	269	4	0	1	269	65	333	0.0	525
5_465	6_455	99.661	886	3	0	1	886	1	886	0.0	1798
5_465	6_441	24.212	698	427	16	34	711	18	633	2.58e-47	176
5_465	6_263	22.941	340	205	10	440	753	393	701	1.51e-14	72.0
5_465	6_263	23.563	174	120	3	27	199	8	169	7.07e-09	53.9
5_465	6_424	25.828	151	101	3	50	200	2	141	3.61e-09	54.3
5_465	6_424	34.426	61	35	2	574	634	294	349	4.71e-05	41.2
5_466	6_554	99.448	724	4	0	6	729	1	724	0.0	1418
5_466	6_345	31.535	593	378	12	1	577	166	746	3.47e-77	260
5_466	6_345	25.191	131	87	5	461	584	727	853	3.43e-04	38.1
5_467	6_284	99.020	408	4	0	1	408	1	408	0.0	816
5_468	6_464	97.022	806	23	1	1	805	1	806	0.0	1561
5_468	6_427	45.355	818	391	15	1	786	1	794	0.0	620
5_468	6_492	34.657	831	425	30	1	768	1	776	1.08e-103	333
5_468	6_59	68.293	41	13	0	45	85	22	62	9.29e-15	64.7
5_469	6_463	98.566	558	8	0	1	558	1	558	0.0	1115
5_469	6_522	46.275	443	195	12	90	506	12	437	3.39e-119	356
5_469	6_560	42.949	468	208	14	120	553	20	462	1.59e-106	323
5_469	6_501	41.315	426	211	9	148	553	3	409	1.03e-83	262
5_469	6_561	44.533	375	145	12	127	451	1	362	1.76e-74	236
5_469	6_564	41.379	290	132	12	191	451	1	281	1.83e-47	162
5_469	6_562	36.250	320	151	9	180	447	1	319	2.83e-40	143
5_469	6_302	45.263	95	45	3	16	103	1	95	1.08e-16	70.5
5_470	6_460	99.419	344	2	0	1	344	1	344	0.0	701
5_470	6_383	27.451	204	135	5	121	314	3	203	1.92e-15	69.7
5_471	6_459	99.597	496	2	0	1	496	1	496	0.0	971
5_471	6_510	28.000	400	244	15	122	489	188	575	4.77e-23	97.1
5_472	6_458	98.301	1177	16	2	1	1173	1	1177	0.0	2313
5_472	6_334	32.576	264	156	5	7	261	5	255	9.68e-30	122
5_472	6_334	27.636	275	153	14	711	972	534	775	1.90e-10	59.7
5_472	6_412	31.855	248	152	8	10	252	13	248	2.35e-23	101
5_472	6_412	26.070	257	163	11	722	970	496	733	3.84e-04	38.9
5_472	6_508	29.560	159	99	4	6	161	2	150	3.86e-11	62.0
5_472	6_499	22.879	389	252	14	7	384	2	353	6.86e-06	44.7
5_472	6_548	39.474	38	23	0	281	318	240	277	4.06e-04	38.9
5_473	6_457	97.705	1220	21	2	1	1213	1	1220	0.0	2368
5_473	6_335	28.680	394	227	7	1	386	4	351	2.66e-43	166
5_473	6_335	27.273	286	165	8	720	1001	521	767	6.22e-17	80.9
5_473	6_335	37.168	113	63	5	475	583	360	468	4.76e-10	58.2
5_473	6_308	32.867	286	182	5	3	285	11	289	1.61e-34	137
5_473	6_308	30.928	291	137	10	737	1015	545	783	3.08e-23	101
5_473	6_308	32.231	121	72	5	477	594	361	474	1.77e-05	43.5
5_473	6_487	25.714	245	153	5	10	249	1	221	4.45e-15	74.7
5_473	6_509	26.556	241	150	8	1	234	1	221	1.44e-10	60.1
5_473	6_509	21.997	641	394	25	506	1101	403	982	1.02e-05	44.3
5_473	6_331	23.077	221	145	5	14	234	31	226	8.93e-05	41.2
5_474	6_263	99.747	790	2	0	1	790	1	790	0.0	1606
5_474	6_455	22.647	340	206	10	393	701	440	753	4.50e-14	70.5
5_474	6_455	23.563	174	120	3	8	169	27	199	6.52e-09	53.9
5_474	6_441	24.103	195	101	6	398	592	393	540	4.61e-12	63.9
5_474	6_441	27.174	184	113	4	3	168	6	186	8.81e-09	53.1
5_474	6_424	34.444	90	58	1	29	118	3	91	4.42e-08	50.8
5_474	6_424	33.000	100	59	3	513	612	264	355	1.58e-07	48.9
5_475	6_468	99.257	404	3	0	1	404	1	404	0.0	810
5_476	6_470	99.383	324	2	0	1	324	1	324	0.0	639
5_477	6_471	99.471	946	5	0	1	946	1	946	0.0	1858
5_478	6_168	99.857	700	1	0	1	700	1	700	0.0	1419
5_479	6_473	98.969	582	6	0	1	582	1	582	0.0	1171
5_479	6_475	35.354	99	52	5	484	582	724	810	7.09e-04	37.0
5_480	6_300	99.629	539	2	0	1	539	1	539	0.0	1046
5_480	6_516	28.893	533	353	10	7	533	8	520	3.40e-49	172
5_480	6_456	31.604	212	135	3	331	538	321	526	1.28e-30	120
5_480	6_474	38.914	221	127	7	322	538	320	536	5.64e-30	118
5_480	6_246	34.694	196	110	5	348	531	16	205	6.44e-19	81.6
5_480	6_462	29.717	212	130	8	336	539	1	201	3.58e-15	72.8
5_480	6_191	29.897	194	126	6	336	525	1	188	4.77e-13	66.2
5_480	6_461	26.415	212	137	7	336	539	1	201	6.16e-12	62.8
5_480	6_408	31.138	167	94	7	369	522	501	659	5.59e-10	56.2
5_480	6_171	31.522	184	108	8	354	528	24	198	2.77e-09	52.4
5_480	6_248	23.853	218	133	6	336	525	1	213	8.50e-09	52.4
5_480	6_67	31.148	183	104	8	355	522	26	201	4.51e-08	50.1
5_480	6_55	25.510	196	125	7	351	532	79	267	7.11e-08	48.5
5_480	6_358	38.983	59	33	1	467	522	618	676	5.90e-07	46.6
5_480	6_497	27.778	90	61	2	452	538	493	581	1.25e-06	45.4
5_480	6_490	29.412	85	52	2	441	522	172	251	4.61e-06	43.1
5_480	6_52	29.126	206	116	11	351	532	29	228	6.35e-06	42.7
5_480	6_224	30.769	78	53	1	327	404	1	77	9.29e-06	42.4
5_480	6_224	35.294	68	41	1	464	528	229	296	6.78e-05	39.7
5_480	6_268	26.699	206	131	7	336	523	9	212	2.67e-05	40.4
5_480	6_391	38.983	59	33	1	467	522	281	339	5.74e-05	40.0
5_480	6_303	23.037	191	123	6	352	525	22	205	0.001	36.2
5_481	6_474	99.627	536	2	0	1	536	1	536	0.0	1017
5_481	6_456	31.836	512	323	9	35	536	31	526	1.99e-55	189
5_481	6_300	38.914	221	127	7	320	536	322	538	6.21e-30	118
5_481	6_516	35.922	206	126	5	328	531	319	520	5.71e-24	100
5_481	6_462	32.864	213	115	9	334	534	2	198	3.96e-15	72.8
5_481	6_246	30.189	212	132	8	334	534	2	208	4.43e-14	67.4
5_481	6_408	31.551	187	110	5	319	495	455	633	4.90e-14	69.3
5_481	6_461	31.373	204	111	9	346	536	13	200	2.15e-11	60.8
5_481	6_55	31.527	203	114	11	349	536	79	271	2.97e-08	50.1
5_481	6_248	44.898	49	27	0	346	394	13	61	8.76e-08	48.9
5_481	6_191	28.505	214	123	10	334	534	2	198	6.98e-07	46.2
5_481	6_171	27.273	209	130	9	336	533	8	205	2.77e-06	43.1
5_481	6_67	26.136	176	110	6	363	524	36	205	1.71e-05	41.6
5_481	6_497	33.333	66	43	1	331	396	36	100	2.70e-05	41.2
5_481	6_358	36.508	63	34	2	364	424	38	96	7.89e-05	39.7
5_481	6_490	38.000	100	46	5	327	415	1	95	1.45e-04	38.5
5_481	6_391	27.132	129	76	4	302	425	23	138	3.01e-04	37.7
5_481	6_31	22.527	182	118	4	364	522	37	218	6.27e-04	36.2
5_481	6_303	26.230	183	118	8	365	534	37	215	8.43e-04	36.2
5_482	6_475	99.517	828	4	0	1	828	1	828	0.0	1669
5_482	6_407	28.571	616	326	23	246	809	249	802	8.74e-45	167
5_483	6_476	98.684	760	10	0	1	760	1	760	0.0	1524
5_483	6_537	30.539	334	203	9	309	640	206	512	4.02e-34	133
5_483	6_537	51.807	83	13	3	1	64	1	75	1.15e-11	62.4
5_483	6_550	28.399	331	196	11	310	628	217	518	1.44e-27	113
5_483	6_422	64.198	81	29	0	200	280	232	312	2.33e-25	106
5_484	6_489	99.677	620	2	0	1	620	1	620	0.0	1245
5_485	6_490	99.223	386	3	0	1	386	1	386	0.0	754
5_485	6_224	32.059	340	185	10	5	304	8	341	1.75e-38	138
5_485	6_497	40.146	137	82	0	166	302	481	617	1.85e-31	120
5_485	6_497	30.088	113	70	2	7	110	38	150	1.60e-11	60.1
5_485	6_358	37.363	91	57	0	194	284	619	709	1.43e-15	72.8
5_485	6_391	33.333	90	60	0	194	283	282	371	7.47e-15	70.1
5_485	6_268	25.357	280	164	5	6	283	8	244	3.06e-14	66.6
5_485	6_55	24.779	226	119	3	27	252	84	258	5.22e-14	66.6
5_485	6_171	32.143	140	84	3	143	279	90	221	8.93e-12	59.3
5_485	6_203	23.404	141	104	2	164	303	251	388	1.41e-11	60.1
5_485	6_246	24.221	289	161	9	8	292	2	236	3.78e-11	57.8
5_485	6_31	25.402	311	163	12	27	307	27	298	6.70e-11	57.4
5_485	6_52	27.778	126	87	2	176	297	142	267	1.07e-10	57.0
5_485	6_461	31.818	132	85	4	134	263	69	197	4.61e-10	55.8
5_485	6_461	52.778	36	17	0	27	62	21	56	2.36e-05	40.8
5_485	6_462	29.851	134	91	2	141	273	76	207	1.11e-09	54.3
5_485	6_462	43.636	55	31	0	8	62	2	56	6.19e-06	42.4
5_485	6_303	23.048	269	154	9	30	296	29	246	7.20e-09	51.6
5_485	6_303	32.609	92	57	2	184	271	399	489	7.63e-07	45.4
5_485	6_191	34.483	87	53	2	183	268	119	202	1.03e-08	51.6
5_485	6_191	31.579	95	58	3	8	95	2	96	7.34e-04	35.8
5_485	6_67	28.788	132	85	4	146	271	356	484	8.48e-08	48.1
5_485	6_300	29.412	85	52	2	172	251	441	522	3.08e-06	43.5
5_485	6_474	38.000	100	46	5	1	95	327	415	8.53e-05	38.9
5_485	6_248	27.174	92	64	1	188	276	443	534	2.41e-04	37.4
5_485	6_408	45.588	68	27	4	4	69	465	524	2.62e-04	37.4
5_485	6_516	50.000	46	23	0	8	53	325	370	3.98e-04	36.6
5_486	6_191	99.478	766	0	1	1	762	1	766	0.0	1497
5_486	6_461	30.693	808	478	19	1	762	1	772	3.16e-92	300
5_486	6_462	39.823	452	246	10	1	440	1	438	5.01e-90	291
5_486	6_462	33.588	131	87	0	632	762	516	646	1.83e-15	74.7
5_486	6_55	32.735	223	133	7	1	209	60	279	3.86e-24	98.6
5_486	6_31	27.488	211	126	7	17	201	23	232	5.16e-15	71.2
5_486	6_303	23.938	259	169	9	1	232	6	263	2.53e-14	70.5
5_486	6_303	23.301	206	140	4	16	203	282	487	3.41e-06	44.7
5_486	6_300	30.412	194	125	6	1	188	336	525	3.22e-13	67.0
5_486	6_67	29.630	216	130	6	2	201	8	217	3.69e-13	67.0
5_486	6_224	32.990	97	63	1	1	95	10	106	1.38e-09	55.5
5_486	6_516	27.230	213	130	7	1	199	324	525	2.87e-09	54.7
5_486	6_456	29.187	209	137	7	2	204	327	530	8.32e-09	53.1
5_486	6_490	34.483	87	53	2	119	202	183	268	2.03e-08	51.6
5_486	6_532	26.263	396	229	16	302	655	19	393	2.82e-08	51.2
5_486	6_497	30.357	112	75	2	2	111	39	149	3.52e-08	51.2
5_486	6_497	31.081	74	49	1	129	200	508	581	1.79e-05	42.4
5_486	6_171	27.000	200	123	7	17	203	22	211	3.60e-08	49.7
5_486	6_203	25.561	223	120	8	15	198	141	356	1.16e-07	49.3
5_486	6_246	27.149	221	125	10	1	198	1	208	2.09e-07	47.8
5_486	6_268	29.545	88	59	2	115	200	141	227	4.55e-07	46.6
5_486	6_391	29.600	125	78	5	115	230	267	390	4.83e-07	47.4
5_486	6_358	30.476	105	65	2	129	225	618	722	6.58e-07	47.0
5_486	6_474	28.505	214	123	10	2	198	334	534	7.27e-07	46.6
5_486	6_52	24.880	209	125	7	16	197	29	232	1.42e-05	42.4
5_486	6_248	20.851	235	133	6	1	198	1	219	1.64e-05	42.4
5_486	6_248	26.027	219	131	9	1	204	319	521	1.65e-05	42.4
5_486	6_222	36.585	82	43	4	129	204	834	912	1.81e-05	42.4
5_486	6_408	24.638	207	127	6	13	195	468	669	9.07e-05	40.0
5_487	6_2	99.091	110	1	0	1	110	1	110	3.06e-79	223
5_488	6_491	99.676	309	1	0	171	479	2	310	0.0	619
5_488	6_563	99.412	170	1	0	1	170	1	170	1.53e-123	352
5_488	6_400	23.592	373	216	15	38	359	197	551	5.20e-04	37.0
5_489	6_412	98.793	663	8	0	1	663	1	663	0.0	1290
5_489	6_334	29.037	706	446	15	1	661	1	696	5.22e-70	241
5_489	6_458	32.661	248	150	8	13	248	10	252	8.00e-25	104
5_489	6_508	27.500	160	102	7	8	159	3	156	6.40e-08	50.4
5_490	6_308	99.509	1018	5	0	1	1018	1	1018	0.0	1972
5_490	6_335	27.281	1052	661	31	6	991	1	1014	2.26e-81	281
5_490	6_457	33.217	286	181	5	11	289	3	285	3.75e-35	139
5_490	6_457	31.724	290	137	11	545	783	743	1022	4.08e-23	100
5_490	6_457	32.231	121	72	5	361	474	477	594	1.79e-05	43.1
5_490	6_487	27.083	240	153	8	18	255	1	220	3.63e-10	58.2
5_490	6_509	21.848	801	472	31	11	699	2	760	1.06e-08	53.9
5_490	6_331	25.112	446	278	14	14	436	18	430	1.38e-07	50.1
5_491	6_410	99.861	719	1	0	1	719	1	719	0.0	1429
5_492	6_495	99.457	736	4	0	1	736	1	736	0.0	1461
5_492	6_218	26.260	754	440	25	6	720	16	692	7.46e-45	166
5_493	6_499	99.356	931	6	0	1	931	1	931	0.0	1832
5_493	6_334	26.941	219	124	7	9	225	17	201	5.72e-08	51.2
5_493	6_458	22.680	388	252	14	2	352	7	383	1.27e-05	43.5
5_493	6_508	30.864	162	92	7	60	208	55	209	1.89e-05	42.7
5_494	6_272	97.521	121	3	0	1	121	1	121	6.25e-78	221
5_495	6_494	99.918	1217	1	0	1	1217	1	1217	0.0	2488
5_496	6_393	97.630	422	10	0	1	422	1	422	0.0	830
5_497	6_427	100.000	216	0	0	1	216	1	216	2.41e-151	435
5_497	6_464	52.340	235	91	3	1	216	1	233	9.22e-74	233
5_497	6_492	36.239	218	135	4	1	216	1	216	1.10e-37	133
5_497	6_59	70.492	61	18	0	8	68	3	63	1.87e-26	92.4
5_498	6_289	42.647	68	33	2	22	83	312	379	1.18e-09	47.8
5_498	6_406	50.943	53	26	0	31	83	381	433	6.76e-09	45.4
5_499	6_55	90.909	77	7	0	1	77	76	152	5.82e-46	144
5_499	6_224	39.189	74	39	1	3	76	24	91	3.72e-11	51.6
5_499	6_497	38.028	71	32	3	9	76	58	119	1.35e-07	41.6
5_499	6_516	38.000	50	31	0	4	53	339	388	3.79e-07	40.4
5_499	6_246	34.722	72	43	2	4	75	19	86	6.88e-07	39.7
5_499	6_462	28.378	74	45	2	4	77	16	81	1.40e-06	38.9
5_499	6_391	37.333	75	44	1	3	74	61	135	1.87e-06	38.5
5_499	6_461	29.730	74	44	2	4	77	16	81	2.77e-06	37.7
5_499	6_191	28.378	74	45	1	4	77	16	81	5.19e-06	37.0
5_499	6_300	31.915	47	32	0	4	50	351	397	5.91e-06	37.0
5_499	6_408	42.857	42	23	1	22	63	501	541	1.19e-05	36.2
5_499	6_303	41.176	34	20	0	5	38	22	55	1.47e-05	35.8
5_499	6_474	39.583	48	27	2	4	50	349	395	4.34e-05	34.7
5_499	6_456	31.169	77	46	2	4	75	341	415	8.73e-05	33.5
5_501	6_502	100.000	55	0	0	1	55	1	55	5.49e-35	107
5_502	6_503	100.000	288	0	0	1	288	1	288	0.0	563
5_503	6_506	99.127	229	2	0	1	229	1	229	7.86e-166	451
5_504	6_518	100.000	396	0	0	1	396	1	396	0.0	807
5_505	6_142	99.698	331	1	0	1	331	1	331	0.0	664
5_506	6_504	99.240	263	2	0	1	263	1	263	0.0	510
5_506	6_149	33.846	65	33	4	113	171	5	65	1.72e-04	37.0
5_506	6_135	35.000	60	27	2	113	164	159	214	3.36e-04	35.8
5_506	6_382	29.524	105	66	3	113	212	9	110	3.45e-04	35.8
5_507	6_334	97.507	1083	15	2	1	1082	1	1072	0.0	2114
5_507	6_412	28.923	1096	657	32	13	1080	17	1018	1.51e-112	369
5_507	6_458	30.026	383	216	11	5	344	7	380	7.40e-31	125
5_507	6_458	25.000	400	209	18	445	769	584	967	2.40e-08	52.8
5_507	6_508	29.677	155	101	3	13	161	10	162	1.51e-13	69.7
5_507	6_499	28.959	221	117	9	17	201	9	225	4.74e-08	51.6
5_508	6_505	98.801	417	1	1	1	417	1	413	0.0	788
5_509	6_508	96.040	1389	27	5	1	1365	1	1385	0.0	2649
5_509	6_334	29.677	155	101	3	10	162	13	161	1.49e-12	66.6
5_509	6_458	28.931	159	100	4	2	150	6	161	1.12e-10	60.5
5_509	6_412	26.923	156	100	7	7	156	12	159	4.77e-07	48.5
5_509	6_499	30.864	162	92	7	55	209	60	208	2.89e-05	42.7
5_510	6_509	98.410	1824	25	2	1	1822	1	1822	0.0	3605
5_510	6_335	24.593	553	308	20	4	509	6	496	1.76e-13	70.1
5_510	6_457	26.556	241	150	8	1	221	1	234	6.77e-11	62.0
5_510	6_457	23.206	418	258	18	591	982	728	1108	8.69e-04	38.5
5_510	6_308	20.980	796	485	29	2	760	11	699	1.01e-08	54.7
5_510	6_487	27.426	237	147	7	13	239	3	224	1.68e-08	53.9
5_510	6_331	22.707	458	302	16	5	453	16	430	3.87e-04	39.7
5_511	6_510	97.770	583	5	1	1	575	1	583	0.0	1115
5_511	6_459	28.000	400	244	15	180	567	122	489	3.98e-23	97.4
5_512	6_373	94.344	2811	148	7	1	2805	1	2806	0.0	5238
5_512	6_374	24.715	263	143	12	496	739	346	572	2.43e-05	44.3
5_513	6_521	99.612	516	2	0	1	516	1	516	0.0	1028
5_514	6_517	99.313	582	4	0	1	582	1	582	0.0	1150
5_514	6_348	32.087	508	286	15	37	526	60	526	7.14e-55	196
5_514	6_549	30.102	392	215	10	37	409	23	374	2.84e-39	148
5_515	6_487	99.772	876	2	0	34	909	1	876	0.0	1744
5_515	6_457	24.800	250	164	5	24	254	5	249	4.63e-15	74.3
5_515	6_335	24.010	404	243	14	31	394	15	394	5.39e-13	67.4
5_515	6_308	26.172	256	168	7	11	253	8	255	6.06e-10	57.4
5_515	6_331	25.596	629	374	27	12	593	4	585	2.13e-09	55.8
5_515	6_509	27.160	243	152	7	30	257	7	239	3.84e-09	55.1
5_516	6_511	97.793	589	12	1	1	588	1	589	0.0	1144
5_517	6_561	97.753	89	2	0	14	102	1	89	7.00e-58	177
5_517	6_522	75.490	102	23	1	1	102	31	130	4.65e-50	159
5_517	6_560	77.660	94	19	1	9	102	22	113	1.75e-47	152
5_517	6_463	81.250	96	18	0	7	102	120	215	3.17e-44	145
5_517	6_501	82.090	67	12	0	35	101	3	69	8.91e-34	115
5_517	6_562	100.000	36	0	0	67	102	1	36	7.56e-19	73.9
5_517	6_564	100.000	25	0	0	78	102	1	25	1.42e-11	53.9
5_518	6_556	99.639	277	1	0	1	277	1	277	0.0	542
5_519	6_535	99.454	183	1	0	1	183	1	183	3.36e-125	345
5_520	6_524	100.000	86	0	0	1	86	1	86	1.32e-59	171
5_521	6_551	99.608	255	1	0	1	255	1	255	1.45e-179	488
5_522	6_526	100.000	278	0	0	1	278	1	278	0.0	536
5_522	6_500	24.364	275	181	13	5	260	32	298	1.88e-09	52.0
5_523	6_542	99.676	309	1	0	1	309	6	314	0.0	586
5_523	6_273	21.364	220	158	6	100	304	1	220	5.21e-05	38.1
5_524	6_527	100.000	40	0	0	1	40	1	40	7.77e-22	73.2
5_525	6_528	99.831	591	1	0	1	591	1	591	0.0	1168
5_526	6_536	100.000	139	0	0	4	142	15	153	5.45e-99	276
5_526	6_355	31.111	135	91	1	4	136	167	301	3.10e-17	71.6
5_527	6_540	99.351	154	1	0	1	154	1	154	2.75e-107	297
5_528	6_529	98.865	617	4	1	1	614	1	617	0.0	1211
5_528	6_371	39.794	485	270	6	134	611	44	513	8.54e-108	330
5_528	6_372	43.387	431	225	5	198	611	205	633	2.89e-107	332
5_528	6_520	36.118	407	222	11	230	611	37	430	3.26e-60	202
5_528	6_18	30.496	423	246	10	229	610	118	533	1.93e-47	170
5_528	6_558	33.429	350	190	9	292	611	23	359	9.60e-44	155
5_529	6_530	99.677	620	2	0	1	620	1	620	0.0	1246
5_530	6_532	99.018	509	5	0	1	509	1	509	0.0	983
5_530	6_191	27.157	313	175	16	19	315	302	577	1.26e-08	52.0
5_531	6_533	98.551	138	2	0	1	138	222	359	2.07e-95	277
5_532	6_523	99.598	249	1	0	1	249	29	277	1.19e-180	492
5_533	6_525	99.490	392	2	0	1	392	1	392	0.0	788
5_534	6_119	100.000	37	0	0	1	37	1	37	1.43e-22	75.9
5_535	6_537	99.541	653	3	0	1	653	1	653	0.0	1308
5_535	6_550	38.218	662	341	20	11	628	22	659	1.09e-127	388
5_535	6_476	30.240	334	204	9	206	512	309	640	5.17e-34	132
5_536	6_496	99.254	134	1	0	1	134	1	134	2.01e-96	275
5_537	6_89	99.005	201	2	0	1	201	1	201	1.32e-140	385
5_538	6_546	100.000	123	0	0	1	123	1	123	3.38e-90	252
5_538	6_345	58.036	112	47	0	12	123	56	167	1.45e-44	149
5_539	6_547	99.177	486	4	0	1	486	1	486	0.0	959
5_540	6_557	99.735	378	1	0	1	378	1	378	0.0	729
5_541	6_549	99.573	936	4	0	1	936	1	936	0.0	1811
5_541	6_348	30.460	870	556	19	8	858	45	884	2.27e-89	307
5_541	6_517	30.151	398	207	11	23	374	37	409	1.28e-39	150
5_542	6_553	99.788	945	2	0	1	945	1	945	0.0	1893
5_543	6_27	98.755	723	9	0	1	723	3	725	0.0	1414
5_543	6_313	42.857	56	28	1	13	64	8	63	2.88e-07	47.4
5_543	6_29	32.381	105	65	3	74	174	37	139	2.22e-05	41.2
5_544	6_552	98.525	339	5	0	1	339	1	339	0.0	676
5_544	6_355	30.576	278	189	4	62	339	336	609	6.32e-40	143
5_544	6_187	25.949	158	98	6	56	203	150	298	1.53e-04	37.4
5_545	6_516	99.095	221	2	0	1	221	313	533	4.94e-154	433
5_545	6_300	39.614	207	122	3	4	208	328	533	7.19e-37	130
5_545	6_456	35.922	206	121	5	8	208	322	521	1.34e-24	95.9
5_545	6_474	34.928	209	124	6	7	208	328	531	8.98e-24	93.6
5_545	6_246	32.536	209	121	9	12	205	1	204	1.10e-16	71.6
5_545	6_303	29.954	217	111	7	11	201	5	206	5.85e-12	58.9
5_545	6_248	27.041	196	101	5	12	174	1	187	4.05e-11	56.6
5_545	6_248	21.965	173	113	7	12	174	319	479	8.40e-04	34.3
5_545	6_462	28.365	208	110	6	12	200	1	188	4.58e-11	56.2
5_545	6_191	27.230	213	130	7	12	213	1	199	1.02e-09	52.4
5_545	6_171	27.604	192	105	6	28	201	22	197	1.20e-09	51.2
5_545	6_408	27.717	184	120	5	6	181	463	641	3.07e-09	50.8
5_545	6_55	25.683	183	122	4	27	198	79	258	3.69e-09	50.4
5_545	6_461	28.351	194	128	6	12	200	1	188	1.21e-08	49.3
5_545	6_224	36.232	69	44	0	12	80	10	78	2.88e-08	47.8
5_545	6_224	33.645	107	54	3	107	202	193	293	7.22e-07	43.5
5_545	6_497	32.877	73	49	0	10	82	36	108	2.39e-07	45.4
5_545	6_497	27.000	200	123	10	15	203	385	572	8.49e-06	40.4
5_545	6_391	28.689	122	83	1	6	123	37	158	1.05e-05	40.0
5_545	6_52	26.190	210	116	9	27	207	29	228	2.39e-05	38.9
5_545	6_490	50.000	46	23	0	13	58	8	53	1.62e-04	36.6
5_545	6_490	36.170	47	30	0	141	187	191	237	7.41e-04	34.3
5_545	6_67	28.492	179	117	6	31	199	26	203	1.76e-04	36.6
5_545	6_358	36.765	68	39	2	137	200	612	679	2.00e-04	36.2
5_545	6_268	20.856	187	128	6	13	182	10	193	4.31e-04	35.0
5_547	6_496	98.256	172	3	0	1	172	151	322	6.84e-122	342
5_548	6_561	99.320	294	2	0	1	294	65	358	0.0	592
5_548	6_501	40.268	298	139	6	1	294	46	308	2.94e-53	174
5_548	6_564	36.102	313	145	15	1	294	1	277	2.47e-38	131
5_548	6_463	35.505	307	135	10	1	294	191	447	1.04e-34	126
5_548	6_522	33.022	321	139	13	1	294	106	377	1.48e-30	114
5_548	6_562	57.333	75	30	1	220	294	247	319	5.41e-22	88.6
5_548	6_562	60.784	51	20	0	1	51	12	62	3.95e-14	66.2
5_548	6_560	63.768	69	21	2	227	294	296	361	3.33e-20	84.7
5_548	6_560	54.386	57	23	1	1	54	89	145	1.84e-11	58.9
5_549	6_564	98.556	277	4	0	1	277	1	277	0.0	558
5_549	6_522	50.000	278	132	4	1	277	106	377	1.03e-88	267
5_549	6_560	48.014	277	140	3	1	277	89	361	4.07e-83	252
5_549	6_463	40.909	286	131	12	1	277	191	447	8.65e-45	154
5_549	6_561	36.422	313	144	15	1	277	65	358	1.10e-38	134
5_549	6_562	34.483	319	156	10	1	277	12	319	1.13e-37	130
5_549	6_501	32.997	297	145	11	1	277	46	308	1.71e-28	107
5_551	6_565	99.346	153	1	0	1	153	65	217	2.18e-112	313
5_552	6_566	99.410	339	2	0	1	339	1	339	0.0	696
