2_0	2_0	100.000	159	0	0	1	159	1	159	2.36e-117	323
2_0	2_196	32.500	120	78	2	22	140	15	132	7.83e-11	52.0
2_1	2_1	100.000	96	0	0	1	96	1	96	9.12e-66	188
2_2	2_2	100.000	589	0	0	1	589	1	589	0.0	1146
2_2	2_565	93.671	79	5	0	406	484	1	79	2.09e-42	142
2_2	2_368	26.087	460	272	17	51	492	10	419	6.37e-22	94.0
2_3	2_3	100.000	350	0	0	1	350	1	350	0.0	716
2_4	2_4	100.000	110	0	0	1	110	1	110	1.59e-79	224
2_5	2_5	100.000	290	0	0	1	290	1	290	0.0	578
2_5	2_442	32.331	266	149	14	23	264	25	283	5.05e-24	94.0
2_6	2_6	100.000	287	0	0	1	287	1	287	0.0	577
2_6	2_62	35.827	254	122	7	1	234	1	233	4.16e-33	117
2_7	2_7	100.000	81	0	0	1	81	1	81	1.00e-57	166
2_8	2_8	100.000	335	0	0	1	335	1	335	0.0	664
2_9	2_9	100.000	333	0	0	1	333	1	333	0.0	664
2_9	2_144	34.375	192	115	3	125	314	101	283	3.86e-25	99.8
2_10	2_10	100.000	189	0	0	1	189	1	189	2.94e-140	384
2_11	2_11	100.000	152	0	0	1	152	1	152	1.21e-110	306
2_12	2_12	100.000	463	0	0	1	463	1	463	0.0	923
2_13	2_13	100.000	47	0	0	1	47	1	47	3.67e-30	94.7
2_14	2_14	100.000	609	0	0	1	609	1	609	0.0	1218
2_15	2_15	100.000	638	0	0	1	638	1	638	0.0	1250
2_16	2_16	100.000	321	0	0	1	321	1	321	0.0	623
2_17	2_17	100.000	344	0	0	1	344	1	344	0.0	704
2_17	2_107	27.451	204	135	5	121	314	3	203	2.27e-15	69.7
2_18	2_18	100.000	50	0	0	1	50	1	50	3.88e-32	99.8
2_18	2_162	35.556	45	26	1	6	50	5	46	1.50e-04	30.0
2_19	2_19	100.000	146	0	0	1	146	1	146	2.36e-105	292
2_20	2_20	100.000	295	0	0	1	295	1	295	0.0	590
2_21	2_21	100.000	337	0	0	1	337	1	337	0.0	685
2_22	2_22	100.000	225	0	0	1	225	1	225	3.17e-168	457
2_23	2_23	100.000	173	0	0	1	173	1	173	8.53e-127	348
2_24	2_24	100.000	290	0	0	1	290	1	290	0.0	564
2_25	2_25	100.000	259	0	0	1	259	1	259	0.0	526
2_26	2_26	100.000	413	0	0	1	413	1	413	0.0	841
2_27	2_27	100.000	177	0	0	1	177	1	177	2.12e-130	358
2_28	2_28	100.000	111	0	0	1	111	1	111	2.67e-77	218
2_29	2_29	100.000	211	0	0	1	211	1	211	2.53e-155	424
2_30	2_30	100.000	239	0	0	1	239	1	239	6.86e-175	475
2_31	2_31	100.000	317	0	0	1	317	1	317	0.0	642
2_32	2_32	100.000	226	0	0	1	226	1	226	3.37e-171	465
2_33	2_33	100.000	280	0	0	1	280	1	280	0.0	562
2_34	2_34	100.000	269	0	0	1	269	1	269	0.0	537
2_34	2_484	26.937	271	163	13	4	258	3	254	4.28e-07	45.1
2_34	2_450	24.074	270	159	9	1	246	1	248	3.08e-06	42.0
2_34	2_207	32.203	59	40	0	188	246	183	241	1.12e-04	37.4
2_34	2_384	25.368	272	165	12	1	246	15	274	2.06e-04	36.6
2_34	2_174	32.877	73	43	1	180	246	186	258	2.68e-04	36.2
2_35	2_35	100.000	114	0	0	1	114	1	114	6.53e-84	235
2_36	2_36	100.000	169	0	0	1	169	1	169	2.24e-121	334
2_37	2_37	100.000	163	0	0	1	163	1	163	1.70e-119	329
2_38	2_38	100.000	326	0	0	1	326	1	326	0.0	653
2_39	2_39	100.000	639	0	0	1	639	1	639	0.0	1304
2_39	2_416	44.288	639	333	9	5	635	3	626	2.08e-170	496
2_40	2_40	100.000	171	0	0	1	171	1	171	3.95e-123	339
2_41	2_41	100.000	494	0	0	1	494	1	494	0.0	963
2_42	2_42	100.000	231	0	0	1	231	1	231	6.82e-170	462
2_43	2_43	100.000	571	0	0	1	571	1	571	0.0	1149
2_44	2_44	100.000	236	0	0	1	236	1	236	8.91e-176	477
2_45	2_45	100.000	186	0	0	1	186	1	186	1.39e-132	364
2_46	2_46	100.000	144	0	0	1	144	1	144	5.84e-108	298
2_47	2_47	100.000	204	0	0	1	204	1	204	2.19e-151	413
2_48	2_48	100.000	872	0	0	1	872	1	872	0.0	1763
2_49	2_49	100.000	402	0	0	1	402	1	402	0.0	818
2_49	2_149	27.083	288	181	10	20	301	8	272	3.00e-16	75.1
2_49	2_255	32.099	162	90	3	21	182	116	257	1.83e-13	66.2
2_49	2_151	34.091	132	84	3	16	145	8	138	2.99e-13	65.9
2_50	2_50	100.000	419	0	0	1	419	1	419	0.0	848
2_51	2_51	100.000	316	0	0	1	316	1	316	0.0	632
2_52	2_52	100.000	402	0	0	1	402	1	402	0.0	806
2_53	2_53	100.000	306	0	0	1	306	1	306	0.0	610
2_54	2_54	100.000	231	0	0	1	231	1	231	1.06e-170	464
2_55	2_55	100.000	73	0	0	1	73	1	73	5.60e-53	154
2_56	2_56	100.000	201	0	0	1	201	1	201	2.35e-148	405
2_56	2_443	38.509	161	94	3	3	162	4	160	6.60e-28	99.4
2_57	2_57	100.000	271	0	0	1	271	1	271	0.0	552
2_58	2_58	100.000	110	0	0	1	110	1	110	2.12e-78	221
2_59	2_59	100.000	249	0	0	1	249	1	249	2.39e-178	485
2_60	2_60	100.000	220	0	0	1	220	1	220	9.94e-158	430
2_61	2_61	100.000	384	0	0	1	384	1	384	0.0	767
2_62	2_62	100.000	276	0	0	1	276	1	276	0.0	550
2_62	2_6	35.857	251	126	6	1	233	1	234	5.50e-31	112
2_63	2_63	100.000	144	0	0	1	144	1	144	6.39e-107	296
2_64	2_64	100.000	225	0	0	1	225	1	225	1.67e-163	445
2_65	2_65	100.000	293	0	0	1	293	1	293	0.0	579
2_66	2_66	100.000	118	0	0	1	118	1	118	4.17e-79	223
2_67	2_67	100.000	97	0	0	1	97	1	97	2.03e-67	192
2_68	2_68	100.000	505	0	0	1	505	1	505	0.0	1029
2_69	2_69	100.000	184	0	0	1	184	1	184	1.28e-136	374
2_70	2_70	100.000	508	0	0	1	508	1	508	0.0	1011
2_70	2_429	30.469	512	327	14	12	505	11	511	2.55e-54	186
2_70	2_233	34.498	229	125	6	26	245	25	237	1.09e-23	94.7
2_70	2_233	32.051	78	53	0	407	484	136	213	8.05e-07	44.7
2_70	2_339	32.673	202	122	5	12	211	6	195	8.87e-16	74.7
2_70	2_280	29.630	216	130	6	8	217	2	201	1.71e-13	67.4
2_70	2_280	24.229	227	142	7	261	482	2	203	8.89e-04	36.2
2_70	2_494	29.018	224	132	5	22	224	22	239	9.08e-13	63.5
2_70	2_494	21.127	213	161	4	277	484	26	236	2.23e-04	37.7
2_70	2_340	29.524	210	134	5	12	221	10	205	1.15e-12	64.7
2_70	2_340	28.326	233	135	9	261	487	2	208	4.94e-09	53.1
2_70	2_250	32.143	196	124	6	31	223	28	217	1.02e-11	60.1
2_70	2_252	26.271	236	145	9	8	221	2	230	6.13e-10	55.8
2_70	2_252	32.432	74	47	2	149	222	453	523	3.22e-04	37.4
2_70	2_274	25.405	185	119	6	26	201	83	257	1.00e-08	51.2
2_70	2_274	23.387	248	159	10	244	487	59	279	1.14e-05	41.6
2_70	2_195	28.444	225	127	11	23	224	145	358	1.83e-08	50.8
2_70	2_195	25.106	235	140	8	278	493	147	364	1.23e-05	42.0
2_70	2_482	31.694	183	103	8	26	201	355	522	2.39e-08	50.8
2_70	2_283	30.476	105	70	1	7	111	38	139	3.58e-08	50.4
2_70	2_283	25.974	77	56	1	407	482	508	584	4.69e-04	37.0
2_70	2_401	28.030	132	86	4	356	484	146	271	2.68e-07	47.0
2_70	2_560	31.034	145	86	3	40	180	21	155	2.69e-07	45.8
2_70	2_223	30.488	82	54	2	407	486	232	312	3.98e-07	46.6
2_70	2_223	28.333	60	43	0	8	67	11	70	4.32e-04	37.0
2_70	2_277	23.148	216	153	7	14	220	20	231	1.93e-06	43.9
2_70	2_277	24.180	244	146	10	277	503	30	251	2.61e-04	37.4
2_70	2_294	25.532	94	63	2	398	487	610	700	6.10e-06	43.1
2_70	2_253	25.954	131	94	2	357	484	229	359	1.34e-05	42.0
2_70	2_350	25.568	176	111	6	36	205	363	524	3.61e-05	40.4
2_70	2_338	25.000	184	124	4	27	208	346	517	3.56e-04	37.4
2_70	2_431	25.000	236	148	10	273	493	28	249	4.10e-04	37.0
2_70	2_513	43.182	44	25	0	26	69	343	386	6.56e-04	36.6
2_71	2_71	100.000	303	0	0	1	303	1	303	0.0	577
2_71	2_374	31.050	219	119	5	18	216	79	285	1.60e-11	59.3
2_72	2_72	100.000	184	0	0	1	184	1	184	6.17e-138	377
2_73	2_73	100.000	89	0	0	1	89	1	89	2.38e-60	174
2_74	2_74	100.000	165	0	0	1	165	1	165	6.43e-118	325
2_75	2_75	100.000	1411	0	0	1	1411	1	1411	0.0	2888
2_76	2_76	100.000	534	0	0	1	534	1	534	0.0	1088
2_77	2_77	100.000	214	0	0	1	214	1	214	2.74e-154	421
2_78	2_78	100.000	632	0	0	1	632	1	632	0.0	1287
2_79	2_79	100.000	120	0	0	1	120	1	120	5.81e-85	238
2_80	2_80	100.000	227	0	0	1	227	1	227	1.95e-169	461
2_81	2_81	100.000	87	0	0	1	87	1	87	1.79e-62	179
2_82	2_82	100.000	321	0	0	1	321	1	321	0.0	642
2_82	2_556	41.379	58	30	1	8	65	13	66	1.42e-07	47.4
2_83	2_83	100.000	418	0	0	1	418	1	418	0.0	851
2_84	2_84	100.000	109	0	0	1	109	1	109	1.16e-79	224
2_85	2_85	100.000	155	0	0	1	155	1	155	8.18e-113	311
2_86	2_86	100.000	64	0	0	1	64	1	64	6.86e-43	127
2_87	2_87	100.000	116	0	0	1	116	1	116	4.11e-83	233
2_88	2_88	100.000	478	0	0	1	478	1	478	0.0	968
2_89	2_89	100.000	356	0	0	1	356	1	356	0.0	721
2_90	2_90	100.000	99	0	0	1	99	1	99	6.01e-69	196
2_91	2_91	100.000	84	0	0	1	84	1	84	2.21e-57	166
2_92	2_92	100.000	284	0	0	1	284	1	284	0.0	576
2_92	2_248	37.143	105	61	3	37	141	22	121	4.28e-14	65.5
2_93	2_93	100.000	369	0	0	1	369	1	369	0.0	745
2_94	2_94	100.000	489	0	0	1	489	1	489	0.0	965
2_95	2_95	100.000	315	0	0	1	315	1	315	0.0	627
2_95	2_168	21.908	283	199	6	36	309	31	300	1.23e-12	62.0
2_96	2_96	100.000	361	0	0	1	361	1	361	0.0	734
2_97	2_97	100.000	242	0	0	1	242	1	242	9.13e-176	478
2_97	2_354	26.772	127	68	4	81	203	46	151	3.05e-04	35.0
2_98	2_98	100.000	216	0	0	1	216	1	216	1.05e-156	427
2_98	2_376	25.654	191	131	5	28	214	18	201	4.88e-10	52.0
2_99	2_99	100.000	193	0	0	1	193	1	193	2.88e-139	381
2_100	2_100	100.000	131	0	0	1	131	1	131	2.99e-94	263
2_101	2_101	100.000	150	0	0	1	150	1	150	1.62e-109	303
2_102	2_102	100.000	332	0	0	1	332	1	332	0.0	667
2_103	2_103	100.000	134	0	0	1	134	1	134	3.33e-97	270
2_104	2_104	100.000	137	0	0	1	137	1	137	1.89e-97	271
2_105	2_105	100.000	37	0	0	1	37	1	37	1.09e-20	70.1
2_106	2_106	100.000	75	0	0	1	75	1	75	3.30e-53	154
2_107	2_107	100.000	250	0	0	1	250	1	250	0.0	511
2_107	2_17	27.451	204	135	5	3	203	121	314	1.65e-15	69.7
2_108	2_108	100.000	147	0	0	1	147	1	147	7.26e-107	296
2_109	2_109	100.000	179	0	0	1	179	1	179	4.19e-130	357
2_110	2_110	100.000	131	0	0	1	131	1	131	2.23e-94	263
2_111	2_111	100.000	61	0	0	1	61	1	61	5.60e-42	125
2_112	2_112	100.000	181	0	0	1	181	1	181	5.21e-135	370
2_113	2_113	100.000	122	0	0	1	122	1	122	1.03e-84	238
2_114	2_114	100.000	121	0	0	1	121	1	121	1.58e-81	229
2_115	2_115	100.000	227	0	0	1	227	1	227	2.14e-167	455
2_116	2_116	100.000	173	0	0	1	173	1	173	1.76e-125	345
2_117	2_117	100.000	90	0	0	1	90	1	90	1.45e-65	187
2_118	2_118	100.000	282	0	0	1	282	1	282	0.0	566
2_119	2_119	100.000	163	0	0	1	163	1	163	1.59e-116	322
2_120	2_120	100.000	233	0	0	1	233	1	233	4.03e-170	462
2_121	2_121	100.000	106	0	0	1	106	1	106	6.79e-75	212
2_122	2_122	100.000	227	0	0	1	227	1	227	2.41e-167	455
2_123	2_123	100.000	184	0	0	1	184	1	184	1.68e-136	374
2_124	2_124	100.000	442	0	0	1	442	1	442	0.0	874
2_124	2_239	35.897	156	83	4	218	368	172	315	3.44e-20	87.0
2_124	2_239	30.337	89	60	2	220	307	6	93	1.49e-05	41.6
2_124	2_355	37.705	61	35	1	218	275	5	65	5.85e-05	39.3
2_125	2_125	100.000	366	0	0	1	366	1	366	0.0	723
2_125	2_296	27.358	318	207	7	61	361	6	316	8.82e-23	92.8
2_126	2_126	100.000	321	0	0	1	321	1	321	0.0	634
2_126	2_295	32.877	219	139	5	106	317	160	377	2.29e-20	85.5
2_127	2_127	100.000	259	0	0	1	259	1	259	0.0	515
2_128	2_128	100.000	91	0	0	1	91	1	91	6.74e-61	175
2_128	2_1	28.571	91	61	3	1	88	3	92	8.86e-07	38.5
2_129	2_129	100.000	98	0	0	1	98	1	98	9.74e-67	191
2_130	2_130	100.000	207	0	0	1	207	1	207	5.35e-147	402
2_131	2_131	100.000	97	0	0	1	97	1	97	7.27e-67	191
2_132	2_132	100.000	439	0	0	1	439	1	439	0.0	875
2_133	2_133	100.000	336	0	0	1	336	1	336	0.0	687
2_134	2_134	100.000	694	0	0	1	694	1	694	0.0	1391
2_135	2_135	100.000	337	0	0	1	337	1	337	0.0	672
2_136	2_136	100.000	240	0	0	1	240	1	240	3.10e-178	484
2_137	2_137	100.000	419	0	0	1	419	1	419	0.0	828
2_137	2_275	35.433	127	57	2	160	261	6	132	1.49e-14	69.3
2_137	2_239	25.112	223	154	7	159	375	173	388	1.90e-04	37.7
2_137	2_511	35.000	60	27	2	159	214	113	164	6.56e-04	35.8
2_138	2_138	100.000	141	0	0	1	141	1	141	1.22e-99	277
2_139	2_139	100.000	242	0	0	1	242	1	242	8.58e-173	470
2_140	2_140	100.000	102	0	0	1	102	1	102	1.57e-71	203
2_141	2_141	100.000	179	0	0	1	179	1	179	3.49e-127	350
2_142	2_142	100.000	187	0	0	1	187	1	187	4.43e-132	363
2_143	2_143	100.000	161	0	0	1	161	1	161	1.09e-117	324
2_144	2_144	100.000	440	0	0	1	440	1	440	0.0	877
2_144	2_9	36.269	193	110	4	101	283	125	314	1.19e-26	104
2_145	2_145	100.000	455	0	0	1	455	1	455	0.0	930
2_146	2_146	100.000	257	0	0	1	257	1	257	0.0	518
2_147	2_147	100.000	276	0	0	1	276	1	276	0.0	564
2_148	2_148	100.000	227	0	0	1	227	1	227	8.96e-170	461
2_149	2_149	100.000	598	0	0	1	598	1	598	0.0	1210
2_149	2_151	36.898	187	106	4	2	183	6	185	1.18e-24	103
2_149	2_151	23.009	226	143	9	165	370	266	480	7.32e-07	46.6
2_149	2_151	22.599	177	118	5	322	480	509	684	3.29e-06	44.3
2_149	2_255	30.093	216	126	7	10	217	117	315	7.20e-17	78.6
2_149	2_49	27.083	288	181	10	8	272	20	301	4.46e-16	75.1
2_149	2_239	28.108	185	98	8	10	176	174	341	6.25e-05	40.0
2_150	2_150	100.000	323	0	0	1	323	1	323	0.0	657
2_151	2_151	100.000	694	0	0	1	694	1	694	0.0	1425
2_151	2_149	36.898	187	106	4	6	185	2	183	1.37e-24	103
2_151	2_149	23.009	226	143	9	266	480	165	370	8.50e-07	46.6
2_151	2_149	22.599	177	118	5	509	684	322	480	3.82e-06	44.3
2_151	2_255	37.008	127	62	2	13	139	116	224	9.16e-14	68.9
2_151	2_49	34.091	132	84	3	8	138	16	145	5.16e-13	65.9
2_152	2_152	100.000	141	0	0	1	141	1	141	5.99e-104	288
2_153	2_153	100.000	457	0	0	1	457	1	457	0.0	936
2_153	2_298	26.351	148	100	5	159	302	335	477	1.27e-04	38.5
2_153	2_555	28.916	83	53	1	106	188	16	92	7.35e-04	34.3
2_154	2_154	100.000	427	0	0	1	427	1	427	0.0	847
2_155	2_155	100.000	93	0	0	1	93	1	93	4.80e-68	193
2_156	2_156	100.000	259	0	0	1	259	1	259	0.0	514
2_157	2_157	100.000	144	0	0	1	144	1	144	8.29e-108	298
2_158	2_158	100.000	132	0	0	1	132	1	132	6.79e-95	264
2_159	2_159	100.000	662	0	0	1	662	1	662	0.0	1330
2_160	2_160	100.000	229	0	0	1	229	1	229	5.13e-169	459
2_160	2_558	29.252	147	97	3	82	226	110	251	9.36e-09	48.9
2_161	2_161	100.000	181	0	0	1	181	1	181	1.20e-134	369
2_162	2_162	100.000	46	0	0	1	46	1	46	2.32e-29	92.4
2_163	2_163	100.000	195	0	0	1	195	1	195	2.45e-144	394
2_164	2_164	100.000	249	0	0	1	249	1	249	0.0	500
2_165	2_165	100.000	176	0	0	1	176	1	176	4.67e-131	359
2_165	2_239	40.741	54	29	1	19	69	6	59	2.05e-06	41.6
2_165	2_239	28.415	183	118	5	5	175	157	338	2.77e-06	41.2
2_165	2_355	39.344	61	33	3	19	76	10	69	1.44e-04	35.8
2_166	2_166	100.000	457	0	0	1	457	1	457	0.0	937
2_167	2_167	100.000	316	0	0	1	316	1	316	0.0	625
2_168	2_168	100.000	304	0	0	1	304	1	304	0.0	591
2_168	2_95	21.908	283	199	6	31	300	36	309	1.18e-12	62.0
2_169	2_169	100.000	127	0	0	1	127	1	127	2.16e-88	248
2_170	2_170	100.000	285	0	0	1	285	1	285	0.0	552
2_170	2_171	42.748	262	132	5	26	281	1	250	4.92e-54	171
2_170	2_176	42.786	201	111	2	84	280	43	243	6.49e-48	155
2_171	2_171	100.000	263	0	0	1	263	1	263	0.0	518
2_171	2_170	42.748	262	132	5	1	250	26	281	4.54e-54	171
2_171	2_176	38.976	254	139	5	1	249	1	243	3.93e-48	155
2_172	2_172	100.000	411	0	0	1	411	1	411	0.0	820
2_173	2_173	100.000	457	0	0	1	457	1	457	0.0	926
2_173	2_320	37.168	452	279	4	2	450	7	456	1.83e-104	314
2_173	2_322	24.291	247	181	5	15	260	37	278	7.38e-08	48.9
2_173	2_287	22.819	298	203	11	119	402	116	400	3.36e-06	43.5
2_174	2_174	100.000	306	0	0	1	306	1	306	0.0	630
2_174	2_384	27.241	290	173	9	10	278	21	293	1.79e-21	87.0
2_174	2_207	22.939	279	185	10	9	277	5	263	2.28e-08	48.9
2_174	2_484	22.137	262	169	7	12	261	8	246	2.77e-06	42.7
2_174	2_450	27.397	73	51	1	7	79	2	72	3.90e-05	38.9
2_174	2_34	32.877	73	43	1	186	258	180	246	2.62e-04	36.2
2_175	2_175	100.000	361	0	0	1	361	1	361	0.0	736
2_176	2_176	100.000	245	0	0	1	245	1	245	0.0	491
2_176	2_171	38.976	254	139	5	1	243	1	249	3.66e-48	155
2_176	2_170	42.786	201	111	2	43	243	84	280	5.58e-48	155
2_177	2_177	100.000	120	0	0	1	120	1	120	6.14e-85	238
2_178	2_178	100.000	77	0	0	1	77	1	77	1.96e-49	145
2_179	2_179	100.000	90	0	0	1	90	1	90	1.26e-61	177
2_180	2_180	100.000	156	0	0	1	156	1	156	1.35e-117	323
2_181	2_181	100.000	126	0	0	1	126	1	126	2.44e-88	247
2_182	2_182	100.000	174	0	0	1	174	1	174	6.42e-126	346
2_183	2_183	100.000	147	0	0	1	147	1	147	3.02e-106	294
2_184	2_184	100.000	87	0	0	1	87	1	87	2.05e-61	176
2_185	2_185	100.000	510	0	0	1	510	1	510	0.0	1046
2_186	2_186	100.000	321	0	0	1	321	1	321	0.0	642
2_186	2_531	22.892	249	168	11	57	298	29	260	2.34e-05	39.7
2_187	2_187	100.000	93	0	0	1	93	1	93	6.75e-61	175
2_188	2_188	100.000	278	0	0	1	278	1	278	0.0	552
2_189	2_189	100.000	64	0	0	1	64	1	64	8.34e-41	122
2_190	2_190	100.000	216	0	0	1	216	1	216	3.75e-157	429
2_191	2_191	100.000	136	0	0	1	136	1	136	5.62e-92	257
2_192	2_192	100.000	146	0	0	1	146	1	146	2.59e-102	284
2_193	2_193	100.000	127	0	0	1	127	1	127	1.92e-87	245
2_194	2_194	100.000	143	0	0	1	143	1	143	1.84e-100	279
2_195	2_195	100.000	469	0	0	1	469	1	469	0.0	967
2_195	2_431	40.361	332	194	3	116	447	5	332	1.47e-74	233
2_195	2_294	44.737	114	63	0	273	386	615	728	2.69e-30	119
2_195	2_294	31.579	95	60	2	153	247	34	123	2.78e-07	47.4
2_195	2_253	45.082	122	66	1	269	389	273	394	1.41e-28	112
2_195	2_253	35.185	108	53	4	139	239	59	156	1.62e-11	60.5
2_195	2_250	26.800	250	159	8	122	370	3	229	1.79e-18	80.1
2_195	2_233	28.444	225	136	8	143	365	22	223	3.88e-16	72.4
2_195	2_223	32.520	123	71	3	247	357	190	312	7.34e-15	70.9
2_195	2_283	32.432	111	74	1	274	384	505	614	7.51e-15	71.2
2_195	2_494	27.778	234	146	5	146	367	26	248	2.68e-14	68.2
2_195	2_274	30.769	195	114	7	146	336	81	258	3.13e-14	67.8
2_195	2_401	23.448	145	108	2	244	388	162	303	1.68e-11	60.1
2_195	2_429	25.424	236	134	10	143	363	22	230	1.68e-09	54.3
2_195	2_429	25.581	258	148	8	115	355	259	489	3.96e-08	49.7
2_195	2_277	26.033	242	156	9	122	354	4	231	3.30e-09	52.0
2_195	2_340	25.688	218	138	7	142	359	16	209	1.20e-08	51.6
2_195	2_70	28.444	225	127	11	145	358	23	224	2.38e-08	50.4
2_195	2_70	24.483	290	175	11	99	364	224	493	1.27e-05	42.0
2_195	2_280	25.561	223	120	8	141	356	15	198	4.80e-08	49.7
2_195	2_339	25.592	211	123	8	142	347	16	197	4.67e-06	43.5
2_195	2_252	23.913	184	111	6	142	308	16	187	1.08e-04	38.9
2_195	2_218	29.897	97	57	4	277	364	834	928	1.89e-04	38.1
2_196	2_196	100.000	151	0	0	1	151	1	151	1.09e-108	301
2_196	2_0	32.500	120	78	2	15	132	22	140	7.44e-11	52.0
2_197	2_197	100.000	113	0	0	1	113	1	113	7.11e-82	230
2_198	2_198	100.000	96	0	0	1	96	1	96	1.58e-68	195
2_199	2_199	100.000	1065	0	0	1	1065	1	1065	0.0	2137
2_199	2_417	26.625	323	183	13	623	907	917	1223	8.58e-14	70.5
2_199	2_417	37.383	107	59	3	297	397	281	385	5.06e-10	58.2
2_200	2_200	100.000	285	0	0	1	285	1	285	0.0	558
2_201	2_201	100.000	266	0	0	1	266	1	266	0.0	511
2_202	2_202	100.000	190	0	0	1	190	1	190	3.93e-143	391
2_203	2_203	100.000	331	0	0	1	331	1	331	0.0	660
2_204	2_204	100.000	203	0	0	1	203	1	203	7.05e-147	401
2_205	2_205	100.000	149	0	0	1	149	1	149	1.74e-111	308
2_206	2_206	100.000	112	0	0	1	112	1	112	2.69e-78	221
2_207	2_207	100.000	267	0	0	1	267	1	267	0.0	541
2_207	2_384	26.502	283	175	9	3	260	19	293	4.52e-16	71.2
2_207	2_484	32.895	228	137	8	1	219	1	221	4.19e-15	69.3
2_207	2_450	23.897	272	196	8	4	265	2	272	2.25e-11	57.4
2_207	2_174	22.968	283	187	11	2	263	5	277	1.52e-08	48.9
2_207	2_34	32.203	59	40	0	183	241	188	246	1.11e-04	37.4
2_208	2_208	100.000	90	0	0	1	90	1	90	1.90e-57	166
2_209	2_209	100.000	221	0	0	1	221	1	221	2.70e-164	447
2_210	2_210	100.000	219	0	0	1	219	1	219	3.27e-160	436
2_211	2_211	100.000	70	0	0	1	70	1	70	3.07e-44	131
2_212	2_212	100.000	84	0	0	1	84	1	84	4.08e-60	172
2_212	2_547	90.625	32	3	0	1	32	139	170	2.98e-17	67.0
2_212	2_298	27.778	72	51	1	13	84	539	609	1.45e-06	38.9
2_213	2_213	100.000	95	0	0	1	95	1	95	2.42e-67	192
2_214	2_214	100.000	78	0	0	1	78	1	78	3.09e-52	152
2_215	2_215	100.000	699	0	0	1	699	1	699	0.0	1417
2_215	2_496	25.878	769	431	26	16	692	6	727	1.35e-44	165
2_216	2_216	100.000	181	0	0	1	181	1	181	8.06e-131	359
2_217	2_217	100.000	232	0	0	1	232	1	232	5.78e-171	465
2_218	2_218	100.000	947	0	0	1	947	1	947	0.0	1932
2_218	2_250	29.801	151	85	7	783	928	90	224	3.74e-07	47.4
2_218	2_339	39.130	92	47	4	820	908	115	200	6.62e-07	47.4
2_218	2_339	28.571	147	88	6	416	562	64	193	1.55e-04	39.7
2_218	2_494	32.051	78	50	1	820	897	145	219	1.34e-06	45.8
2_218	2_494	30.000	80	54	1	479	558	145	222	6.12e-06	43.5
2_218	2_280	36.585	82	43	4	834	912	129	204	1.80e-05	42.7
2_218	2_340	36.905	84	44	4	826	906	121	198	1.76e-04	39.7
2_218	2_253	25.168	298	194	12	628	907	63	349	1.89e-04	39.3
2_218	2_294	33.333	102	63	3	476	574	602	701	2.15e-04	39.3
2_218	2_223	38.667	75	43	2	485	558	224	296	2.30e-04	38.9
2_218	2_195	29.897	97	57	4	834	928	277	364	4.12e-04	38.1
2_218	2_431	29.825	114	68	5	833	943	161	265	4.80e-04	37.7
2_218	2_429	24.737	190	120	8	481	655	129	310	5.46e-04	37.7
2_219	2_219	100.000	305	0	0	1	305	1	305	0.0	620
2_219	2_298	24.419	344	193	13	4	298	157	482	1.41e-04	37.7
2_220	2_220	100.000	242	0	0	1	242	1	242	1.66e-178	484
2_221	2_221	100.000	142	0	0	1	142	1	142	9.80e-99	275
2_222	2_222	100.000	322	0	0	1	322	1	322	0.0	652
2_223	2_223	100.000	444	0	0	1	444	1	444	0.0	887
2_223	2_401	30.725	345	183	9	8	341	5	304	4.08e-38	137
2_223	2_283	38.624	189	111	4	205	390	481	667	3.84e-35	133
2_223	2_283	47.423	97	51	0	11	107	39	135	7.00e-23	96.3
2_223	2_253	26.786	392	248	11	10	379	43	417	4.14e-23	95.9
2_223	2_294	32.117	137	92	1	199	334	585	721	2.89e-20	88.2
2_223	2_294	40.541	37	22	0	20	56	18	54	6.08e-04	36.6
2_223	2_494	35.616	146	81	5	214	355	140	276	2.31e-17	77.0
2_223	2_494	25.962	104	55	3	24	106	21	123	7.11e-05	38.9
2_223	2_195	32.520	123	71	3	190	312	247	357	5.61e-15	71.2
2_223	2_250	34.545	110	71	1	212	321	118	226	4.50e-13	63.9
2_223	2_250	26.050	119	79	3	22	137	16	128	1.82e-05	40.8
2_223	2_274	36.170	94	54	2	24	111	78	171	9.15e-12	60.5
2_223	2_274	36.585	82	51	1	230	311	197	277	4.93e-10	55.1
2_223	2_429	30.147	136	88	4	202	333	112	244	6.76e-11	58.5
2_223	2_429	28.431	102	68	3	10	106	6	107	3.11e-08	50.1
2_223	2_429	25.287	87	64	1	224	310	404	489	3.83e-05	40.0
2_223	2_233	31.313	99	67	1	232	330	136	233	3.66e-10	54.7
2_223	2_280	32.990	97	63	1	10	106	1	95	6.82e-10	55.5
2_223	2_431	28.030	132	92	1	204	332	131	262	8.94e-10	54.3
2_223	2_277	31.313	99	68	0	211	309	133	231	5.08e-09	51.6
2_223	2_339	32.394	142	92	3	211	351	107	245	9.51e-09	52.0
2_223	2_339	32.955	88	57	1	16	103	7	92	1.04e-08	52.0
2_223	2_340	31.915	94	62	1	10	103	1	92	1.14e-08	51.6
2_223	2_340	39.535	86	46	3	229	312	126	207	2.27e-08	50.4
2_223	2_513	36.232	69	44	0	10	78	324	392	1.59e-07	47.8
2_223	2_513	32.710	107	55	3	193	293	419	514	6.72e-06	42.7
2_223	2_70	30.488	82	54	2	232	312	407	486	3.48e-07	46.6
2_223	2_70	28.333	60	43	0	11	70	8	67	3.78e-04	37.0
2_223	2_482	30.769	78	53	1	1	77	327	404	5.58e-06	42.7
2_223	2_482	35.294	68	41	1	229	296	464	528	4.89e-05	40.0
2_223	2_252	31.765	85	54	1	226	310	150	230	1.62e-05	41.6
2_223	2_252	27.586	58	42	0	10	67	1	58	2.09e-05	41.2
2_223	2_338	32.787	61	41	0	11	71	327	387	3.27e-05	40.4
2_223	2_218	38.667	75	43	2	224	296	485	558	1.16e-04	38.9
2_223	2_560	36.471	85	48	3	185	263	66	150	1.18e-04	37.7
2_224	2_224	100.000	446	0	0	1	446	1	446	0.0	892
2_225	2_225	100.000	856	0	0	1	856	1	856	0.0	1721
2_225	2_325	35.543	709	429	12	50	746	6	698	4.46e-130	405
2_225	2_325	25.000	132	88	5	727	854	582	706	3.71e-04	38.5
2_226	2_226	100.000	221	0	0	1	221	1	221	4.85e-162	441
2_227	2_227	100.000	132	0	0	1	132	1	132	3.01e-95	265
2_228	2_228	100.000	297	0	0	1	297	1	297	0.0	599
2_229	2_229	100.000	416	0	0	1	416	1	416	0.0	798
2_230	2_230	100.000	184	0	0	1	184	1	184	4.66e-136	372
2_231	2_231	100.000	156	0	0	1	156	1	156	2.61e-113	313
2_232	2_232	100.000	246	0	0	1	246	1	246	0.0	499
2_233	2_233	100.000	238	0	0	1	238	1	238	6.41e-176	478
2_233	2_70	34.498	229	125	6	25	237	26	245	5.13e-24	94.7
2_233	2_70	32.051	78	53	0	136	213	407	484	3.77e-07	44.7
2_233	2_494	40.000	85	51	0	133	217	156	240	7.54e-17	72.8
2_233	2_195	28.444	225	136	8	22	223	143	365	1.41e-16	72.8
2_233	2_250	27.805	205	136	6	22	218	20	220	2.33e-15	68.2
2_233	2_429	25.676	222	145	6	5	212	6	221	4.69e-14	65.5
2_233	2_429	25.446	224	142	7	22	225	283	501	3.64e-09	50.8
2_233	2_253	32.353	102	68	1	133	233	278	379	1.71e-12	60.8
2_233	2_401	33.571	140	82	4	90	221	143	279	2.13e-12	60.5
2_233	2_294	32.258	93	62	1	133	224	616	708	7.32e-12	59.3
2_233	2_294	40.426	47	28	0	21	67	23	69	2.29e-07	45.8
2_233	2_283	32.292	96	63	2	127	221	500	594	1.87e-11	57.8
2_233	2_283	30.556	72	46	3	21	89	53	123	3.89e-04	35.8
2_233	2_340	28.814	236	143	8	8	235	4	222	3.71e-11	57.0
2_233	2_375	29.630	189	109	7	38	212	500	678	1.80e-10	55.1
2_233	2_223	31.313	99	67	1	136	233	232	330	1.96e-10	54.7
2_233	2_431	24.783	230	150	7	22	230	30	257	2.10e-10	54.3
2_233	2_560	31.544	149	93	4	24	167	6	150	3.85e-10	52.4
2_233	2_513	28.646	192	103	6	22	197	340	513	1.38e-09	52.4
2_233	2_274	24.272	206	141	6	25	220	83	283	1.68e-09	51.6
2_233	2_482	31.522	184	108	8	24	198	354	528	2.06e-09	51.6
2_233	2_280	27.000	200	123	7	22	211	17	203	9.42e-09	49.7
2_233	2_252	21.397	229	162	8	5	226	319	536	6.22e-07	44.3
2_233	2_252	22.363	237	149	6	5	213	1	230	1.07e-05	40.4
2_233	2_339	27.174	184	109	7	24	196	19	188	7.24e-07	44.3
2_233	2_350	25.943	212	129	9	8	205	336	533	8.16e-07	43.9
2_233	2_277	26.582	79	57	1	135	212	153	231	3.15e-06	41.6
2_233	2_338	25.414	181	122	5	22	197	342	514	3.85e-06	42.0
2_234	2_234	100.000	145	0	0	1	145	1	145	4.04e-105	291
2_235	2_235	100.000	238	0	0	1	238	1	238	6.51e-173	470
2_236	2_236	100.000	452	0	0	1	452	1	452	0.0	885
2_237	2_237	100.000	166	0	0	1	166	1	166	3.68e-117	323
2_238	2_238	100.000	76	0	0	1	76	1	76	2.76e-50	147
2_239	2_239	100.000	437	0	0	1	437	1	437	0.0	877
2_239	2_124	35.897	156	83	4	172	315	218	368	3.69e-20	87.0
2_239	2_124	30.337	89	60	2	6	93	220	307	1.30e-05	41.6
2_239	2_355	29.530	149	90	6	5	143	9	152	4.52e-09	52.0
2_239	2_355	35.593	59	38	0	173	231	9	67	4.14e-06	42.7
2_239	2_165	40.741	54	29	1	6	59	19	69	5.10e-06	41.6
2_239	2_165	28.415	183	118	5	157	338	5	175	6.88e-06	41.2
2_239	2_149	28.108	185	98	8	174	341	10	176	4.57e-05	40.0
2_239	2_511	33.846	65	33	4	5	65	113	171	2.63e-04	37.0
2_240	2_240	100.000	600	0	0	1	600	1	600	0.0	1198
2_241	2_241	100.000	517	0	0	1	517	1	517	0.0	1008
2_242	2_242	100.000	306	0	0	1	306	1	306	0.0	608
2_243	2_243	100.000	120	0	0	1	120	1	120	4.27e-85	238
2_244	2_244	100.000	160	0	0	1	160	1	160	9.78e-114	314
2_245	2_245	100.000	222	0	0	1	222	1	222	5.83e-163	444
2_246	2_246	100.000	567	0	0	1	567	1	567	0.0	1147
2_246	2_260	28.163	245	158	8	14	247	18	255	1.27e-12	64.3
2_246	2_260	46.154	39	21	0	503	541	409	447	1.44e-05	42.0
2_246	2_566	27.338	139	98	2	110	245	146	284	2.78e-10	57.0
2_246	2_566	46.809	47	22	1	489	535	440	483	4.51e-08	50.1
2_247	2_247	100.000	880	0	0	1	880	1	880	0.0	1780
2_248	2_248	100.000	266	0	0	1	266	1	266	0.0	526
2_248	2_92	37.143	105	61	3	22	121	37	141	4.01e-14	65.5
2_249	2_249	100.000	332	0	0	1	332	1	332	0.0	662
2_250	2_250	100.000	272	0	0	1	272	1	272	0.0	542
2_250	2_494	34.188	234	133	6	19	232	22	254	9.10e-35	122
2_250	2_482	35.204	196	109	5	16	205	348	531	2.29e-19	82.0
2_250	2_195	26.800	250	159	8	3	229	122	370	7.34e-19	80.5
2_250	2_431	31.330	233	127	7	19	227	29	252	1.10e-18	79.3
2_250	2_274	28.636	220	132	4	19	225	79	286	1.57e-18	78.2
2_250	2_233	27.805	205	136	6	20	220	22	218	2.66e-15	68.2
2_250	2_294	36.275	102	64	1	127	227	608	709	2.66e-15	70.1
2_250	2_294	33.333	75	43	3	23	91	27	100	2.55e-04	36.6
2_250	2_350	30.189	212	132	8	2	208	334	534	2.16e-14	67.4
2_250	2_513	32.057	209	122	8	1	204	324	517	3.52e-14	66.6
2_250	2_340	31.081	222	129	11	1	215	1	205	8.96e-14	65.5
2_250	2_223	34.545	110	71	1	118	226	212	321	2.76e-13	63.9
2_250	2_223	26.050	119	79	3	16	128	22	137	1.12e-05	40.8
2_250	2_338	32.353	204	117	11	2	200	327	514	2.90e-13	63.9
2_250	2_283	31.776	107	72	1	116	221	486	592	3.38e-13	63.9
2_250	2_283	31.915	94	55	3	16	106	50	137	3.94e-06	42.4
2_250	2_252	27.778	198	108	5	16	185	13	203	1.11e-12	62.0
2_250	2_429	27.273	220	125	10	19	218	21	225	1.98e-12	61.2
2_250	2_429	25.541	231	157	8	1	218	264	492	3.36e-06	42.4
2_250	2_253	32.500	120	77	3	104	219	244	363	2.48e-12	60.8
2_250	2_70	32.143	196	124	6	28	217	31	223	5.49e-12	60.1
2_250	2_401	24.221	289	161	9	2	236	8	292	3.56e-11	57.4
2_250	2_277	26.848	257	156	9	1	240	9	250	1.75e-08	48.5
2_250	2_339	23.618	199	141	6	16	212	13	202	3.29e-08	48.9
2_250	2_280	27.149	221	125	10	1	208	1	198	7.44e-08	47.8
2_250	2_218	29.801	151	85	7	90	224	783	928	1.16e-07	47.0
2_250	2_375	24.757	206	130	7	2	197	470	660	1.35e-07	47.0
2_250	2_560	32.867	143	73	7	37	169	21	150	1.42e-06	42.4
2_251	2_251	100.000	320	0	0	1	320	1	320	0.0	627
2_252	2_252	100.000	538	0	0	1	538	1	538	0.0	1101
2_252	2_340	25.641	234	141	6	1	230	1	205	1.11e-12	64.7
2_252	2_340	28.571	210	133	8	319	519	1	202	1.15e-09	55.1
2_252	2_250	27.778	198	108	5	13	203	16	185	2.19e-12	62.0
2_252	2_339	22.993	274	175	5	1	272	1	240	5.89e-11	59.3
2_252	2_339	24.645	211	138	8	319	518	1	201	5.38e-06	43.5
2_252	2_513	28.342	187	110	5	1	187	324	486	1.90e-10	57.4
2_252	2_70	26.271	236	145	9	2	230	8	221	6.49e-10	55.8
2_252	2_70	32.432	74	47	2	453	523	149	222	3.41e-04	37.4
2_252	2_482	23.853	218	133	6	1	213	336	525	6.08e-09	52.8
2_252	2_350	44.898	49	27	0	13	61	346	394	9.15e-08	48.9
2_252	2_429	24.599	187	125	4	1	187	6	176	5.52e-07	46.6
2_252	2_283	35.088	57	37	0	2	58	39	95	6.77e-07	46.2
2_252	2_283	23.810	84	60	1	152	231	504	587	3.48e-05	40.8
2_252	2_494	24.286	210	127	6	20	213	26	219	7.96e-07	45.4
2_252	2_233	21.397	229	162	8	319	536	5	226	1.41e-06	44.3
2_252	2_233	22.363	237	149	6	1	230	5	213	2.42e-05	40.4
2_252	2_280	26.027	219	131	9	319	521	1	204	6.60e-06	43.1
2_252	2_280	20.851	235	133	6	1	219	1	198	8.39e-06	42.7
2_252	2_338	35.185	54	35	0	10	63	335	388	7.89e-06	42.7
2_252	2_223	31.765	85	54	1	150	230	226	310	1.97e-05	41.6
2_252	2_223	27.586	58	42	0	1	58	10	67	2.53e-05	41.2
2_252	2_277	22.511	231	149	6	320	525	10	235	4.50e-05	39.7
2_252	2_277	21.577	241	139	6	14	233	24	235	2.07e-04	37.7
2_252	2_195	23.913	184	111	6	16	187	142	308	1.07e-04	39.3
2_252	2_401	27.174	92	64	1	443	534	188	276	3.46e-04	37.4
2_252	2_375	25.126	199	105	10	32	217	499	666	4.87e-04	37.0
2_252	2_294	28.169	71	47	1	449	515	620	690	6.47e-04	37.0
2_253	2_253	100.000	443	0	0	1	443	1	443	0.0	892
2_253	2_294	37.349	249	138	4	204	437	531	776	5.07e-43	156
2_253	2_294	39.175	97	55	2	61	156	22	115	8.68e-13	64.7
2_253	2_195	45.082	122	66	1	273	394	269	389	1.42e-28	112
2_253	2_195	35.185	108	53	4	59	156	139	239	1.77e-11	60.1
2_253	2_431	37.500	136	83	1	252	385	131	266	1.96e-23	95.5
2_253	2_431	29.630	135	70	5	32	157	7	125	5.06e-09	52.0
2_253	2_223	26.786	392	248	11	43	417	10	379	4.13e-23	95.9
2_253	2_283	38.298	94	57	1	274	366	501	594	5.78e-17	77.8
2_253	2_283	29.688	128	75	3	38	165	33	145	4.58e-10	56.2
2_253	2_277	34.711	121	77	2	251	371	126	244	5.48e-16	72.4
2_253	2_494	36.719	128	73	3	261	386	139	260	2.19e-15	71.2
2_253	2_401	33.333	90	60	0	282	371	194	283	8.86e-15	70.1
2_253	2_274	42.857	84	47	1	276	359	194	276	1.11e-14	68.9
2_253	2_274	31.481	108	69	2	42	147	59	163	1.31e-06	44.3
2_253	2_233	32.353	102	68	1	278	379	133	233	3.18e-12	60.8
2_253	2_250	32.500	120	77	3	244	363	104	219	4.04e-12	60.8
2_253	2_429	36.634	101	54	3	264	360	129	223	8.17e-11	58.2
2_253	2_429	35.443	79	50	1	281	359	412	489	3.86e-07	46.6
2_253	2_429	41.071	56	29	1	43	98	6	57	5.54e-06	42.7
2_253	2_340	32.692	104	64	3	267	367	115	215	3.97e-08	49.7
2_253	2_339	25.191	131	91	3	223	351	72	197	7.66e-08	48.9
2_253	2_280	29.600	125	78	5	267	390	115	230	2.03e-07	47.8
2_253	2_70	25.954	131	94	2	229	359	357	484	1.17e-05	42.0
2_253	2_482	38.983	59	33	1	281	339	467	522	4.67e-05	40.0
2_253	2_513	29.412	85	53	2	30	111	308	388	1.49e-04	38.5
2_253	2_350	27.132	129	76	4	23	138	302	425	5.10e-04	36.6
2_253	2_218	26.984	189	115	7	240	424	450	619	6.06e-04	36.6
2_254	2_254	100.000	254	0	0	1	254	1	254	0.0	523
2_255	2_255	100.000	599	0	0	1	599	1	599	0.0	1221
2_255	2_149	30.093	216	126	7	117	315	10	217	6.11e-17	78.6
2_255	2_151	37.008	127	62	2	116	224	13	139	8.05e-14	68.9
2_255	2_49	32.099	162	90	3	116	257	21	182	2.50e-13	66.6
2_256	2_256	100.000	617	0	0	1	617	1	617	0.0	1244
2_257	2_257	100.000	327	0	0	1	327	1	327	0.0	660
2_258	2_258	100.000	246	0	0	1	246	1	246	2.52e-179	487
2_259	2_259	100.000	826	0	0	1	826	1	826	0.0	1676
2_259	2_458	28.571	630	324	21	29	613	34	582	1.02e-49	179
2_260	2_260	100.000	449	0	0	1	449	1	449	0.0	922
2_260	2_246	28.163	245	158	8	18	255	14	247	1.00e-12	64.3
2_260	2_246	46.154	39	21	0	409	447	503	541	1.14e-05	42.0
2_260	2_566	23.176	466	288	19	14	442	52	484	1.88e-09	53.9
2_261	2_261	100.000	263	0	0	1	263	1	263	0.0	506
2_261	2_305	27.350	117	73	3	48	152	110	226	1.50e-06	42.7
2_261	2_305	31.092	119	70	4	35	141	121	239	2.75e-05	38.9
2_262	2_262	100.000	467	0	0	1	467	1	467	0.0	955
2_263	2_263	100.000	174	0	0	1	174	1	174	1.37e-130	358
2_264	2_264	100.000	205	0	0	1	205	1	205	8.07e-151	412
2_265	2_265	100.000	214	0	0	1	214	1	214	1.59e-157	429
2_266	2_266	100.000	107	0	0	1	107	1	107	2.33e-72	205
2_267	2_267	100.000	259	0	0	1	259	1	259	0.0	522
2_268	2_268	100.000	212	0	0	1	212	1	212	9.43e-157	427
2_269	2_269	100.000	120	0	0	1	120	1	120	5.22e-88	246
2_270	2_270	100.000	236	0	0	1	236	1	236	1.77e-172	469
2_270	2_442	33.824	136	63	8	4	113	16	150	3.40e-06	41.6
2_271	2_271	100.000	239	0	0	1	239	1	239	6.07e-176	478
2_272	2_272	100.000	665	0	0	1	665	1	665	0.0	1345
2_272	2_331	23.235	340	194	13	321	637	1	296	1.41e-09	54.7
2_272	2_332	28.452	239	134	10	325	557	9	216	1.56e-08	51.2
2_273	2_273	100.000	410	0	0	1	410	1	410	0.0	811
2_274	2_274	100.000	307	0	0	1	307	1	307	0.0	616
2_274	2_280	32.735	223	133	7	60	279	1	209	1.15e-24	99.0
2_274	2_340	30.732	205	122	6	79	277	16	206	9.81e-21	87.0
2_274	2_339	29.442	197	127	5	79	273	16	202	2.43e-19	83.2
2_274	2_250	28.636	220	132	4	79	286	19	225	1.98e-18	78.2
2_274	2_431	28.972	214	133	6	58	258	14	221	1.18e-15	71.2
2_274	2_253	42.857	84	47	1	194	276	276	359	6.14e-15	69.3
2_274	2_253	31.481	108	69	2	59	163	42	147	1.05e-06	44.3
2_274	2_195	31.282	195	113	8	81	258	146	336	1.85e-14	68.2
2_274	2_429	25.108	231	157	8	60	282	6	228	3.57e-14	67.4
2_274	2_429	30.263	76	53	0	199	274	412	487	1.04e-04	38.1
2_274	2_401	24.779	226	119	3	84	258	27	252	7.20e-14	65.9
2_274	2_294	31.000	100	68	1	188	286	608	707	1.34e-13	65.9
2_274	2_277	25.472	212	146	4	56	258	5	213	4.46e-13	62.8
2_274	2_494	28.079	203	108	7	83	258	26	217	2.96e-12	60.8
2_274	2_223	36.170	94	54	2	78	171	24	111	4.99e-12	60.5
2_274	2_223	36.585	82	51	1	197	277	230	311	3.80e-10	54.7
2_274	2_283	34.146	82	53	1	194	274	503	584	8.26e-10	53.9
2_274	2_283	31.707	82	46	2	84	163	58	131	6.54e-08	48.1
2_274	2_233	24.272	206	141	6	83	283	25	220	2.26e-09	51.6
2_274	2_560	26.708	161	104	4	78	233	2	153	2.49e-09	50.8
2_274	2_70	25.405	185	119	6	83	257	26	201	6.41e-09	51.2
2_274	2_70	23.387	248	159	10	59	279	244	487	8.43e-06	41.6
2_274	2_375	29.167	168	103	8	97	257	501	659	1.69e-08	50.1
2_274	2_350	31.527	203	114	11	79	271	349	536	2.38e-08	49.3
2_274	2_482	25.510	196	125	7	79	267	351	532	6.96e-08	48.1
2_274	2_338	29.570	186	108	8	79	257	341	510	8.29e-08	47.8
2_274	2_513	25.405	185	120	5	79	258	339	510	2.00e-07	46.6
2_275	2_275	100.000	367	0	0	1	367	1	367	0.0	745
2_275	2_137	35.433	127	57	2	6	132	160	261	9.24e-15	69.7
2_276	2_276	100.000	260	0	0	1	260	1	260	0.0	521
2_277	2_277	100.000	256	0	0	1	256	1	256	0.0	509
2_277	2_253	34.711	121	77	2	126	244	251	371	2.26e-16	72.8
2_277	2_401	26.071	280	162	5	8	244	6	283	3.79e-16	72.0
2_277	2_274	27.358	212	142	4	5	213	56	258	1.22e-15	69.7
2_277	2_294	30.508	118	73	2	134	250	598	707	3.50e-14	66.6
2_277	2_339	27.136	199	126	4	28	225	18	198	2.91e-13	63.9
2_277	2_429	24.138	232	162	10	27	252	22	245	3.19e-12	60.5
2_277	2_429	22.566	226	163	6	12	230	267	487	5.97e-09	50.4
2_277	2_195	25.203	246	153	8	4	231	122	354	1.92e-11	58.2
2_277	2_250	27.237	257	155	9	9	250	1	240	6.82e-11	55.8
2_277	2_494	31.646	79	53	1	153	231	158	235	1.86e-10	54.7
2_277	2_340	25.664	226	139	7	24	245	14	214	2.04e-10	55.1
2_277	2_283	33.766	77	51	0	154	230	508	584	2.73e-09	51.6
2_277	2_283	29.885	87	55	2	27	112	54	135	1.81e-04	37.0
2_277	2_223	31.313	99	68	0	133	231	211	309	2.80e-09	51.6
2_277	2_431	27.083	240	148	10	6	231	13	239	1.47e-08	49.3
2_277	2_280	23.188	207	138	6	23	227	13	200	3.40e-08	48.5
2_277	2_70	24.074	216	151	7	20	231	14	220	5.00e-08	47.8
2_277	2_70	24.180	244	146	10	30	251	277	503	1.78e-05	40.0
2_277	2_482	26.699	206	131	7	9	212	336	523	7.42e-08	47.4
2_277	2_233	22.831	219	137	7	22	231	17	212	2.43e-06	42.0
2_277	2_252	22.271	229	152	6	10	235	320	525	3.03e-06	42.4
2_277	2_252	21.992	241	138	8	24	235	14	233	2.78e-05	39.3
2_277	2_375	28.333	180	105	7	40	212	497	659	3.19e-05	39.3
2_277	2_513	21.053	209	141	7	9	214	324	511	2.72e-04	36.2
2_277	2_218	28.889	90	53	4	136	218	815	900	3.45e-04	36.2
2_277	2_350	24.312	218	127	10	8	214	332	522	3.75e-04	35.8
2_278	2_278	100.000	158	0	0	1	158	1	158	1.02e-115	319
2_279	2_279	100.000	309	0	0	1	309	1	309	0.0	598
2_280	2_280	100.000	766	0	0	1	766	1	766	0.0	1509
2_280	2_339	30.788	812	476	21	1	766	1	772	2.50e-92	300
2_280	2_340	39.823	452	246	10	1	440	1	438	1.43e-89	290
2_280	2_340	33.588	131	87	0	636	766	516	646	1.69e-15	74.7
2_280	2_274	32.735	223	133	7	1	209	60	279	3.37e-24	98.6
2_280	2_429	24.324	259	168	9	1	232	6	263	1.77e-14	71.2
2_280	2_429	23.301	206	140	4	16	203	282	487	3.01e-06	44.7
2_280	2_494	27.014	211	127	7	17	201	23	232	1.91e-14	69.3
2_280	2_482	30.412	194	125	6	1	188	336	525	3.69e-13	67.0
2_280	2_70	29.630	216	130	6	2	201	8	217	3.74e-13	67.0
2_280	2_223	32.990	97	63	1	1	95	10	106	1.30e-09	55.5
2_280	2_513	27.230	213	130	7	1	199	324	525	2.89e-09	54.7
2_280	2_536	26.076	395	235	18	302	659	86	460	5.16e-09	53.9
2_280	2_338	28.708	209	138	6	2	204	327	530	8.08e-09	53.1
2_280	2_401	34.483	87	53	2	119	202	183	268	1.97e-08	51.6
2_280	2_560	33.557	149	76	7	34	171	21	157	2.91e-08	49.3
2_280	2_283	30.357	112	75	2	2	111	39	149	3.39e-08	51.2
2_280	2_283	31.081	74	49	1	129	200	508	581	1.71e-05	42.4
2_280	2_233	27.000	200	123	7	17	203	22	211	3.54e-08	49.7
2_280	2_195	25.561	223	120	8	15	198	141	356	1.12e-07	49.3
2_280	2_250	27.149	221	125	10	1	198	1	208	2.02e-07	47.8
2_280	2_277	29.545	88	59	2	115	200	141	227	4.40e-07	46.6
2_280	2_253	29.600	125	78	5	115	230	267	390	4.60e-07	47.4
2_280	2_294	30.476	105	65	2	129	225	619	723	6.17e-07	47.4
2_280	2_350	28.505	214	123	10	2	198	334	534	8.98e-07	46.6
2_280	2_252	26.027	219	131	9	1	204	319	521	1.42e-05	42.7
2_280	2_252	20.851	235	133	6	1	198	1	219	1.53e-05	42.4
2_280	2_431	32.051	78	51	1	122	197	155	232	1.43e-05	42.4
2_280	2_218	36.585	82	43	4	129	204	834	912	1.68e-05	42.7
2_280	2_218	31.068	103	61	4	93	190	460	557	0.001	37.0
2_280	2_375	24.638	207	127	6	13	195	468	669	9.34e-05	40.0
2_281	2_281	100.000	188	0	0	1	188	1	188	1.47e-134	369
2_282	2_282	100.000	719	0	0	1	719	1	719	0.0	1432
2_283	2_283	100.000	725	0	0	1	725	1	725	0.0	1470
2_283	2_223	38.624	189	111	4	481	667	205	390	6.28e-35	133
2_283	2_223	47.423	97	51	0	39	135	11	107	1.14e-22	96.3
2_283	2_401	40.146	137	82	0	481	617	166	302	3.80e-31	120
2_283	2_401	30.088	113	70	2	38	150	7	110	3.49e-11	60.1
2_283	2_294	25.735	136	99	2	481	614	591	726	2.72e-17	80.5
2_283	2_294	28.049	164	100	5	42	204	12	158	2.62e-07	48.5
2_283	2_253	38.298	94	57	1	501	594	274	366	9.46e-17	77.8
2_283	2_253	29.688	128	75	3	33	145	38	165	7.49e-10	56.2
2_283	2_195	32.432	111	74	1	505	614	274	384	1.74e-14	70.9
2_283	2_250	31.776	107	72	1	486	592	116	221	9.02e-13	63.9
2_283	2_250	31.915	94	55	3	50	137	16	106	1.05e-05	42.4
2_283	2_494	25.806	155	88	3	501	655	152	279	2.42e-12	62.8
2_283	2_494	30.952	84	39	3	53	117	22	105	1.33e-05	42.0
2_283	2_233	32.292	96	63	2	500	594	127	221	5.71e-11	57.8
2_283	2_429	34.409	93	54	2	498	587	402	490	2.12e-10	58.2
2_283	2_429	29.213	89	58	2	500	584	133	220	1.22e-07	49.3
2_283	2_429	29.348	92	54	4	48	131	16	104	1.14e-06	46.2
2_283	2_340	32.967	91	59	1	498	588	119	207	1.14e-09	55.8
2_283	2_340	33.333	99	58	3	39	134	2	95	6.00e-07	47.0
2_283	2_339	31.897	116	70	2	474	589	102	208	1.53e-09	55.5
2_283	2_339	32.673	101	60	2	39	136	2	97	2.50e-07	48.5
2_283	2_274	34.146	82	53	1	503	584	194	274	2.31e-09	53.9
2_283	2_274	31.707	82	46	2	58	131	84	163	2.17e-07	47.8
2_283	2_431	29.358	109	76	1	505	612	159	267	1.05e-08	52.0
2_283	2_431	25.899	139	83	6	30	151	4	139	4.44e-04	37.4
2_283	2_277	33.766	77	51	0	508	584	154	230	1.35e-08	51.2
2_283	2_280	30.357	112	75	2	39	149	2	111	3.05e-08	51.2
2_283	2_280	31.081	74	49	1	508	581	129	200	1.50e-05	42.7
2_283	2_70	30.476	105	70	1	38	139	7	111	5.11e-08	50.4
2_283	2_70	25.974	77	56	1	508	584	407	482	6.70e-04	37.0
2_283	2_513	34.247	73	48	0	36	108	322	394	4.97e-07	47.4
2_283	2_513	28.788	132	78	6	448	572	393	515	5.84e-05	40.4
2_283	2_252	35.088	57	37	0	39	95	2	58	9.13e-07	46.2
2_283	2_252	23.810	84	60	1	504	587	152	231	4.68e-05	40.8
2_283	2_482	27.778	90	61	2	493	581	452	538	1.45e-06	45.8
2_283	2_560	38.298	47	29	0	493	539	104	150	1.15e-05	41.6
2_283	2_350	33.333	66	43	1	36	100	331	396	2.70e-05	41.6
2_283	2_338	25.301	83	59	1	36	115	324	406	2.63e-04	38.5
2_284	2_284	100.000	553	0	0	1	553	1	553	0.0	1134
2_284	2_439	64.968	471	142	6	80	533	189	653	0.0	596
2_284	2_439	42.500	120	41	6	4	111	1	104	5.97e-14	68.9
2_284	2_544	38.969	485	274	6	44	513	152	629	1.98e-107	330
2_284	2_517	36.082	485	250	18	64	512	48	508	8.99e-74	238
2_284	2_561	34.104	346	185	7	199	514	28	360	2.60e-55	185
2_284	2_382	30.496	423	234	11	144	519	131	540	7.35e-44	159
2_284	2_524	30.952	210	114	9	8	195	6	206	3.39e-13	63.5
2_285	2_285	100.000	705	0	0	1	705	1	705	0.0	1385
2_286	2_286	100.000	578	0	0	1	578	1	578	0.0	1161
2_287	2_287	100.000	511	0	0	1	511	1	511	0.0	1046
2_287	2_322	43.385	325	173	6	105	423	125	444	1.42e-74	239
2_287	2_320	22.712	295	216	6	49	340	63	348	4.06e-08	50.1
2_287	2_173	22.819	298	203	11	116	400	119	402	3.75e-06	43.5
2_288	2_288	100.000	741	0	0	1	741	1	741	0.0	1494
2_289	2_289	100.000	527	0	0	1	527	1	527	0.0	1025
2_290	2_290	100.000	231	0	0	1	231	1	231	1.23e-161	441
2_291	2_291	100.000	487	0	0	1	487	1	487	0.0	968
2_292	2_292	100.000	305	0	0	1	305	1	305	0.0	609
2_293	2_293	100.000	443	0	0	1	443	1	443	0.0	885
2_294	2_294	100.000	776	0	0	1	776	1	776	0.0	1533
2_294	2_253	37.349	249	138	4	531	776	204	437	1.01e-42	155
2_294	2_253	39.175	97	55	2	22	115	61	156	1.67e-12	64.7
2_294	2_195	44.737	114	63	0	615	728	273	386	5.96e-30	119
2_294	2_195	31.250	96	61	2	33	123	152	247	6.73e-07	47.0
2_294	2_431	37.037	162	82	3	571	724	118	267	9.71e-26	103
2_294	2_223	32.117	137	92	1	585	721	199	334	4.92e-20	88.2
2_294	2_283	26.761	142	97	3	585	726	480	614	2.29e-17	80.9
2_294	2_283	28.049	164	100	5	12	158	42	204	2.42e-07	48.5
2_294	2_494	39.091	110	66	1	600	709	140	248	2.64e-16	75.1
2_294	2_401	37.363	91	57	0	620	710	194	284	3.06e-15	72.8
2_294	2_250	36.275	102	64	1	608	709	127	227	6.93e-15	70.5
2_294	2_250	33.333	75	43	3	27	100	23	91	7.81e-04	36.6
2_294	2_277	30.508	118	73	2	598	707	134	250	1.50e-13	66.2
2_294	2_274	31.000	100	68	1	608	707	188	286	4.07e-13	65.5
2_294	2_233	32.258	93	62	1	616	708	133	224	2.52e-11	59.3
2_294	2_233	40.426	47	28	0	23	69	21	67	7.32e-07	45.8
2_294	2_340	34.940	83	52	1	617	699	127	207	6.81e-09	53.5
2_294	2_429	30.097	103	62	3	602	700	129	225	7.59e-08	50.1
2_294	2_429	27.723	101	72	1	617	717	410	509	2.39e-05	42.0
2_294	2_280	30.476	105	65	2	619	723	129	225	4.92e-07	47.8
2_294	2_482	38.983	59	33	1	619	677	467	522	7.32e-07	47.0
2_294	2_339	27.957	93	65	1	598	690	108	198	8.10e-07	47.0
2_294	2_70	25.532	94	63	2	610	700	398	487	9.32e-06	43.1
2_294	2_350	36.508	63	34	2	38	96	364	424	1.19e-04	39.7
2_294	2_218	33.333	102	63	3	602	701	476	574	1.60e-04	39.3
2_294	2_252	28.169	71	47	1	620	690	449	515	8.87e-04	37.0
2_294	2_513	37.313	67	38	2	613	679	449	511	0.001	36.6
2_295	2_295	100.000	385	0	0	1	385	1	385	0.0	767
2_295	2_126	32.877	219	139	5	160	377	106	317	2.13e-21	88.6
2_295	2_125	24.000	225	145	7	175	384	151	364	5.35e-04	36.2
2_296	2_296	100.000	351	0	0	1	351	1	351	0.0	685
2_296	2_125	27.358	318	207	7	6	316	61	361	8.46e-23	92.8
2_297	2_297	100.000	939	0	0	1	939	1	939	0.0	1904
2_298	2_298	100.000	611	0	0	1	611	1	611	0.0	1227
2_298	2_547	30.625	160	108	3	402	558	11	170	3.34e-19	80.1
2_298	2_539	31.343	134	90	1	167	300	4	135	1.55e-16	71.6
2_298	2_219	24.709	344	192	13	157	482	4	298	3.64e-08	49.7
2_298	2_555	28.571	98	62	2	291	385	21	113	4.07e-08	46.6
2_298	2_212	27.778	72	51	1	539	609	13	84	1.06e-05	38.9
2_298	2_153	26.351	148	100	5	335	477	159	302	1.20e-04	39.3
2_299	2_299	100.000	205	0	0	1	205	1	205	3.70e-144	395
2_300	2_300	100.000	607	0	0	1	607	1	607	0.0	1221
2_301	2_301	100.000	1386	0	0	1	1386	1	1386	0.0	2741
2_301	2_421	67.960	1392	423	6	1	1385	1	1376	0.0	1814
2_302	2_302	100.000	1982	0	0	1	1982	1	1982	0.0	3878
2_302	2_551	30.460	870	556	19	45	884	8	858	4.29e-94	322
2_302	2_514	35.516	397	209	11	60	425	37	417	1.70e-54	196
2_303	2_303	100.000	429	0	0	1	429	1	429	0.0	864
2_304	2_304	100.000	175	0	0	1	175	1	175	7.56e-126	346
2_305	2_305	100.000	278	0	0	1	278	1	278	0.0	541
2_305	2_261	27.350	117	73	3	110	226	48	152	1.58e-06	42.7
2_305	2_261	31.092	119	70	4	121	239	35	141	2.90e-05	38.9
2_306	2_306	100.000	274	0	0	1	274	1	274	0.0	539
2_306	2_423	24.551	167	116	4	73	233	75	237	6.23e-05	38.1
2_307	2_307	100.000	334	0	0	1	334	1	334	0.0	681
2_308	2_308	100.000	374	0	0	1	374	1	374	0.0	775
2_309	2_309	100.000	524	0	0	1	524	1	524	0.0	1022
2_309	2_486	24.301	465	302	18	9	462	4	429	7.69e-14	68.2
2_310	2_310	100.000	88	0	0	1	88	1	88	6.78e-60	172
2_311	2_311	100.000	692	0	0	1	692	1	692	0.0	1372
2_312	2_312	100.000	1086	0	0	1	1086	1	1086	0.0	2138
2_312	2_420	23.725	451	280	15	23	431	12	440	1.39e-08	53.5
2_312	2_490	24.947	469	294	15	18	451	14	459	9.83e-08	50.4
2_312	2_477	22.134	253	167	8	31	254	14	265	4.49e-05	42.0
2_312	2_525	26.667	255	162	9	25	260	29	277	8.14e-05	40.8
2_312	2_519	22.944	462	296	16	16	430	5	453	1.30e-04	40.4
2_313	2_313	100.000	481	0	0	1	481	1	481	0.0	933
2_314	2_314	100.000	821	0	0	1	821	1	821	0.0	1662
2_314	2_330	22.437	517	375	10	10	510	6	512	1.70e-31	125
2_315	2_315	100.000	997	0	0	1	997	1	997	0.0	2016
2_315	2_501	51.282	78	38	0	381	458	2	79	2.08e-22	87.0
2_316	2_316	100.000	232	0	0	1	232	1	232	6.28e-174	472
2_317	2_317	100.000	102	0	0	1	102	1	102	1.47e-69	198
2_318	2_318	100.000	414	0	0	1	414	1	414	0.0	830
2_319	2_319	100.000	691	0	0	1	691	1	691	0.0	1391
2_320	2_320	100.000	471	0	0	1	471	1	471	0.0	954
2_320	2_173	37.168	452	279	4	7	456	2	450	1.89e-104	314
2_320	2_322	26.757	370	260	7	44	408	58	421	3.72e-26	105
2_320	2_287	22.712	295	216	6	63	348	49	340	3.74e-08	50.1
2_321	2_321	100.000	276	0	0	1	276	1	276	0.0	544
2_322	2_322	100.000	507	0	0	1	507	1	507	0.0	1013
2_322	2_287	43.385	325	173	6	125	444	105	423	1.41e-74	239
2_322	2_320	26.757	370	260	7	58	421	44	408	4.00e-26	105
2_322	2_173	24.291	247	181	5	37	278	15	260	8.19e-08	48.9
2_323	2_323	100.000	385	0	0	1	385	1	385	0.0	749
2_324	2_324	100.000	402	0	0	1	402	1	402	0.0	799
2_325	2_325	100.000	850	0	0	1	850	1	850	0.0	1697
2_325	2_225	35.543	709	429	12	6	698	50	746	4.29e-130	405
2_325	2_225	25.000	132	88	5	582	706	727	854	3.75e-04	38.5
2_326	2_326	100.000	886	0	0	1	886	1	886	0.0	1803
2_326	2_336	24.069	698	428	16	34	711	18	633	1.23e-46	174
2_326	2_343	22.941	340	205	10	440	753	393	701	9.25e-15	72.8
2_326	2_343	23.563	174	120	3	27	199	8	169	6.93e-09	53.9
2_326	2_380	26.490	151	100	3	50	200	2	141	2.83e-09	54.7
2_326	2_380	34.426	61	35	2	574	634	294	349	4.58e-05	41.2
2_327	2_327	100.000	204	0	0	1	204	1	204	1.31e-143	393
2_328	2_328	100.000	150	0	0	1	150	1	150	2.34e-105	292
2_328	2_426	31.724	145	91	5	1	142	1	140	1.31e-11	53.9
2_329	2_329	100.000	534	0	0	1	534	1	534	0.0	1060
2_330	2_330	100.000	673	0	0	1	673	1	673	0.0	1349
2_330	2_314	22.437	517	375	10	6	512	10	510	8.77e-32	126
2_331	2_331	100.000	324	0	0	1	324	1	324	0.0	665
2_331	2_332	42.403	283	150	7	7	282	7	283	3.56e-56	180
2_331	2_272	23.235	340	194	13	1	296	321	637	6.87e-10	54.7
2_332	2_332	100.000	335	0	0	1	335	1	335	0.0	677
2_332	2_331	41.538	325	177	7	7	325	7	324	1.67e-71	220
2_332	2_272	27.195	353	208	16	9	326	325	663	5.83e-13	64.3
2_333	2_333	100.000	378	0	0	1	378	1	378	0.0	754
2_334	2_334	100.000	783	0	0	1	783	1	783	0.0	1564
2_335	2_335	100.000	353	0	0	1	353	1	353	0.0	697
2_335	2_453	27.129	317	167	15	46	345	64	333	6.46e-07	45.1
2_336	2_336	100.000	823	0	0	1	823	1	823	0.0	1656
2_336	2_326	24.157	741	452	18	18	668	34	754	6.60e-48	177
2_336	2_343	21.557	334	201	9	393	679	398	717	2.94e-14	71.2
2_336	2_343	27.174	184	113	4	6	186	3	168	1.27e-08	52.8
2_336	2_380	24.084	191	113	4	32	222	3	161	1.88e-07	48.9
2_336	2_380	21.053	304	175	13	321	594	128	396	0.001	37.0
2_337	2_337	100.000	212	0	0	1	212	1	212	1.10e-148	407
2_338	2_338	100.000	535	0	0	1	535	1	535	0.0	1041
2_338	2_350	31.445	512	325	9	31	526	35	536	1.63e-54	187
2_338	2_482	31.132	212	136	3	321	526	331	538	2.13e-30	119
2_338	2_513	31.807	393	218	17	153	521	154	520	7.95e-25	102
2_338	2_560	32.086	187	123	2	343	526	5	190	3.82e-16	71.6
2_338	2_250	32.353	204	117	11	327	514	2	200	7.52e-13	63.5
2_338	2_339	30.882	204	134	4	327	527	2	201	2.38e-11	60.8
2_338	2_375	32.184	174	95	8	352	510	494	659	1.12e-10	58.5
2_338	2_280	29.167	216	128	8	327	530	2	204	7.56e-09	52.8
2_338	2_340	29.167	216	137	9	327	534	2	209	3.42e-08	50.4
2_338	2_274	29.570	186	108	8	341	510	79	257	1.82e-07	47.4
2_338	2_252	35.185	54	35	0	335	388	10	63	9.24e-06	42.7
2_338	2_233	25.414	181	122	5	342	514	22	197	1.53e-05	41.2
2_338	2_223	32.787	61	41	0	327	387	11	71	4.81e-05	40.0
2_338	2_283	25.301	83	59	1	324	406	36	115	3.03e-04	37.7
2_338	2_70	25.532	188	118	5	346	517	27	208	6.08e-04	36.6
2_339	2_339	100.000	772	0	0	1	772	1	772	0.0	1506
2_339	2_340	48.402	438	198	9	1	416	1	432	3.86e-108	339
2_339	2_340	45.736	129	70	0	644	772	518	646	6.74e-23	98.6
2_339	2_280	30.788	812	476	21	1	772	1	766	3.96e-87	286
2_339	2_274	29.442	197	127	5	16	202	79	273	5.85e-19	83.2
2_339	2_70	32.673	202	122	5	6	195	12	211	1.35e-15	74.7
2_339	2_429	25.592	211	143	5	1	198	6	215	1.32e-13	68.6
2_339	2_429	26.531	196	126	5	11	188	277	472	1.45e-10	58.5
2_339	2_494	24.519	208	130	5	17	198	23	229	4.58e-13	65.1
2_339	2_482	26.415	212	137	7	1	201	336	539	7.72e-12	62.8
2_339	2_277	27.451	204	119	8	18	198	28	225	8.87e-12	60.8
2_339	2_350	31.373	204	111	9	13	200	346	536	3.46e-11	60.8
2_339	2_338	30.882	204	134	4	2	201	327	527	3.80e-11	60.5
2_339	2_252	22.993	274	175	5	1	240	1	272	8.46e-11	59.3
2_339	2_252	24.645	211	138	8	1	201	319	518	7.72e-06	43.5
2_339	2_401	30.986	142	89	5	59	197	128	263	1.50e-09	55.1
2_339	2_401	52.778	36	17	0	21	56	27	62	5.27e-05	40.4
2_339	2_283	31.897	116	70	2	102	208	474	589	1.63e-09	55.5
2_339	2_283	32.673	101	60	2	2	97	39	136	2.66e-07	48.5
2_339	2_513	28.866	194	127	6	1	188	324	512	1.00e-08	52.8
2_339	2_223	32.394	142	92	3	107	245	211	351	1.65e-08	52.0
2_339	2_223	32.955	88	57	1	7	92	16	103	1.80e-08	52.0
2_339	2_250	23.618	199	141	6	13	202	16	212	9.33e-08	48.9
2_339	2_253	25.191	131	91	3	72	197	223	351	1.33e-07	48.9
2_339	2_375	24.479	192	131	5	23	204	490	677	2.74e-07	48.1
2_339	2_218	38.144	97	51	4	110	200	815	908	6.30e-07	47.4
2_339	2_218	28.571	147	88	6	64	193	416	562	1.50e-04	39.7
2_339	2_294	27.957	93	65	1	108	198	598	690	8.06e-07	47.0
2_339	2_233	27.174	184	109	7	19	188	24	196	2.35e-06	44.3
2_339	2_195	25.592	211	123	8	16	197	142	347	5.64e-06	43.9
2_339	2_560	27.684	177	117	5	16	185	3	175	1.50e-05	41.2
2_339	2_431	30.682	88	57	2	114	197	145	232	2.07e-04	38.5
2_340	2_340	100.000	650	0	0	1	650	1	650	0.0	1263
2_340	2_339	48.402	438	198	9	1	432	1	416	5.12e-108	338
2_340	2_339	39.344	183	105	1	470	646	590	772	7.45e-31	123
2_340	2_280	39.823	452	246	10	1	438	1	440	2.33e-89	289
2_340	2_280	29.348	184	126	2	467	646	583	766	2.73e-16	77.0
2_340	2_274	30.732	205	122	6	16	206	79	277	2.12e-20	87.0
2_340	2_350	32.558	215	117	9	2	200	334	536	3.85e-15	72.8
2_340	2_482	29.717	212	130	8	1	201	336	539	4.20e-15	72.8
2_340	2_494	27.700	213	129	6	18	205	24	236	1.28e-13	66.6
2_340	2_250	31.081	222	129	11	1	205	1	215	1.90e-13	65.9
2_340	2_429	28.194	227	133	7	16	215	282	505	3.05e-13	67.0
2_340	2_429	25.688	218	140	7	15	212	20	235	3.19e-13	66.6
2_340	2_70	29.524	210	134	5	10	205	12	221	1.58e-12	64.7
2_340	2_70	28.326	233	135	9	2	208	261	487	7.08e-09	52.8
2_340	2_252	25.641	234	141	6	1	205	1	230	1.73e-12	64.7
2_340	2_252	28.571	210	133	8	1	202	319	519	1.81e-09	54.7
2_340	2_513	28.365	208	110	6	1	188	324	512	7.82e-11	59.3
2_340	2_233	28.814	236	143	8	4	222	8	235	8.67e-11	57.4
2_340	2_375	31.285	179	100	8	32	195	499	669	5.84e-10	56.6
2_340	2_283	32.967	91	59	1	119	207	498	588	1.01e-09	55.8
2_340	2_283	33.333	99	58	3	2	95	39	134	5.76e-07	47.0
2_340	2_401	29.333	150	99	3	60	207	129	273	1.64e-09	54.7
2_340	2_401	43.636	55	31	0	2	56	8	62	1.23e-05	42.4
2_340	2_277	26.407	231	131	10	14	214	24	245	5.76e-09	52.0
2_340	2_294	34.940	83	52	1	127	207	617	699	6.38e-09	53.5
2_340	2_195	25.688	218	138	7	16	209	142	359	1.28e-08	52.0
2_340	2_223	31.915	94	62	1	1	92	10	103	1.67e-08	51.6
2_340	2_223	39.535	86	46	3	126	207	229	312	3.26e-08	50.8
2_340	2_338	29.167	216	137	9	2	209	327	534	5.62e-08	50.1
2_340	2_253	32.692	104	64	3	115	215	267	367	6.41e-08	49.7
2_340	2_560	29.677	155	98	4	16	163	3	153	4.18e-06	42.7
2_340	2_431	32.941	85	55	1	127	209	160	244	2.66e-05	41.2
2_340	2_218	36.905	84	44	4	121	198	826	906	1.31e-04	39.3
2_341	2_341	100.000	802	0	0	1	802	1	802	0.0	1615
2_341	2_462	44.604	834	404	15	1	802	1	808	0.0	634
2_341	2_467	46.595	749	368	12	45	766	27	770	0.0	611
2_341	2_495	40.675	563	271	19	1	540	1	523	5.62e-100	323
2_341	2_409	70.732	41	12	0	45	85	22	62	5.34e-15	65.5
2_342	2_342	100.000	979	0	0	1	979	1	979	0.0	1930
2_343	2_343	100.000	790	0	0	1	790	1	790	0.0	1608
2_343	2_326	22.941	340	205	10	393	701	440	753	8.25e-15	72.8
2_343	2_326	23.563	174	120	3	8	169	27	199	6.18e-09	53.9
2_343	2_336	24.103	195	101	6	398	592	393	540	2.17e-12	65.1
2_343	2_336	27.174	184	113	4	3	168	6	186	1.37e-08	52.8
2_343	2_380	34.444	90	58	1	29	118	3	91	6.73e-08	50.1
2_343	2_380	33.000	100	59	3	513	612	264	355	1.75e-07	48.9
2_344	2_344	100.000	463	0	0	1	463	1	463	0.0	938
2_345	2_345	100.000	227	0	0	1	227	1	227	9.98e-164	446
2_346	2_346	100.000	324	0	0	1	324	1	324	0.0	643
2_347	2_347	100.000	245	0	0	1	245	1	245	8.36e-177	481
2_348	2_348	100.000	700	0	0	1	700	1	700	0.0	1422
2_349	2_349	100.000	582	0	0	1	582	1	582	0.0	1180
2_350	2_350	100.000	536	0	0	1	536	1	536	0.0	1022
2_350	2_338	31.445	512	325	9	35	536	31	526	3.02e-54	186
2_350	2_482	38.462	221	128	7	320	536	322	538	1.67e-29	116
2_350	2_513	34.928	209	124	6	328	531	319	520	3.48e-23	97.4
2_350	2_560	37.500	192	112	3	349	536	3	190	3.41e-16	72.0
2_350	2_340	32.558	215	117	9	334	536	2	200	3.02e-15	73.2
2_350	2_250	30.189	212	132	8	334	534	2	208	7.01e-14	66.6
2_350	2_375	31.016	187	111	5	319	495	455	633	1.58e-13	67.8
2_350	2_339	31.373	204	111	9	346	536	13	200	2.91e-11	60.5
2_350	2_274	31.527	203	114	11	349	536	79	271	4.08e-08	49.3
2_350	2_252	44.898	49	27	0	346	394	13	61	8.81e-08	48.9
2_350	2_280	28.505	214	123	10	334	534	2	198	8.13e-07	46.2
2_350	2_233	25.943	212	129	9	336	533	8	205	2.74e-06	43.1
2_350	2_283	33.333	66	43	1	331	396	36	100	2.39e-05	41.2
2_350	2_70	25.568	176	111	6	363	524	36	205	4.89e-05	40.0
2_350	2_294	36.508	63	34	2	364	424	38	96	8.73e-05	39.7
2_350	2_401	38.000	100	46	5	327	415	1	95	1.44e-04	38.5
2_350	2_494	22.527	182	118	4	364	522	37	218	5.29e-04	36.6
2_350	2_253	27.132	129	76	4	302	425	23	138	6.33e-04	36.6
2_350	2_429	26.230	183	118	8	365	534	37	215	7.45e-04	36.6
2_351	2_351	100.000	549	0	0	1	549	1	549	0.0	1071
2_352	2_352	100.000	828	0	0	1	828	1	828	0.0	1679
2_352	2_461	28.571	616	326	23	246	809	252	805	3.78e-45	169
2_353	2_353	100.000	285	0	0	1	285	1	285	0.0	573
2_354	2_354	100.000	186	0	0	1	186	1	186	1.41e-136	374
2_354	2_97	26.772	127	68	4	46	151	81	203	2.35e-04	35.0
2_355	2_355	100.000	293	0	0	1	293	1	293	0.0	586
2_355	2_239	29.530	149	90	6	9	152	5	143	3.03e-09	52.0
2_355	2_239	35.593	59	38	0	9	67	173	231	2.78e-06	42.7
2_355	2_124	37.705	61	35	1	5	65	218	275	3.88e-05	39.3
2_355	2_165	39.344	61	33	3	10	69	19	76	2.40e-04	35.8
2_356	2_356	100.000	398	0	0	1	398	1	398	0.0	811
2_357	2_357	100.000	153	0	0	1	153	1	153	4.29e-108	299
2_358	2_358	100.000	381	0	0	1	381	1	381	0.0	754
2_359	2_359	100.000	473	0	0	1	473	1	473	0.0	927
2_360	2_360	100.000	121	0	0	1	121	1	121	7.08e-88	246
2_361	2_361	100.000	883	0	0	1	883	1	883	0.0	1786
2_362	2_362	100.000	297	0	0	1	297	1	297	0.0	578
2_363	2_363	100.000	709	0	0	1	709	1	709	0.0	1425
2_364	2_364	100.000	695	0	0	1	695	1	695	0.0	1379
2_365	2_365	100.000	892	0	0	1	892	1	892	0.0	1802
2_366	2_366	100.000	142	0	0	1	142	1	142	5.91e-104	288
2_367	2_367	100.000	361	0	0	1	361	1	361	0.0	718
2_368	2_368	100.000	504	0	0	1	504	1	504	0.0	978
2_368	2_2	25.901	444	264	16	10	403	51	479	1.82e-21	92.0
2_368	2_565	33.333	78	43	3	331	403	1	74	0.001	33.1
2_369	2_369	100.000	205	0	0	1	205	1	205	9.47e-154	419
2_370	2_370	100.000	274	0	0	1	274	1	274	0.0	560
2_371	2_371	100.000	377	0	0	1	377	1	377	0.0	759
2_372	2_372	100.000	984	0	0	1	984	1	984	0.0	1987
2_372	2_425	22.222	720	356	26	188	785	796	1433	1.66e-17	82.4
2_373	2_373	100.000	666	0	0	1	666	1	666	0.0	1352
2_374	2_374	100.000	569	0	0	1	569	1	569	0.0	1102
2_374	2_71	30.556	216	124	4	79	285	18	216	9.50e-12	60.8
2_375	2_375	100.000	679	0	0	1	679	1	679	0.0	1343
2_375	2_350	27.719	285	184	6	357	633	225	495	2.90e-14	70.1
2_375	2_338	32.184	174	95	8	494	659	352	510	1.02e-10	58.9
2_375	2_340	31.285	179	100	8	499	669	32	195	5.09e-10	57.0
2_375	2_233	29.630	189	109	7	500	678	38	212	6.83e-10	54.7
2_375	2_482	31.138	167	94	7	501	659	369	522	7.14e-10	56.2
2_375	2_560	30.496	141	90	3	501	639	21	155	1.82e-09	52.8
2_375	2_513	28.042	189	107	7	462	637	317	489	7.06e-09	53.1
2_375	2_274	29.167	168	103	8	501	659	97	257	3.94e-08	50.1
2_375	2_339	24.479	192	131	5	490	677	23	204	2.19e-07	48.5
2_375	2_250	26.540	211	118	10	463	660	11	197	3.80e-07	46.6
2_375	2_429	22.353	170	119	4	499	659	37	202	4.46e-05	40.8
2_375	2_280	24.510	204	131	6	468	669	13	195	1.13e-04	39.7
2_375	2_277	28.814	177	108	5	497	659	40	212	3.51e-04	37.4
2_375	2_401	45.588	68	27	4	465	524	4	69	5.06e-04	37.4
2_375	2_252	25.126	199	105	10	499	666	32	217	5.45e-04	37.4
2_376	2_376	100.000	210	0	0	1	210	1	210	6.11e-154	420
2_376	2_98	25.654	191	131	5	18	201	28	214	4.74e-10	52.0
2_377	2_377	100.000	194	0	0	1	194	1	194	1.40e-142	390
2_378	2_378	100.000	469	0	0	1	469	1	469	0.0	936
2_379	2_379	100.000	256	0	0	1	256	1	256	0.0	510
2_380	2_380	100.000	514	0	0	1	514	1	514	0.0	1040
2_380	2_326	26.490	151	100	3	2	141	50	200	1.64e-09	54.7
2_380	2_326	34.426	61	35	2	294	349	574	634	2.66e-05	41.2
2_380	2_343	34.444	90	58	1	3	91	29	118	4.38e-08	50.1
2_380	2_343	33.000	100	59	3	264	355	513	612	1.14e-07	48.9
2_380	2_336	24.084	191	113	4	3	161	32	222	1.28e-07	48.5
2_380	2_336	21.053	304	175	13	128	396	321	594	5.61e-04	37.0
2_381	2_381	100.000	289	0	0	1	289	1	289	0.0	558
2_382	2_382	100.000	564	0	0	1	564	1	564	0.0	1104
2_382	2_439	31.670	461	251	12	95	533	214	632	1.30e-52	185
2_382	2_517	31.614	446	261	9	99	533	96	508	1.20e-51	179
2_382	2_544	30.260	423	247	9	118	533	247	628	4.94e-47	169
2_382	2_561	32.267	375	205	10	178	533	14	358	1.00e-45	159
2_382	2_284	30.496	423	234	11	131	540	144	519	7.49e-44	159
2_383	2_383	100.000	240	0	0	1	240	1	240	0.0	502
2_384	2_384	100.000	295	0	0	1	295	1	295	0.0	594
2_384	2_174	27.241	290	173	9	21	293	10	278	2.68e-21	86.7
2_384	2_207	26.502	283	175	9	19	293	3	260	5.00e-16	71.2
2_384	2_450	27.273	264	164	9	21	275	5	249	5.53e-14	65.5
2_384	2_34	25.368	272	165	12	15	274	1	246	2.26e-04	36.6
2_385	2_385	100.000	170	0	0	1	170	1	170	4.82e-123	338
2_386	2_386	100.000	666	0	0	1	666	1	666	0.0	1344
2_386	2_483	64.198	81	29	0	232	312	211	291	6.23e-26	107
2_387	2_387	100.000	188	0	0	1	188	1	188	6.50e-139	380
2_388	2_388	100.000	865	0	0	1	865	1	865	0.0	1717
2_389	2_389	100.000	428	0	0	1	428	1	428	0.0	853
2_390	2_390	100.000	1216	0	0	1	1216	1	1216	0.0	2399
2_391	2_391	100.000	696	0	0	1	696	1	696	0.0	1387
2_392	2_392	100.000	103	0	0	1	103	1	103	6.31e-70	199
2_393	2_393	100.000	184	0	0	1	184	1	184	2.14e-135	371
2_394	2_394	100.000	690	0	0	1	690	1	690	0.0	1373
2_395	2_395	100.000	270	0	0	1	270	1	270	0.0	546
2_396	2_396	100.000	475	0	0	1	475	1	475	0.0	922
2_397	2_397	100.000	197	0	0	1	197	1	197	2.68e-134	369
2_398	2_398	100.000	380	0	0	1	380	1	380	0.0	775
2_399	2_399	100.000	186	0	0	1	186	1	186	7.57e-140	382
2_400	2_400	100.000	323	0	0	1	323	1	323	0.0	635
2_401	2_401	100.000	386	0	0	1	386	1	386	0.0	761
2_401	2_223	30.725	345	183	9	5	304	8	341	3.55e-38	137
2_401	2_283	40.146	137	82	0	166	302	481	617	2.02e-31	120
2_401	2_283	30.088	113	70	2	7	110	38	150	1.86e-11	60.1
2_401	2_294	37.363	91	57	0	194	284	620	710	1.44e-15	72.8
2_401	2_277	25.714	280	163	5	6	283	8	244	5.00e-15	68.9
2_401	2_253	33.333	90	60	0	194	283	282	371	7.72e-15	70.1
2_401	2_274	24.779	226	119	3	27	252	84	258	7.66e-14	66.2
2_401	2_233	33.571	140	82	4	143	279	90	221	3.46e-12	60.5
2_401	2_195	23.404	141	104	2	164	303	251	388	1.36e-11	60.1
2_401	2_494	25.600	250	143	8	27	272	27	237	1.38e-11	59.3
2_401	2_250	24.221	289	161	9	8	292	2	236	5.05e-11	57.4
2_401	2_431	27.778	126	87	2	176	297	142	267	1.14e-10	57.0
2_401	2_429	23.333	270	154	9	29	296	28	246	7.25e-10	54.7
2_401	2_429	32.609	92	57	2	184	271	399	489	7.54e-07	45.4
2_401	2_339	30.986	142	89	5	128	263	59	197	7.51e-10	55.1
2_401	2_339	52.778	36	17	0	27	62	21	56	2.63e-05	40.4
2_401	2_340	29.333	150	99	3	129	273	60	207	1.04e-09	54.7
2_401	2_340	43.636	55	31	0	8	62	2	56	6.50e-06	42.4
2_401	2_280	34.483	87	53	2	183	268	119	202	1.07e-08	51.2
2_401	2_280	31.579	95	58	3	8	95	2	96	8.27e-04	35.8
2_401	2_70	28.030	132	86	4	146	271	356	484	2.03e-07	47.0
2_401	2_482	29.412	85	52	2	172	251	441	522	3.07e-06	43.5
2_401	2_350	38.000	100	46	5	1	95	327	415	9.28e-05	38.9
2_401	2_252	27.174	92	64	1	188	276	443	534	2.48e-04	37.4
2_401	2_375	45.588	68	27	4	4	69	465	524	2.85e-04	37.4
2_401	2_513	50.000	46	23	0	8	53	325	370	3.90e-04	36.6
2_402	2_402	100.000	931	0	0	1	931	1	931	0.0	1843
2_402	2_518	27.523	218	124	7	9	225	17	201	2.80e-08	52.0
2_402	2_476	22.938	388	251	14	2	352	7	383	6.02e-06	44.7
2_402	2_552	30.864	162	92	7	60	208	1	155	1.69e-05	43.1
2_403	2_403	100.000	271	0	0	1	271	1	271	0.0	534
2_404	2_404	100.000	659	0	0	1	659	1	659	0.0	1331
2_405	2_405	100.000	121	0	0	1	121	1	121	1.17e-79	225
2_406	2_406	100.000	1217	0	0	1	1217	1	1217	0.0	2492
2_407	2_407	100.000	139	0	0	1	139	1	139	1.43e-99	276
2_408	2_408	100.000	565	0	0	1	565	1	565	0.0	1099
2_409	2_409	100.000	75	0	0	1	75	1	75	1.27e-51	150
2_409	2_467	80.328	61	12	0	3	63	8	68	1.33e-29	103
2_409	2_462	71.667	60	17	0	3	62	8	67	8.02e-25	90.5
2_409	2_341	70.732	41	12	0	22	62	45	85	4.99e-16	65.5
2_409	2_495	44.776	67	30	2	9	75	14	73	5.16e-10	48.5
2_410	2_410	100.000	520	0	0	1	520	1	520	0.0	1014
2_411	2_411	100.000	619	0	0	1	619	1	619	0.0	1249
2_412	2_412	100.000	251	0	0	1	251	1	251	0.0	492
2_413	2_413	100.000	465	0	0	1	465	1	465	0.0	929
2_414	2_414	100.000	443	0	0	1	443	1	443	0.0	874
2_415	2_415	100.000	333	0	0	1	333	1	333	0.0	659
2_416	2_416	100.000	641	0	0	1	641	1	641	0.0	1287
2_416	2_39	44.288	639	333	9	3	626	5	635	7.67e-169	491
2_417	2_417	100.000	1585	0	0	1	1585	1	1585	0.0	3142
2_417	2_199	26.625	323	183	13	917	1223	623	907	1.13e-13	70.5
2_417	2_199	37.383	107	59	3	281	385	297	397	1.16e-05	44.3
2_418	2_418	100.000	376	0	0	1	376	1	376	0.0	776
2_419	2_419	100.000	965	0	0	1	965	1	965	0.0	1906
2_419	2_476	23.247	271	155	11	65	297	63	318	3.57e-08	52.0
2_419	2_518	26.286	175	110	5	24	191	12	174	1.37e-04	40.0
2_420	2_420	100.000	1063	0	0	1	1063	1	1063	0.0	2115
2_420	2_490	26.581	1091	679	33	1	1050	6	1015	6.26e-82	283
2_420	2_477	31.988	322	208	5	4	322	1	314	2.53e-43	166
2_420	2_477	26.936	297	174	11	521	777	723	1016	9.02e-15	73.6
2_420	2_477	35.965	114	69	4	357	468	472	583	1.16e-10	60.1
2_420	2_519	24.774	553	307	20	6	496	4	509	1.25e-14	73.2
2_420	2_525	24.682	393	234	13	26	394	40	394	4.45e-13	67.8
2_420	2_312	23.632	457	273	16	12	440	23	431	1.34e-08	53.5
2_421	2_421	100.000	1376	0	0	1	1376	1	1376	0.0	2702
2_421	2_301	67.960	1392	423	6	1	1376	1	1385	0.0	1839
2_422	2_422	100.000	380	0	0	1	380	1	380	0.0	730
2_423	2_423	100.000	286	0	0	1	286	1	286	0.0	555
2_423	2_306	24.551	167	116	4	75	237	73	233	1.49e-04	37.0
2_424	2_424	100.000	308	0	0	1	308	1	308	0.0	579
2_425	2_425	100.000	1477	0	0	1	1477	1	1477	0.0	2994
2_425	2_372	22.222	720	356	26	796	1433	188	785	3.13e-17	82.0
2_426	2_426	100.000	149	0	0	1	149	1	149	7.20e-104	288
2_426	2_328	29.688	128	83	4	1	124	1	125	9.78e-06	38.1
2_427	2_427	100.000	232	0	0	1	232	1	232	4.63e-164	447
2_428	2_428	100.000	51	0	0	1	51	1	51	7.76e-34	104
2_429	2_429	100.000	512	0	0	1	512	1	512	0.0	1018
2_429	2_70	30.469	512	327	14	11	511	12	505	2.57e-54	186
2_429	2_280	24.324	259	168	9	6	263	1	232	9.65e-15	71.2
2_429	2_280	23.301	206	140	4	282	487	16	203	1.35e-06	45.4
2_429	2_274	25.108	231	157	8	6	228	60	282	5.54e-14	67.4
2_429	2_274	30.263	76	53	0	412	487	199	274	1.91e-04	37.7
2_429	2_339	25.592	211	143	5	6	215	1	198	8.77e-14	68.6
2_429	2_339	26.531	196	126	5	277	472	11	188	9.62e-11	58.5
2_429	2_233	25.676	222	145	6	6	221	5	212	1.01e-13	65.5
2_429	2_233	25.446	224	142	7	283	501	22	225	7.84e-09	50.8
2_429	2_340	28.194	227	133	7	282	505	16	215	2.24e-13	67.0
2_429	2_340	25.688	218	140	7	20	235	15	212	2.53e-13	66.6
2_429	2_250	27.273	220	125	10	21	225	19	218	3.74e-12	61.2
2_429	2_250	25.541	231	157	8	264	492	1	218	6.33e-06	42.4
2_429	2_494	27.027	222	133	8	286	489	26	236	4.26e-12	61.6
2_429	2_494	24.576	236	141	7	13	223	14	237	4.38e-12	61.6
2_429	2_277	24.464	233	160	7	22	245	27	252	1.46e-11	59.3
2_429	2_277	21.875	224	167	5	267	487	12	230	1.28e-07	47.4
2_429	2_223	30.147	136	88	4	112	244	202	333	7.80e-11	58.5
2_429	2_223	28.431	102	68	3	6	107	10	106	3.59e-08	50.1
2_429	2_223	25.287	87	64	1	404	489	224	310	4.42e-05	40.0
2_429	2_253	36.634	101	54	3	129	223	264	360	9.44e-11	58.2
2_429	2_253	35.443	79	50	1	412	489	281	359	4.46e-07	46.6
2_429	2_253	41.071	56	29	1	6	57	43	98	6.41e-06	42.7
2_429	2_283	34.409	93	54	2	402	490	498	587	1.50e-10	58.2
2_429	2_283	29.213	89	58	2	133	220	500	584	8.58e-08	49.3
2_429	2_283	29.348	92	54	4	16	104	48	131	8.08e-07	46.2
2_429	2_513	29.545	220	114	7	2	206	320	513	2.04e-10	57.4
2_429	2_401	23.333	270	154	9	28	246	29	296	9.62e-10	54.7
2_429	2_401	32.609	92	57	2	399	489	184	271	1.00e-06	45.4
2_429	2_195	25.424	236	134	10	22	230	143	363	1.22e-09	54.7
2_429	2_195	25.692	253	144	8	262	487	118	353	3.41e-08	50.1
2_429	2_294	30.097	103	62	3	129	225	602	700	4.84e-08	50.1
2_429	2_294	27.723	101	72	1	410	509	617	717	1.47e-05	42.0
2_429	2_252	24.599	187	125	4	6	176	1	187	5.25e-07	46.6
2_429	2_431	26.267	217	134	9	32	230	40	248	4.12e-06	43.1
2_429	2_431	33.333	81	53	1	410	489	160	240	6.25e-05	39.7
2_429	2_560	25.000	160	108	5	22	179	4	153	5.45e-06	42.0
2_429	2_375	22.353	170	119	4	37	202	499	659	3.08e-05	40.8
2_429	2_350	26.230	183	118	8	37	215	365	534	5.64e-04	36.6
2_429	2_218	27.184	103	72	1	373	472	795	897	7.45e-04	36.6
2_430	2_430	100.000	760	0	0	1	760	1	760	0.0	1535
2_430	2_548	37.755	686	354	21	67	726	1	639	7.61e-122	375
2_430	2_483	28.829	333	192	12	284	585	321	639	2.37e-27	112
2_431	2_431	100.000	349	0	0	1	349	1	349	0.0	715
2_431	2_195	40.361	332	194	3	5	332	116	447	4.48e-79	244
2_431	2_294	37.037	162	82	3	118	267	571	724	8.55e-31	117
2_431	2_253	37.500	136	83	1	131	266	252	385	1.03e-27	107
2_431	2_253	29.630	135	70	5	7	125	32	157	3.61e-09	52.4
2_431	2_250	33.047	233	123	9	29	252	19	227	3.57e-23	92.0
2_431	2_274	28.972	214	133	6	14	221	58	258	1.02e-18	80.1
2_431	2_233	24.783	230	150	7	30	257	22	230	9.17e-14	64.7
2_431	2_223	28.125	128	89	1	131	258	204	328	1.63e-13	65.9
2_431	2_494	33.043	115	74	2	140	254	139	250	2.19e-13	64.3
2_431	2_283	29.358	109	76	1	159	267	505	612	9.88e-13	63.5
2_431	2_283	25.899	139	83	6	4	139	30	151	2.27e-04	37.4
2_431	2_401	27.778	126	87	2	142	267	176	297	1.11e-12	62.8
2_431	2_277	38.462	78	48	0	162	239	154	231	2.32e-12	60.8
2_431	2_482	29.126	206	116	11	29	228	351	532	3.07e-08	49.3
2_431	2_429	26.267	217	134	9	40	248	32	230	3.21e-08	49.3
2_431	2_429	33.333	81	53	1	160	240	410	489	6.18e-07	45.4
2_431	2_280	24.880	209	125	7	29	232	16	197	1.66e-07	47.4
2_431	2_340	32.941	85	55	1	160	244	127	209	1.71e-07	47.4
2_431	2_218	30.702	114	67	5	161	265	833	943	3.67e-07	46.2
2_431	2_339	30.682	88	57	2	145	232	114	197	1.08e-06	44.7
2_431	2_70	25.000	236	148	10	28	249	273	493	5.08e-06	42.4
2_431	2_513	25.854	205	123	8	29	228	339	519	5.36e-06	42.4
2_431	2_252	27.143	70	47	2	163	232	449	514	3.47e-04	36.6
2_432	2_432	100.000	1424	0	0	1	1424	1	1424	0.0	2870
2_433	2_433	100.000	50	0	0	1	50	1	50	2.98e-32	100
2_434	2_434	100.000	202	0	0	1	202	1	202	1.47e-145	398
2_435	2_435	100.000	218	0	0	1	218	1	218	1.12e-161	440
2_436	2_436	100.000	241	0	0	1	241	1	241	0.0	490
2_437	2_437	100.000	321	0	0	1	321	1	321	0.0	640
2_438	2_438	100.000	201	0	0	1	201	1	201	6.79e-150	409
2_439	2_439	100.000	660	0	0	1	660	1	660	0.0	1334
2_439	2_284	64.968	471	142	6	189	653	80	533	0.0	596
2_439	2_284	42.500	120	41	6	1	104	4	111	7.13e-14	68.9
2_439	2_544	43.326	427	223	5	209	633	220	629	2.12e-105	328
2_439	2_517	39.121	478	225	15	188	632	64	508	2.55e-80	259
2_439	2_561	35.912	362	181	7	300	634	23	360	4.75e-61	203
2_439	2_382	31.670	461	251	12	214	632	95	533	1.52e-52	185
2_439	2_524	39.655	58	33	2	237	293	143	199	4.00e-06	42.7
2_440	2_440	100.000	3572	0	0	1	3572	1	3572	0.0	7168
2_440	2_441	25.660	265	138	13	496	739	346	572	3.84e-05	44.3
2_441	2_441	100.000	3776	0	0	1	3776	1	3776	0.0	7571
2_441	2_440	25.660	265	138	13	346	572	496	739	3.52e-05	44.3
2_442	2_442	100.000	300	0	0	1	300	1	300	0.0	603
2_442	2_5	32.331	266	149	14	25	283	23	264	5.22e-24	94.0
2_442	2_270	33.824	136	63	8	16	150	4	113	4.33e-06	41.6
2_443	2_443	100.000	194	0	0	1	194	1	194	9.65e-144	393
2_443	2_56	38.509	161	94	3	4	160	3	162	6.37e-28	99.4
2_444	2_444	100.000	2652	0	0	1	2652	1	2652	0.0	5248
2_444	2_528	36.620	71	39	2	2263	2327	6	76	6.28e-06	41.2
2_445	2_445	100.000	163	0	0	1	163	1	163	4.14e-119	328
2_446	2_446	100.000	406	0	0	1	406	1	406	0.0	809
2_447	2_447	100.000	450	0	0	1	450	1	450	0.0	899
2_448	2_448	100.000	136	0	0	1	136	1	136	6.37e-100	277
2_449	2_449	100.000	145	0	0	1	145	1	145	6.67e-107	296
2_450	2_450	100.000	276	0	0	1	276	1	276	0.0	565
2_450	2_384	27.273	264	164	9	5	249	21	275	5.17e-14	65.5
2_450	2_207	23.897	272	196	8	2	272	4	265	2.33e-11	57.4
2_450	2_34	24.074	270	159	9	1	248	1	246	3.16e-06	42.0
2_450	2_174	27.397	73	51	1	2	72	7	79	4.95e-05	38.5
2_450	2_484	25.877	228	143	10	7	224	8	219	4.67e-04	35.8
2_451	2_451	100.000	117	0	0	1	117	1	117	1.34e-83	234
2_452	2_452	100.000	74	0	0	1	74	1	74	8.81e-51	148
2_453	2_453	100.000	344	0	0	1	344	1	344	0.0	681
2_453	2_335	24.606	317	175	11	64	333	46	345	1.70e-05	40.4
2_454	2_454	100.000	2033	0	0	1	2033	1	2033	0.0	4091
2_455	2_455	100.000	490	0	0	1	490	1	490	0.0	961
2_456	2_456	100.000	477	0	0	1	477	1	477	0.0	968
2_457	2_457	100.000	618	0	0	1	618	1	618	0.0	1265
2_457	2_496	37.179	78	31	4	124	191	197	266	7.10e-04	37.0
2_458	2_458	100.000	594	0	0	1	594	1	594	0.0	1190
2_458	2_259	28.571	630	324	21	34	582	29	613	8.06e-45	165
2_459	2_459	100.000	579	0	0	1	579	1	579	0.0	1178
2_460	2_460	100.000	462	0	0	1	462	1	462	0.0	931
2_461	2_461	100.000	822	0	0	1	822	1	822	0.0	1689
2_461	2_352	28.409	616	327	22	252	805	246	809	4.41e-45	169
2_462	2_462	100.000	810	0	0	1	810	1	810	0.0	1634
2_462	2_467	76.108	812	182	6	1	809	1	803	0.0	1229
2_462	2_341	44.844	834	402	16	1	808	1	802	0.0	635
2_462	2_495	32.653	833	454	24	1	780	1	779	5.34e-101	326
2_462	2_409	71.667	60	17	0	8	67	3	62	8.49e-24	90.5
2_463	2_463	100.000	408	0	0	1	408	1	408	0.0	824
2_464	2_464	100.000	372	0	0	1	372	1	372	0.0	763
2_465	2_465	100.000	615	0	0	1	615	1	615	0.0	1266
2_466	2_466	100.000	452	0	0	1	452	1	452	0.0	920
2_467	2_467	100.000	805	0	0	1	805	1	805	0.0	1610
2_467	2_462	75.985	812	183	6	1	803	1	809	0.0	1220
2_467	2_341	46.595	749	368	12	27	770	45	766	0.0	611
2_467	2_495	33.865	815	461	26	1	774	1	778	1.09e-105	338
2_467	2_409	80.328	61	12	0	8	68	3	63	1.43e-28	103
2_468	2_468	100.000	627	0	0	1	627	1	627	0.0	1248
2_469	2_469	100.000	720	0	0	1	720	1	720	0.0	1484
2_470	2_470	100.000	91	0	0	1	91	1	91	2.84e-63	181
2_471	2_471	100.000	216	0	0	1	216	1	216	3.72e-147	403
2_472	2_472	100.000	408	0	0	1	408	1	408	0.0	822
2_473	2_473	100.000	130	0	0	1	130	1	130	7.64e-93	259
2_473	2_543	45.217	115	56	3	7	114	1	115	1.03e-25	89.0
2_474	2_474	100.000	273	0	0	1	273	1	273	0.0	562
2_475	2_475	100.000	496	0	0	1	496	1	496	0.0	972
2_475	2_520	27.500	400	246	14	122	489	186	573	6.25e-23	96.7
2_476	2_476	100.000	1175	0	0	1	1175	1	1175	0.0	2355
2_476	2_518	32.197	264	157	5	7	261	5	255	4.90e-29	120
2_476	2_518	24.936	393	205	17	595	971	456	774	2.30e-09	56.2
2_476	2_491	31.855	248	152	8	10	252	13	248	1.35e-23	101
2_476	2_552	29.474	95	60	2	70	161	6	96	9.73e-06	44.3
2_476	2_402	22.938	388	251	14	7	383	2	352	1.70e-05	43.5
2_476	2_419	39.474	38	23	0	281	318	260	297	4.43e-04	38.9
2_477	2_477	100.000	1216	0	0	1	1216	1	1216	0.0	2438
2_477	2_420	31.988	322	208	5	1	314	4	322	5.11e-43	165
2_477	2_420	26.667	285	168	8	723	1004	521	767	8.44e-16	77.0
2_477	2_420	38.542	96	56	3	472	566	357	450	1.41e-10	60.1
2_477	2_490	32.867	286	182	5	3	285	11	289	1.79e-34	137
2_477	2_490	30.928	291	137	10	740	1018	545	783	3.14e-23	101
2_477	2_490	32.231	121	72	5	477	594	361	474	1.64e-05	43.5
2_477	2_525	24.096	249	165	5	6	249	25	254	6.46e-14	70.9
2_477	2_519	26.556	241	150	8	1	234	1	221	5.02e-11	61.6
2_477	2_519	27.397	146	82	7	970	1104	851	983	5.23e-04	38.5
2_477	2_312	22.134	253	167	8	14	265	31	254	5.85e-05	41.6
2_478	2_478	100.000	133	0	0	1	133	1	133	4.69e-93	259
2_479	2_479	100.000	145	0	0	1	145	1	145	8.38e-103	285
2_480	2_480	100.000	404	0	0	1	404	1	404	0.0	815
2_481	2_481	100.000	946	0	0	1	946	1	946	0.0	1863
2_482	2_482	100.000	539	0	0	1	539	1	539	0.0	1047
2_482	2_560	62.434	189	71	0	351	539	3	191	2.73e-63	200
2_482	2_513	29.981	537	342	13	7	533	8	520	2.03e-48	171
2_482	2_338	31.132	212	136	3	331	538	321	526	2.22e-30	119
2_482	2_350	38.462	221	128	7	322	538	320	536	1.55e-29	117
2_482	2_250	35.204	196	109	5	348	531	16	205	5.27e-19	82.0
2_482	2_340	29.717	212	130	8	336	539	1	201	4.00e-15	72.8
2_482	2_280	30.412	194	125	6	336	525	1	188	3.64e-13	66.6
2_482	2_339	26.415	212	137	7	336	539	1	201	5.63e-12	62.8
2_482	2_375	31.138	167	94	7	369	522	501	659	7.47e-10	55.8
2_482	2_233	31.522	184	108	8	354	528	24	198	4.84e-09	51.6
2_482	2_252	23.853	218	133	6	336	525	1	213	7.38e-09	52.4
2_482	2_70	31.694	183	103	8	355	522	26	201	2.76e-08	50.4
2_482	2_274	25.510	196	125	7	351	532	79	267	7.75e-08	48.5
2_482	2_294	38.983	59	33	1	467	522	619	677	6.14e-07	46.6
2_482	2_283	27.778	90	61	2	452	538	493	581	1.33e-06	45.4
2_482	2_401	29.412	85	52	2	441	522	172	251	4.47e-06	43.5
2_482	2_223	30.769	78	53	1	327	404	1	77	8.27e-06	42.7
2_482	2_223	35.294	68	41	1	464	528	229	296	6.70e-05	39.7
2_482	2_431	29.126	206	116	11	351	532	29	228	1.03e-05	42.0
2_482	2_277	26.699	206	131	7	336	523	9	212	4.20e-05	39.7
2_482	2_253	38.983	59	33	1	467	522	281	339	5.78e-05	40.0
2_483	2_483	100.000	771	0	0	1	771	1	771	0.0	1565
2_483	2_548	29.940	334	205	9	320	651	217	523	1.18e-33	132
2_483	2_548	57.447	94	13	3	1	75	1	86	1.29e-19	87.8
2_483	2_430	28.829	333	192	12	321	639	284	585	1.93e-27	113
2_483	2_386	64.198	81	29	0	211	291	232	312	8.37e-26	107
2_484	2_484	100.000	447	0	0	1	447	1	447	0.0	884
2_484	2_207	31.878	229	138	9	1	221	1	219	1.06e-16	74.7
2_484	2_34	28.044	271	160	14	3	254	4	258	1.96e-08	49.7
2_484	2_174	22.305	269	160	7	8	246	12	261	3.07e-06	43.1
2_485	2_485	100.000	701	0	0	1	701	1	701	0.0	1385
2_486	2_486	100.000	524	0	0	1	524	1	524	0.0	1016
2_486	2_309	24.301	465	302	18	4	429	9	462	9.50e-14	67.8
2_487	2_487	100.000	620	0	0	1	620	1	620	0.0	1247
2_488	2_488	100.000	311	0	0	1	311	1	311	0.0	627
2_488	2_459	28.571	126	73	4	72	191	437	551	6.31e-04	35.8
2_489	2_489	100.000	65	0	0	1	65	1	65	5.19e-45	133
2_490	2_490	100.000	1018	0	0	1	1018	1	1018	0.0	1979
2_490	2_420	26.673	1091	678	33	6	1015	1	1050	3.16e-80	278
2_490	2_477	32.867	286	182	5	11	289	3	285	1.77e-34	137
2_490	2_477	30.928	291	137	10	545	783	740	1018	2.24e-23	101
2_490	2_477	32.231	121	72	5	361	474	477	594	1.64e-05	43.1
2_490	2_525	27.083	240	153	8	18	255	34	253	2.72e-10	58.9
2_490	2_519	22.016	754	437	29	11	657	2	711	2.56e-09	55.8
2_490	2_312	25.112	446	278	14	14	436	18	430	1.28e-07	50.1
2_491	2_491	100.000	664	0	0	1	664	1	664	0.0	1313
2_491	2_518	29.337	709	446	15	1	664	1	699	3.29e-71	244
2_491	2_476	31.855	248	152	8	13	248	10	252	6.43e-24	102
2_491	2_552	28.866	97	63	3	69	159	6	102	1.94e-05	42.4
2_492	2_492	100.000	145	0	0	1	145	1	145	4.38e-103	286
2_493	2_493	100.000	871	0	0	1	871	1	871	0.0	1716
2_494	2_494	100.000	300	0	0	1	300	1	300	0.0	602
2_494	2_250	34.188	234	133	6	22	254	19	232	1.36e-35	124
2_494	2_223	35.897	156	87	5	130	276	204	355	2.77e-19	82.0
2_494	2_223	25.962	104	55	3	21	123	24	106	4.28e-05	39.3
2_494	2_233	27.854	219	136	3	22	240	21	217	1.29e-18	78.2
2_494	2_294	39.091	110	66	1	140	248	600	709	9.82e-17	75.1
2_494	2_294	38.462	39	23	1	10	48	12	49	8.86e-04	35.0
2_494	2_195	27.197	239	139	7	27	248	147	367	1.22e-16	74.3
2_494	2_280	28.169	213	122	8	23	232	17	201	1.23e-16	74.7
2_494	2_253	36.641	131	75	3	136	260	258	386	5.66e-16	72.4
2_494	2_340	27.700	213	129	6	24	236	18	205	5.68e-15	69.7
2_494	2_70	29.018	224	132	5	22	239	22	224	1.06e-14	68.6
2_494	2_70	21.127	213	161	4	26	236	277	484	1.07e-05	41.2
2_494	2_429	25.000	236	140	7	14	237	13	223	2.85e-14	67.4
2_494	2_429	28.054	221	130	8	27	236	287	489	9.57e-14	65.9
2_494	2_339	25.238	210	126	6	23	229	17	198	3.02e-14	67.8
2_494	2_274	29.327	208	109	8	21	217	78	258	3.64e-13	63.2
2_494	2_283	25.806	155	88	3	152	279	501	655	9.58e-13	63.2
2_494	2_283	30.952	84	39	3	22	105	53	117	5.03e-06	42.4
2_494	2_401	25.600	250	143	8	27	237	27	272	1.11e-12	62.4
2_494	2_431	25.726	241	156	7	20	250	27	254	6.53e-11	57.0
2_494	2_277	31.646	79	53	1	158	235	153	231	2.40e-10	54.7
2_494	2_252	25.714	210	124	7	26	219	20	213	5.81e-08	48.1
2_494	2_218	32.051	78	50	1	145	219	820	897	3.91e-07	45.8
2_494	2_218	28.090	89	62	1	136	222	470	558	1.18e-06	44.3
2_494	2_350	22.527	182	118	4	37	218	364	522	1.18e-05	40.8
2_494	2_513	24.390	205	117	6	22	219	339	512	2.57e-05	40.0
2_495	2_495	100.000	810	0	0	1	810	1	810	0.0	1618
2_495	2_341	35.749	828	420	31	1	776	1	768	3.22e-108	345
2_495	2_467	34.634	820	448	28	1	778	1	774	1.47e-107	343
2_495	2_462	33.333	831	451	26	1	779	1	780	9.45e-102	328
2_495	2_409	44.776	67	30	2	14	73	9	75	6.03e-09	48.1
2_496	2_496	100.000	743	0	0	1	743	1	743	0.0	1482
2_496	2_215	25.878	769	431	26	6	727	16	692	1.43e-44	165
2_496	2_457	37.179	78	31	4	197	266	124	191	8.54e-04	37.0
2_497	2_497	100.000	322	0	0	1	322	1	322	0.0	652
2_498	2_498	100.000	62	0	0	1	62	1	62	4.13e-42	125
2_499	2_499	100.000	217	0	0	1	217	1	217	1.90e-156	427
2_499	2_542	22.120	217	154	6	1	217	108	309	6.40e-06	40.4
2_500	2_500	100.000	96	0	0	1	96	1	96	7.25e-69	196
2_500	2_563	78.261	92	19	1	5	96	353	443	1.20e-45	148
2_500	2_503	60.417	96	36	2	1	96	268	361	7.78e-35	118
2_500	2_527	73.684	57	15	0	5	61	234	290	2.54e-26	93.6
2_500	2_526	71.186	59	16	1	3	61	261	318	3.27e-23	85.5
2_501	2_501	100.000	79	0	0	1	79	1	79	3.60e-56	162
2_501	2_315	51.282	78	38	0	2	79	381	458	1.65e-23	87.0
2_502	2_502	100.000	79	0	0	1	79	1	79	3.30e-56	162
2_503	2_503	100.000	434	0	0	1	434	1	434	0.0	878
2_503	2_527	42.809	299	133	12	58	327	1	290	1.01e-53	176
2_503	2_563	72.269	119	32	1	1	119	31	148	7.86e-50	171
2_503	2_563	50.694	144	64	3	251	392	331	469	3.77e-39	142
2_503	2_526	39.577	331	137	11	47	327	1	318	2.78e-48	162
2_503	2_500	60.417	96	36	2	268	361	1	96	3.63e-34	118
2_504	2_504	100.000	55	0	0	1	55	1	55	5.52e-35	107
2_505	2_505	100.000	288	0	0	1	288	1	288	0.0	563
2_506	2_506	100.000	396	0	0	1	396	1	396	0.0	807
2_507	2_507	100.000	516	0	0	1	516	1	516	0.0	1031
2_508	2_508	100.000	138	0	0	1	138	1	138	9.68e-98	272
2_509	2_509	100.000	229	0	0	1	229	1	229	2.55e-167	455
2_510	2_510	100.000	413	0	0	1	413	1	413	0.0	799
2_511	2_511	100.000	263	0	0	1	263	1	263	0.0	512
2_511	2_239	33.846	65	33	4	113	171	5	65	1.68e-04	37.0
2_511	2_239	37.931	58	31	3	111	163	171	228	0.001	34.7
2_511	2_137	35.000	60	27	2	113	164	159	214	3.41e-04	35.8
2_512	2_512	100.000	331	0	0	1	331	1	331	0.0	665
2_513	2_513	100.000	533	0	0	1	533	1	533	0.0	1035
2_513	2_482	29.175	521	347	9	16	520	19	533	1.87e-48	171
2_513	2_338	29.468	526	315	21	20	520	27	521	5.22e-25	103
2_513	2_350	34.928	209	124	6	319	520	328	531	2.94e-23	97.8
2_513	2_560	35.075	134	85	2	357	489	21	153	2.54e-16	72.0
2_513	2_250	32.057	209	122	8	324	517	1	204	9.89e-14	66.2
2_513	2_340	28.365	208	110	6	324	512	1	188	5.35e-11	59.3
2_513	2_252	28.342	187	110	5	324	486	1	187	1.90e-10	57.4
2_513	2_429	29.545	220	114	7	320	513	2	206	2.51e-10	57.0
2_513	2_280	27.570	214	128	8	324	525	1	199	2.21e-09	54.3
2_513	2_233	28.646	192	103	6	340	513	22	197	4.04e-09	52.0
2_513	2_339	28.866	194	127	6	324	512	1	188	6.18e-09	53.1
2_513	2_375	28.042	189	107	7	317	489	462	637	6.20e-09	52.8
2_513	2_223	36.232	69	44	0	324	392	10	78	2.26e-07	47.8
2_513	2_223	32.710	107	55	3	419	514	193	293	9.28e-06	42.4
2_513	2_274	25.405	185	120	5	339	510	79	258	3.04e-07	46.6
2_513	2_283	34.247	73	48	0	322	394	36	108	4.82e-07	47.0
2_513	2_283	28.788	132	78	6	393	515	448	572	4.84e-05	40.4
2_513	2_253	29.412	85	53	2	308	388	30	111	1.97e-04	38.1
2_513	2_401	50.000	46	23	0	325	370	8	53	6.63e-04	36.6
2_513	2_70	43.182	44	25	0	343	386	26	69	7.07e-04	36.6
2_513	2_294	37.313	67	38	2	449	511	613	679	0.001	36.2
2_514	2_514	100.000	582	0	0	1	582	1	582	0.0	1160
2_514	2_302	35.516	397	209	11	37	417	60	425	4.46e-55	196
2_514	2_551	30.402	398	206	11	37	409	23	374	4.60e-40	150
2_515	2_515	100.000	783	0	0	1	783	1	783	0.0	1575
2_516	2_516	100.000	298	0	0	1	298	1	298	0.0	603
2_517	2_517	100.000	510	0	0	1	510	1	510	0.0	1018
2_517	2_561	65.789	342	108	4	176	510	21	360	4.54e-154	439
2_517	2_439	39.121	478	225	15	64	508	188	632	1.97e-80	259
2_517	2_284	36.082	485	250	18	48	508	64	512	8.29e-74	238
2_517	2_544	36.548	394	221	9	125	509	256	629	1.77e-60	204
2_517	2_524	57.062	177	66	3	1	171	27	199	4.46e-56	181
2_517	2_382	31.614	446	261	9	96	508	99	533	1.08e-51	179
2_518	2_518	100.000	1080	0	0	1	1080	1	1080	0.0	2174
2_518	2_491	29.337	709	446	15	1	699	1	664	1.05e-72	249
2_518	2_476	29.679	374	211	11	5	335	7	371	9.94e-30	122
2_518	2_476	27.982	218	126	10	579	777	769	974	5.81e-07	48.1
2_518	2_552	32.407	108	67	2	60	161	1	108	6.57e-09	54.3
2_518	2_402	27.523	218	124	7	17	201	9	225	2.76e-08	52.4
2_519	2_519	100.000	1823	0	0	1	1823	1	1823	0.0	3669
2_519	2_420	24.412	553	309	19	4	509	6	496	2.56e-14	73.2
2_519	2_477	26.556	241	150	8	1	221	1	234	5.33e-11	62.0
2_519	2_490	22.016	754	437	29	2	711	11	657	5.85e-09	55.5
2_519	2_525	27.160	243	152	7	7	239	30	257	6.11e-08	52.0
2_519	2_312	22.944	462	296	16	5	453	16	430	1.59e-04	40.8
2_520	2_520	100.000	581	0	0	1	581	1	581	0.0	1143
2_520	2_475	28.000	400	244	15	186	573	122	489	9.33e-23	96.3
2_521	2_521	100.000	590	0	0	1	590	1	590	0.0	1181
2_522	2_522	100.000	246	0	0	1	246	1	246	0.0	502
2_523	2_523	100.000	753	0	0	1	753	1	753	0.0	1526
2_524	2_524	100.000	206	0	0	1	206	1	206	2.62e-149	408
2_524	2_517	57.062	177	66	3	27	199	1	171	1.80e-56	181
2_524	2_284	30.952	210	114	9	6	206	8	195	1.26e-13	63.5
2_524	2_439	39.655	58	33	2	143	199	237	293	1.25e-06	42.7
2_524	2_544	42.857	42	23	1	144	185	248	288	6.27e-04	34.7
2_525	2_525	100.000	909	0	0	1	909	1	909	0.0	1808
2_525	2_477	24.400	250	165	5	24	254	5	249	1.23e-14	72.8
2_525	2_420	24.010	404	243	14	31	394	15	394	4.51e-13	67.8
2_525	2_490	26.562	256	167	7	11	253	8	255	9.22e-11	60.1
2_525	2_312	25.755	629	373	27	12	593	4	585	3.73e-10	58.2
2_525	2_519	27.160	243	152	7	30	257	7	239	2.06e-08	52.8
2_526	2_526	100.000	318	0	0	1	318	1	318	0.0	640
2_526	2_527	38.650	326	145	15	12	318	1	290	4.65e-47	155
2_526	2_503	38.769	325	136	11	7	318	53	327	3.25e-45	154
2_526	2_563	71.831	71	20	0	1	71	77	147	5.89e-27	105
2_526	2_563	75.000	56	14	0	263	318	353	408	2.19e-23	94.7
2_526	2_500	71.186	59	16	1	261	318	3	61	1.08e-22	85.5
2_527	2_527	100.000	290	0	0	1	290	1	290	0.0	593
2_527	2_503	42.809	299	133	12	1	290	58	327	7.51e-54	176
2_527	2_526	38.650	326	145	15	1	290	12	318	4.24e-47	155
2_527	2_563	36.145	332	159	10	1	290	88	408	3.65e-44	152
2_527	2_500	73.684	57	15	0	234	290	5	61	7.67e-26	93.6
2_528	2_528	100.000	76	0	0	1	76	1	76	2.19e-50	147
2_528	2_444	36.620	71	39	2	6	76	2263	2327	1.82e-07	41.2
2_529	2_529	100.000	86	0	0	1	86	1	86	1.32e-59	171
2_530	2_530	100.000	319	0	0	1	319	1	319	0.0	633
2_531	2_531	100.000	278	0	0	1	278	1	278	0.0	536
2_531	2_186	24.364	275	181	13	5	260	32	298	1.77e-09	52.0
2_532	2_532	100.000	620	0	0	1	620	1	620	0.0	1249
2_533	2_533	100.000	40	0	0	1	40	1	40	7.81e-22	73.2
2_534	2_534	100.000	178	0	0	1	178	1	178	5.27e-130	357
2_535	2_535	100.000	66	0	0	1	66	1	66	1.18e-42	127
2_536	2_536	100.000	576	0	0	1	576	1	576	0.0	1124
2_536	2_280	26.722	363	209	17	40	382	252	577	2.53e-09	54.3
2_537	2_537	100.000	359	0	0	1	359	1	359	0.0	725
2_538	2_538	100.000	591	0	0	1	591	1	591	0.0	1170
2_539	2_539	100.000	142	0	0	1	142	1	142	1.20e-101	282
2_539	2_298	31.111	135	91	1	4	136	167	301	3.21e-17	71.6
2_540	2_540	100.000	392	0	0	1	392	1	392	0.0	791
2_541	2_541	100.000	154	0	0	1	154	1	154	4.67e-108	299
2_542	2_542	100.000	314	0	0	1	314	1	314	0.0	597
2_542	2_499	22.120	217	154	6	108	309	1	217	1.97e-05	39.7
2_543	2_543	100.000	117	0	0	1	117	1	117	3.06e-81	229
2_543	2_473	42.991	107	54	3	1	107	7	106	3.30e-21	77.4
2_544	2_544	100.000	632	0	0	1	632	1	632	0.0	1264
2_544	2_284	38.969	485	274	6	152	629	44	513	1.43e-107	330
2_544	2_439	43.326	427	223	5	220	629	209	633	9.76e-106	329
2_544	2_517	36.548	394	221	9	256	629	125	509	1.79e-60	205
2_544	2_382	30.260	423	247	9	247	628	118	533	9.02e-47	168
2_544	2_561	33.524	349	189	9	310	628	23	358	6.80e-44	155
2_545	2_545	100.000	277	0	0	1	277	1	277	0.0	539
2_546	2_546	100.000	183	0	0	1	183	1	183	1.45e-125	346
2_547	2_547	100.000	170	0	0	1	170	1	170	1.82e-127	350
2_547	2_298	30.625	160	108	3	11	170	402	558	9.28e-20	80.1
2_547	2_212	90.625	32	3	0	139	170	1	32	6.03e-17	67.0
2_548	2_548	100.000	664	0	0	1	664	1	664	0.0	1335
2_548	2_430	37.952	664	342	21	20	639	89	726	8.92e-125	383
2_548	2_483	29.940	334	205	9	217	523	320	651	8.21e-34	132
2_548	2_483	64.368	87	18	3	1	86	1	75	3.84e-06	44.3
2_549	2_549	100.000	486	0	0	1	486	1	486	0.0	967
2_550	2_550	100.000	277	0	0	1	277	1	277	0.0	544
2_551	2_551	100.000	936	0	0	1	936	1	936	0.0	1819
2_551	2_302	30.460	870	556	19	8	858	45	884	1.02e-89	308
2_551	2_514	30.402	398	206	11	23	374	37	409	8.80e-40	150
2_552	2_552	100.000	1316	0	0	1	1316	1	1316	0.0	2642
2_552	2_518	32.407	108	67	2	1	108	60	161	1.41e-08	53.5
2_552	2_476	29.474	95	60	2	6	96	70	161	1.22e-05	43.9
2_552	2_402	30.864	162	92	7	1	155	60	208	2.47e-05	43.1
2_552	2_491	28.866	97	63	3	6	102	69	159	3.62e-05	42.4
2_553	2_553	100.000	180	0	0	1	180	1	180	1.89e-133	365
2_554	2_554	100.000	255	0	0	1	255	1	255	4.37e-180	490
2_555	2_555	100.000	115	0	0	1	115	1	115	3.26e-80	226
2_556	2_556	100.000	720	0	0	1	720	1	720	0.0	1425
2_556	2_82	42.857	56	28	1	13	64	8	63	2.96e-07	47.4
2_557	2_557	100.000	945	0	0	1	945	1	945	0.0	1896
2_558	2_558	100.000	251	0	0	1	251	1	251	0.0	494
2_558	2_160	29.252	147	97	3	110	251	82	226	1.03e-08	48.9
2_559	2_559	100.000	201	0	0	1	201	1	201	2.32e-142	390
2_560	2_560	100.000	192	0	0	1	192	1	192	9.28e-135	370
2_560	2_482	62.434	189	71	0	3	191	351	539	1.69e-75	231
2_560	2_338	33.511	188	119	4	5	190	343	526	2.06e-25	97.1
2_560	2_513	35.912	181	113	3	6	185	342	520	7.77e-25	95.5
2_560	2_350	37.500	192	112	3	3	190	349	536	1.57e-22	89.0
2_560	2_233	30.286	175	111	5	6	174	24	193	6.37e-14	62.8
2_560	2_274	26.882	186	117	6	2	174	78	257	2.62e-12	58.9
2_560	2_250	33.333	192	102	8	12	188	28	208	5.02e-12	57.8
2_560	2_280	30.481	187	104	8	3	177	16	188	2.11e-11	56.6
2_560	2_375	30.636	173	105	6	19	182	499	665	3.59e-11	55.8
2_560	2_70	30.337	178	108	4	9	174	28	201	1.60e-10	53.9
2_560	2_429	24.479	192	130	7	4	182	22	211	5.28e-10	52.4
2_560	2_429	38.158	76	39	4	99	170	396	467	2.32e-04	35.8
2_560	2_340	28.889	180	116	5	3	177	16	188	9.84e-10	51.6
2_560	2_339	27.684	177	117	5	3	175	16	185	5.89e-08	46.6
2_560	2_223	35.652	115	65	5	66	177	185	293	1.09e-07	45.4
2_560	2_294	38.983	59	33	1	119	174	619	677	1.60e-06	42.4
2_560	2_283	38.298	47	29	0	104	150	493	539	2.98e-06	41.6
2_560	2_252	24.771	218	128	8	3	191	16	226	4.22e-06	40.8
2_560	2_401	30.952	84	50	2	94	174	173	251	1.17e-05	39.3
2_560	2_253	37.288	59	34	1	119	174	281	339	5.69e-05	37.4
2_561	2_561	100.000	360	0	0	1	360	1	360	0.0	724
2_561	2_517	65.789	342	108	4	21	360	176	510	3.20e-154	439
2_561	2_439	35.912	362	181	7	23	360	300	634	2.59e-61	203
2_561	2_284	34.104	346	185	7	28	360	199	514	1.69e-55	185
2_561	2_382	32.267	375	205	10	14	358	178	533	6.41e-46	159
2_561	2_544	33.429	350	190	9	23	359	310	629	5.39e-44	155
2_562	2_562	100.000	378	0	0	1	378	1	378	0.0	733
2_563	2_563	100.000	510	0	0	1	510	1	510	0.0	1020
2_563	2_527	36.257	342	145	11	88	408	1	290	1.75e-46	159
2_563	2_503	72.000	125	34	1	31	154	1	125	3.56e-45	159
2_563	2_503	44.199	181	93	3	331	505	251	429	3.06e-41	148
2_563	2_500	78.261	92	19	1	353	443	5	96	5.40e-45	148
2_563	2_526	71.622	74	21	0	77	150	1	74	7.64e-28	108
2_563	2_526	75.000	56	14	0	353	408	263	318	2.45e-23	95.5
2_564	2_564	100.000	171	0	0	1	171	1	171	1.41e-127	350
2_565	2_565	100.000	79	0	0	1	79	1	79	1.55e-50	148
2_565	2_2	93.671	79	5	0	1	79	406	484	3.01e-43	142
2_565	2_368	33.333	78	43	3	1	74	331	403	1.43e-04	33.1
2_566	2_566	100.000	490	0	0	1	490	1	490	0.0	986
2_566	2_246	27.500	160	109	3	146	301	110	266	7.20e-12	62.0
2_566	2_246	46.809	47	22	1	440	483	489	535	4.28e-08	50.1
2_566	2_260	23.176	466	288	19	52	484	14	442	1.44e-10	57.4
2_567	2_567	100.000	23	0	0	1	23	1	23	1.33e-12	48.9
2_568	2_568	100.000	217	0	0	1	217	1	217	2.43e-160	437
2_569	2_569	100.000	339	0	0	1	339	1	339	0.0	698
