0_0	5_231	99.857	699	1	0	1	699	1	699	0.0	1414
0_0	5_492	26.260	754	440	25	16	692	6	720	1.76e-44	165
0_1	5_547	98.837	172	2	0	151	322	1	172	8.15e-123	344
0_1	5_536	100.000	134	0	0	1	134	1	134	1.17e-96	277
0_2	5_290	99.862	725	1	0	1	725	1	725	0.0	1468
0_2	5_240	38.624	189	111	4	481	667	205	390	6.36e-35	132
0_2	5_240	47.423	97	51	0	39	135	11	107	1.19e-22	95.9
0_2	5_485	40.146	137	82	0	481	617	166	302	3.47e-31	120
0_2	5_485	30.088	113	70	2	38	150	7	110	2.95e-11	60.1
0_2	5_368	25.735	136	99	2	481	614	590	725	2.21e-17	80.9
0_2	5_368	28.049	164	100	5	42	204	12	158	2.51e-07	48.5
0_2	5_140	38.298	94	57	1	501	594	274	366	8.99e-17	77.8
0_2	5_140	29.688	128	75	3	33	145	38	165	6.93e-10	56.2
0_2	5_214	32.432	111	74	1	505	614	274	384	1.72e-14	70.9
0_2	5_267	31.776	107	72	1	486	592	116	221	8.17e-13	63.9
0_2	5_267	31.915	94	55	3	50	137	16	106	1.01e-05	42.4
0_2	5_37	25.806	155	88	3	501	655	152	279	2.43e-12	62.8
0_2	5_37	30.952	84	39	3	53	117	22	105	1.17e-05	42.4
0_2	5_186	32.292	96	63	2	500	594	127	221	4.93e-11	58.2
0_2	5_186	30.556	72	46	3	53	123	21	89	0.001	35.8
0_2	5_246	34.409	93	54	2	498	587	402	490	2.12e-10	58.2
0_2	5_246	29.213	89	58	2	500	584	133	220	1.14e-07	49.3
0_2	5_246	29.348	92	54	4	48	131	16	104	1.12e-06	46.2
0_2	5_300	32.967	91	59	1	498	588	119	207	1.11e-09	55.8
0_2	5_300	33.333	99	58	3	39	134	2	95	6.11e-07	47.0
0_2	5_299	31.897	116	70	2	474	589	102	208	1.46e-09	55.5
0_2	5_299	32.673	101	60	2	39	136	2	97	2.38e-07	48.5
0_2	5_283	34.146	82	53	1	503	584	194	274	2.28e-09	53.9
0_2	5_283	31.707	82	46	2	58	131	84	163	2.07e-07	47.8
0_2	5_286	33.766	77	51	0	508	584	154	230	1.28e-08	51.2
0_2	5_486	30.357	112	75	2	39	149	2	111	2.94e-08	51.2
0_2	5_486	31.081	74	49	1	508	581	129	200	1.52e-05	42.7
0_2	5_80	30.476	105	70	1	38	139	7	111	5.15e-08	50.4
0_2	5_80	25.974	77	56	1	508	584	407	482	6.70e-04	37.0
0_2	5_367	28.440	109	77	1	505	612	159	267	1.56e-07	48.5
0_2	5_367	25.899	139	83	6	30	151	4	139	4.14e-04	37.4
0_2	5_545	32.877	73	49	0	36	108	10	82	7.56e-07	45.4
0_2	5_545	27.000	200	123	10	385	572	15	203	2.64e-05	40.4
0_2	5_268	35.088	57	37	0	39	95	2	58	9.05e-07	46.2
0_2	5_268	23.810	84	60	1	504	587	152	231	4.69e-05	40.8
0_2	5_499	38.028	71	32	3	58	119	9	76	1.26e-06	41.6
0_2	5_480	27.778	90	61	2	493	581	452	538	1.27e-06	45.8
0_2	5_481	33.333	66	43	1	36	100	331	396	2.59e-05	41.6
0_3	5_0	100.000	336	0	0	1	336	1	336	0.0	660
0_3	5_523	25.083	303	205	10	36	336	22	304	8.87e-14	65.5
0_4	5_493	99.570	931	4	0	1	931	1	931	0.0	1836
0_4	5_507	28.959	221	117	9	9	225	17	201	4.51e-08	51.2
0_4	5_472	22.938	388	251	14	2	352	7	383	5.62e-06	44.7
0_4	5_509	30.864	162	92	7	60	208	55	209	1.95e-05	42.7
0_5	5_515	99.201	876	7	0	1	876	34	909	0.0	1734
0_5	5_473	25.714	245	153	5	1	221	10	249	2.06e-15	75.5
0_5	5_351	24.936	393	233	13	7	361	26	394	8.58e-14	70.1
0_5	5_490	27.500	240	152	8	1	220	18	255	4.47e-11	61.2
0_5	5_349	25.835	569	339	24	30	560	62	585	6.45e-09	54.3
0_5	5_510	27.426	237	147	7	3	224	13	239	1.38e-08	53.1
0_6	5_289	99.371	159	1	0	1	159	1	159	1.35e-116	321
0_6	5_215	32.500	120	78	2	22	140	15	132	7.63e-11	52.0
0_7	5_1	100.000	96	0	0	1	96	1	96	8.89e-66	188
0_8	5_2	100.000	589	0	0	1	589	1	589	0.0	1146
0_8	5_143	26.087	460	272	17	51	492	10	419	1.41e-21	92.8
0_9	5_288	99.714	350	1	0	1	350	1	350	0.0	715
0_10	5_484	99.194	620	5	0	1	620	1	620	0.0	1238
0_11	5_485	99.741	386	1	0	1	386	1	386	0.0	758
0_11	5_240	32.059	340	185	10	5	304	8	341	4.19e-38	137
0_11	5_290	40.146	137	82	0	166	302	481	617	1.97e-31	120
0_11	5_290	30.088	113	70	2	7	110	38	150	1.78e-11	60.1
0_11	5_368	37.363	91	57	0	194	284	619	709	1.50e-15	72.8
0_11	5_140	33.333	90	60	0	194	283	282	371	7.39e-15	70.1
0_11	5_286	25.357	280	164	5	6	283	8	244	3.12e-14	66.6
0_11	5_283	24.779	226	119	3	27	252	84	258	7.47e-14	66.2
0_11	5_186	32.143	140	84	3	143	279	90	221	8.28e-12	59.3
0_11	5_37	25.600	250	143	8	27	272	27	237	1.11e-11	59.7
0_11	5_214	23.404	141	104	2	164	303	251	388	1.45e-11	60.1
0_11	5_267	24.221	289	161	9	8	292	2	236	4.37e-11	57.4
0_11	5_246	23.333	270	154	9	29	296	28	246	7.13e-10	54.7
0_11	5_246	32.609	92	57	2	184	271	399	489	7.75e-07	45.4
0_11	5_299	30.986	142	89	5	128	263	59	197	9.53e-10	54.7
0_11	5_299	52.778	36	17	0	27	62	21	56	2.52e-05	40.4
0_11	5_300	29.333	150	99	3	129	273	60	207	1.21e-09	54.3
0_11	5_300	43.636	55	31	0	8	62	2	56	6.45e-06	42.4
0_11	5_367	26.984	126	88	2	176	297	142	267	1.66e-09	53.1
0_11	5_486	34.483	87	53	2	183	268	119	202	9.42e-09	51.6
0_11	5_80	28.788	132	85	4	146	271	356	484	8.25e-08	48.1
0_11	5_480	29.412	85	52	2	172	251	441	522	3.04e-06	43.5
0_11	5_481	38.000	100	46	5	1	95	327	415	1.05e-04	38.5
0_11	5_268	27.174	92	64	1	188	276	443	534	2.24e-04	37.4
0_11	5_545	50.000	46	23	0	8	53	13	58	2.58e-04	36.6
0_11	5_111	45.588	68	27	4	4	69	466	525	2.81e-04	37.4
0_12	5_522	98.266	173	3	0	1	173	1	173	5.98e-117	327
0_13	5_3	100.000	188	0	0	1	188	1	188	2.25e-134	369
0_14	5_487	99.091	110	1	0	1	110	1	110	3.00e-79	223
0_15	5_4	100.000	290	0	0	1	290	1	290	0.0	578
0_15	5_389	32.707	266	148	14	23	264	25	283	1.72e-24	95.1
0_16	5_5	100.000	287	0	0	1	287	1	287	0.0	577
0_16	5_328	36.255	251	125	6	1	234	1	233	1.91e-33	118
0_17	5_258	98.765	81	1	0	1	81	1	81	4.61e-57	165
0_18	5_462	99.813	534	1	0	1	534	1	534	0.0	1057
0_19	5_461	98.008	251	5	0	1	251	1	251	1.82e-177	483
0_20	5_259	99.701	335	1	0	1	335	1	335	0.0	662
0_21	5_460	99.851	673	1	0	1	673	1	673	0.0	1347
0_21	5_43	22.437	517	375	10	6	512	10	510	4.94e-32	127
0_22	5_6	100.000	333	0	0	1	333	1	333	0.0	664
0_22	5_338	34.375	192	115	3	125	314	101	283	5.77e-25	99.4
0_23	5_7	100.000	189	0	0	1	189	1	189	2.87e-140	384
0_24	5_8	100.000	324	0	0	1	324	1	324	0.0	664
0_24	5_191	41.846	325	176	7	7	324	7	325	9.52e-57	182
0_24	5_219	22.941	340	195	13	1	296	321	637	2.96e-09	52.4
0_25	5_191	100.000	101	0	0	1	101	235	335	1.76e-68	203
0_25	5_8	44.737	76	41	1	13	87	245	320	1.24e-13	59.7
0_26	5_191	99.550	222	1	0	1	222	1	222	6.33e-152	421
0_26	5_8	41.702	235	129	4	7	237	7	237	2.50e-51	164
0_26	5_219	29.289	239	132	10	9	216	325	557	1.31e-12	61.2
0_27	5_9	100.000	152	0	0	1	152	1	152	1.18e-110	306
0_28	5_10	100.000	619	0	0	1	619	1	619	0.0	1249
0_29	5_11	100.000	378	0	0	1	378	1	378	0.0	754
0_30	5_459	99.784	463	1	0	1	463	1	463	0.0	922
0_31	5_12	100.000	47	0	0	1	47	1	47	3.57e-30	94.7
0_32	5_13	100.000	609	0	0	1	609	1	609	0.0	1218
0_33	5_458	99.745	783	2	0	1	783	1	783	0.0	1560
0_34	5_14	100.000	353	0	0	1	353	1	353	0.0	699
0_34	5_304	27.129	317	167	15	46	345	64	333	5.22e-07	45.4
0_35	5_457	99.757	823	2	0	1	823	1	823	0.0	1654
0_35	5_465	24.291	741	451	18	18	668	34	754	7.99e-49	181
0_35	5_474	22.781	338	192	11	393	679	398	717	1.15e-13	69.3
0_35	5_474	27.174	184	113	4	6	186	3	168	7.72e-09	53.5
0_35	5_431	24.084	191	113	4	32	222	3	161	1.12e-07	49.3
0_36	5_260	99.843	638	1	0	1	638	1	638	0.0	1249
0_37	5_15	100.000	321	0	0	1	321	1	321	0.0	623
0_38	5_456	99.423	520	3	0	1	520	1	520	0.0	1008
0_39	5_262	99.528	212	1	0	1	212	1	212	7.81e-148	405
0_40	5_545	98.643	221	3	0	313	533	1	221	6.55e-153	431
0_40	5_480	29.175	521	347	9	16	520	19	533	2.59e-49	173
0_40	5_481	35.407	209	123	6	319	520	328	531	1.00e-23	99.4
0_40	5_267	32.075	212	118	6	324	517	1	204	5.96e-14	67.0
0_40	5_300	28.365	208	110	6	324	512	1	188	5.04e-11	59.7
0_40	5_246	30.000	220	113	7	320	513	2	206	1.68e-10	57.8
0_40	5_268	28.342	187	110	5	324	486	1	187	2.40e-10	57.4
0_40	5_486	27.570	214	128	8	324	525	1	199	1.66e-09	54.7
0_40	5_186	28.646	192	103	6	340	513	22	197	2.35e-09	52.4
0_40	5_111	28.042	189	107	7	317	489	463	638	7.01e-09	52.8
0_40	5_299	28.351	194	128	6	324	512	1	188	8.58e-09	52.4
0_40	5_240	36.232	69	44	0	324	392	10	78	2.30e-07	47.4
0_40	5_240	33.645	107	54	3	419	514	193	293	6.79e-06	42.7
0_40	5_283	25.405	185	120	5	339	510	79	258	3.86e-07	46.2
0_40	5_290	34.247	73	48	0	322	394	36	108	5.03e-07	46.6
0_40	5_290	29.008	131	79	6	393	515	448	572	6.77e-05	40.0
0_40	5_499	38.000	50	31	0	339	388	4	53	2.92e-06	40.0
0_40	5_140	29.412	85	53	2	308	388	30	111	1.99e-04	38.1
0_40	5_485	50.000	46	23	0	325	370	8	53	6.63e-04	36.6
0_40	5_80	43.182	44	25	0	343	386	26	69	7.13e-04	36.6
0_40	5_368	37.313	67	38	2	449	511	612	678	8.13e-04	36.6
0_40	5_367	26.341	205	122	8	339	519	29	228	0.001	35.8
0_41	5_481	31.445	512	325	9	31	526	35	536	1.20e-54	187
0_41	5_480	31.604	212	135	3	321	526	331	538	1.96e-30	119
0_41	5_545	35.678	199	117	5	322	514	8	201	2.44e-23	93.2
0_41	5_267	32.353	204	117	11	327	514	2	200	6.75e-13	63.5
0_41	5_299	30.882	204	134	4	327	527	2	201	2.87e-11	60.5
0_41	5_111	32.184	174	95	8	352	510	495	660	1.03e-10	58.5
0_41	5_486	29.167	216	128	8	327	530	2	204	8.02e-09	52.4
0_41	5_300	29.167	216	137	9	327	534	2	209	3.93e-08	50.4
0_41	5_283	29.570	186	108	8	341	510	79	257	1.71e-07	47.4
0_41	5_268	35.185	54	35	0	335	388	10	63	9.01e-06	42.7
0_41	5_186	25.414	181	122	5	342	514	22	197	1.49e-05	41.2
0_41	5_240	32.787	61	41	0	327	387	11	71	4.65e-05	40.0
0_41	5_290	25.301	83	59	1	324	406	36	115	2.90e-04	37.7
0_41	5_80	25.532	188	118	5	346	517	27	208	5.73e-04	36.6
0_41	5_499	31.169	77	46	2	341	415	4	75	8.64e-04	33.1
0_42	5_473	98.684	1216	11	2	1	1214	1	1213	0.0	2392
0_42	5_351	28.680	394	227	7	1	386	4	351	2.68e-43	166
0_42	5_351	26.573	286	167	8	721	1002	521	767	1.44e-15	76.3
0_42	5_351	37.069	116	65	5	472	583	357	468	3.04e-10	58.9
0_42	5_490	33.217	286	181	5	3	285	11	289	3.83e-35	139
0_42	5_490	30.928	291	137	10	738	1016	545	783	3.19e-23	101
0_42	5_490	32.231	121	72	5	477	594	361	474	1.75e-05	43.5
0_42	5_515	24.498	249	164	5	6	249	25	254	2.51e-14	72.0
0_42	5_510	26.556	241	150	8	1	234	1	221	5.05e-11	61.6
0_42	5_510	22.496	649	382	28	506	1102	403	982	7.25e-06	44.7
0_42	5_349	22.624	221	146	6	14	234	31	226	6.09e-05	41.6
0_43	5_472	99.062	1173	11	0	1	1173	1	1173	0.0	2331
0_43	5_507	32.955	264	155	5	7	261	5	255	4.64e-30	123
0_43	5_507	25.123	406	212	19	584	972	445	775	1.17e-11	63.5
0_43	5_489	32.258	248	151	8	10	252	13	248	2.68e-24	103
0_43	5_509	29.560	159	99	4	6	161	2	150	3.71e-11	62.0
0_43	5_493	22.680	388	252	14	7	383	2	352	1.68e-05	43.1
0_43	5_350	39.474	38	23	0	281	318	260	297	4.35e-04	38.9
0_44	5_470	99.709	344	1	0	1	344	1	344	0.0	702
0_44	5_118	27.451	204	135	5	121	314	3	203	2.21e-15	69.7
0_45	5_16	100.000	50	0	0	1	50	1	50	3.78e-32	99.8
0_45	5_180	35.556	45	26	1	6	50	5	46	1.46e-04	30.0
0_46	5_317	99.634	273	1	0	1	273	1	273	0.0	562
0_47	5_299	99.741	772	2	0	1	772	1	772	0.0	1503
0_47	5_300	48.630	438	197	9	1	416	1	432	1.60e-108	340
0_47	5_300	45.736	129	70	0	644	772	518	646	8.32e-23	98.2
0_47	5_486	30.655	809	477	19	1	772	1	762	4.08e-87	286
0_47	5_283	29.442	197	127	5	16	202	79	273	5.10e-19	83.2
0_47	5_80	32.673	202	122	5	6	195	12	211	1.40e-15	74.7
0_47	5_246	25.592	211	143	5	1	198	6	215	1.34e-13	68.2
0_47	5_246	26.531	196	126	5	11	188	277	472	1.48e-10	58.5
0_47	5_37	25.000	208	129	5	17	198	23	229	1.36e-13	67.0
0_47	5_286	27.451	204	119	8	18	198	28	225	8.11e-12	60.8
0_47	5_480	26.415	212	137	7	1	201	336	539	9.68e-12	62.4
0_47	5_481	31.373	204	111	9	13	200	346	536	2.49e-11	61.2
0_47	5_268	22.993	274	175	5	1	240	1	272	8.91e-11	59.3
0_47	5_268	24.645	211	138	8	1	201	319	518	8.35e-06	43.5
0_47	5_485	31.818	132	85	4	69	197	134	263	8.58e-10	55.8
0_47	5_485	52.778	36	17	0	21	56	27	62	4.59e-05	40.8
0_47	5_290	31.897	116	70	2	102	208	474	589	1.71e-09	55.5
0_47	5_290	32.673	101	60	2	2	97	39	136	2.83e-07	48.1
0_47	5_240	32.394	142	92	3	107	245	211	351	1.77e-08	51.6
0_47	5_240	32.955	88	57	1	7	92	16	103	1.79e-08	51.6
0_47	5_545	28.351	194	128	6	1	188	12	200	4.21e-08	49.3
0_47	5_267	23.618	199	141	6	13	202	16	212	8.77e-08	48.9
0_47	5_140	25.191	131	91	3	72	197	223	351	1.55e-07	48.9
0_47	5_111	24.479	192	131	5	23	204	491	678	2.72e-07	48.1
0_47	5_346	39.130	92	47	4	115	200	820	908	6.03e-07	47.4
0_47	5_346	28.571	147	88	6	64	193	416	562	1.37e-04	39.7
0_47	5_368	27.957	93	65	1	108	198	597	689	7.27e-07	47.0
0_47	5_186	27.174	184	109	7	19	188	24	196	2.00e-06	44.3
0_47	5_214	25.592	211	123	8	16	197	142	347	6.26e-06	43.5
0_47	5_499	29.730	74	44	2	16	81	4	77	2.64e-05	38.1
0_47	5_367	26.549	113	77	3	114	222	145	255	1.64e-04	38.9
0_48	5_300	99.846	650	1	0	1	650	1	650	0.0	1260
0_48	5_299	48.630	438	197	9	1	432	1	416	9.83e-109	340
0_48	5_299	39.344	183	105	1	470	646	590	772	7.40e-31	123
0_48	5_486	40.044	452	245	10	1	438	1	440	4.06e-90	291
0_48	5_486	29.348	184	126	2	467	646	579	762	2.86e-16	77.0
0_48	5_283	30.732	205	122	6	16	206	79	277	1.99e-20	87.0
0_48	5_481	32.558	215	117	9	2	200	334	536	2.60e-15	73.6
0_48	5_480	29.717	212	130	8	1	201	336	539	4.31e-15	72.8
0_48	5_37	28.169	213	128	6	18	205	24	236	3.45e-14	68.2
0_48	5_267	31.081	222	129	11	1	205	1	215	1.94e-13	65.5
0_48	5_246	25.688	218	140	7	15	212	20	235	3.03e-13	67.0
0_48	5_246	28.194	227	133	7	16	215	282	505	3.13e-13	66.6
0_48	5_80	29.524	210	134	5	10	205	12	221	1.55e-12	64.7
0_48	5_80	28.326	233	135	9	2	208	261	487	7.40e-09	52.8
0_48	5_268	25.641	234	141	6	1	205	1	230	1.69e-12	64.7
0_48	5_268	28.571	210	133	8	1	202	319	519	1.86e-09	54.7
0_48	5_186	29.596	223	136	8	4	214	8	221	1.02e-10	57.0
0_48	5_545	28.365	208	110	6	1	188	12	200	1.55e-10	56.2
0_48	5_111	31.285	179	100	8	32	195	500	670	5.70e-10	56.6
0_48	5_290	32.967	91	59	1	119	207	498	588	9.82e-10	55.8
0_48	5_290	33.333	99	58	3	2	95	39	134	5.72e-07	47.0
0_48	5_485	29.851	134	91	2	76	207	141	273	3.53e-09	53.5
0_48	5_485	43.636	55	31	0	2	56	8	62	1.15e-05	42.4
0_48	5_286	26.141	241	139	10	14	224	24	255	5.36e-09	52.0
0_48	5_368	34.940	83	52	1	127	207	616	698	5.42e-09	53.5
0_48	5_214	25.688	218	138	7	16	209	142	359	1.20e-08	52.0
0_48	5_240	31.915	94	62	1	1	92	10	103	1.60e-08	51.6
0_48	5_240	39.535	86	46	3	126	207	229	312	3.18e-08	50.8
0_48	5_140	32.692	104	64	3	115	215	267	367	6.09e-08	49.7
0_48	5_499	28.378	74	45	2	16	81	4	77	1.31e-05	38.5
0_48	5_367	32.941	85	55	1	127	209	160	244	2.58e-05	41.2
0_48	5_346	36.905	84	44	4	121	198	826	906	1.27e-04	39.3
0_49	5_469	98.387	558	7	1	1	556	1	558	0.0	1106
0_49	5_517	80.000	105	18	1	109	213	1	102	2.33e-53	171
0_49	5_549	40.909	286	131	12	189	445	1	277	1.33e-44	154
0_49	5_548	35.831	307	134	12	189	445	1	294	1.27e-33	124
0_50	5_468	96.770	805	26	0	1	805	1	805	0.0	1558
0_50	5_406	45.547	786	394	12	45	805	27	803	0.0	610
0_50	5_428	42.478	565	288	10	236	766	2	563	6.73e-128	390
0_50	5_497	52.340	235	91	3	1	233	1	216	3.36e-73	233
0_50	5_405	68.293	41	13	0	45	85	22	62	1.29e-14	64.3
0_51	5_406	99.627	804	3	0	1	804	1	804	0.0	1600
0_51	5_428	77.462	599	120	5	220	805	2	598	0.0	900
0_51	5_468	45.616	787	392	13	27	803	45	805	0.0	594
0_51	5_497	73.733	217	56	1	1	217	1	216	2.87e-110	330
0_51	5_405	78.689	61	13	0	8	68	3	63	1.78e-28	103
0_52	5_429	98.454	194	3	0	1	194	1	194	3.27e-140	384
0_53	5_430	98.507	469	7	0	1	469	1	469	0.0	924
0_54	5_17	100.000	146	0	0	1	146	1	146	2.30e-105	292
0_55	5_18	100.000	295	0	0	1	295	1	295	0.0	590
0_56	5_19	100.000	337	0	0	1	337	1	337	0.0	685
0_57	5_308	99.219	256	2	0	1	256	1	256	0.0	507
0_58	5_431	99.416	514	3	0	1	514	1	514	0.0	1035
0_58	5_465	25.828	151	101	3	2	141	50	200	2.11e-09	54.3
0_58	5_465	34.426	61	35	2	294	349	574	634	2.59e-05	41.2
0_58	5_474	34.444	90	58	1	3	91	29	118	2.85e-08	50.8
0_58	5_474	33.000	100	59	3	264	355	513	612	9.59e-08	48.9
0_58	5_457	23.560	191	114	4	3	161	32	222	3.00e-07	47.4
0_59	5_20	100.000	289	0	0	1	289	1	289	0.0	559
0_60	5_21	100.000	225	0	0	1	225	1	225	3.09e-168	457
0_61	5_22	100.000	173	0	0	1	173	1	173	8.32e-127	348
0_62	5_309	99.823	564	1	0	1	564	1	564	0.0	1103
0_62	5_384	32.104	461	249	12	95	533	216	634	1.07e-53	188
0_62	5_398	31.614	446	261	9	99	533	122	534	2.01e-51	179
0_62	5_399	31.183	465	254	14	97	533	116	542	9.88e-50	175
0_62	5_528	30.496	423	246	10	118	533	229	610	1.73e-47	170
0_62	5_383	30.496	423	234	11	131	540	144	519	2.27e-44	160
0_63	5_263	99.550	222	1	0	1	222	1	222	1.56e-162	442
0_64	5_23	100.000	298	0	0	1	298	1	298	0.0	603
0_65	5_432	99.167	240	2	0	1	240	1	240	0.0	499
0_66	5_433	99.661	295	1	0	1	295	1	295	0.0	593
0_66	5_376	26.552	290	175	9	21	293	10	278	5.52e-20	82.8
0_66	5_224	26.502	283	175	9	19	293	3	260	5.27e-16	70.9
0_66	5_137	27.170	265	163	10	21	275	5	249	8.60e-14	64.7
0_66	5_41	25.368	272	165	12	15	274	1	246	2.41e-04	36.2
0_67	5_264	99.412	170	1	0	1	170	1	170	1.51e-121	335
0_68	5_24	100.000	408	0	0	1	408	1	408	0.0	825
0_69	5_25	100.000	372	0	0	1	372	1	372	0.0	763
0_70	5_26	100.000	290	0	0	1	290	1	290	0.0	564
0_71	5_310	99.468	188	1	0	1	188	1	188	3.29e-138	378
0_72	5_436	99.653	865	3	0	1	865	1	865	0.0	1709
0_73	5_27	100.000	428	0	0	1	428	1	428	0.0	854
0_74	5_28	100.000	567	0	0	1	567	1	567	0.0	1145
0_74	5_410	28.049	246	157	9	14	247	18	255	1.26e-12	64.3
0_74	5_410	46.154	39	21	0	503	541	409	447	1.40e-05	42.0
0_74	5_136	27.338	139	98	2	110	245	145	283	2.83e-10	57.0
0_74	5_136	46.809	47	22	1	489	535	439	482	4.27e-08	50.1
0_75	5_265	99.918	1216	1	0	1	1216	1	1216	0.0	2396
0_76	5_437	99.773	880	2	0	1	880	1	880	0.0	1777
0_77	5_438	99.614	259	1	0	1	259	1	259	0.0	526
0_78	5_439	100.000	451	0	0	1	451	1	451	0.0	917
0_79	5_29	100.000	413	0	0	1	413	1	413	0.0	841
0_80	5_30	100.000	177	0	0	1	177	1	177	2.07e-130	358
0_81	5_266	99.624	266	1	0	1	266	1	266	0.0	523
0_81	5_99	37.143	105	61	3	22	121	37	141	1.21e-13	63.9
0_82	5_31	100.000	332	0	0	1	332	1	332	0.0	660
0_83	5_32	100.000	111	0	0	1	111	1	111	2.61e-77	218
0_84	5_33	100.000	184	0	0	1	184	1	184	5.25e-135	370
0_85	5_34	100.000	211	0	0	1	211	1	211	2.47e-155	424
0_86	5_35	100.000	291	0	0	1	291	1	291	0.0	559
0_86	5_543	32.381	105	65	3	37	139	74	174	5.74e-06	42.0
0_87	5_36	100.000	239	0	0	1	239	1	239	6.69e-175	475
0_88	5_267	99.632	272	1	0	1	272	1	272	0.0	541
0_88	5_37	34.188	234	133	6	19	232	22	254	6.79e-34	119
0_88	5_480	34.694	196	110	5	16	205	348	531	4.87e-19	81.3
0_88	5_214	26.800	250	159	8	3	229	122	370	1.20e-18	79.7
0_88	5_367	31.330	233	127	7	19	227	29	252	1.35e-18	79.0
0_88	5_283	28.636	220	132	4	19	225	79	286	2.06e-18	78.2
0_88	5_545	32.536	209	121	9	1	204	12	205	1.79e-16	71.2
0_88	5_186	27.805	205	136	6	20	220	22	218	1.85e-15	68.6
0_88	5_368	36.275	102	64	1	127	227	607	708	3.83e-15	69.7
0_88	5_368	33.333	75	43	3	23	91	27	100	2.62e-04	36.6
0_88	5_481	30.189	212	132	8	2	208	334	534	8.96e-15	68.6
0_88	5_300	31.081	222	129	11	1	215	1	205	6.21e-14	65.9
0_88	5_290	31.776	107	72	1	116	221	486	592	2.87e-13	63.9
0_88	5_290	31.915	94	55	3	16	106	50	137	3.70e-06	42.4
0_88	5_240	34.545	110	71	1	118	226	212	321	6.12e-13	62.8
0_88	5_240	26.050	119	79	3	16	128	22	137	1.08e-05	40.8
0_88	5_268	27.778	198	108	5	16	185	13	203	9.93e-13	62.4
0_88	5_140	32.500	120	77	3	104	219	244	363	1.14e-12	62.0
0_88	5_80	32.143	196	124	6	28	217	31	223	3.99e-12	60.5
0_88	5_246	26.818	220	126	10	19	218	21	225	1.34e-11	58.9
0_88	5_246	25.541	231	157	8	1	218	264	492	2.57e-06	42.7
0_88	5_485	23.875	289	162	9	2	236	8	292	1.41e-10	55.5
0_88	5_299	23.618	199	141	6	16	212	13	202	1.78e-08	49.7
0_88	5_486	26.818	220	127	9	1	208	1	198	5.84e-08	47.8
0_88	5_286	26.316	209	140	6	1	198	9	214	8.73e-08	46.6
0_88	5_346	29.801	151	85	7	90	224	783	928	9.23e-08	47.4
0_88	5_111	24.519	208	132	7	2	199	471	663	1.33e-07	46.6
0_88	5_499	34.722	72	43	2	19	86	4	75	2.38e-06	39.7
0_89	5_37	100.000	300	0	0	1	300	1	300	0.0	602
0_89	5_267	34.188	234	133	6	22	254	19	232	3.32e-35	123
0_89	5_240	35.897	156	87	5	130	276	204	355	2.35e-19	82.4
0_89	5_240	25.962	104	55	3	21	123	24	106	4.77e-05	38.9
0_89	5_186	27.854	219	136	3	22	240	21	217	1.21e-18	78.2
0_89	5_486	28.638	213	121	8	23	232	17	201	3.99e-17	76.3
0_89	5_368	39.091	110	66	1	140	248	599	708	9.57e-17	75.1
0_89	5_368	38.462	39	23	1	10	48	12	49	0.001	35.0
0_89	5_214	26.778	239	140	7	27	248	147	367	3.24e-16	73.2
0_89	5_140	36.641	131	75	3	136	260	258	386	5.78e-16	72.4
0_89	5_300	28.169	213	128	6	24	236	18	205	1.54e-15	71.2
0_89	5_80	29.464	224	131	5	22	239	22	224	2.73e-15	70.5
0_89	5_80	21.127	213	161	4	26	236	277	484	1.16e-05	40.8
0_89	5_299	25.714	210	125	6	23	229	17	198	9.89e-15	68.9
0_89	5_246	25.000	236	140	7	14	237	13	223	2.13e-14	67.8
0_89	5_246	28.054	221	130	8	27	236	287	489	1.00e-13	65.9
0_89	5_283	29.327	208	109	8	21	217	78	258	4.16e-13	63.2
0_89	5_290	25.806	155	88	3	152	279	501	655	9.26e-13	63.2
0_89	5_290	30.952	84	39	3	22	105	53	117	4.53e-06	42.4
0_89	5_485	25.402	311	163	12	27	298	27	307	3.99e-12	60.5
0_89	5_367	27.197	239	155	8	20	250	27	254	3.71e-11	57.4
0_89	5_286	31.646	79	53	1	158	235	153	231	2.40e-10	54.7
0_89	5_268	25.714	210	124	7	26	219	20	213	6.48e-08	48.1
0_89	5_346	32.051	78	50	1	145	219	820	897	4.10e-07	45.8
0_89	5_346	28.090	89	62	1	136	222	470	558	1.21e-06	44.3
0_89	5_481	22.527	182	118	4	37	218	364	522	1.36e-05	40.8
0_89	5_545	24.390	205	117	6	22	219	27	200	3.11e-05	38.9
0_90	5_38	100.000	320	0	0	1	320	1	320	0.0	627
0_91	5_440	99.710	690	2	0	1	690	1	690	0.0	1372
0_92	5_441	99.685	317	1	0	1	317	1	317	0.0	641
0_93	5_442	99.541	871	4	0	1	871	1	871	0.0	1712
0_94	5_312	98.621	145	2	0	1	145	1	145	1.62e-101	282
0_95	5_489	98.793	663	8	0	1	663	1	663	0.0	1290
0_95	5_507	29.186	1093	658	32	17	1018	13	1080	1.34e-109	360
0_95	5_472	32.258	248	151	8	13	248	10	252	5.47e-24	103
0_95	5_472	25.941	239	152	10	512	733	740	970	4.87e-04	38.5
0_95	5_509	27.564	156	99	7	12	159	7	156	6.31e-08	51.2
0_96	5_490	99.509	1018	5	0	1	1018	1	1018	0.0	1970
0_96	5_351	27.230	1065	657	32	6	991	1	1026	3.28e-79	275
0_96	5_473	33.217	286	181	5	11	289	3	285	3.16e-35	139
0_96	5_473	30.928	291	137	10	545	783	737	1015	1.85e-23	101
0_96	5_473	32.231	121	72	5	361	474	477	594	1.77e-05	43.1
0_96	5_515	27.083	240	153	8	18	255	34	253	3.80e-10	58.2
0_96	5_510	21.564	793	484	32	11	699	2	760	6.82e-09	54.3
0_96	5_349	25.112	446	278	14	14	436	18	430	1.77e-07	49.7
0_97	5_39	100.000	226	0	0	1	226	1	226	3.28e-171	465
0_98	5_491	99.861	719	1	0	1	719	1	719	0.0	1430
0_99	5_318	98.462	65	1	0	1	65	1	65	3.20e-44	131
0_100	5_40	100.000	280	0	0	1	280	1	280	0.0	562
0_101	5_41	100.000	269	0	0	1	269	1	269	0.0	537
0_101	5_396	26.568	271	164	13	4	258	3	254	5.56e-07	44.7
0_101	5_137	24.074	270	159	9	1	246	1	248	2.79e-06	42.0
0_101	5_224	32.203	59	40	0	188	246	183	241	1.09e-04	37.4
0_101	5_376	32.877	73	43	1	180	246	186	258	1.61e-04	37.0
0_101	5_433	25.368	272	165	12	1	246	15	274	1.63e-04	36.6
0_102	5_42	100.000	271	0	0	1	271	1	271	0.0	534
0_103	5_345	98.739	238	3	0	1	238	1	238	4.73e-171	466
0_104	5_346	99.683	947	3	0	1	947	1	947	0.0	1930
0_104	5_267	29.801	151	85	7	783	928	90	224	3.58e-07	47.4
0_104	5_299	39.130	92	47	4	820	908	115	200	6.46e-07	47.4
0_104	5_299	28.571	147	88	6	416	562	64	193	1.57e-04	39.7
0_104	5_37	32.051	78	50	1	820	897	145	219	1.30e-06	45.8
0_104	5_37	30.000	80	54	1	479	558	145	222	5.71e-06	43.5
0_104	5_486	36.585	82	43	4	834	912	129	204	1.89e-05	42.7
0_104	5_300	36.905	84	44	4	826	906	121	198	1.68e-04	39.7
0_104	5_368	33.333	102	63	3	476	574	601	700	1.87e-04	39.7
0_104	5_140	25.168	298	194	12	628	907	63	349	1.95e-04	39.3
0_104	5_140	26.984	189	115	7	450	619	240	424	8.57e-04	37.0
0_104	5_240	38.667	75	43	2	485	558	224	296	2.22e-04	38.9
0_104	5_214	29.897	97	57	4	834	928	277	364	3.98e-04	38.1
0_104	5_367	29.825	114	68	5	833	943	161	265	4.60e-04	37.7
0_104	5_246	25.263	190	119	8	481	655	129	310	5.60e-04	37.7
0_104	5_499	51.724	29	14	0	628	656	5	33	5.92e-04	34.3
0_105	5_43	100.000	821	0	0	1	821	1	821	0.0	1663
0_105	5_460	22.437	517	375	10	10	510	6	512	1.02e-31	126
0_106	5_44	100.000	114	0	0	1	114	1	114	6.37e-84	235
0_107	5_347	83.000	500	42	5	1	479	1	478	0.0	744
0_108	5_45	100.000	169	0	0	1	169	1	169	2.19e-121	334
0_109	5_46	100.000	163	0	0	1	163	1	163	1.66e-119	329
0_110	5_348	99.693	326	1	0	1	326	1	326	0.0	650
0_111	5_349	99.724	1086	3	0	1	1086	1	1086	0.0	2132
0_111	5_351	24.222	450	279	15	23	431	12	440	1.83e-08	52.8
0_111	5_490	24.947	469	294	15	18	451	14	459	9.34e-08	50.4
0_111	5_473	22.624	221	146	6	31	226	14	234	7.33e-05	41.2
0_111	5_515	26.667	255	162	9	25	260	29	277	1.03e-04	40.4
0_111	5_510	22.707	458	302	16	16	430	5	453	2.24e-04	39.7
0_112	5_350	99.689	965	3	0	1	965	1	965	0.0	1903
0_112	5_472	23.247	271	155	11	65	297	63	318	3.48e-08	52.0
0_112	5_507	26.136	176	109	6	24	191	12	174	2.58e-04	39.3
0_113	5_237	99.587	242	1	0	1	242	1	242	7.13e-178	483
0_114	5_295	98.864	88	1	0	1	88	1	88	3.01e-59	171
0_115	5_507	97.505	1082	13	3	1	1068	1	1082	0.0	2105
0_115	5_489	28.754	706	448	14	1	696	1	661	9.36e-72	246
0_115	5_472	29.765	383	217	11	5	344	7	380	4.39e-30	123
0_115	5_472	23.844	411	216	17	445	777	584	975	4.90e-10	58.2
0_115	5_509	29.677	155	101	3	13	161	10	162	2.96e-13	68.6
0_115	5_493	27.523	218	124	7	17	201	9	225	2.77e-08	52.4
0_116	5_351	96.402	1084	17	3	1	1062	1	1084	0.0	2034
0_116	5_490	26.335	1086	689	33	1	1051	6	1015	8.64e-80	276
0_116	5_473	28.426	394	228	7	4	351	1	386	1.91e-42	163
0_116	5_473	26.599	297	175	10	521	777	720	1013	1.93e-14	72.4
0_116	5_473	35.088	114	70	4	357	468	472	583	3.86e-10	58.5
0_116	5_510	24.381	525	296	18	6	471	4	486	1.12e-13	70.1
0_116	5_515	24.936	393	233	13	26	394	40	394	3.85e-13	68.2
0_116	5_349	24.222	450	279	15	12	440	23	431	1.42e-07	50.1
0_117	5_47	100.000	639	0	0	1	639	1	639	0.0	1304
0_117	5_331	44.131	639	334	9	5	635	3	626	1.06e-169	494
0_118	5_48	100.000	322	0	0	1	322	1	322	0.0	652
0_119	5_239	99.427	524	3	0	1	524	1	524	0.0	1014
0_119	5_400	24.915	293	190	10	9	294	4	273	8.56e-14	68.2
0_120	5_49	100.000	171	0	0	1	171	1	171	3.85e-123	339
0_121	5_50	100.000	374	0	0	1	374	1	374	0.0	776
0_122	5_51	100.000	334	0	0	1	334	1	334	0.0	680
0_123	5_352	99.709	1376	4	0	1	1376	1	1376	0.0	2697
0_123	5_360	67.960	1392	417	6	1	1376	1	1379	0.0	1836
0_124	5_353	93.846	325	20	0	58	382	31	355	0.0	565
0_126	5_353	52.036	221	103	2	1	221	137	354	3.06e-57	180
0_127	5_52	100.000	281	0	0	1	281	1	281	0.0	560
0_128	5_53	100.000	494	0	0	1	494	1	494	0.0	963
0_129	5_54	100.000	231	0	0	1	231	1	231	6.65e-170	462
0_130	5_531	98.551	138	2	0	222	359	1	138	6.97e-95	277
0_131	5_240	99.550	444	2	0	1	444	1	444	0.0	885
0_131	5_485	31.304	345	181	10	8	341	5	304	2.88e-38	137
0_131	5_290	37.766	188	114	2	205	390	481	667	4.48e-35	132
0_131	5_290	47.423	97	51	0	11	107	39	135	7.27e-23	95.9
0_131	5_140	27.041	392	247	11	10	379	43	417	8.19e-24	97.8
0_131	5_368	32.847	137	91	1	199	334	584	720	2.11e-20	88.6
0_131	5_368	40.541	37	22	0	20	56	18	54	5.98e-04	36.6
0_131	5_37	35.616	146	81	5	214	355	140	276	3.39e-17	76.6
0_131	5_37	25.962	104	55	3	24	106	21	123	9.04e-05	38.5
0_131	5_214	32.520	123	71	3	190	312	247	357	5.57e-15	71.2
0_131	5_267	34.545	110	71	1	212	321	118	226	4.12e-13	63.9
0_131	5_267	26.050	119	79	3	22	137	16	128	1.77e-05	40.8
0_131	5_283	36.170	94	54	2	24	111	78	171	8.92e-12	60.5
0_131	5_283	36.585	82	51	1	230	311	197	277	4.94e-10	55.1
0_131	5_246	30.147	136	88	4	202	333	112	244	5.88e-11	58.5
0_131	5_246	28.431	102	68	3	10	106	6	107	2.88e-08	50.1
0_131	5_246	25.287	87	64	1	224	310	404	489	3.39e-05	40.4
0_131	5_499	39.189	74	39	1	24	91	3	76	2.05e-10	51.6
0_131	5_186	31.313	99	67	1	232	330	136	233	3.64e-10	54.7
0_131	5_486	32.990	97	63	1	10	106	1	95	6.88e-10	55.5
0_131	5_367	30.357	112	75	1	204	312	131	242	1.47e-09	53.9
0_131	5_286	31.313	99	68	0	211	309	133	231	4.77e-09	51.6
0_131	5_299	32.955	88	57	1	16	103	7	92	1.01e-08	52.0
0_131	5_299	32.394	142	92	3	211	351	107	245	1.14e-08	51.6
0_131	5_300	31.915	94	62	1	10	103	1	92	1.11e-08	51.6
0_131	5_300	37.374	99	56	3	229	325	126	220	2.04e-08	50.8
0_131	5_545	36.232	69	44	0	10	78	12	80	5.94e-08	47.8
0_131	5_545	33.645	107	54	3	193	293	107	202	1.48e-06	43.5
0_131	5_80	27.723	101	70	2	232	331	407	505	2.59e-07	47.0
0_131	5_80	28.333	60	43	0	11	70	8	67	3.75e-04	37.0
0_131	5_480	30.769	78	53	1	1	77	327	404	6.31e-06	42.7
0_131	5_480	35.294	68	41	1	229	296	464	528	4.89e-05	40.0
0_131	5_268	31.765	85	54	1	226	310	150	230	1.50e-05	41.6
0_131	5_268	27.586	58	42	0	10	67	1	58	2.11e-05	41.2
0_131	5_346	38.667	75	43	2	224	296	485	558	1.13e-04	38.9
0_132	5_241	99.650	286	1	0	1	286	1	286	0.0	554
0_132	5_242	25.749	167	114	4	75	237	73	233	7.80e-05	37.7
0_133	5_242	99.635	274	1	0	1	274	1	274	0.0	538
0_133	5_241	24.551	167	116	4	73	233	75	237	8.03e-05	37.7
0_134	5_354	99.825	571	1	0	1	571	1	571	0.0	1147
0_135	5_55	100.000	278	0	0	1	278	1	278	0.0	541
0_135	5_273	27.350	117	73	3	110	226	48	152	1.57e-06	42.7
0_135	5_273	34.127	126	50	5	139	262	24	118	2.43e-06	42.4
0_135	5_273	33.333	93	52	3	121	213	35	117	3.10e-05	38.9
0_136	5_56	100.000	175	0	0	1	175	1	175	9.60e-126	346
0_137	5_57	100.000	236	0	0	1	236	1	236	8.68e-176	477
0_138	5_58	100.000	186	0	0	1	186	1	186	1.35e-132	364
0_139	5_243	99.675	308	1	0	1	308	1	308	0.0	579
0_140	5_294	99.767	429	1	0	1	429	1	429	0.0	862
0_141	5_59	100.000	144	0	0	1	144	1	144	5.69e-108	298
0_142	5_244	99.766	856	2	0	1	856	1	856	0.0	1718
0_142	5_466	31.703	593	377	12	166	746	1	577	1.15e-77	261
0_142	5_466	25.000	132	88	5	727	854	461	585	4.05e-04	38.1
0_142	5_538	56.780	118	51	0	50	167	6	123	5.55e-44	149
0_143	5_60	100.000	221	0	0	1	221	1	221	5.16e-162	441
0_144	5_61	100.000	204	0	0	1	204	1	204	2.13e-151	413
0_145	5_358	99.569	232	1	0	1	232	1	232	4.09e-164	447
0_146	5_62	100.000	872	0	0	1	872	1	872	0.0	1763
0_147	5_63	100.000	402	0	0	1	402	1	402	0.0	818
0_147	5_167	27.083	288	181	10	20	301	8	272	2.93e-16	75.1
0_147	5_270	32.099	162	90	3	21	182	116	257	1.78e-13	66.2
0_147	5_169	34.091	132	84	3	16	145	8	138	2.91e-13	65.9
0_148	5_359	99.395	1985	9	1	1	1985	1	1982	0.0	3852
0_148	5_541	30.460	870	556	19	45	884	8	858	1.23e-94	324
0_148	5_514	35.768	397	208	11	60	425	37	417	4.02e-55	198
0_149	5_360	99.278	1386	4	1	1	1386	1	1380	0.0	2713
0_149	5_352	67.888	1392	424	6	1	1385	1	1376	0.0	1813
0_150	5_64	100.000	456	0	0	1	456	1	456	0.0	911
0_151	5_245	99.663	297	1	0	1	297	1	297	0.0	598
0_152	5_361	99.512	205	1	0	1	205	1	205	7.96e-144	394
0_153	5_362	99.760	416	1	0	1	416	1	416	0.0	797
0_154	5_247	99.761	419	1	0	1	419	1	419	0.0	846
0_155	5_65	100.000	316	0	0	1	316	1	316	0.0	632
0_156	5_363	99.751	402	1	0	1	402	1	402	0.0	804
0_157	5_364	99.673	611	2	0	1	611	1	611	0.0	1221
0_157	5_544	29.179	329	225	5	285	609	15	339	1.40e-44	157
0_157	5_526	31.343	134	90	1	167	300	4	135	1.50e-16	71.6
0_157	5_236	25.145	346	192	13	155	482	2	298	5.58e-09	52.4
0_158	5_365	99.673	306	1	0	1	306	1	306	0.0	607
0_159	5_366	100.000	85	0	0	1	85	1	85	3.89e-53	171
0_160	5_319	99.787	939	2	0	1	939	1	939	0.0	1900
0_161	5_292	99.715	351	1	0	1	351	1	351	0.0	684
0_161	5_427	27.358	318	207	7	6	316	61	361	1.45e-22	92.0
0_162	5_291	99.740	385	1	0	1	385	1	385	0.0	767
0_162	5_139	32.877	219	139	5	160	377	106	317	2.00e-21	88.6
0_162	5_427	24.000	225	145	7	175	384	151	364	4.50e-04	36.2
0_163	5_367	99.713	349	1	0	1	349	1	349	0.0	712
0_163	5_214	40.240	333	193	3	5	332	116	447	4.18e-79	244
0_163	5_368	37.037	162	82	3	118	267	570	723	7.66e-31	118
0_163	5_140	37.500	136	83	1	131	266	252	385	9.93e-28	107
0_163	5_140	29.630	135	70	5	7	125	32	157	3.75e-09	52.0
0_163	5_267	31.330	233	127	7	29	252	19	227	3.34e-23	92.0
0_163	5_283	28.972	214	133	6	14	221	58	258	9.62e-19	80.1
0_163	5_186	24.783	230	150	7	30	257	22	230	1.11e-13	64.7
0_163	5_240	28.125	128	89	1	131	258	204	328	1.47e-13	65.9
0_163	5_37	33.043	115	74	2	140	254	139	250	2.39e-13	64.3
0_163	5_290	29.358	109	76	1	159	267	505	612	1.02e-12	63.5
0_163	5_290	25.899	139	83	6	4	139	30	151	2.46e-04	37.4
0_163	5_485	27.778	126	87	2	142	267	176	297	1.09e-12	62.8
0_163	5_286	38.462	78	48	0	162	239	154	231	2.22e-12	60.8
0_163	5_480	29.126	206	116	11	29	228	351	532	1.74e-08	50.1
0_163	5_246	26.267	217	134	9	40	248	32	230	3.84e-08	49.3
0_163	5_246	33.333	81	53	1	160	240	410	489	5.71e-07	45.4
0_163	5_545	26.190	210	116	9	29	228	27	207	1.39e-07	46.2
0_163	5_300	32.941	85	55	1	160	244	127	209	1.68e-07	47.4
0_163	5_486	24.880	209	125	7	29	232	16	197	2.00e-07	47.0
0_163	5_346	30.702	114	67	5	161	265	833	943	3.71e-07	46.2
0_163	5_299	30.682	88	57	2	145	232	114	197	9.28e-07	45.1
0_163	5_80	25.000	236	148	10	28	249	273	493	4.79e-06	42.4
0_163	5_268	27.143	70	47	2	163	232	449	514	3.33e-04	36.6
0_164	5_368	99.742	775	2	0	1	775	1	775	0.0	1527
0_164	5_140	37.751	249	137	4	530	775	204	437	2.40e-43	157
0_164	5_140	39.175	97	55	2	22	115	61	156	1.70e-12	64.7
0_164	5_214	44.737	114	63	0	614	727	273	386	5.85e-30	119
0_164	5_214	31.250	96	61	2	33	123	152	247	6.61e-07	47.0
0_164	5_367	36.646	161	82	3	570	722	118	266	1.91e-24	100
0_164	5_240	32.117	137	92	1	584	720	199	334	4.66e-20	88.2
0_164	5_290	26.761	142	97	3	584	725	480	614	2.38e-17	80.9
0_164	5_290	28.049	164	100	5	12	158	42	204	2.36e-07	48.5
0_164	5_37	39.091	110	66	1	599	708	140	248	2.59e-16	75.1
0_164	5_485	37.363	91	57	0	619	709	194	284	2.85e-15	72.8
0_164	5_267	36.275	102	64	1	607	708	127	227	6.62e-15	70.5
0_164	5_267	33.333	75	43	3	27	100	23	91	7.68e-04	36.6
0_164	5_286	30.508	118	73	2	597	706	134	250	1.50e-13	65.9
0_164	5_283	31.000	100	68	1	607	706	188	286	3.65e-13	65.5
0_164	5_186	30.108	93	64	1	615	707	133	224	1.91e-11	59.3
0_164	5_186	40.426	47	28	0	23	69	21	67	6.28e-07	45.8
0_164	5_300	34.940	83	52	1	616	698	127	207	6.24e-09	53.5
0_164	5_246	30.097	103	62	3	601	699	129	225	7.08e-08	50.1
0_164	5_246	27.723	101	72	1	616	716	410	509	2.13e-05	42.0
0_164	5_486	30.476	105	65	2	618	722	129	225	5.26e-07	47.4
0_164	5_299	27.957	93	65	1	597	689	108	198	6.82e-07	47.0
0_164	5_480	38.983	59	33	1	618	676	467	522	7.06e-07	47.0
0_164	5_80	25.532	94	63	2	609	699	398	487	8.11e-06	43.5
0_164	5_481	36.508	63	34	2	38	96	364	424	1.05e-04	39.7
0_164	5_346	33.333	102	63	3	601	700	476	574	1.39e-04	39.7
0_164	5_545	36.765	68	39	2	612	679	137	200	7.00e-04	36.2
0_164	5_268	28.169	71	47	1	619	689	449	515	0.001	36.6
0_165	5_369	99.549	443	2	0	1	443	1	443	0.0	884
0_166	5_512	94.259	2613	140	6	1	2605	195	2805	0.0	4843
0_166	5_386	89.474	741	69	7	2630	3366	1	736	0.0	1269
0_166	5_387	23.954	263	145	12	302	545	346	572	5.77e-05	43.5
0_166	5_387	25.664	226	137	7	2439	2650	2830	3038	8.86e-04	39.7
0_167	5_388	99.567	231	1	0	1	231	1	231	4.53e-170	462
0_168	5_389	99.333	300	2	0	1	300	1	300	0.0	601
0_168	5_4	32.331	266	149	14	25	283	23	264	3.91e-24	94.4
0_168	5_278	33.088	136	64	8	16	150	4	113	7.93e-06	40.8
0_169	5_66	100.000	73	0	0	1	73	1	73	5.46e-53	154
0_170	5_67	100.000	201	0	0	1	201	1	201	2.29e-148	405
0_170	5_321	37.888	161	95	3	3	162	4	160	1.85e-27	98.2
0_171	5_321	98.454	194	3	0	1	194	1	194	5.89e-142	388
0_171	5_67	38.509	161	94	3	4	160	3	162	5.89e-28	99.4
0_172	5_391	99.887	2652	3	0	1	2652	1	2652	0.0	5242
0_173	5_283	99.674	307	1	0	1	307	1	307	0.0	615
0_173	5_499	90.909	77	7	0	76	152	1	77	1.58e-45	144
0_173	5_486	32.735	223	133	7	60	279	1	209	1.05e-24	99.0
0_173	5_300	30.732	205	122	6	79	277	16	206	9.30e-21	87.0
0_173	5_299	29.442	197	127	5	79	273	16	202	1.97e-19	83.2
0_173	5_267	28.636	220	132	4	79	286	19	225	1.97e-18	78.2
0_173	5_367	28.972	214	133	6	58	258	14	221	1.27e-15	70.9
0_173	5_140	42.857	84	47	1	194	276	276	359	5.77e-15	69.3
0_173	5_140	31.481	108	69	2	59	163	42	147	1.13e-06	43.9
0_173	5_214	30.583	206	123	8	90	277	153	356	2.66e-14	67.4
0_173	5_246	25.108	231	157	8	60	282	6	228	3.18e-14	67.4
0_173	5_246	30.263	76	53	0	199	274	412	487	1.00e-04	38.1
0_173	5_485	24.779	226	119	3	84	258	27	252	5.13e-14	66.2
0_173	5_368	31.000	100	68	1	188	286	607	706	1.04e-13	66.2
0_173	5_286	25.472	212	146	4	56	258	5	213	2.84e-13	63.2
0_173	5_37	27.885	208	112	7	78	258	21	217	2.91e-12	60.8
0_173	5_240	36.170	94	54	2	78	171	24	111	3.41e-12	61.2
0_173	5_240	36.585	82	51	1	197	277	230	311	3.51e-10	55.1
0_173	5_186	23.913	230	153	7	66	283	1	220	6.88e-10	53.1
0_173	5_290	34.146	82	53	1	194	274	503	584	8.35e-10	53.9
0_173	5_290	31.707	82	46	2	84	163	58	131	6.73e-08	48.1
0_173	5_545	25.683	183	122	4	79	258	27	198	5.52e-09	50.1
0_173	5_80	25.405	185	119	6	83	257	26	201	5.92e-09	51.2
0_173	5_80	23.636	220	146	8	78	279	272	487	1.18e-05	40.8
0_173	5_111	29.167	168	103	8	97	257	502	660	1.68e-08	50.1
0_173	5_481	31.527	203	114	11	79	271	349	536	1.84e-08	49.7
0_173	5_480	25.510	196	125	7	79	267	351	532	5.67e-08	48.1
0_174	5_284	99.737	380	1	0	1	380	1	380	0.0	772
0_175	5_68	100.000	271	0	0	1	271	1	271	0.0	552
0_176	5_392	98.910	367	4	0	1	367	1	367	0.0	738
0_176	5_155	36.220	127	56	2	6	132	160	261	4.05e-15	70.5
0_177	5_393	98.387	186	3	0	1	186	1	186	1.16e-137	377
0_178	5_285	99.387	163	1	0	1	163	1	163	2.91e-118	326
0_179	5_394	98.462	260	4	0	1	260	1	260	0.0	516
0_180	5_395	99.690	323	1	0	1	323	1	323	0.0	634
0_181	5_396	99.553	447	2	0	1	447	1	447	0.0	880
0_181	5_224	31.878	229	138	9	1	221	1	219	7.98e-17	74.7
0_181	5_41	27.675	271	161	14	3	254	4	258	3.18e-08	49.3
0_181	5_376	21.933	269	161	7	8	246	12	261	2.67e-06	43.5
0_182	5_397	99.715	701	2	0	1	701	1	701	0.0	1382
0_183	5_69	100.000	110	0	0	1	110	1	110	2.07e-78	221
0_184	5_399	99.693	326	1	0	1	326	219	544	0.0	664
0_184	5_398	65.644	326	103	4	3	326	218	536	9.57e-146	416
0_184	5_384	35.735	347	172	7	4	326	317	636	3.03e-59	196
0_184	5_383	33.333	336	181	7	4	326	209	514	3.68e-54	181
0_184	5_309	33.144	353	187	10	2	324	200	533	2.25e-45	157
0_184	5_528	32.733	333	181	9	6	325	309	611	2.91e-40	144
0_185	5_399	100.000	204	0	0	1	204	1	204	1.92e-141	401
0_185	5_398	62.069	203	67	3	1	199	1	197	8.27e-76	233
0_185	5_383	30.000	210	116	9	6	206	8	195	2.35e-12	60.1
0_185	5_384	39.655	58	33	2	143	199	239	295	1.55e-06	42.7
0_185	5_528	42.857	42	23	1	144	185	230	270	7.26e-04	34.7
0_186	5_401	99.197	249	2	0	1	249	1	249	8.16e-177	481
0_187	5_504	99.747	396	1	0	1	396	1	396	0.0	805
0_188	5_286	99.609	256	1	0	1	256	1	256	0.0	507
0_188	5_140	34.711	121	77	2	126	244	251	371	2.37e-16	72.4
0_188	5_283	27.358	212	142	4	5	213	56	258	4.35e-16	71.2
0_188	5_485	25.714	280	163	5	8	244	6	283	1.48e-15	70.1
0_188	5_368	30.508	118	73	2	134	250	597	706	3.89e-14	66.2
0_188	5_299	27.273	198	125	4	29	225	19	198	4.11e-13	63.2
0_188	5_246	24.569	232	161	10	27	252	22	245	9.15e-13	62.0
0_188	5_246	22.566	226	163	6	12	230	267	487	5.71e-09	50.4
0_188	5_214	25.203	246	153	8	4	231	122	354	2.25e-11	57.8
0_188	5_267	27.237	257	155	9	9	250	1	240	5.61e-11	55.8
0_188	5_37	25.806	217	145	9	27	231	23	235	1.54e-10	54.7
0_188	5_300	25.664	226	139	7	24	245	14	214	2.55e-10	54.7
0_188	5_240	31.313	99	68	0	133	231	211	309	2.73e-09	51.6
0_188	5_290	33.766	77	51	0	154	230	508	584	2.81e-09	51.6
0_188	5_290	29.885	87	55	2	27	112	54	135	2.44e-04	36.6
0_188	5_367	27.801	241	145	11	6	231	13	239	1.21e-08	49.3
0_188	5_80	24.074	216	151	7	20	231	14	220	1.88e-08	48.9
0_188	5_80	23.897	272	164	12	2	251	253	503	1.69e-05	40.0
0_188	5_486	23.188	207	138	6	23	227	13	200	4.75e-08	48.1
0_188	5_480	26.214	206	132	7	9	212	336	523	2.01e-07	45.8
0_188	5_186	22.831	219	137	7	22	231	17	212	1.97e-06	42.4
0_188	5_268	22.271	229	152	6	10	235	320	525	2.88e-06	42.4
0_188	5_268	21.992	241	138	8	24	235	14	233	2.37e-05	39.7
0_188	5_111	28.333	180	105	7	40	212	498	660	2.60e-05	39.7
0_188	5_545	20.856	187	128	6	10	193	13	182	2.96e-05	38.5
0_188	5_481	24.312	218	127	10	8	214	332	522	1.48e-04	37.0
0_188	5_346	31.111	90	51	5	136	218	815	900	3.43e-04	36.2
0_189	5_403	99.646	565	2	0	1	565	1	565	0.0	1096
0_190	5_405	98.667	75	1	0	1	75	1	75	2.48e-50	147
0_190	5_406	78.689	61	13	0	3	63	8	68	1.34e-29	103
0_190	5_497	70.492	61	18	0	3	63	8	68	6.36e-27	92.4
0_190	5_468	68.293	41	13	0	22	62	45	85	8.16e-16	64.7
0_191	5_70	100.000	220	0	0	1	220	1	220	9.70e-158	430
0_192	5_492	37.179	78	31	4	124	191	190	259	6.49e-04	37.0
0_193	5_526	98.473	131	2	0	1	131	12	142	3.64e-92	258
0_193	5_364	29.600	125	86	1	2	124	176	300	6.77e-15	64.7
0_194	5_327	99.740	384	1	0	1	384	1	384	0.0	766
0_195	5_328	99.275	276	2	0	1	276	1	276	0.0	546
0_195	5_5	35.857	251	126	6	1	233	1	234	5.36e-31	112
0_196	5_443	99.663	594	2	0	1	594	1	594	0.0	1187
0_196	5_272	28.413	630	325	21	34	582	29	613	4.38e-44	162
0_196	5_498	42.647	68	33	2	312	379	22	83	8.34e-09	47.8
0_197	5_71	100.000	254	0	0	1	254	1	254	0.0	522
0_198	5_72	100.000	205	0	0	1	205	1	205	1.12e-153	419
0_199	5_73	100.000	144	0	0	1	144	1	144	6.23e-107	296
0_200	5_444	99.635	274	1	0	1	274	1	274	0.0	558
0_201	5_446	99.659	293	1	0	1	293	1	293	0.0	577
0_202	5_447	99.694	981	3	0	1	981	1	981	0.0	1973
0_202	5_356	22.222	720	356	26	188	785	789	1426	1.60e-17	82.4
0_203	5_270	99.833	599	1	0	1	599	1	599	0.0	1219
0_203	5_167	30.093	216	126	7	117	315	10	217	6.22e-17	78.6
0_203	5_169	37.008	127	62	2	116	224	13	139	7.91e-14	68.9
0_203	5_63	32.099	162	90	3	116	257	21	182	2.37e-13	66.6
0_204	5_75	100.000	617	0	0	1	617	1	617	0.0	1243
0_205	5_450	99.700	666	2	0	1	666	1	666	0.0	1349
0_206	5_316	99.655	579	2	0	1	579	1	579	0.0	1175
0_206	5_488	24.129	373	214	16	197	551	38	359	6.00e-04	37.0
0_207	5_271	99.388	327	2	0	1	327	1	327	0.0	658
0_208	5_76	100.000	118	0	0	1	118	1	118	4.07e-79	223
0_209	5_451	100.000	202	0	0	1	202	1	202	3.99e-139	409
0_210	5_451	99.767	859	1	1	1	859	207	1064	0.0	1716
0_210	5_342	26.006	323	185	12	417	701	917	1223	2.91e-14	71.6
0_210	5_342	37.383	107	59	3	91	191	281	385	3.21e-10	58.2
0_211	5_77	100.000	246	0	0	1	246	1	246	6.96e-180	488
0_212	5_78	100.000	97	0	0	1	97	1	97	1.98e-67	192
0_213	5_452	99.802	505	1	0	1	505	1	505	0.0	1028
0_214	5_216	99.647	283	1	0	1	283	1	283	0.0	552
0_215	5_79	100.000	184	0	0	1	184	1	184	1.24e-136	374
0_216	5_80	100.000	508	0	0	1	508	1	508	0.0	1011
0_216	5_246	30.469	512	327	14	12	505	11	511	2.24e-54	186
0_216	5_186	35.349	215	114	6	26	231	25	223	1.20e-23	94.4
0_216	5_186	32.051	78	53	0	407	484	136	213	7.16e-07	45.1
0_216	5_299	32.673	202	122	5	12	211	6	195	8.64e-16	74.7
0_216	5_486	29.630	216	130	6	8	217	2	201	1.74e-13	67.4
0_216	5_37	29.464	224	131	5	22	224	22	239	2.48e-13	65.1
0_216	5_37	21.127	213	161	4	277	484	26	236	2.44e-04	37.4
0_216	5_300	29.524	210	134	5	12	221	10	205	1.12e-12	64.7
0_216	5_300	28.326	233	135	9	261	487	2	208	4.82e-09	53.1
0_216	5_267	32.143	196	124	6	31	223	28	217	9.99e-12	60.1
0_216	5_268	26.271	236	145	9	8	221	2	230	5.98e-10	55.8
0_216	5_268	32.432	74	47	2	149	222	453	523	3.13e-04	37.4
0_216	5_283	25.405	185	119	6	26	201	83	257	9.80e-09	51.2
0_216	5_283	23.387	248	159	10	244	487	59	279	1.11e-05	41.6
0_216	5_214	28.444	225	127	11	23	224	145	358	1.79e-08	50.8
0_216	5_214	25.106	235	140	8	278	493	147	364	1.20e-05	42.0
0_216	5_290	30.476	105	70	1	7	111	38	139	3.49e-08	50.4
0_216	5_290	25.974	77	56	1	407	482	508	584	4.58e-04	37.0
0_216	5_480	31.148	183	104	8	26	201	355	522	3.63e-08	50.1
0_216	5_485	28.788	132	85	4	356	484	146	271	1.09e-07	48.1
0_216	5_240	30.488	82	54	2	407	486	232	312	3.88e-07	46.6
0_216	5_240	28.333	60	43	0	8	67	11	70	4.21e-04	37.0
0_216	5_286	23.148	216	153	7	14	220	20	231	1.88e-06	43.9
0_216	5_286	24.180	244	146	10	277	503	30	251	2.55e-04	37.4
0_216	5_368	25.532	94	63	2	398	487	609	699	5.79e-06	43.1
0_216	5_481	26.136	176	110	6	36	205	363	524	1.22e-05	42.0
0_216	5_140	25.954	131	94	2	357	484	229	359	1.30e-05	42.0
0_216	5_367	25.000	236	148	10	273	493	28	249	3.27e-04	37.4
0_216	5_545	28.492	179	117	6	26	203	31	199	3.97e-04	36.6
0_217	5_307	99.649	569	2	0	1	569	1	569	0.0	1099
0_217	5_454	30.556	216	124	4	79	285	18	216	5.77e-12	61.2
0_218	5_454	99.670	303	1	0	1	303	1	303	0.0	575
0_218	5_307	31.050	219	119	5	18	216	79	285	1.56e-11	59.3
0_219	5_81	100.000	184	0	0	1	184	1	184	6.02e-138	377
0_220	5_82	100.000	89	0	0	1	89	1	89	2.32e-60	174
0_221	5_272	99.879	826	1	0	1	826	1	826	0.0	1673
0_221	5_443	28.413	630	325	21	29	613	34	582	2.44e-49	178
0_221	5_498	50.943	53	26	0	381	433	31	83	4.99e-12	57.4
0_222	5_455	99.511	818	2	1	1	818	1	816	0.0	1668
0_222	5_482	28.479	618	326	21	249	804	246	809	1.58e-45	170
0_223	5_535	99.387	653	4	0	80	732	1	653	0.0	1308
0_223	5_366	37.827	764	397	24	1	707	1	743	9.40e-139	422
0_223	5_483	31.138	334	201	9	285	591	309	640	2.86e-34	134
0_224	5_83	100.000	165	0	0	1	165	1	165	6.27e-118	325
0_225	5_494	98.347	121	2	0	1	121	1	121	1.62e-78	222
0_226	5_495	99.836	1217	2	0	1	1217	1	1217	0.0	2489
0_227	5_84	100.000	1411	0	0	1	1411	1	1411	0.0	2888
0_228	5_85	100.000	139	0	0	1	139	1	139	1.61e-99	276
0_229	5_483	98.684	760	10	0	80	839	1	760	0.0	1524
0_229	5_535	30.539	334	203	9	388	719	206	512	1.87e-33	131
0_229	5_535	53.012	83	12	3	80	143	1	75	4.14e-12	63.9
0_229	5_366	28.829	333	192	12	389	707	301	602	4.38e-27	112
0_229	5_366	32.948	173	87	8	1	147	1	170	6.98e-11	60.1
0_229	5_434	64.198	81	29	0	279	359	232	312	9.86e-26	107
0_230	5_265	26.623	154	99	6	7	151	1054	1202	9.96e-05	36.2
0_232	5_86	100.000	534	0	0	1	534	1	534	0.0	1088
0_233	5_330	98.477	197	3	0	1	197	1	197	8.84e-133	365
0_234	5_87	100.000	214	0	0	1	214	1	214	2.67e-154	421
0_235	5_329	99.842	632	1	0	1	632	1	632	0.0	1285
0_236	5_88	100.000	120	0	0	1	120	1	120	5.66e-85	238
0_237	5_89	100.000	227	0	0	1	227	1	227	1.90e-169	461
0_238	5_90	100.000	87	0	0	1	87	1	87	1.75e-62	179
0_239	5_407	99.522	627	3	0	405	1031	1	627	0.0	1251
0_239	5_533	99.490	392	2	0	1	392	1	392	0.0	784
0_240	5_408	99.688	321	1	0	1	321	1	321	0.0	641
0_240	5_543	41.379	58	30	1	8	65	13	66	1.36e-07	47.4
0_241	5_409	99.789	475	1	0	1	475	1	475	0.0	921
0_242	5_91	100.000	753	0	0	1	753	1	753	0.0	1524
0_243	5_527	100.000	154	0	0	58	211	1	154	6.86e-107	299
0_244	5_411	99.522	418	2	0	1	418	1	418	0.0	849
0_245	5_92	100.000	109	0	0	1	109	1	109	1.13e-79	224
0_246	5_93	100.000	155	0	0	1	155	1	155	7.97e-113	311
0_247	5_314	99.861	720	1	0	1	720	1	720	0.0	1483
0_248	5_94	100.000	64	0	0	1	64	1	64	6.69e-43	127
0_249	5_95	100.000	116	0	0	1	116	1	116	4.00e-83	233
0_250	5_207	99.020	102	1	0	1	102	115	216	3.43e-69	201
0_251	5_207	100.000	88	0	0	1	88	1	88	4.34e-61	181
0_252	5_96	100.000	478	0	0	1	478	1	478	0.0	968
0_253	5_273	99.620	263	1	0	1	263	1	263	0.0	503
0_253	5_55	27.350	117	73	3	48	152	110	226	1.61e-06	42.7
0_253	5_55	34.127	126	50	5	24	118	139	262	2.54e-06	42.0
0_253	5_55	33.333	93	52	3	35	117	121	213	3.10e-05	38.9
0_254	5_412	97.802	91	2	0	1	91	1	91	1.12e-61	177
0_255	5_97	100.000	356	0	0	1	356	1	356	0.0	721
0_256	5_413	98.990	99	1	0	1	99	1	99	3.01e-68	194
0_257	5_98	100.000	84	0	0	1	84	1	84	2.15e-57	166
0_258	5_99	100.000	284	0	0	1	284	1	284	0.0	576
0_258	5_266	37.143	105	61	3	37	141	22	121	4.17e-14	65.5
0_259	5_100	100.000	369	0	0	1	369	1	369	0.0	745
0_260	5_101	100.000	489	0	0	1	489	1	489	0.0	965
0_261	5_414	99.683	315	1	0	1	315	1	315	0.0	625
0_261	5_379	21.908	283	199	6	36	309	31	300	2.07e-12	61.2
0_262	5_102	100.000	361	0	0	1	361	1	361	0.0	734
0_263	5_415	99.587	242	1	0	1	242	1	242	5.04e-175	476
0_263	5_106	26.772	127	68	4	81	203	46	151	2.74e-04	35.4
0_264	5_274	99.786	467	1	0	1	467	1	467	0.0	954
0_265	5_417	99.074	216	2	0	1	216	1	216	1.92e-145	399
0_266	5_313	99.630	270	1	0	1	270	1	270	0.0	545
0_267	5_418	99.513	411	2	0	1	411	1	411	0.0	818
0_268	5_103	100.000	450	0	0	1	450	1	450	0.0	899
0_269	5_104	100.000	216	0	0	1	216	1	216	1.03e-156	427
0_269	5_147	25.654	191	131	5	28	214	18	201	4.44e-10	52.0
0_270	5_280	99.298	285	2	0	1	285	1	285	0.0	568
0_271	5_105	100.000	193	0	0	1	193	1	193	2.81e-139	381
0_272	5_106	100.000	186	0	0	1	186	1	186	6.72e-137	375
0_272	5_415	26.772	127	68	4	46	151	81	203	2.33e-04	35.0
0_273	5_107	100.000	213	0	0	1	213	1	213	4.60e-158	431
0_274	5_108	100.000	293	0	0	1	293	1	293	0.0	586
0_274	5_166	29.530	149	90	6	9	152	5	143	3.07e-09	52.0
0_274	5_166	26.220	164	110	4	9	162	173	335	2.78e-06	42.7
0_274	5_138	37.705	61	35	1	5	65	218	275	4.03e-05	39.3
0_274	5_385	39.344	61	33	3	10	69	19	76	2.93e-04	35.4
0_275	5_109	100.000	131	0	0	1	131	1	131	2.92e-94	263
0_276	5_110	100.000	150	0	0	1	150	1	150	1.58e-109	303
0_277	5_111	100.000	680	0	0	1	680	1	680	0.0	1347
0_277	5_481	28.070	285	183	6	358	634	225	495	1.02e-14	71.6
0_277	5_300	31.285	179	100	8	500	670	32	195	5.15e-10	57.0
0_277	5_480	31.138	167	94	7	502	660	369	522	5.52e-10	56.6
0_277	5_186	29.630	189	109	7	501	679	38	212	6.79e-10	54.7
0_277	5_545	27.717	184	120	5	464	642	6	181	8.84e-09	50.8
0_277	5_283	29.167	168	103	8	502	660	97	257	4.03e-08	50.1
0_277	5_299	24.479	192	131	5	491	678	23	204	2.42e-07	48.1
0_277	5_267	25.359	209	123	8	464	661	11	197	3.55e-07	46.6
0_277	5_246	22.353	170	119	4	500	660	37	202	4.70e-05	40.8
0_277	5_499	42.857	42	23	1	502	542	22	63	9.25e-05	36.2
0_277	5_486	24.510	204	131	6	469	670	13	195	9.26e-05	40.0
0_277	5_286	28.814	177	108	5	498	660	40	212	3.40e-04	37.4
0_277	5_485	45.588	68	27	4	466	525	4	69	4.82e-04	37.4
0_277	5_268	25.126	199	105	10	500	667	32	217	5.85e-04	37.4
0_278	5_302	99.749	398	1	0	1	398	1	398	0.0	810
0_279	5_521	100.000	128	0	0	1	128	128	255	4.36e-90	256
0_280	5_112	100.000	239	0	0	1	239	1	239	7.46e-176	478
0_281	5_279	99.475	381	2	0	1	381	1	381	0.0	750
0_282	5_278	99.576	236	1	0	1	236	1	236	1.97e-171	466
0_282	5_389	33.088	136	64	8	4	113	16	150	7.84e-06	40.4
0_283	5_277	98.333	120	2	0	1	120	1	120	1.80e-86	242
0_284	5_113	100.000	332	0	0	1	332	1	332	0.0	667
0_285	5_114	100.000	134	0	0	1	134	1	134	3.25e-97	270
0_286	5_115	100.000	137	0	0	1	137	1	137	1.85e-97	271
0_287	5_116	100.000	37	0	0	1	37	1	37	1.06e-20	70.1
0_288	5_117	100.000	75	0	0	1	75	1	75	3.22e-53	154
0_289	5_118	100.000	250	0	0	1	250	1	250	0.0	511
0_289	5_470	27.451	204	135	5	3	203	121	314	1.52e-15	69.7
0_290	5_276	99.057	212	2	0	1	212	1	212	8.62e-156	425
0_291	5_419	99.366	473	3	0	1	473	1	473	0.0	920
0_292	5_420	99.320	147	1	0	1	147	1	147	2.34e-106	295
0_293	5_421	98.842	259	3	0	1	259	1	259	0.0	514
0_294	5_324	99.174	121	1	0	1	121	1	121	8.53e-87	243
0_295	5_119	100.000	179	0	0	1	179	1	179	4.08e-130	357
0_296	5_120	100.000	131	0	0	1	131	1	131	2.17e-94	263
0_297	5_121	100.000	61	0	0	1	61	1	61	5.46e-42	125
0_298	5_122	100.000	181	0	0	1	181	1	181	5.08e-135	370
0_299	5_275	99.065	107	1	0	1	107	1	107	3.84e-72	205
0_300	5_123	100.000	122	0	0	1	122	1	122	1.01e-84	238
0_301	5_124	100.000	121	0	0	1	121	1	121	1.54e-81	229
0_302	5_125	100.000	136	0	0	1	136	1	136	8.92e-100	277
0_303	5_126	100.000	227	0	0	1	227	1	227	2.08e-167	455
0_304	5_127	100.000	173	0	0	1	173	1	173	1.72e-125	345
0_305	5_128	100.000	90	0	0	1	90	1	90	1.41e-65	187
0_306	5_129	100.000	282	0	0	1	282	1	282	0.0	566
0_307	5_130	100.000	163	0	0	1	163	1	163	1.55e-116	322
0_308	5_131	100.000	214	0	0	1	214	1	214	2.75e-157	429
0_309	5_132	100.000	233	0	0	1	233	1	233	3.93e-170	462
0_310	5_133	100.000	106	0	0	1	106	1	106	6.62e-75	212
0_311	5_134	100.000	205	0	0	1	205	1	205	1.55e-150	411
0_312	5_422	99.559	227	1	0	1	227	1	227	3.73e-167	455
0_313	5_325	99.773	883	2	0	1	883	1	883	0.0	1782
0_314	5_135	100.000	184	0	0	1	184	1	184	1.64e-136	374
0_315	5_303	99.327	297	2	0	1	297	1	297	0.0	576
0_316	5_424	99.859	709	1	0	1	709	1	709	0.0	1424
0_317	5_136	100.000	489	0	0	1	489	1	489	0.0	983
0_317	5_28	27.500	160	109	3	145	300	110	266	6.93e-12	62.0
0_317	5_28	46.809	47	22	1	439	482	489	535	3.95e-08	50.1
0_317	5_410	23.176	466	288	19	51	483	14	442	1.24e-10	57.8
0_318	5_137	100.000	276	0	0	1	276	1	276	0.0	566
0_318	5_433	26.792	265	164	10	5	249	21	275	2.33e-13	63.5
0_318	5_224	23.529	272	197	8	2	272	4	265	4.39e-11	56.6
0_318	5_41	24.074	270	159	9	1	248	1	246	2.86e-06	42.0
0_318	5_376	27.397	73	51	1	2	72	7	79	4.69e-05	38.5
0_318	5_396	25.877	228	143	10	7	224	8	219	4.63e-04	35.8
0_319	5_138	100.000	442	0	0	1	442	1	442	0.0	874
0_319	5_166	35.897	156	83	4	218	368	172	315	3.54e-20	87.0
0_319	5_166	29.032	124	83	4	220	341	6	126	3.72e-06	43.1
0_319	5_108	37.705	61	35	1	218	275	5	65	5.97e-05	39.3
0_320	5_268	99.814	538	1	0	1	538	1	538	0.0	1097
0_320	5_300	25.641	234	141	6	1	230	1	205	1.15e-12	64.7
0_320	5_300	28.571	210	133	8	319	519	1	202	1.22e-09	55.1
0_320	5_267	27.778	198	108	5	13	203	16	185	2.69e-12	62.0
0_320	5_299	22.993	274	175	5	1	272	1	240	6.37e-11	59.3
0_320	5_299	24.645	211	138	8	319	518	1	201	5.67e-06	43.5
0_320	5_545	28.342	187	110	5	1	187	12	174	1.32e-10	56.2
0_320	5_80	26.271	236	145	9	2	230	8	221	3.38e-10	56.6
0_320	5_80	32.432	74	47	2	453	523	149	222	3.29e-04	37.7
0_320	5_480	23.853	218	133	6	1	213	336	525	7.05e-09	52.4
0_320	5_481	44.898	49	27	0	13	61	346	394	8.85e-08	48.9
0_320	5_246	24.378	201	108	6	1	187	6	176	5.62e-07	46.6
0_320	5_290	35.088	57	37	0	2	58	39	95	6.78e-07	46.2
0_320	5_290	28.788	66	43	1	152	213	504	569	3.66e-05	40.8
0_320	5_37	24.286	210	127	6	20	213	26	219	1.01e-06	45.1
0_320	5_186	21.397	229	162	8	319	536	5	226	1.57e-06	43.9
0_320	5_186	22.363	237	149	6	1	230	5	213	2.29e-05	40.4
0_320	5_486	26.027	219	131	9	319	521	1	204	8.98e-06	42.7
0_320	5_486	20.851	235	133	6	1	219	1	198	1.01e-05	42.7
0_320	5_240	31.765	85	54	1	150	230	226	310	1.37e-05	42.0
0_320	5_240	27.586	58	42	0	1	58	10	67	2.64e-05	40.8
0_320	5_286	21.491	228	155	5	320	525	10	235	4.55e-05	39.7
0_320	5_286	21.577	241	139	6	14	233	24	235	2.86e-04	37.4
0_320	5_214	23.913	184	111	6	16	187	142	308	8.88e-05	39.3
0_320	5_485	27.174	92	64	1	443	534	188	276	3.38e-04	37.4
0_320	5_111	25.126	199	105	10	32	217	500	667	4.39e-04	37.4
0_320	5_368	28.169	71	47	1	449	515	619	689	6.82e-04	36.6
0_321	5_269	99.568	695	3	0	1	695	1	695	0.0	1373
0_322	5_534	100.000	37	0	0	1	37	1	37	2.28e-22	75.9
0_323	5_304	99.709	344	1	0	1	344	1	344	0.0	679
0_323	5_14	24.308	325	166	12	64	333	46	345	9.16e-06	41.2
0_324	5_427	99.727	366	1	0	1	366	1	366	0.0	722
0_324	5_292	27.358	318	207	7	61	361	6	316	8.60e-23	92.8
0_325	5_139	100.000	321	0	0	1	321	1	321	0.0	634
0_325	5_291	32.877	219	139	5	106	317	160	377	2.24e-20	85.5
0_326	5_140	100.000	443	0	0	1	443	1	443	0.0	891
0_326	5_368	37.751	249	137	4	204	437	530	775	1.09e-43	158
0_326	5_368	39.175	97	55	2	61	156	22	115	9.08e-13	64.7
0_326	5_214	45.082	122	66	1	273	394	269	389	1.37e-28	112
0_326	5_214	35.185	108	53	4	59	156	139	239	1.71e-11	60.1
0_326	5_367	37.500	136	83	1	252	385	131	266	1.32e-23	95.9
0_326	5_367	29.630	135	70	5	32	157	7	125	4.98e-09	52.0
0_326	5_240	26.786	392	248	11	43	417	10	379	3.63e-23	95.9
0_326	5_290	38.298	94	57	1	274	366	501	594	5.64e-17	77.8
0_326	5_290	29.688	128	75	3	38	165	33	145	4.16e-10	56.2
0_326	5_286	34.711	121	77	2	251	371	126	244	5.20e-16	72.4
0_326	5_37	36.719	128	73	3	261	386	139	260	2.14e-15	71.2
0_326	5_485	33.333	90	60	0	282	371	194	283	8.26e-15	70.1
0_326	5_283	42.857	84	47	1	276	359	194	276	1.06e-14	69.3
0_326	5_283	31.481	108	69	2	42	147	59	163	1.25e-06	44.3
0_326	5_186	32.353	102	68	1	278	379	133	233	3.44e-12	60.8
0_326	5_267	32.500	120	77	3	244	363	104	219	3.94e-12	60.8
0_326	5_246	36.634	101	54	3	264	360	129	223	7.55e-11	58.2
0_326	5_246	35.443	79	50	1	281	359	412	489	3.42e-07	46.6
0_326	5_246	41.071	56	29	1	43	98	6	57	5.17e-06	43.1
0_326	5_300	35.556	90	52	3	281	367	129	215	3.91e-08	49.7
0_326	5_299	25.191	131	91	3	223	351	72	197	8.00e-08	48.9
0_326	5_486	29.600	125	78	5	267	390	115	230	2.35e-07	47.4
0_326	5_80	25.954	131	94	2	229	359	357	484	1.14e-05	42.0
0_326	5_545	28.689	122	83	1	37	158	6	123	3.64e-05	39.3
0_326	5_480	38.983	59	33	1	281	339	467	522	4.36e-05	40.0
0_326	5_499	36.000	75	45	1	61	135	3	74	5.71e-05	36.2
0_326	5_481	27.132	129	76	4	23	138	302	425	4.68e-04	36.6
0_327	5_426	99.459	2033	11	0	1	2033	1	2033	0.0	4071
0_328	5_326	99.888	892	1	0	1	892	1	892	0.0	1800
0_329	5_305	99.296	142	1	0	1	142	1	142	4.74e-103	286
0_330	5_141	100.000	361	0	0	1	361	1	361	0.0	718
0_331	5_306	99.796	490	1	0	1	490	1	490	0.0	959
0_332	5_142	100.000	259	0	0	1	259	1	259	0.0	515
0_333	5_143	100.000	504	0	0	1	504	1	504	0.0	979
0_333	5_2	25.901	444	264	16	10	403	51	479	3.63e-21	91.3
0_334	5_144	100.000	91	0	0	1	91	1	91	6.57e-61	175
0_334	5_1	28.571	91	61	3	1	88	3	92	8.64e-07	38.5
0_335	5_145	100.000	98	0	0	1	98	1	98	9.50e-67	191
0_336	5_146	100.000	207	0	0	1	207	1	207	5.22e-147	402
0_337	5_147	100.000	209	0	0	1	209	1	209	2.30e-153	418
0_337	5_104	25.654	191	131	5	18	201	28	214	4.30e-10	52.0
0_338	5_148	100.000	62	0	0	1	62	1	62	1.15e-40	122
0_339	5_149	100.000	97	0	0	1	97	1	97	7.09e-67	191
0_340	5_150	100.000	439	0	0	1	439	1	439	0.0	875
0_341	5_315	99.785	465	1	0	1	465	1	465	0.0	927
0_342	5_463	99.774	443	1	0	1	443	1	443	0.0	872
0_343	5_464	99.628	269	1	0	65	333	1	269	0.0	531
0_344	5_151	100.000	150	0	0	1	150	1	150	1.59e-105	293
0_344	5_357	36.842	76	47	1	67	142	26	100	2.56e-10	49.7
0_345	5_298	99.510	204	1	0	1	204	1	204	5.80e-143	392
0_346	5_465	99.887	886	1	0	1	886	1	886	0.0	1801
0_346	5_457	24.212	698	427	16	34	711	18	633	2.42e-47	176
0_346	5_474	22.647	340	206	10	440	753	393	701	5.08e-14	70.5
0_346	5_474	23.563	174	120	3	27	199	8	169	6.99e-09	53.9
0_346	5_431	26.490	151	100	3	50	200	2	141	2.90e-09	54.7
0_346	5_431	34.426	61	35	2	574	634	294	349	4.24e-05	41.2
0_347	5_466	100.000	729	0	0	122	850	1	729	0.0	1438
0_347	5_244	35.361	707	433	11	6	698	50	746	4.95e-130	405
0_347	5_244	25.000	132	88	5	582	706	727	854	3.68e-04	38.5
0_347	5_538	100.000	123	0	0	1	123	1	123	4.21e-85	262
0_348	5_152	100.000	336	0	0	1	336	1	336	0.0	687
0_349	5_528	97.910	622	5	2	1	622	1	614	0.0	1202
0_349	5_383	39.175	485	273	5	142	619	44	513	6.74e-107	328
0_349	5_384	43.326	427	223	5	210	619	211	635	5.86e-106	329
0_349	5_398	33.150	546	301	19	110	619	18	535	1.67e-61	208
0_349	5_399	30.275	545	293	20	113	619	48	543	1.18e-51	181
0_349	5_309	30.496	423	246	10	237	618	118	533	1.01e-47	171
0_350	5_257	99.856	694	1	0	1	694	1	694	0.0	1389
0_351	5_153	100.000	337	0	0	1	337	1	337	0.0	672
0_352	5_154	100.000	240	0	0	1	240	1	240	3.03e-178	484
0_353	5_155	100.000	419	0	0	1	419	1	419	0.0	828
0_353	5_392	35.433	127	57	2	160	261	6	132	1.38e-14	69.3
0_353	5_166	25.112	223	154	7	159	375	173	388	1.91e-04	37.7
0_353	5_506	35.000	60	27	2	159	214	113	164	6.34e-04	35.8
0_354	5_256	99.167	120	1	0	1	120	1	120	3.74e-84	236
0_355	5_332	99.313	291	2	0	1	291	1	291	0.0	577
0_356	5_156	100.000	141	0	0	1	141	1	141	1.19e-99	277
0_357	5_333	97.143	385	11	0	1	385	1	385	0.0	729
0_358	5_157	100.000	242	0	0	1	242	1	242	8.36e-173	470
0_359	5_158	100.000	102	0	0	1	102	1	102	1.53e-71	203
0_360	5_334	98.883	179	2	0	1	179	1	179	5.47e-126	347
0_361	5_159	100.000	187	0	0	1	187	1	187	4.32e-132	363
0_362	5_335	99.606	507	2	0	1	507	1	507	0.0	1010
0_362	5_320	43.385	325	173	6	125	444	105	423	2.55e-74	238
0_362	5_161	27.027	370	259	7	58	421	44	408	2.90e-26	106
0_362	5_190	21.988	332	249	6	37	363	15	341	7.91e-08	48.9
0_363	5_160	100.000	276	0	0	1	276	1	276	0.0	544
0_364	5_161	100.000	471	0	0	1	471	1	471	0.0	953
0_364	5_190	37.168	452	279	4	7	456	2	450	2.96e-104	313
0_364	5_335	26.757	370	260	7	44	408	58	421	1.42e-25	103
0_364	5_320	22.712	295	216	6	63	348	49	340	5.08e-08	49.3
0_365	5_336	99.379	161	1	0	1	161	1	161	6.10e-117	322
0_366	5_505	99.698	331	1	0	1	331	1	331	0.0	664
0_367	5_337	99.672	305	1	0	1	305	1	305	0.0	605
0_368	5_338	99.773	440	1	0	1	440	1	440	0.0	875
0_368	5_6	36.269	193	110	4	101	283	125	314	1.16e-26	104
0_369	5_339	99.780	455	1	0	1	455	1	455	0.0	927
0_370	5_255	99.711	691	2	0	1	691	1	691	0.0	1388
0_371	5_162	100.000	257	0	0	1	257	1	257	0.0	518
0_372	5_340	99.638	276	1	0	1	276	1	276	0.0	562
0_373	5_341	99.758	414	1	0	1	414	1	414	0.0	827
0_374	5_342	99.621	1585	6	0	1	1585	1	1585	0.0	3122
0_374	5_451	26.625	323	183	13	917	1223	622	906	9.82e-14	70.9
0_374	5_451	37.383	107	59	3	281	385	296	396	1.07e-05	44.7
0_375	5_343	99.613	517	2	0	1	517	1	517	0.0	1003
0_376	5_163	100.000	102	0	0	1	102	1	102	4.85e-70	199
0_377	5_254	99.833	600	1	0	1	600	1	600	0.0	1197
0_378	5_164	100.000	376	0	0	1	376	1	376	0.0	775
0_379	5_165	100.000	227	0	0	1	227	1	227	8.73e-170	461
0_380	5_166	100.000	437	0	0	1	437	1	437	0.0	877
0_380	5_138	35.897	156	83	4	172	315	218	368	3.73e-20	86.7
0_380	5_138	29.032	124	83	4	6	126	220	341	3.37e-06	43.5
0_380	5_108	29.530	149	90	6	5	143	9	152	4.57e-09	52.0
0_380	5_108	26.220	164	110	4	173	335	9	162	4.15e-06	42.7
0_380	5_385	40.741	54	29	1	6	59	19	69	5.89e-06	41.2
0_380	5_385	28.415	183	118	5	157	338	5	175	8.02e-06	40.8
0_380	5_167	28.108	185	98	8	174	341	10	176	4.45e-05	40.0
0_380	5_506	33.846	65	33	4	5	65	113	171	2.56e-04	37.0
0_381	5_253	98.684	76	1	0	1	76	1	76	4.88e-49	144
0_382	5_167	100.000	598	0	0	1	598	1	598	0.0	1210
0_382	5_169	36.898	187	106	4	2	183	6	185	1.15e-24	103
0_382	5_169	23.009	226	143	9	165	370	266	480	7.14e-07	46.6
0_382	5_169	22.599	177	118	5	322	480	509	684	3.21e-06	44.3
0_382	5_270	30.093	216	126	7	10	217	117	315	7.02e-17	78.6
0_382	5_63	27.083	288	181	10	8	272	20	301	4.35e-16	75.1
0_382	5_166	28.108	185	98	8	10	176	174	341	6.09e-05	40.0
0_383	5_168	100.000	323	0	0	1	323	1	323	0.0	657
0_384	5_169	100.000	694	0	0	1	694	1	694	0.0	1425
0_384	5_167	36.898	187	106	4	6	185	2	183	1.34e-24	103
0_384	5_167	23.009	226	143	9	266	480	165	370	8.29e-07	46.6
0_384	5_167	22.599	177	118	5	509	684	322	480	3.72e-06	44.3
0_384	5_270	37.008	127	62	2	13	139	116	224	8.93e-14	68.9
0_384	5_63	34.091	132	84	3	8	138	16	145	5.03e-13	65.9
0_385	5_170	100.000	141	0	0	1	141	1	141	5.84e-104	288
0_386	5_252	99.398	166	1	0	1	166	1	166	1.34e-116	322
0_387	5_297	99.779	452	1	0	1	452	1	452	0.0	881
0_388	5_171	100.000	457	0	0	1	457	1	457	0.0	936
0_388	5_544	23.986	296	195	11	106	396	16	286	3.19e-08	49.7
0_388	5_364	26.351	148	100	5	159	302	335	477	1.08e-04	38.9
0_389	5_172	100.000	427	0	0	1	427	1	427	0.0	847
0_390	5_296	99.569	232	1	0	1	232	1	232	2.97e-173	471
0_391	5_344	99.600	999	4	0	1	999	1	999	0.0	2013
0_392	5_173	100.000	93	0	0	1	93	1	93	4.68e-68	193
0_395	5_301	99.898	979	1	0	1	979	1	979	0.0	1929
0_396	5_467	99.510	408	2	0	1	408	1	408	0.0	819
0_397	5_174	100.000	259	0	0	1	259	1	259	0.0	514
0_398	5_175	100.000	144	0	0	1	144	1	144	8.09e-108	298
0_399	5_176	100.000	132	0	0	1	132	1	132	6.62e-95	264
0_400	5_322	99.849	662	1	0	1	662	1	662	0.0	1330
0_401	5_474	99.620	790	3	0	1	790	1	790	0.0	1604
0_401	5_465	22.941	340	205	10	393	701	440	753	1.29e-14	72.4
0_401	5_465	23.563	174	120	3	8	169	27	199	5.87e-09	53.9
0_401	5_457	24.103	195	101	6	398	592	393	540	4.64e-12	63.9
0_401	5_457	27.174	184	113	4	3	168	6	186	1.13e-08	52.8
0_401	5_431	34.444	90	58	1	29	118	3	91	6.62e-08	50.1
0_401	5_431	33.000	100	59	3	513	612	264	355	1.36e-07	49.3
0_402	5_219	100.000	369	0	0	1	369	1	369	0.0	743
0_403	5_177	100.000	145	0	0	1	145	1	145	1.35e-102	285
0_404	5_281	99.756	410	1	0	1	410	1	410	0.0	808
0_405	5_282	99.559	227	1	0	1	227	1	227	1.21e-163	446
0_406	5_178	100.000	229	0	0	1	229	1	229	5.00e-169	459
0_406	5_416	29.932	147	96	3	82	226	111	252	5.57e-09	49.7
0_407	5_179	100.000	181	0	0	1	181	1	181	1.17e-134	369
0_408	5_180	100.000	46	0	0	1	46	1	46	2.27e-29	92.4
0_409	5_476	99.691	324	1	0	1	324	1	324	0.0	641
0_410	5_477	99.894	946	1	0	1	946	1	946	0.0	1863
0_411	5_181	100.000	195	0	0	1	195	1	195	2.39e-144	394
0_412	5_182	100.000	249	0	0	1	249	1	249	0.0	500
0_413	5_183	100.000	245	0	0	1	245	1	245	7.55e-177	481
0_414	5_478	99.857	700	1	0	1	700	1	700	0.0	1419
0_415	5_479	99.485	582	3	0	1	582	1	582	0.0	1176
0_415	5_482	34.343	99	53	5	484	582	724	810	0.001	36.2
0_416	5_480	99.629	539	2	0	1	539	1	539	0.0	1045
0_416	5_545	39.130	207	123	3	328	533	4	208	5.65e-36	128
0_416	5_481	38.914	221	127	7	322	538	320	536	5.28e-30	118
0_416	5_267	34.694	196	110	5	348	531	16	205	8.06e-19	81.3
0_416	5_300	30.189	212	129	8	336	539	1	201	1.57e-15	73.9
0_416	5_486	29.897	194	126	6	336	525	1	188	4.87e-13	66.2
0_416	5_299	26.887	212	136	7	336	539	1	201	1.94e-12	64.3
0_416	5_111	31.138	167	94	7	369	522	502	660	5.39e-10	56.2
0_416	5_186	32.065	184	107	8	354	528	24	198	8.18e-10	53.9
0_416	5_268	23.853	218	133	6	336	525	1	213	8.19e-09	52.4
0_416	5_80	31.148	183	104	8	355	522	26	201	4.54e-08	50.1
0_416	5_283	25.510	196	125	7	351	532	79	267	1.21e-07	48.1
0_416	5_368	38.983	59	33	1	467	522	618	676	5.93e-07	46.6
0_416	5_290	27.778	90	61	2	452	538	493	581	1.39e-06	45.4
0_416	5_367	28.780	205	118	10	351	532	29	228	2.35e-06	44.3
0_416	5_485	29.412	85	52	2	441	522	172	251	5.06e-06	43.1
0_416	5_240	30.769	78	53	1	327	404	1	77	9.19e-06	42.4
0_416	5_240	35.294	68	41	1	464	528	229	296	6.53e-05	39.7
0_416	5_286	26.699	206	131	7	336	523	9	212	3.13e-05	40.0
0_416	5_140	38.983	59	33	1	467	522	281	339	5.68e-05	40.0
0_416	5_499	31.915	47	32	0	351	397	4	50	6.13e-05	36.6
0_417	5_481	99.627	536	2	0	1	536	1	536	0.0	1016
0_417	5_480	38.914	221	127	7	320	536	322	538	7.14e-30	117
0_417	5_545	34.928	209	124	6	328	531	7	208	3.11e-23	92.8
0_417	5_300	32.558	215	117	9	334	536	2	200	2.56e-15	73.2
0_417	5_267	30.189	212	132	8	334	534	2	208	4.26e-14	67.4
0_417	5_111	31.551	187	110	5	319	495	456	634	4.68e-14	69.3
0_417	5_299	31.373	204	111	9	346	536	13	200	2.13e-11	60.8
0_417	5_283	31.527	203	114	11	349	536	79	271	2.50e-08	50.1
0_417	5_268	44.898	49	27	0	346	394	13	61	8.59e-08	48.9
0_417	5_486	28.505	214	123	10	334	534	2	198	7.14e-07	46.2
0_417	5_186	27.273	209	130	9	336	533	8	205	2.53e-06	43.5
0_417	5_80	26.136	176	110	6	363	524	36	205	1.62e-05	41.6
0_417	5_290	33.333	66	43	1	331	396	36	100	2.65e-05	41.2
0_417	5_368	36.508	63	34	2	364	424	38	96	8.08e-05	39.7
0_417	5_485	38.000	100	46	5	327	415	1	95	1.37e-04	38.5
0_417	5_499	39.583	48	27	2	349	395	4	50	3.21e-04	34.3
0_417	5_140	27.132	129	76	4	302	425	23	138	6.39e-04	36.6
0_417	5_37	22.527	182	118	4	364	522	37	218	6.54e-04	36.2
0_417	5_246	26.230	183	118	8	365	534	37	215	8.27e-04	36.2
0_418	5_385	98.864	176	2	0	1	176	1	176	4.33e-129	354
0_418	5_166	40.741	54	29	1	19	69	6	59	1.97e-06	41.6
0_418	5_166	28.415	183	118	5	5	175	157	338	2.60e-06	41.2
0_418	5_108	39.344	61	33	3	19	76	10	69	1.43e-04	35.8
0_419	5_384	97.885	662	12	1	1	660	1	662	0.0	1311
0_419	5_383	65.605	471	139	6	189	653	80	533	0.0	601
0_419	5_383	42.500	120	41	6	1	104	4	111	4.62e-14	69.7
0_419	5_528	43.091	427	224	5	209	633	202	611	2.00e-105	328
0_419	5_398	37.064	545	265	19	126	632	30	534	4.47e-80	259
0_419	5_399	34.773	463	245	11	204	634	107	544	1.12e-72	239
0_419	5_309	31.670	461	251	12	214	632	95	533	4.36e-52	184
0_420	5_184	100.000	457	0	0	1	457	1	457	0.0	937
0_421	5_382	99.005	201	2	0	1	201	1	201	4.33e-148	404
0_422	5_185	100.000	316	0	0	1	316	1	316	0.0	625
0_423	5_380	99.149	705	6	0	1	705	1	705	0.0	1374
0_424	5_186	100.000	238	0	0	1	238	1	238	3.17e-176	479
0_424	5_80	35.349	215	114	6	25	223	26	231	5.61e-24	94.4
0_424	5_80	32.051	78	53	0	136	213	407	484	3.36e-07	45.1
0_424	5_37	40.000	85	51	0	133	217	156	240	7.21e-17	72.8
0_424	5_214	28.444	225	136	8	22	223	143	365	9.26e-17	73.6
0_424	5_267	27.805	205	136	6	22	218	20	220	2.06e-15	68.6
0_424	5_246	25.676	222	145	6	5	212	6	221	4.53e-14	65.5
0_424	5_246	25.446	224	142	7	22	225	283	501	3.18e-09	51.2
0_424	5_140	32.353	102	68	1	133	233	278	379	1.85e-12	60.8
0_424	5_140	31.915	47	32	0	22	68	63	109	8.91e-04	34.3
0_424	5_485	32.143	140	84	3	90	221	143	279	5.40e-12	59.3
0_424	5_368	30.108	93	64	1	133	224	615	707	5.55e-12	59.7
0_424	5_368	40.426	47	28	0	21	67	23	69	1.79e-07	45.8
0_424	5_290	32.292	96	63	2	127	221	500	594	1.63e-11	58.2
0_424	5_290	30.556	72	46	3	21	89	53	123	3.20e-04	35.8
0_424	5_300	29.596	223	136	8	8	221	4	214	3.94e-11	57.0
0_424	5_240	31.313	99	67	1	136	233	232	330	1.78e-10	54.7
0_424	5_111	29.630	189	109	7	38	212	501	679	1.84e-10	55.1
0_424	5_367	24.783	230	150	7	22	230	30	257	2.21e-10	54.3
0_424	5_545	27.604	192	105	6	22	197	28	201	1.27e-09	51.2
0_424	5_480	31.522	184	108	8	24	198	354	528	1.29e-09	52.4
0_424	5_283	24.272	206	141	6	25	220	83	283	2.08e-09	51.2
0_424	5_486	27.000	200	123	7	22	211	17	203	9.97e-09	49.7
0_424	5_299	27.174	184	109	7	24	196	19	188	6.62e-07	44.3
0_424	5_268	21.397	229	162	8	5	226	319	536	6.70e-07	43.9
0_424	5_268	22.363	237	149	6	5	213	1	230	1.06e-05	40.4
0_424	5_481	27.273	209	130	9	8	205	336	533	8.40e-07	43.9
0_424	5_286	26.582	79	57	1	135	212	153	231	3.01e-06	41.6
0_425	5_379	99.013	304	3	0	1	304	1	304	0.0	589
0_425	5_414	21.908	283	199	6	31	300	36	309	1.22e-12	62.0
0_426	5_378	99.827	578	1	0	1	578	1	578	0.0	1160
0_427	5_406	34.583	827	440	29	1	778	1	775	2.95e-107	342
0_427	5_468	35.706	829	419	33	1	776	1	768	7.40e-104	333
0_427	5_428	32.190	612	317	20	220	779	3	568	3.28e-58	204
0_427	5_497	35.780	218	136	4	1	216	1	216	6.24e-38	135
0_427	5_405	43.284	67	31	2	14	73	9	75	1.32e-08	47.4
0_432	5_370	99.368	1425	9	0	1	1425	1	1425	0.0	2854
0_433	5_372	99.753	405	1	0	1	405	1	405	0.0	808
0_434	5_373	98.966	870	8	1	1	869	1	870	0.0	1753
0_435	5_187	100.000	202	0	0	1	202	1	202	1.47e-145	398
0_436	5_188	100.000	487	0	0	1	487	1	487	0.0	968
0_437	5_189	100.000	231	0	0	1	231	1	231	1.43e-161	441
0_438	5_374	99.620	527	2	0	1	527	1	527	0.0	1020
0_439	5_248	99.457	184	1	0	1	184	1	184	2.36e-135	371
0_440	5_375	99.055	741	7	0	1	741	1	741	0.0	1482
0_441	5_320	99.804	511	1	0	1	511	1	511	0.0	1045
0_441	5_335	43.077	325	174	6	105	423	125	444	4.50e-74	238
0_441	5_161	22.712	295	216	6	49	340	63	348	4.84e-08	49.7
0_441	5_190	22.819	298	203	11	116	400	119	402	3.96e-06	43.5
0_442	5_190	100.000	457	0	0	1	457	1	457	0.0	926
0_442	5_161	37.168	452	279	4	2	450	7	456	2.87e-104	313
0_442	5_335	21.687	332	250	6	15	341	37	363	3.00e-07	47.0
0_442	5_320	22.819	298	203	11	119	402	116	400	3.30e-06	43.5
0_443	5_376	99.346	306	2	0	1	306	1	306	0.0	627
0_443	5_433	26.897	290	174	9	10	278	21	293	8.24e-21	85.1
0_443	5_224	22.939	279	185	10	9	277	5	263	2.22e-08	48.9
0_443	5_396	23.019	265	163	8	12	261	8	246	2.43e-06	43.1
0_443	5_137	27.397	73	51	1	7	79	2	72	3.90e-05	38.9
0_443	5_41	32.877	73	43	1	186	258	180	246	2.55e-04	36.2
0_444	5_377	99.446	361	2	0	1	361	1	361	0.0	731
0_445	5_249	99.541	218	1	0	1	218	1	218	7.65e-162	441
0_446	5_250	99.585	241	1	0	1	241	1	241	1.02e-180	490
0_447	5_251	99.593	246	1	0	1	246	1	246	0.0	497
0_448	5_192	100.000	120	0	0	1	120	1	120	5.98e-85	238
0_449	5_331	99.844	641	1	0	1	641	1	641	0.0	1285
0_449	5_47	44.288	639	333	9	3	626	5	635	1.53e-168	491
0_450	5_193	100.000	77	0	0	1	77	1	77	1.91e-49	145
0_451	5_194	100.000	90	0	0	1	90	1	90	1.23e-61	177
0_452	5_195	100.000	156	0	0	1	156	1	156	1.32e-117	323
0_453	5_196	100.000	126	0	0	1	126	1	126	2.38e-88	247
0_454	5_197	100.000	174	0	0	1	174	1	174	6.26e-126	346
0_455	5_236	99.344	305	2	0	1	305	1	305	0.0	617
0_455	5_544	25.949	158	98	6	150	298	56	203	1.35e-04	37.4
0_455	5_364	24.128	344	194	13	4	298	157	482	3.32e-04	36.6
0_456	5_238	99.296	142	1	0	1	142	1	142	3.37e-98	273
0_457	5_355	99.776	446	1	0	1	446	1	446	0.0	891
0_458	5_293	99.835	607	1	0	1	607	1	607	0.0	1220
0_459	5_246	99.805	512	1	0	1	512	1	512	0.0	1016
0_459	5_80	30.392	510	327	13	11	509	12	504	4.69e-54	185
0_459	5_486	23.938	259	169	9	6	263	1	232	1.32e-14	70.9
0_459	5_486	23.301	206	140	4	282	487	16	203	1.39e-06	45.4
0_459	5_283	25.108	231	157	8	6	228	60	282	5.35e-14	67.4
0_459	5_283	30.263	76	53	0	412	487	199	274	1.84e-04	37.7
0_459	5_299	25.592	211	143	5	6	215	1	198	7.84e-14	68.6
0_459	5_299	26.531	196	126	5	277	472	11	188	8.91e-11	58.9
0_459	5_186	25.676	222	145	6	6	221	5	212	9.47e-14	65.5
0_459	5_186	25.446	224	142	7	283	501	22	225	6.54e-09	51.2
0_459	5_300	28.194	227	133	7	282	505	16	215	1.99e-13	67.0
0_459	5_300	25.688	218	140	7	20	235	15	212	2.28e-13	67.0
0_459	5_37	24.576	236	141	7	13	223	14	237	3.10e-12	62.0
0_459	5_37	27.027	222	133	8	286	489	26	236	4.00e-12	61.6
0_459	5_267	27.273	220	125	10	21	225	19	218	3.68e-12	61.2
0_459	5_267	25.541	231	157	8	264	492	1	218	6.11e-06	42.4
0_459	5_545	29.954	217	111	7	5	206	11	201	1.26e-11	58.9
0_459	5_286	24.464	233	160	7	22	245	27	252	1.38e-11	59.3
0_459	5_286	21.875	224	167	5	267	487	12	230	1.28e-07	47.4
0_459	5_240	30.147	136	88	4	112	244	202	333	7.47e-11	58.5
0_459	5_240	28.431	102	68	3	6	107	10	106	3.32e-08	50.1
0_459	5_240	25.287	87	64	1	404	489	224	310	4.34e-05	40.0
0_459	5_140	36.634	101	54	3	129	223	264	360	7.93e-11	58.5
0_459	5_140	35.443	79	50	1	412	489	281	359	3.85e-07	46.6
0_459	5_140	41.071	56	29	1	6	57	43	98	5.83e-06	43.1
0_459	5_290	34.409	93	54	2	402	490	498	587	1.48e-10	58.2
0_459	5_290	29.213	89	58	2	133	220	500	584	8.16e-08	49.3
0_459	5_290	29.348	92	54	4	16	104	48	131	7.41e-07	46.2
0_459	5_214	25.424	236	134	10	22	230	143	363	1.10e-09	54.7
0_459	5_214	25.296	253	145	8	262	487	118	353	4.25e-08	49.7
0_459	5_485	22.963	270	155	9	28	246	29	296	9.62e-09	51.6
0_459	5_485	32.609	92	57	2	399	489	184	271	9.84e-07	45.4
0_459	5_368	30.097	103	62	3	129	225	601	699	4.33e-08	50.1
0_459	5_368	27.723	101	72	1	410	509	616	716	1.36e-05	42.0
0_459	5_268	24.064	187	126	4	6	176	1	187	4.82e-07	46.6
0_459	5_367	26.941	219	130	10	32	230	40	248	5.13e-06	43.1
0_459	5_367	33.333	81	53	1	410	489	160	240	6.20e-05	39.7
0_459	5_111	22.353	170	119	4	37	202	500	660	2.62e-05	41.2
0_459	5_499	41.176	34	20	0	22	55	5	38	9.49e-05	35.8
0_459	5_481	26.230	183	118	8	37	215	365	534	5.79e-04	36.6
0_459	5_346	27.184	103	72	1	373	472	795	897	6.90e-04	36.6
0_459	5_480	23.037	191	123	6	22	205	352	525	8.70e-04	36.2
0_460	5_509	96.374	1379	31	4	1	1374	1	1365	0.0	2645
0_460	5_507	29.677	155	101	3	10	162	13	161	3.80e-13	68.6
0_460	5_472	29.560	159	99	4	2	150	6	161	4.98e-11	61.6
0_460	5_489	27.500	160	102	7	3	156	8	159	1.29e-07	50.4
0_460	5_493	30.864	162	92	7	55	209	60	208	8.15e-05	41.2
0_461	5_510	98.738	1823	19	2	1	1820	1	1822	0.0	3610
0_461	5_351	24.051	553	311	19	4	509	6	496	1.96e-14	73.2
0_461	5_473	26.556	241	150	8	1	221	1	234	1.51e-10	60.8
0_461	5_473	28.082	146	81	7	851	983	967	1101	2.99e-04	40.0
0_461	5_490	21.820	802	472	31	2	761	11	699	6.05e-09	55.5
0_461	5_515	27.572	243	151	7	7	239	30	257	9.39e-09	54.7
0_462	5_371	99.672	305	1	0	1	305	1	305	0.0	608
0_463	5_198	100.000	156	0	0	1	156	1	156	3.10e-113	313
0_464	5_381	97.523	323	1	1	1	316	1	323	0.0	622
0_465	5_199	100.000	147	0	0	1	147	1	147	2.95e-106	294
0_466	5_390	97.931	145	3	0	1	145	1	145	4.61e-104	288
0_467	5_200	100.000	87	0	0	1	87	1	87	2.00e-61	176
0_468	5_398	99.813	536	1	0	1	536	1	536	0.0	1073
0_468	5_399	63.818	550	179	8	1	536	1	544	0.0	665
0_468	5_384	39.362	470	235	15	90	534	190	634	2.39e-80	259
0_468	5_383	35.110	544	278	22	17	534	18	512	1.30e-74	241
0_468	5_528	36.181	398	217	10	151	535	238	611	6.14e-60	203
0_468	5_309	31.614	446	261	9	122	534	99	533	1.87e-51	179
0_469	5_400	99.427	524	3	0	1	524	1	524	0.0	1009
0_469	5_239	24.301	465	302	18	4	429	9	462	1.85e-13	67.0
0_470	5_402	99.804	510	1	0	1	510	1	510	0.0	1045
0_471	5_287	99.367	158	1	0	1	158	1	158	1.72e-114	316
0_472	5_404	99.353	309	2	0	1	309	1	309	0.0	595
0_473	5_486	99.478	766	0	1	1	766	1	762	0.0	1497
0_473	5_299	30.788	812	476	21	1	766	1	772	2.36e-92	300
0_473	5_300	39.823	452	246	10	1	440	1	438	1.51e-89	290
0_473	5_300	33.588	131	87	0	636	766	516	646	1.60e-15	74.7
0_473	5_283	32.735	223	133	7	1	209	60	279	3.44e-24	98.6
0_473	5_37	27.488	211	126	7	17	201	23	232	5.39e-15	70.9
0_473	5_246	23.938	259	169	9	1	232	6	263	2.44e-14	70.5
0_473	5_246	23.301	206	140	4	16	203	282	487	2.86e-06	44.7
0_473	5_80	29.630	216	130	6	2	201	8	217	3.78e-13	67.0
0_473	5_480	29.897	194	126	6	1	188	336	525	4.78e-13	66.6
0_473	5_240	32.990	97	63	1	1	95	10	106	1.25e-09	55.5
0_473	5_545	27.230	213	130	7	1	199	12	213	4.16e-09	52.0
0_473	5_530	25.823	395	236	18	302	659	19	393	1.23e-08	52.4
0_473	5_485	34.483	87	53	2	119	202	183	268	2.01e-08	51.6
0_473	5_290	30.357	112	75	2	2	111	39	149	3.30e-08	51.2
0_473	5_290	31.081	74	49	1	129	200	508	581	1.66e-05	42.4
0_473	5_186	27.000	200	123	7	17	203	22	211	3.58e-08	49.7
0_473	5_214	25.561	223	120	8	15	198	141	356	9.81e-08	49.3
0_473	5_267	27.149	221	125	10	1	198	1	208	2.04e-07	47.8
0_473	5_286	29.545	88	59	2	115	200	141	227	4.33e-07	46.6
0_473	5_140	29.600	125	78	5	115	230	267	390	4.68e-07	47.4
0_473	5_368	30.476	105	65	2	129	225	618	722	4.86e-07	47.4
0_473	5_481	28.505	214	123	10	2	198	334	534	6.88e-07	47.0
0_473	5_268	26.027	219	131	9	1	204	319	521	1.36e-05	42.7
0_473	5_268	20.851	235	133	6	1	198	1	219	1.53e-05	42.4
0_473	5_367	24.880	209	125	7	16	197	29	232	1.43e-05	42.4
0_473	5_346	36.585	82	43	4	129	204	834	912	1.68e-05	42.7
0_473	5_499	28.378	74	45	1	16	81	4	77	5.42e-05	37.0
0_473	5_111	24.638	207	127	6	13	195	469	670	9.59e-05	40.0
0_474	5_201	100.000	321	0	0	1	321	1	321	0.0	642
0_474	5_522	22.892	249	168	11	57	298	29	260	2.28e-05	39.7
0_475	5_492	98.520	743	4	1	1	743	1	736	0.0	1454
0_475	5_231	25.878	769	431	26	6	727	16	692	1.79e-44	165
0_477	5_202	100.000	326	0	0	1	326	1	326	0.0	649
0_478	5_434	99.550	666	3	0	1	666	1	666	0.0	1338
0_478	5_483	64.198	81	29	0	232	312	200	280	1.72e-25	106
0_479	5_203	100.000	103	0	0	1	103	1	103	4.28e-70	199
0_480	5_204	100.000	93	0	0	1	93	1	93	6.58e-61	175
0_481	5_205	100.000	278	0	0	1	278	1	278	0.0	552
0_482	5_410	99.109	449	4	0	1	449	1	449	0.0	918
0_482	5_28	28.163	245	158	8	18	255	14	247	9.87e-13	64.3
0_482	5_28	46.154	39	21	0	409	447	503	541	1.13e-05	42.0
0_482	5_136	23.176	466	288	19	14	442	51	483	1.91e-09	53.9
0_483	5_206	100.000	64	0	0	1	64	1	64	8.13e-41	122
0_484	5_208	100.000	136	0	0	1	136	1	136	5.48e-92	257
0_485	5_209	100.000	174	0	0	1	174	1	174	1.49e-130	358
0_486	5_210	100.000	146	0	0	1	146	1	146	2.53e-102	284
0_487	5_211	100.000	127	0	0	1	127	1	127	1.87e-87	245
0_488	5_212	100.000	153	0	0	1	153	1	153	3.83e-108	300
0_489	5_213	100.000	143	0	0	1	143	1	143	1.79e-100	279
0_490	5_423	100.000	145	0	0	1	145	1	145	9.95e-107	295
0_491	5_215	100.000	151	0	0	1	151	1	151	1.06e-108	301
0_491	5_289	32.500	120	78	2	15	132	22	140	6.41e-11	52.4
0_492	5_448	99.115	113	1	0	1	113	1	113	3.89e-81	228
0_493	5_449	97.917	96	2	0	1	96	1	96	2.32e-67	192
0_494	5_217	100.000	266	0	0	1	266	1	266	0.0	511
0_495	5_453	99.134	462	4	0	1	462	1	462	0.0	924
0_496	5_482	99.396	828	5	0	1	828	1	828	0.0	1669
0_496	5_455	28.734	616	325	23	246	809	249	802	1.62e-45	170
0_497	5_218	100.000	190	0	0	1	190	1	190	3.84e-143	391
0_498	5_475	99.752	404	1	0	1	404	1	404	0.0	813
0_499	5_220	100.000	331	0	0	1	331	1	331	0.0	660
0_500	5_221	100.000	203	0	0	1	203	1	203	6.87e-147	401
0_501	5_514	99.141	582	5	0	1	582	1	582	0.0	1148
0_501	5_359	35.516	397	209	11	37	417	60	425	3.38e-55	196
0_501	5_541	30.151	398	207	11	37	409	23	374	8.27e-40	150
0_503	5_222	100.000	149	0	0	1	149	1	149	1.70e-111	308
0_504	5_261	99.375	160	1	0	1	160	1	160	5.17e-113	312
0_505	5_223	100.000	112	0	0	1	112	1	112	2.62e-78	221
0_506	5_224	100.000	267	0	0	1	267	1	267	0.0	541
0_506	5_433	26.148	283	176	9	3	260	19	293	1.16e-15	70.1
0_506	5_396	32.895	228	137	8	1	219	1	221	3.43e-15	69.3
0_506	5_137	23.529	272	197	8	4	265	2	272	4.25e-11	56.6
0_506	5_376	22.615	283	188	11	2	263	5	277	8.77e-08	46.6
0_506	5_41	32.203	59	40	0	183	241	188	246	1.08e-04	37.4
0_507	5_488	99.791	479	1	0	1	479	1	479	0.0	971
0_507	5_316	23.592	373	216	15	38	359	197	551	6.11e-04	36.6
0_508	5_435	99.837	615	1	0	1	615	1	615	0.0	1264
0_509	5_225	100.000	90	0	0	1	90	1	90	1.85e-57	166
0_510	5_226	100.000	221	0	0	1	221	1	221	2.63e-164	447
0_511	5_227	100.000	219	0	0	1	219	1	219	3.19e-160	436
0_512	5_228	100.000	70	0	0	1	70	1	70	2.99e-44	131
0_513	5_323	99.568	463	2	0	1	463	1	463	0.0	931
0_514	5_469	47.517	604	252	15	8	601	5	553	2.07e-153	448
0_514	5_517	97.059	102	3	0	116	217	1	102	5.99e-64	200
0_514	5_549	34.169	319	157	10	193	500	1	277	8.02e-38	136
0_514	5_548	75.000	52	13	0	449	500	243	294	4.77e-21	88.6
0_514	5_548	61.111	54	21	0	193	246	1	54	1.42e-14	69.3
0_515	5_496	96.000	425	14	1	1	425	1	422	0.0	819
0_517	5_512	100.000	154	0	0	1	154	1	154	6.75e-106	327
0_518	5_546	94.667	75	4	0	5	79	3	77	2.58e-38	117
0_520	5_251	100.000	90	0	0	1	90	1	90	4.77e-61	181
0_521	5_311	99.569	696	3	0	1	696	1	696	0.0	1381
0_522	5_229	100.000	692	0	0	1	692	1	692	0.0	1372
0_525	5_230	100.000	95	0	0	1	95	1	95	2.36e-67	192
0_526	5_425	96.296	54	2	0	1	54	1	54	6.99e-33	103
0_528	5_233	98.718	78	1	0	1	78	13	90	1.18e-51	151
0_529	5_383	99.273	550	4	0	1	550	4	553	0.0	1120
0_529	5_384	66.453	468	134	6	80	530	194	655	0.0	604
0_529	5_384	43.333	120	40	6	1	108	1	104	7.89e-14	68.6
0_529	5_528	39.794	485	270	6	41	510	134	611	7.75e-108	330
0_529	5_398	35.110	544	278	22	15	509	17	534	1.05e-74	241
0_529	5_399	32.079	558	301	17	12	511	7	544	2.31e-74	241
0_529	5_309	30.496	423	234	11	141	516	131	540	5.35e-44	159
0_530	5_496	93.939	132	8	0	1	132	291	422	2.86e-86	255
0_531	5_471	98.790	496	6	0	1	496	1	496	0.0	963
0_531	5_511	27.750	400	245	15	122	489	180	567	1.25e-22	95.5
0_532	5_232	100.000	181	0	0	1	181	1	181	7.86e-131	359
0_533	5_387	94.357	3792	179	7	1	3786	1	3763	0.0	6999
0_533	5_512	25.660	265	138	13	346	572	496	739	1.54e-04	42.0
0_534	5_416	99.603	252	1	0	1	252	1	252	0.0	493
0_534	5_178	29.932	147	96	3	111	252	82	226	5.63e-09	49.7
0_535	5_469	42.986	442	199	13	12	434	120	527	4.88e-102	310
0_535	5_549	47.653	277	141	3	81	353	1	277	2.90e-82	250
0_535	5_517	74.510	102	24	1	6	105	1	102	2.45e-49	159
0_535	5_548	60.870	69	23	2	288	353	227	294	6.77e-19	81.6
0_535	5_548	52.459	61	26	1	81	141	1	58	2.14e-11	58.9
0_536	5_357	95.413	109	5	0	1	109	1	109	2.97e-71	202
0_536	5_151	38.298	47	29	0	38	84	79	125	1.10e-05	37.0
0_538	5_234	100.000	51	0	0	1	51	1	51	8.17e-34	103
0_540	5_235	100.000	232	0	0	1	232	1	232	5.63e-171	465
0_541	5_501	100.000	55	0	0	1	55	1	55	5.38e-35	107
0_542	5_549	98.556	277	4	0	145	421	1	277	0.0	560
0_542	5_469	51.028	535	214	15	10	526	53	557	4.69e-148	431
0_542	5_517	100.000	102	0	0	68	169	1	102	1.74e-67	207
0_542	5_548	36.422	313	144	15	145	421	1	294	6.57e-36	130
0_543	5_537	98.913	184	2	0	1	184	18	201	9.78e-128	352
0_544	5_502	100.000	288	0	0	1	288	1	288	0.0	563
0_545	5_503	100.000	229	0	0	1	229	1	229	1.45e-167	456
0_546	5_552	99.705	339	1	0	1	339	1	339	0.0	698
0_547	5_506	99.240	263	2	0	1	263	1	263	0.0	510
0_547	5_166	33.846	65	33	4	113	171	5	65	1.67e-04	37.0
0_547	5_166	37.931	58	31	3	111	163	171	228	0.001	34.7
0_547	5_155	35.000	60	27	2	113	164	159	214	3.24e-04	35.8
0_548	5_513	99.806	516	1	0	1	516	1	516	0.0	1029
0_549	5_523	99.338	302	2	0	1	302	1	302	0.0	570
0_549	5_0	25.249	301	203	10	22	302	36	334	2.79e-09	52.0
0_550	5_522	98.462	65	1	0	1	65	214	278	2.40e-41	130
0_551	5_516	95.925	589	23	1	1	589	1	588	0.0	1115
0_552	5_543	98.755	723	9	0	1	723	1	723	0.0	1414
0_552	5_408	42.857	56	28	1	13	64	8	63	2.75e-07	47.4
0_552	5_35	32.381	105	65	3	74	174	37	139	2.24e-05	41.2
0_553	5_508	98.172	383	3	1	1	379	35	417	0.0	713
0_554	5_530	98.821	509	6	0	68	576	1	509	0.0	983
0_554	5_486	26.630	368	199	16	40	382	252	573	5.19e-09	53.1
0_555	5_532	99.598	249	1	0	29	277	1	249	1.30e-180	492
0_556	5_518	100.000	277	0	0	1	277	1	277	0.0	544
0_557	5_540	98.942	378	4	0	1	378	1	378	0.0	724
0_558	5_544	97.826	46	1	0	1	46	256	301	3.08e-27	94.7
0_559	5_445	99.451	182	1	0	1	182	44	225	8.18e-129	356
0_560	5_74	99.727	366	1	0	1	366	12	377	0.0	737
0_561	5_542	99.894	945	1	0	27	971	1	945	0.0	1895
0_562	5_519	100.000	183	0	0	1	183	1	183	1.10e-125	346
0_563	5_539	99.588	486	2	0	1	486	1	486	0.0	963
0_564	5_332	98.864	88	1	0	1	88	315	402	5.33e-56	172
0_565	5_520	100.000	86	0	0	1	86	1	86	1.29e-59	171
0_566	5_529	99.839	620	1	0	1	620	1	620	0.0	1247
0_567	5_541	99.303	287	2	0	3	289	1	287	0.0	574
0_567	5_359	34.247	292	183	6	10	295	45	333	1.05e-39	142
0_567	5_514	30.137	292	156	8	25	284	37	312	3.06e-31	117
0_568	5_541	99.381	646	4	0	1	646	291	936	0.0	1227
0_568	5_359	28.943	577	368	14	5	568	337	884	4.34e-45	167
0_568	5_514	35.106	94	38	4	5	84	325	409	1.51e-04	38.9
0_570	5_219	99.609	256	1	0	1	256	410	665	0.0	523
0_570	5_8	23.504	234	152	8	7	228	78	296	2.21e-09	51.6
0_570	5_191	31.507	146	87	5	7	148	80	216	9.61e-07	43.5
0_572	5_511	97.284	589	2	1	1	589	1	575	0.0	1120
0_572	5_471	28.000	400	244	15	194	581	122	489	4.75e-23	97.1
0_573	5_525	99.831	591	1	0	1	591	1	591	0.0	1167
0_574	5_524	100.000	40	0	0	1	40	1	40	7.62e-22	73.2
0_577	5_548	99.660	294	1	0	68	361	1	294	0.0	593
0_577	5_469	45.979	485	194	14	1	468	124	557	1.76e-110	333
0_577	5_517	97.826	92	2	0	1	92	11	102	1.08e-58	183
0_577	5_549	36.422	313	144	15	68	361	1	277	7.69e-38	134
0_578	5_544	98.007	301	6	0	1	301	1	301	0.0	592
0_578	5_364	31.399	293	194	4	15	303	285	574	1.79e-36	132
0_578	5_236	26.582	158	97	5	56	203	150	298	1.02e-04	37.7
0_580	5_366	96.667	690	6	1	1	673	88	777	0.0	1337
0_580	5_535	37.725	668	338	21	2	639	9	628	6.82e-123	375
0_580	5_483	28.829	333	192	12	197	498	310	628	1.97e-27	112
0_581	5_550	100.000	23	0	0	1	23	1	23	1.30e-12	48.9
0_582	5_551	100.000	153	0	0	1	153	1	153	4.23e-113	312
0_583	5_469	69.512	82	25	0	25	106	27	108	5.49e-33	115
