6_0	2_1	100.000	96	0	0	1	96	1	96	9.12e-66	188
6_1	2_2	100.000	589	0	0	1	589	1	589	0.0	1146
6_1	2_565	93.671	79	5	0	406	484	1	79	2.09e-42	142
6_1	2_368	26.087	460	272	17	51	492	10	419	6.37e-22	94.0
6_2	2_4	100.000	110	0	0	1	110	1	110	1.59e-79	224
6_3	2_5	100.000	290	0	0	1	290	1	290	0.0	578
6_3	2_442	32.331	266	149	14	23	264	25	283	5.05e-24	94.0
6_4	2_6	100.000	287	0	0	1	287	1	287	0.0	577
6_4	2_62	35.827	254	122	7	1	234	1	233	4.16e-33	117
6_5	2_7	100.000	81	0	0	1	81	1	81	1.00e-57	166
6_6	2_10	100.000	189	0	0	1	189	1	189	2.94e-140	384
6_7	2_11	100.000	152	0	0	1	152	1	152	1.21e-110	306
6_8	2_333	99.735	378	1	0	1	378	1	378	0.0	751
6_9	2_13	100.000	47	0	0	1	47	1	47	3.67e-30	94.7
6_10	2_14	100.000	609	0	0	1	609	1	609	0.0	1218
6_11	2_335	99.717	353	1	0	1	353	1	353	0.0	696
6_11	2_453	27.129	317	167	15	46	345	64	333	3.59e-07	45.8
6_12	2_18	100.000	50	0	0	1	50	1	50	3.88e-32	99.8
6_12	2_162	35.556	45	26	1	6	50	5	46	1.50e-04	30.0
6_13	2_474	99.634	273	1	0	1	273	1	273	0.0	562
6_14	2_19	100.000	146	0	0	1	146	1	146	2.36e-105	292
6_15	2_20	100.000	295	0	0	1	295	1	295	0.0	590
6_16	2_21	100.000	337	0	0	1	337	1	337	0.0	685
6_17	2_22	100.000	225	0	0	1	225	1	225	3.17e-168	457
6_18	2_382	99.823	564	1	0	1	564	1	564	0.0	1103
6_18	2_439	31.670	461	251	12	95	533	214	632	1.23e-52	185
6_18	2_517	31.614	446	261	9	99	533	96	508	1.30e-51	179
6_18	2_544	30.260	423	247	9	118	533	247	628	5.50e-47	169
6_18	2_561	31.989	372	210	8	178	533	14	358	9.84e-46	159
6_18	2_284	30.496	423	234	11	131	540	144	519	7.21e-44	159
6_19	2_516	99.664	298	1	0	1	298	1	298	0.0	602
6_20	2_384	99.661	295	1	0	1	295	1	295	0.0	592
6_20	2_174	26.897	290	174	9	21	293	10	278	1.26e-20	84.7
6_20	2_207	26.502	283	175	9	19	293	3	260	5.40e-16	70.9
6_20	2_450	27.547	265	162	10	21	275	5	249	5.53e-14	65.5
6_20	2_34	25.368	272	165	12	15	274	1	246	2.47e-04	36.2
6_21	2_385	99.412	170	1	0	1	170	1	170	2.76e-122	337
6_22	2_464	99.731	372	1	0	1	372	1	372	0.0	762
6_23	2_247	99.886	880	1	0	1	880	1	880	0.0	1779
6_24	2_25	100.000	259	0	0	1	259	1	259	0.0	526
6_25	2_26	100.000	413	0	0	1	413	1	413	0.0	841
6_26	2_28	100.000	111	0	0	1	111	1	111	2.67e-77	218
6_27	2_556	98.202	723	10	1	3	725	1	720	0.0	1401
6_27	2_82	42.857	56	28	1	15	66	8	63	2.94e-07	47.4
6_28	2_29	100.000	211	0	0	1	211	1	211	2.53e-155	424
6_29	2_556	32.381	105	65	3	37	139	74	174	5.93e-06	42.0
6_30	2_30	100.000	239	0	0	1	239	1	239	6.86e-175	475
6_31	2_494	99.667	300	1	0	1	300	1	300	0.0	600
6_31	2_250	34.188	234	133	6	22	254	19	232	3.40e-35	123
6_31	2_223	35.897	156	87	5	130	276	204	355	2.41e-19	82.4
6_31	2_223	25.962	104	55	3	21	123	24	106	4.89e-05	38.9
6_31	2_233	27.854	219	136	3	22	240	21	217	1.20e-18	78.2
6_31	2_280	28.638	213	121	8	23	232	17	201	3.41e-17	76.6
6_31	2_294	39.091	110	66	1	140	248	600	709	1.00e-16	75.1
6_31	2_294	38.462	39	23	1	10	48	12	49	0.001	35.0
6_31	2_195	26.778	239	140	7	27	248	147	367	3.33e-16	73.2
6_31	2_253	36.641	131	75	3	136	260	258	386	5.93e-16	72.4
6_31	2_340	28.169	213	128	6	24	236	18	205	1.58e-15	71.2
6_31	2_70	29.464	224	131	5	22	239	22	224	2.80e-15	70.5
6_31	2_70	21.127	213	161	4	26	236	277	484	1.19e-05	40.8
6_31	2_339	25.714	210	125	6	23	229	17	198	1.01e-14	68.9
6_31	2_429	25.000	236	140	7	14	237	13	223	2.05e-14	67.8
6_31	2_429	28.054	221	130	8	27	236	287	489	9.65e-14	65.9
6_31	2_274	29.327	208	109	8	21	217	78	258	4.27e-13	63.2
6_31	2_283	25.806	155	88	3	152	279	501	655	9.50e-13	63.2
6_31	2_283	30.952	84	39	3	22	105	53	117	4.64e-06	42.4
6_31	2_401	25.723	311	162	12	27	298	27	307	1.21e-12	62.4
6_31	2_431	25.726	241	156	7	20	250	27	254	7.63e-11	56.6
6_31	2_277	31.646	79	53	1	158	235	153	231	2.46e-10	54.7
6_31	2_252	25.714	210	124	7	26	219	20	213	6.65e-08	48.1
6_31	2_218	32.051	78	50	1	145	219	820	897	4.09e-07	45.8
6_31	2_218	28.090	89	62	1	136	222	470	558	1.24e-06	44.3
6_31	2_350	22.527	182	118	4	37	218	364	522	1.68e-05	40.4
6_31	2_513	24.390	205	117	6	22	219	339	512	3.79e-05	39.3
6_32	2_33	100.000	280	0	0	1	280	1	280	0.0	562
6_33	2_403	99.631	271	1	0	1	271	1	271	0.0	534
6_34	2_35	100.000	114	0	0	1	114	1	114	6.53e-84	235
6_35	2_37	100.000	163	0	0	1	163	1	163	1.70e-119	329
6_36	2_38	100.000	326	0	0	1	326	1	326	0.0	653
6_37	2_39	100.000	639	0	0	1	639	1	639	0.0	1304
6_37	2_416	44.288	639	333	9	5	635	3	626	2.08e-170	496
6_38	2_40	100.000	171	0	0	1	171	1	171	3.95e-123	339
6_39	2_307	99.701	334	1	0	1	334	1	334	0.0	679
6_40	2_41	100.000	494	0	0	1	494	1	494	0.0	963
6_41	2_42	100.000	231	0	0	1	231	1	231	6.82e-170	462
6_42	2_423	99.301	286	2	0	1	286	1	286	0.0	553
6_42	2_306	25.749	167	114	4	75	237	73	233	3.92e-05	38.9
6_43	2_43	100.000	571	0	0	1	571	1	571	0.0	1149
6_44	2_44	100.000	236	0	0	1	236	1	236	8.91e-176	477
6_45	2_45	100.000	186	0	0	1	186	1	186	1.39e-132	364
6_46	2_46	100.000	144	0	0	1	144	1	144	5.84e-108	298
6_47	2_226	99.548	221	1	0	1	221	1	221	6.97e-161	438
6_48	2_47	100.000	204	0	0	1	204	1	204	2.19e-151	413
6_49	2_49	100.000	402	0	0	1	402	1	402	0.0	818
6_49	2_149	27.083	288	181	10	20	301	8	272	3.00e-16	75.1
6_49	2_255	32.099	162	90	3	21	182	116	257	1.83e-13	66.2
6_49	2_151	34.091	132	84	3	16	145	8	138	2.99e-13	65.9
6_50	2_51	100.000	316	0	0	1	316	1	316	0.0	632
6_51	2_52	100.000	402	0	0	1	402	1	402	0.0	806
6_52	2_431	99.427	349	2	0	1	349	1	349	0.0	712
6_52	2_195	40.240	333	193	3	5	332	116	447	4.29e-79	244
6_52	2_294	37.267	161	81	3	118	266	571	723	7.57e-31	118
6_52	2_253	37.500	136	83	1	131	266	252	385	9.99e-28	107
6_52	2_253	29.630	135	70	5	7	125	32	157	3.58e-09	52.4
6_52	2_250	31.330	233	127	7	29	252	19	227	3.43e-23	92.0
6_52	2_274	28.972	214	133	6	14	221	58	258	9.86e-19	80.1
6_52	2_233	24.783	230	150	7	30	257	22	230	1.01e-13	64.7
6_52	2_223	28.125	128	89	1	131	258	204	328	1.51e-13	65.9
6_52	2_494	33.043	115	74	2	140	254	139	250	2.38e-13	64.3
6_52	2_283	29.358	109	76	1	159	267	505	612	1.04e-12	63.5
6_52	2_283	25.899	139	83	6	4	139	30	151	2.52e-04	37.4
6_52	2_401	27.778	126	87	2	142	267	176	297	1.10e-12	62.8
6_52	2_277	38.462	78	48	0	162	239	154	231	2.27e-12	60.8
6_52	2_482	29.612	206	115	11	29	228	351	532	1.17e-08	50.8
6_52	2_429	26.267	217	134	9	40	248	32	230	4.15e-08	48.9
6_52	2_429	33.333	81	53	1	160	240	410	489	6.23e-07	45.4
6_52	2_340	32.941	85	55	1	160	244	127	209	1.73e-07	47.4
6_52	2_280	24.880	209	125	7	29	232	16	197	1.96e-07	47.0
6_52	2_218	30.702	114	67	5	161	265	833	943	3.90e-07	46.2
6_52	2_339	30.682	88	57	2	145	232	114	197	9.51e-07	45.1
6_52	2_513	26.341	205	122	8	29	228	339	519	2.21e-06	43.5
6_52	2_70	25.000	236	148	10	28	249	273	493	4.91e-06	42.4
6_52	2_252	27.143	70	47	2	163	232	449	514	3.41e-04	36.6
6_52	2_338	26.857	175	106	8	49	223	361	513	3.56e-04	36.6
6_53	2_55	100.000	73	0	0	1	73	1	73	5.60e-53	154
6_54	2_56	100.000	201	0	0	1	201	1	201	2.35e-148	405
6_54	2_443	38.509	161	94	3	3	162	4	160	6.60e-28	99.4
6_55	2_274	99.674	307	1	0	1	307	1	307	0.0	615
6_55	2_280	32.735	223	133	7	60	279	1	209	1.06e-24	99.0
6_55	2_340	30.732	205	122	6	79	277	16	206	9.54e-21	87.0
6_55	2_339	29.442	197	127	5	79	273	16	202	2.02e-19	83.2
6_55	2_250	28.636	220	132	4	79	286	19	225	2.02e-18	78.2
6_55	2_431	28.972	214	133	6	58	258	14	221	1.16e-15	71.2
6_55	2_253	42.857	84	47	1	194	276	276	359	5.91e-15	69.3
6_55	2_253	31.481	108	69	2	59	163	42	147	1.20e-06	43.9
6_55	2_195	30.583	206	123	8	90	277	153	356	2.72e-14	67.4
6_55	2_429	25.108	231	157	8	60	282	6	228	3.32e-14	67.4
6_55	2_429	30.263	76	53	0	199	274	412	487	1.02e-04	38.1
6_55	2_401	24.779	226	119	3	84	258	27	252	8.04e-14	65.9
6_55	2_294	31.000	100	68	1	188	286	608	707	1.17e-13	65.9
6_55	2_277	25.472	212	146	4	56	258	5	213	2.91e-13	63.2
6_55	2_494	27.885	208	112	7	78	258	21	217	2.57e-12	60.8
6_55	2_223	36.170	94	54	2	78	171	24	111	3.50e-12	61.2
6_55	2_223	36.585	82	51	1	197	277	230	311	3.60e-10	55.1
6_55	2_233	23.913	230	153	7	66	283	1	220	7.60e-10	52.8
6_55	2_283	34.146	82	53	1	194	274	503	584	8.56e-10	53.9
6_55	2_283	31.707	82	46	2	84	163	58	131	6.90e-08	48.1
6_55	2_560	26.708	161	104	4	78	233	2	153	1.99e-09	51.2
6_55	2_70	25.405	185	119	6	83	257	26	201	6.07e-09	51.2
6_55	2_70	23.636	220	146	8	78	279	272	487	1.21e-05	40.8
6_55	2_375	29.167	168	103	8	97	257	501	659	1.74e-08	50.1
6_55	2_350	31.527	203	114	11	79	271	349	536	3.00e-08	49.3
6_55	2_482	25.510	196	125	7	79	267	351	532	4.70e-08	48.5
6_55	2_338	29.570	186	108	8	79	257	341	510	7.45e-08	47.8
6_55	2_513	25.405	185	120	5	79	258	339	510	2.09e-07	46.6
6_56	2_400	99.690	323	1	0	1	323	1	323	0.0	634
6_57	2_58	100.000	110	0	0	1	110	1	110	2.12e-78	221
6_58	2_408	99.646	565	2	0	1	565	1	565	0.0	1096
6_59	2_409	97.333	75	2	0	1	75	1	75	2.54e-50	147
6_59	2_467	78.689	61	13	0	3	63	8	68	1.30e-29	103
6_59	2_462	71.667	60	17	0	3	62	8	67	4.34e-25	91.3
6_59	2_341	68.293	41	13	0	22	62	45	85	9.05e-16	64.7
6_59	2_495	43.284	67	31	2	9	75	14	73	9.47e-10	47.8
6_60	2_60	100.000	220	0	0	1	220	1	220	9.94e-158	430
6_61	2_369	99.512	205	1	0	1	205	1	205	3.27e-153	417
6_62	2_63	100.000	144	0	0	1	144	1	144	6.39e-107	296
6_63	2_370	99.635	274	1	0	1	274	1	274	0.0	559
6_64	2_256	99.838	617	1	0	1	617	1	617	0.0	1241
6_65	2_66	100.000	118	0	0	1	118	1	118	4.17e-79	223
6_66	2_67	100.000	97	0	0	1	97	1	97	2.03e-67	192
6_67	2_70	100.000	508	0	0	1	508	1	508	0.0	1011
6_67	2_429	30.469	512	327	14	12	505	11	511	2.55e-54	186
6_67	2_233	34.498	229	125	6	26	245	25	237	1.09e-23	94.7
6_67	2_233	32.051	78	53	0	407	484	136	213	8.05e-07	44.7
6_67	2_339	32.673	202	122	5	12	211	6	195	8.87e-16	74.7
6_67	2_280	29.630	216	130	6	8	217	2	201	1.71e-13	67.4
6_67	2_280	24.229	227	142	7	261	482	2	203	8.89e-04	36.2
6_67	2_494	29.018	224	132	5	22	224	22	239	9.08e-13	63.5
6_67	2_494	21.127	213	161	4	277	484	26	236	2.23e-04	37.7
6_67	2_340	29.524	210	134	5	12	221	10	205	1.15e-12	64.7
6_67	2_340	28.326	233	135	9	261	487	2	208	4.94e-09	53.1
6_67	2_250	32.143	196	124	6	31	223	28	217	1.02e-11	60.1
6_67	2_252	26.271	236	145	9	8	221	2	230	6.13e-10	55.8
6_67	2_252	32.432	74	47	2	149	222	453	523	3.22e-04	37.4
6_67	2_274	25.405	185	119	6	26	201	83	257	1.00e-08	51.2
6_67	2_274	23.387	248	159	10	244	487	59	279	1.14e-05	41.6
6_67	2_195	28.444	225	127	11	23	224	145	358	1.83e-08	50.8
6_67	2_195	25.106	235	140	8	278	493	147	364	1.23e-05	42.0
6_67	2_482	31.694	183	103	8	26	201	355	522	2.39e-08	50.8
6_67	2_283	30.476	105	70	1	7	111	38	139	3.58e-08	50.4
6_67	2_283	25.974	77	56	1	407	482	508	584	4.69e-04	37.0
6_67	2_401	28.030	132	86	4	356	484	146	271	2.68e-07	47.0
6_67	2_560	31.034	145	86	3	40	180	21	155	2.69e-07	45.8
6_67	2_223	30.488	82	54	2	407	486	232	312	3.98e-07	46.6
6_67	2_223	28.333	60	43	0	8	67	11	70	4.32e-04	37.0
6_67	2_277	23.148	216	153	7	14	220	20	231	1.93e-06	43.9
6_67	2_277	24.180	244	146	10	277	503	30	251	2.61e-04	37.4
6_67	2_294	25.532	94	63	2	398	487	610	700	6.10e-06	43.1
6_67	2_253	25.954	131	94	2	357	484	229	359	1.34e-05	42.0
6_67	2_350	25.568	176	111	6	36	205	363	524	3.61e-05	40.4
6_67	2_338	25.000	184	124	4	27	208	346	517	3.56e-04	37.4
6_67	2_431	25.000	236	148	10	273	493	28	249	4.10e-04	37.0
6_67	2_513	43.182	44	25	0	26	69	343	386	6.56e-04	36.6
6_68	2_71	100.000	303	0	0	1	303	1	303	0.0	577
6_68	2_374	31.050	219	119	5	18	216	79	285	1.60e-11	59.3
6_69	2_72	100.000	184	0	0	1	184	1	184	6.17e-138	377
6_70	2_73	100.000	89	0	0	1	89	1	89	2.38e-60	174
6_71	2_74	100.000	165	0	0	1	165	1	165	6.43e-118	325
6_72	2_407	98.561	139	2	0	1	139	1	139	3.19e-98	273
6_73	2_76	100.000	534	0	0	1	534	1	534	0.0	1088
6_74	2_77	100.000	214	0	0	1	214	1	214	2.74e-154	421
6_75	2_78	100.000	632	0	0	1	632	1	632	0.0	1287
6_76	2_79	100.000	120	0	0	1	120	1	120	5.81e-85	238
6_77	2_80	100.000	227	0	0	1	227	1	227	1.95e-169	461
6_78	2_84	100.000	109	0	0	1	109	1	109	1.16e-79	224
6_79	2_85	100.000	155	0	0	1	155	1	155	8.18e-113	311
6_80	2_86	100.000	64	0	0	1	64	1	64	6.86e-43	127
6_81	2_87	100.000	116	0	0	1	116	1	116	4.11e-83	233
6_82	2_88	100.000	478	0	0	1	478	1	478	0.0	968
6_83	2_261	99.620	263	1	0	1	263	1	263	0.0	503
6_83	2_305	27.350	117	73	3	48	152	110	226	1.61e-06	42.7
6_83	2_305	33.333	93	52	3	35	117	121	213	3.09e-05	38.9
6_84	2_470	98.901	91	1	0	1	91	1	91	3.29e-62	178
6_85	2_89	100.000	356	0	0	1	356	1	356	0.0	721
6_86	2_91	100.000	84	0	0	1	84	1	84	2.21e-57	166
6_87	2_94	100.000	489	0	0	1	489	1	489	0.0	965
6_88	2_97	100.000	242	0	0	1	242	1	242	9.13e-176	478
6_88	2_354	26.772	127	68	4	81	203	46	151	3.05e-04	35.0
6_89	2_559	99.005	201	2	0	1	201	1	201	1.33e-140	385
6_90	2_471	99.537	216	1	0	1	216	1	216	4.58e-146	400
6_91	2_447	99.556	450	2	0	1	450	1	450	0.0	897
6_92	2_98	100.000	216	0	0	1	216	1	216	1.05e-156	427
6_92	2_376	25.654	191	131	5	28	214	18	201	4.88e-10	52.0
6_93	2_99	100.000	193	0	0	1	193	1	193	2.88e-139	381
6_94	2_100	100.000	131	0	0	1	131	1	131	2.99e-94	263
6_95	2_101	100.000	150	0	0	1	150	1	150	1.62e-109	303
6_96	2_356	99.749	398	1	0	1	398	1	398	0.0	810
6_97	2_271	99.582	239	1	0	1	239	1	239	3.40e-175	476
6_98	2_102	100.000	332	0	0	1	332	1	332	0.0	667
6_99	2_103	100.000	134	0	0	1	134	1	134	3.33e-97	270
6_100	2_104	100.000	137	0	0	1	137	1	137	1.89e-97	271
6_101	2_105	100.000	37	0	0	1	37	1	37	1.09e-20	70.1
6_102	2_106	100.000	75	0	0	1	75	1	75	3.30e-53	154
6_103	2_108	100.000	147	0	0	1	147	1	147	7.26e-107	296
6_104	2_109	100.000	179	0	0	1	179	1	179	4.19e-130	357
6_105	2_110	100.000	131	0	0	1	131	1	131	2.23e-94	263
6_106	2_111	100.000	61	0	0	1	61	1	61	5.60e-42	125
6_107	2_112	100.000	181	0	0	1	181	1	181	5.21e-135	370
6_108	2_113	100.000	122	0	0	1	122	1	122	1.03e-84	238
6_109	2_114	100.000	121	0	0	1	121	1	121	1.58e-81	229
6_110	2_448	99.265	136	1	0	1	136	1	136	4.69e-99	275
6_111	2_115	100.000	227	0	0	1	227	1	227	2.14e-167	455
6_112	2_117	100.000	90	0	0	1	90	1	90	1.45e-65	187
6_113	2_118	100.000	282	0	0	1	282	1	282	0.0	566
6_114	2_120	100.000	233	0	0	1	233	1	233	4.03e-170	462
6_115	2_121	100.000	106	0	0	1	106	1	106	6.79e-75	212
6_116	2_264	99.512	205	1	0	1	205	1	205	4.10e-150	410
6_117	2_123	100.000	184	0	0	1	184	1	184	1.68e-136	374
6_118	2_124	100.000	442	0	0	1	442	1	442	0.0	874
6_118	2_239	35.897	156	83	4	218	368	172	315	3.44e-20	87.0
6_118	2_239	30.337	89	60	2	220	307	6	93	1.49e-05	41.6
6_118	2_355	37.705	61	35	1	218	275	5	65	5.85e-05	39.3
6_120	2_125	100.000	366	0	0	1	366	1	366	0.0	723
6_120	2_296	27.358	318	207	7	61	361	6	316	8.82e-23	92.8
6_121	2_126	100.000	321	0	0	1	321	1	321	0.0	634
6_121	2_295	32.877	219	139	5	106	317	160	377	2.29e-20	85.5
6_122	2_366	99.296	142	1	0	1	142	1	142	4.86e-103	286
6_123	2_367	99.723	361	1	0	1	361	1	361	0.0	717
6_124	2_127	100.000	259	0	0	1	259	1	259	0.0	515
6_125	2_368	99.008	504	5	0	1	504	1	504	0.0	970
6_125	2_2	25.901	444	264	16	10	403	51	479	3.72e-21	91.3
6_125	2_565	33.333	78	43	3	331	403	1	74	0.001	33.1
6_126	2_128	100.000	91	0	0	1	91	1	91	6.74e-61	175
6_126	2_1	28.571	91	61	3	1	88	3	92	8.86e-07	38.5
6_127	2_129	100.000	98	0	0	1	98	1	98	9.74e-67	191
6_128	2_130	100.000	207	0	0	1	207	1	207	5.35e-147	402
6_129	2_131	100.000	97	0	0	1	97	1	97	7.27e-67	191
6_130	2_413	99.785	465	1	0	1	465	1	465	0.0	927
6_131	2_327	99.510	204	1	0	1	204	1	204	5.95e-143	392
6_132	2_133	100.000	336	0	0	1	336	1	336	0.0	687
6_133	2_135	100.000	337	0	0	1	337	1	337	0.0	672
6_134	2_136	100.000	240	0	0	1	240	1	240	3.10e-178	484
6_135	2_137	100.000	419	0	0	1	419	1	419	0.0	828
6_135	2_275	35.433	127	57	2	160	261	6	132	1.49e-14	69.3
6_135	2_239	25.112	223	154	7	159	375	173	388	1.90e-04	37.7
6_135	2_511	35.000	60	27	2	159	214	113	164	6.56e-04	35.8
6_136	2_138	100.000	141	0	0	1	141	1	141	1.22e-99	277
6_137	2_139	100.000	242	0	0	1	242	1	242	8.58e-173	470
6_138	2_140	100.000	102	0	0	1	102	1	102	1.57e-71	203
6_139	2_141	100.000	179	0	0	1	179	1	179	3.49e-127	350
6_140	2_142	100.000	187	0	0	1	187	1	187	4.43e-132	363
6_141	2_321	99.638	276	1	0	1	276	1	276	0.0	542
6_142	2_512	99.396	331	2	0	1	331	1	331	0.0	663
6_143	2_145	100.000	455	0	0	1	455	1	455	0.0	930
6_144	2_146	100.000	257	0	0	1	257	1	257	0.0	518
6_145	2_147	100.000	276	0	0	1	276	1	276	0.0	564
6_146	2_318	99.758	414	1	0	1	414	1	414	0.0	828
6_147	2_317	99.020	102	1	0	1	102	1	102	5.33e-69	196
6_148	2_418	99.734	376	1	0	1	376	1	376	0.0	775
6_149	2_239	99.771	437	1	0	1	437	1	437	0.0	875
6_149	2_124	35.897	156	83	4	172	315	218	368	3.83e-20	86.7
6_149	2_124	29.032	124	83	4	6	126	220	341	3.45e-06	43.5
6_149	2_355	29.530	149	90	6	5	143	9	152	4.69e-09	52.0
6_149	2_355	35.593	59	38	0	173	231	9	67	4.21e-06	42.7
6_149	2_165	40.741	54	29	1	6	59	19	69	5.01e-06	41.6
6_149	2_165	28.415	183	118	5	157	338	5	175	6.63e-06	41.2
6_149	2_149	28.108	185	98	8	174	341	10	176	4.57e-05	40.0
6_149	2_511	33.846	65	33	4	5	65	113	171	2.67e-04	37.0
6_150	2_149	100.000	598	0	0	1	598	1	598	0.0	1210
6_150	2_151	36.898	187	106	4	2	183	6	185	1.18e-24	103
6_150	2_151	23.009	226	143	9	165	370	266	480	7.32e-07	46.6
6_150	2_151	22.599	177	118	5	322	480	509	684	3.29e-06	44.3
6_150	2_255	30.093	216	126	7	10	217	117	315	7.20e-17	78.6
6_150	2_49	27.083	288	181	10	8	272	20	301	4.46e-16	75.1
6_150	2_239	28.108	185	98	8	10	176	174	341	6.25e-05	40.0
6_151	2_150	100.000	323	0	0	1	323	1	323	0.0	657
6_152	2_151	100.000	694	0	0	1	694	1	694	0.0	1425
6_152	2_149	36.898	187	106	4	6	185	2	183	1.37e-24	103
6_152	2_149	23.009	226	143	9	266	480	165	370	8.50e-07	46.6
6_152	2_149	22.599	177	118	5	509	684	322	480	3.82e-06	44.3
6_152	2_255	37.008	127	62	2	13	139	116	224	9.16e-14	68.9
6_152	2_49	34.091	132	84	3	8	138	16	145	5.16e-13	65.9
6_153	2_152	100.000	141	0	0	1	141	1	141	5.99e-104	288
6_154	2_237	99.398	166	1	0	1	166	1	166	1.37e-116	322
6_155	2_153	100.000	457	0	0	1	457	1	457	0.0	936
6_155	2_298	26.351	148	100	5	159	302	335	477	1.27e-04	38.5
6_155	2_555	28.916	83	53	1	106	188	16	92	7.35e-04	34.3
6_156	2_154	100.000	427	0	0	1	427	1	427	0.0	847
6_157	2_316	99.569	232	1	0	1	232	1	232	3.05e-173	471
6_158	2_155	100.000	93	0	0	1	93	1	93	4.80e-68	193
6_159	2_156	100.000	259	0	0	1	259	1	259	0.0	514
6_160	2_157	100.000	144	0	0	1	144	1	144	8.29e-108	298
6_161	2_158	100.000	132	0	0	1	132	1	132	6.79e-95	264
6_162	2_479	99.310	145	1	0	1	145	1	145	1.17e-101	282
6_163	2_273	99.756	410	1	0	1	410	1	410	0.0	808
6_164	2_161	100.000	181	0	0	1	181	1	181	1.20e-134	369
6_165	2_162	100.000	46	0	0	1	46	1	46	2.32e-29	92.4
6_166	2_163	100.000	195	0	0	1	195	1	195	2.45e-144	394
6_167	2_347	99.592	245	1	0	1	245	1	245	2.50e-176	479
6_168	2_348	99.714	700	2	0	1	700	1	700	0.0	1419
6_169	2_166	100.000	457	0	0	1	457	1	457	0.0	937
6_170	2_167	100.000	316	0	0	1	316	1	316	0.0	625
6_171	2_233	99.580	238	1	0	1	238	1	238	6.57e-175	475
6_171	2_70	35.349	215	114	6	25	223	26	231	5.76e-24	94.4
6_171	2_70	32.051	78	53	0	136	213	407	484	3.44e-07	45.1
6_171	2_494	40.000	85	51	0	133	217	156	240	6.57e-17	72.8
6_171	2_195	28.444	225	136	8	22	223	143	365	9.50e-17	73.6
6_171	2_250	27.805	205	136	6	22	218	20	220	2.11e-15	68.6
6_171	2_429	25.676	222	145	6	5	212	6	221	4.96e-14	65.5
6_171	2_429	25.446	224	142	7	22	225	283	501	3.29e-09	51.2
6_171	2_253	32.353	102	68	1	133	233	278	379	1.88e-12	60.8
6_171	2_253	31.915	47	32	0	22	68	63	109	0.001	34.3
6_171	2_401	33.571	140	82	4	90	221	143	279	2.08e-12	60.5
6_171	2_294	30.108	93	64	1	133	224	616	708	6.43e-12	59.3
6_171	2_294	40.426	47	28	0	21	67	23	69	1.86e-07	45.8
6_171	2_283	32.292	96	63	2	127	221	500	594	1.68e-11	58.2
6_171	2_283	30.556	72	46	3	21	89	53	123	3.28e-04	35.8
6_171	2_340	29.596	223	136	8	8	221	4	214	4.04e-11	57.0
6_171	2_223	31.313	99	67	1	136	233	232	330	1.82e-10	54.7
6_171	2_375	29.630	189	109	7	38	212	500	678	1.83e-10	55.1
6_171	2_431	24.783	230	150	7	22	230	30	257	2.39e-10	54.3
6_171	2_560	31.544	149	93	4	24	167	6	150	3.26e-10	52.8
6_171	2_513	28.646	192	103	6	22	197	340	513	1.28e-09	52.4
6_171	2_482	31.522	184	108	8	24	198	354	528	1.95e-09	51.6
6_171	2_274	24.272	206	141	6	25	220	83	283	2.13e-09	51.2
6_171	2_280	27.000	200	123	7	22	211	17	203	8.84e-09	50.1
6_171	2_350	25.943	212	129	9	8	205	336	533	6.74e-07	44.3
6_171	2_339	27.174	184	109	7	24	196	19	188	6.79e-07	44.3
6_171	2_252	21.397	229	162	8	5	226	319	536	6.87e-07	43.9
6_171	2_252	22.363	237	149	6	5	213	1	230	1.09e-05	40.4
6_171	2_277	26.582	79	57	1	135	212	153	231	3.09e-06	41.6
6_171	2_338	25.414	181	122	5	22	197	342	514	3.99e-06	41.6
6_172	2_286	99.827	578	1	0	1	578	1	578	0.0	1159
6_173	2_169	100.000	127	0	0	1	127	1	127	2.16e-88	248
6_174	2_170	100.000	285	0	0	1	285	1	285	0.0	552
6_174	2_171	42.748	262	132	5	26	281	1	250	4.92e-54	171
6_174	2_176	42.786	201	111	2	84	280	43	243	6.49e-48	155
6_175	2_171	100.000	263	0	0	1	263	1	263	0.0	518
6_175	2_170	42.748	262	132	5	1	250	26	281	4.54e-54	171
6_175	2_176	38.976	254	139	5	1	249	1	243	3.93e-48	155
6_176	2_172	100.000	411	0	0	1	411	1	411	0.0	820
6_177	2_434	99.505	202	1	0	1	202	1	202	7.07e-145	396
6_178	2_291	99.795	487	1	0	1	487	1	487	0.0	968
6_179	2_173	100.000	457	0	0	1	457	1	457	0.0	926
6_179	2_320	37.168	452	279	4	2	450	7	456	1.83e-104	314
6_179	2_322	24.291	247	181	5	15	260	37	278	7.38e-08	48.9
6_179	2_287	22.819	298	203	11	119	402	116	400	3.36e-06	43.5
6_180	2_174	100.000	306	0	0	1	306	1	306	0.0	630
6_180	2_384	27.241	290	173	9	10	278	21	293	1.79e-21	87.0
6_180	2_207	22.939	279	185	10	9	277	5	263	2.28e-08	48.9
6_180	2_484	22.137	262	169	7	12	261	8	246	2.77e-06	42.7
6_180	2_450	27.397	73	51	1	7	79	2	72	3.90e-05	38.9
6_180	2_34	32.877	73	43	1	186	258	180	246	2.62e-04	36.2
6_181	2_176	100.000	245	0	0	1	245	1	245	0.0	491
6_181	2_171	38.976	254	139	5	1	243	1	249	3.66e-48	155
6_181	2_170	42.786	201	111	2	43	243	84	280	5.58e-48	155
6_182	2_178	100.000	77	0	0	1	77	1	77	1.96e-49	145
6_183	2_179	100.000	90	0	0	1	90	1	90	1.26e-61	177
6_184	2_180	100.000	156	0	0	1	156	1	156	1.35e-117	323
6_185	2_181	100.000	126	0	0	1	126	1	126	2.44e-88	247
6_186	2_182	100.000	174	0	0	1	174	1	174	6.42e-126	346
6_187	2_219	99.344	305	2	0	1	305	1	305	0.0	617
6_187	2_298	24.128	344	194	13	4	298	157	482	1.72e-04	37.4
6_188	2_231	99.359	156	1	0	1	156	1	156	3.88e-112	310
6_189	2_183	100.000	147	0	0	1	147	1	147	3.02e-106	294
6_190	2_184	100.000	87	0	0	1	87	1	87	2.05e-61	176
6_191	2_280	99.869	766	1	0	1	766	1	766	0.0	1509
6_191	2_339	30.788	812	476	21	1	766	1	772	2.42e-92	300
6_191	2_340	39.823	452	246	10	1	440	1	438	1.55e-89	290
6_191	2_340	33.588	131	87	0	636	766	516	646	1.64e-15	74.7
6_191	2_274	32.735	223	133	7	1	209	60	279	3.53e-24	98.6
6_191	2_429	24.324	259	168	9	1	232	6	263	1.81e-14	71.2
6_191	2_429	23.301	206	140	4	16	203	282	487	3.01e-06	44.7
6_191	2_494	27.014	211	127	7	17	201	23	232	1.94e-14	69.3
6_191	2_482	30.412	194	125	6	1	188	336	525	3.53e-13	67.0
6_191	2_70	29.630	216	130	6	2	201	8	217	3.88e-13	67.0
6_191	2_223	32.990	97	63	1	1	95	10	106	1.28e-09	55.5
6_191	2_513	27.230	213	130	7	1	199	324	525	2.69e-09	54.7
6_191	2_536	25.823	395	236	18	302	659	86	460	7.60e-09	53.1
6_191	2_338	28.708	209	138	6	2	204	327	530	8.15e-09	53.1
6_191	2_401	34.483	87	53	2	119	202	183	268	2.01e-08	51.6
6_191	2_560	33.557	149	76	7	34	171	21	157	2.97e-08	49.3
6_191	2_233	27.000	200	123	7	17	203	22	211	3.39e-08	49.7
6_191	2_283	30.357	112	75	2	2	111	39	149	3.39e-08	51.2
6_191	2_283	31.081	74	49	1	129	200	508	581	1.71e-05	42.4
6_191	2_195	25.561	223	120	8	15	198	141	356	1.01e-07	49.3
6_191	2_250	27.149	221	125	10	1	198	1	208	2.09e-07	47.8
6_191	2_277	29.545	88	59	2	115	200	141	227	4.44e-07	46.6
6_191	2_253	29.600	125	78	5	115	230	267	390	4.48e-07	47.4
6_191	2_294	30.476	105	65	2	129	225	619	723	5.87e-07	47.4
6_191	2_350	28.505	214	123	10	2	198	334	534	9.45e-07	46.6
6_191	2_252	26.027	219	131	9	1	204	319	521	1.39e-05	42.7
6_191	2_252	20.851	235	133	6	1	198	1	219	1.57e-05	42.4
6_191	2_431	32.051	78	51	1	122	197	155	232	1.44e-05	42.4
6_191	2_218	36.585	82	43	4	129	204	834	912	1.68e-05	42.7
6_191	2_218	31.068	103	61	4	93	190	460	557	0.001	37.0
6_191	2_375	24.638	207	127	6	13	195	468	669	9.18e-05	40.0
6_192	2_530	100.000	319	0	0	8	326	1	319	0.0	633
6_193	2_392	99.029	103	1	0	1	103	1	103	2.66e-69	197
6_194	2_187	100.000	93	0	0	1	93	1	93	6.75e-61	175
6_195	2_188	100.000	278	0	0	1	278	1	278	0.0	552
6_196	2_189	100.000	64	0	0	1	64	1	64	8.34e-41	122
6_197	2_191	100.000	136	0	0	1	136	1	136	5.62e-92	257
6_198	2_192	100.000	146	0	0	1	146	1	146	2.59e-102	284
6_199	2_193	100.000	127	0	0	1	127	1	127	1.92e-87	245
6_200	2_357	99.346	153	1	0	1	153	1	153	1.95e-107	298
6_201	2_194	100.000	143	0	0	1	143	1	143	1.84e-100	279
6_202	2_449	98.621	145	2	0	1	145	1	145	5.74e-105	291
6_203	2_195	100.000	469	0	0	1	469	1	469	0.0	967
6_203	2_431	40.361	332	194	3	116	447	5	332	1.47e-74	233
6_203	2_294	44.737	114	63	0	273	386	615	728	2.69e-30	119
6_203	2_294	31.579	95	60	2	153	247	34	123	2.78e-07	47.4
6_203	2_253	45.082	122	66	1	269	389	273	394	1.41e-28	112
6_203	2_253	35.185	108	53	4	139	239	59	156	1.62e-11	60.5
6_203	2_250	26.800	250	159	8	122	370	3	229	1.79e-18	80.1
6_203	2_233	28.444	225	136	8	143	365	22	223	3.88e-16	72.4
6_203	2_223	32.520	123	71	3	247	357	190	312	7.34e-15	70.9
6_203	2_283	32.432	111	74	1	274	384	505	614	7.51e-15	71.2
6_203	2_494	27.778	234	146	5	146	367	26	248	2.68e-14	68.2
6_203	2_274	30.769	195	114	7	146	336	81	258	3.13e-14	67.8
6_203	2_401	23.448	145	108	2	244	388	162	303	1.68e-11	60.1
6_203	2_429	25.424	236	134	10	143	363	22	230	1.68e-09	54.3
6_203	2_429	25.581	258	148	8	115	355	259	489	3.96e-08	49.7
6_203	2_277	26.033	242	156	9	122	354	4	231	3.30e-09	52.0
6_203	2_340	25.688	218	138	7	142	359	16	209	1.20e-08	51.6
6_203	2_70	28.444	225	127	11	145	358	23	224	2.38e-08	50.4
6_203	2_70	24.483	290	175	11	99	364	224	493	1.27e-05	42.0
6_203	2_280	25.561	223	120	8	141	356	15	198	4.80e-08	49.7
6_203	2_339	25.592	211	123	8	142	347	16	197	4.67e-06	43.5
6_203	2_252	23.913	184	111	6	142	308	16	187	1.08e-04	38.9
6_203	2_218	29.897	97	57	4	277	364	834	928	1.89e-04	38.1
6_204	2_196	100.000	151	0	0	1	151	1	151	1.09e-108	301
6_204	2_0	32.500	120	78	2	15	132	22	140	7.44e-11	52.0
6_205	2_197	100.000	113	0	0	1	113	1	113	7.11e-82	230
6_206	2_198	100.000	96	0	0	1	96	1	96	1.58e-68	195
6_207	2_199	100.000	1065	0	0	1	1065	1	1065	0.0	2137
6_207	2_417	26.625	323	183	13	623	907	917	1223	8.58e-14	70.5
6_207	2_417	37.383	107	59	3	297	397	281	385	5.06e-10	58.2
6_208	2_202	100.000	190	0	0	1	190	1	190	3.93e-143	391
6_209	2_203	100.000	331	0	0	1	331	1	331	0.0	660
6_210	2_204	100.000	203	0	0	1	203	1	203	7.05e-147	401
6_211	2_205	100.000	149	0	0	1	149	1	149	1.74e-111	308
6_212	2_244	99.375	160	1	0	1	160	1	160	5.30e-113	312
6_213	2_207	100.000	267	0	0	1	267	1	267	0.0	541
6_213	2_384	26.502	283	175	9	3	260	19	293	4.52e-16	71.2
6_213	2_484	32.895	228	137	8	1	219	1	221	4.19e-15	69.3
6_213	2_450	23.897	272	196	8	4	265	2	272	2.25e-11	57.4
6_213	2_174	22.968	283	187	11	2	263	5	277	1.52e-08	48.9
6_213	2_34	32.203	59	40	0	183	241	188	246	1.11e-04	37.4
6_214	2_208	100.000	90	0	0	1	90	1	90	1.90e-57	166
6_215	2_209	100.000	221	0	0	1	221	1	221	2.70e-164	447
6_216	2_211	100.000	70	0	0	1	70	1	70	3.07e-44	131
6_217	2_213	100.000	95	0	0	1	95	1	95	2.42e-67	192
6_218	2_215	100.000	699	0	0	1	699	1	699	0.0	1417
6_218	2_496	25.878	769	431	26	16	692	6	727	1.35e-44	165
6_219	2_216	100.000	181	0	0	1	181	1	181	8.06e-131	359
6_220	2_534	99.438	178	1	0	86	263	1	178	5.10e-130	360
6_220	2_535	97.917	48	1	0	1	48	19	66	1.76e-27	96.3
6_221	2_217	100.000	232	0	0	1	232	1	232	5.78e-171	465
6_222	2_218	100.000	947	0	0	1	947	1	947	0.0	1932
6_222	2_250	29.801	151	85	7	783	928	90	224	3.74e-07	47.4
6_222	2_339	39.130	92	47	4	820	908	115	200	6.62e-07	47.4
6_222	2_339	28.571	147	88	6	416	562	64	193	1.55e-04	39.7
6_222	2_494	32.051	78	50	1	820	897	145	219	1.34e-06	45.8
6_222	2_494	30.000	80	54	1	479	558	145	222	6.12e-06	43.5
6_222	2_280	36.585	82	43	4	834	912	129	204	1.80e-05	42.7
6_222	2_340	36.905	84	44	4	826	906	121	198	1.76e-04	39.7
6_222	2_253	25.168	298	194	12	628	907	63	349	1.89e-04	39.3
6_222	2_294	33.333	102	63	3	476	574	602	701	2.15e-04	39.3
6_222	2_223	38.667	75	43	2	485	558	224	296	2.30e-04	38.9
6_222	2_195	29.897	97	57	4	834	928	277	364	4.12e-04	38.1
6_222	2_431	29.825	114	68	5	833	943	161	265	4.80e-04	37.7
6_222	2_429	24.737	190	120	8	481	655	129	310	5.46e-04	37.7
6_223	2_220	100.000	242	0	0	1	242	1	242	1.66e-178	484
6_224	2_223	100.000	444	0	0	1	444	1	444	0.0	887
6_224	2_401	30.725	345	183	9	8	341	5	304	4.08e-38	137
6_224	2_283	38.624	189	111	4	205	390	481	667	3.84e-35	133
6_224	2_283	47.423	97	51	0	11	107	39	135	7.00e-23	96.3
6_224	2_253	26.786	392	248	11	10	379	43	417	4.14e-23	95.9
6_224	2_294	32.117	137	92	1	199	334	585	721	2.89e-20	88.2
6_224	2_294	40.541	37	22	0	20	56	18	54	6.08e-04	36.6
6_224	2_494	35.616	146	81	5	214	355	140	276	2.31e-17	77.0
6_224	2_494	25.962	104	55	3	24	106	21	123	7.11e-05	38.9
6_224	2_195	32.520	123	71	3	190	312	247	357	5.61e-15	71.2
6_224	2_250	34.545	110	71	1	212	321	118	226	4.50e-13	63.9
6_224	2_250	26.050	119	79	3	22	137	16	128	1.82e-05	40.8
6_224	2_274	36.170	94	54	2	24	111	78	171	9.15e-12	60.5
6_224	2_274	36.585	82	51	1	230	311	197	277	4.93e-10	55.1
6_224	2_429	30.147	136	88	4	202	333	112	244	6.76e-11	58.5
6_224	2_429	28.431	102	68	3	10	106	6	107	3.11e-08	50.1
6_224	2_429	25.287	87	64	1	224	310	404	489	3.83e-05	40.0
6_224	2_233	31.313	99	67	1	232	330	136	233	3.66e-10	54.7
6_224	2_280	32.990	97	63	1	10	106	1	95	6.82e-10	55.5
6_224	2_431	28.030	132	92	1	204	332	131	262	8.94e-10	54.3
6_224	2_277	31.313	99	68	0	211	309	133	231	5.08e-09	51.6
6_224	2_339	32.394	142	92	3	211	351	107	245	9.51e-09	52.0
6_224	2_339	32.955	88	57	1	16	103	7	92	1.04e-08	52.0
6_224	2_340	31.915	94	62	1	10	103	1	92	1.14e-08	51.6
6_224	2_340	39.535	86	46	3	229	312	126	207	2.27e-08	50.4
6_224	2_513	36.232	69	44	0	10	78	324	392	1.59e-07	47.8
6_224	2_513	32.710	107	55	3	193	293	419	514	6.72e-06	42.7
6_224	2_70	30.488	82	54	2	232	312	407	486	3.48e-07	46.6
6_224	2_70	28.333	60	43	0	11	70	8	67	3.78e-04	37.0
6_224	2_482	30.769	78	53	1	1	77	327	404	5.58e-06	42.7
6_224	2_482	35.294	68	41	1	229	296	464	528	4.89e-05	40.0
6_224	2_252	31.765	85	54	1	226	310	150	230	1.62e-05	41.6
6_224	2_252	27.586	58	42	0	10	67	1	58	2.09e-05	41.2
6_224	2_338	32.787	61	41	0	11	71	327	387	3.27e-05	40.4
6_224	2_218	38.667	75	43	2	224	296	485	558	1.16e-04	38.9
6_224	2_560	36.471	85	48	3	185	263	66	150	1.18e-04	37.7
6_225	2_224	100.000	446	0	0	1	446	1	446	0.0	892
6_226	2_424	99.675	308	1	0	1	308	1	308	0.0	580
6_227	2_430	100.000	75	0	0	1	75	1	75	4.88e-47	154
6_228	2_230	100.000	184	0	0	1	184	1	184	4.66e-136	372
6_229	2_435	99.541	218	1	0	1	218	1	218	3.57e-161	439
6_230	2_436	99.585	241	1	0	1	241	1	241	4.85e-180	488
6_231	2_165	99.432	176	1	0	1	176	1	176	2.59e-130	357
6_231	2_239	40.741	54	29	1	19	69	6	59	2.02e-06	41.6
6_231	2_239	28.415	183	118	5	5	175	157	338	2.90e-06	40.8
6_231	2_355	39.344	61	33	3	19	76	10	69	1.46e-04	35.8
6_232	2_238	100.000	76	0	0	1	76	1	76	2.76e-50	147
6_233	2_240	100.000	600	0	0	1	600	1	600	0.0	1198
6_234	2_241	100.000	517	0	0	1	517	1	517	0.0	1008
6_235	2_243	100.000	120	0	0	1	120	1	120	4.27e-85	238
6_236	2_134	99.856	694	1	0	1	694	1	694	0.0	1389
6_237	2_177	98.333	120	2	0	1	120	1	120	9.86e-84	235
6_238	2_8	99.701	335	1	0	1	335	1	335	0.0	662
6_239	2_331	99.383	324	2	0	1	324	1	324	0.0	662
6_239	2_332	41.846	325	176	7	7	324	7	325	7.08e-57	182
6_239	2_272	22.941	340	195	13	1	296	321	637	2.15e-09	53.1
6_240	2_16	99.688	321	1	0	1	321	1	321	0.0	622
6_241	2_337	99.528	212	1	0	1	212	1	212	5.58e-148	405
6_242	2_245	100.000	222	0	0	1	222	1	222	5.83e-163	444
6_243	2_390	99.753	1216	3	0	1	1216	1	1216	0.0	2392
6_244	2_466	99.779	452	1	0	1	452	1	452	0.0	919
6_245	2_249	100.000	332	0	0	1	332	1	332	0.0	662
6_246	2_250	100.000	272	0	0	1	272	1	272	0.0	542
6_246	2_494	34.188	234	133	6	19	232	22	254	9.10e-35	122
6_246	2_482	35.204	196	109	5	16	205	348	531	2.29e-19	82.0
6_246	2_195	26.800	250	159	8	3	229	122	370	7.34e-19	80.5
6_246	2_431	31.330	233	127	7	19	227	29	252	1.10e-18	79.3
6_246	2_274	28.636	220	132	4	19	225	79	286	1.57e-18	78.2
6_246	2_233	27.805	205	136	6	20	220	22	218	2.66e-15	68.2
6_246	2_294	36.275	102	64	1	127	227	608	709	2.66e-15	70.1
6_246	2_294	33.333	75	43	3	23	91	27	100	2.55e-04	36.6
6_246	2_350	30.189	212	132	8	2	208	334	534	2.16e-14	67.4
6_246	2_513	32.057	209	122	8	1	204	324	517	3.52e-14	66.6
6_246	2_340	31.081	222	129	11	1	215	1	205	8.96e-14	65.5
6_246	2_223	34.545	110	71	1	118	226	212	321	2.76e-13	63.9
6_246	2_223	26.050	119	79	3	16	128	22	137	1.12e-05	40.8
6_246	2_338	32.353	204	117	11	2	200	327	514	2.90e-13	63.9
6_246	2_283	31.776	107	72	1	116	221	486	592	3.38e-13	63.9
6_246	2_283	31.915	94	55	3	16	106	50	137	3.94e-06	42.4
6_246	2_252	27.778	198	108	5	16	185	13	203	1.11e-12	62.0
6_246	2_429	27.273	220	125	10	19	218	21	225	1.98e-12	61.2
6_246	2_429	25.541	231	157	8	1	218	264	492	3.36e-06	42.4
6_246	2_253	32.500	120	77	3	104	219	244	363	2.48e-12	60.8
6_246	2_70	32.143	196	124	6	28	217	31	223	5.49e-12	60.1
6_246	2_401	24.221	289	161	9	2	236	8	292	3.56e-11	57.4
6_246	2_277	26.848	257	156	9	1	240	9	250	1.75e-08	48.5
6_246	2_339	23.618	199	141	6	16	212	13	202	3.29e-08	48.9
6_246	2_280	27.149	221	125	10	1	208	1	198	7.44e-08	47.8
6_246	2_218	29.801	151	85	7	90	224	783	928	1.16e-07	47.0
6_246	2_375	24.757	206	130	7	2	197	470	660	1.35e-07	47.0
6_246	2_560	32.867	143	73	7	37	169	21	150	1.42e-06	42.4
6_247	2_251	100.000	320	0	0	1	320	1	320	0.0	627
6_248	2_252	100.000	538	0	0	1	538	1	538	0.0	1101
6_248	2_340	25.641	234	141	6	1	230	1	205	1.11e-12	64.7
6_248	2_340	28.571	210	133	8	319	519	1	202	1.15e-09	55.1
6_248	2_250	27.778	198	108	5	13	203	16	185	2.19e-12	62.0
6_248	2_339	22.993	274	175	5	1	272	1	240	5.89e-11	59.3
6_248	2_339	24.645	211	138	8	319	518	1	201	5.38e-06	43.5
6_248	2_513	28.342	187	110	5	1	187	324	486	1.90e-10	57.4
6_248	2_70	26.271	236	145	9	2	230	8	221	6.49e-10	55.8
6_248	2_70	32.432	74	47	2	453	523	149	222	3.41e-04	37.4
6_248	2_482	23.853	218	133	6	1	213	336	525	6.08e-09	52.8
6_248	2_350	44.898	49	27	0	13	61	346	394	9.15e-08	48.9
6_248	2_429	24.599	187	125	4	1	187	6	176	5.52e-07	46.6
6_248	2_283	35.088	57	37	0	2	58	39	95	6.77e-07	46.2
6_248	2_283	23.810	84	60	1	152	231	504	587	3.48e-05	40.8
6_248	2_494	24.286	210	127	6	20	213	26	219	7.96e-07	45.4
6_248	2_233	21.397	229	162	8	319	536	5	226	1.41e-06	44.3
6_248	2_233	22.363	237	149	6	1	230	5	213	2.42e-05	40.4
6_248	2_280	26.027	219	131	9	319	521	1	204	6.60e-06	43.1
6_248	2_280	20.851	235	133	6	1	219	1	198	8.39e-06	42.7
6_248	2_338	35.185	54	35	0	10	63	335	388	7.89e-06	42.7
6_248	2_223	31.765	85	54	1	150	230	226	310	1.97e-05	41.6
6_248	2_223	27.586	58	42	0	1	58	10	67	2.53e-05	41.2
6_248	2_277	22.511	231	149	6	320	525	10	235	4.50e-05	39.7
6_248	2_277	21.577	241	139	6	14	233	24	235	2.07e-04	37.7
6_248	2_195	23.913	184	111	6	16	187	142	308	1.07e-04	39.3
6_248	2_401	27.174	92	64	1	443	534	188	276	3.46e-04	37.4
6_248	2_375	25.126	199	105	10	32	217	499	666	4.87e-04	37.0
6_248	2_294	28.169	71	47	1	449	515	620	690	6.47e-04	37.0
6_249	2_254	100.000	254	0	0	1	254	1	254	0.0	523
6_250	2_255	100.000	599	0	0	1	599	1	599	0.0	1221
6_250	2_149	30.093	216	126	7	117	315	10	217	6.11e-17	78.6
6_250	2_151	37.008	127	62	2	116	224	13	139	8.05e-14	68.9
6_250	2_49	32.099	162	90	3	116	257	21	182	2.50e-13	66.6
6_251	2_201	99.623	265	1	0	3	267	2	266	0.0	506
6_252	2_374	99.824	569	1	0	1	569	1	569	0.0	1100
6_252	2_71	30.556	216	124	4	79	285	18	216	9.76e-12	60.8
6_253	2_390	26.623	154	99	6	7	151	1054	1202	1.51e-04	35.8
6_254	2_263	100.000	174	0	0	1	174	1	174	1.37e-130	358
6_255	2_122	99.559	227	1	0	1	227	1	227	7.80e-167	454
6_256	2_265	100.000	214	0	0	1	214	1	214	1.59e-157	429
6_257	2_266	100.000	107	0	0	1	107	1	107	2.33e-72	205
6_258	2_268	100.000	212	0	0	1	212	1	212	9.43e-157	427
6_259	2_269	100.000	120	0	0	1	120	1	120	5.22e-88	246
6_260	2_270	100.000	236	0	0	1	236	1	236	1.77e-172	469
6_260	2_442	33.824	136	63	8	4	113	16	150	3.40e-06	41.6
6_261	2_358	99.738	381	1	0	1	381	1	381	0.0	752
6_262	2_353	99.298	285	2	0	1	285	1	285	0.0	566
6_263	2_343	99.747	790	2	0	1	790	1	790	0.0	1605
6_263	2_326	22.941	340	205	10	393	701	440	753	1.28e-14	72.4
6_263	2_326	23.563	174	120	3	8	169	27	199	6.23e-09	53.9
6_263	2_336	24.103	195	101	6	398	592	393	540	4.60e-12	63.9
6_263	2_336	27.174	184	113	4	3	168	6	186	1.38e-08	52.8
6_263	2_380	34.444	90	58	1	29	118	3	91	6.96e-08	50.1
6_263	2_380	33.000	100	59	3	513	612	264	355	1.74e-07	48.9
6_264	2_272	100.000	665	0	0	1	665	1	665	0.0	1345
6_264	2_331	23.235	340	194	13	321	637	1	296	1.41e-09	54.7
6_264	2_332	28.452	239	134	10	325	557	9	216	1.56e-08	51.2
6_265	2_345	99.559	227	1	0	1	227	1	227	4.90e-163	444
6_266	2_445	98.773	163	2	0	1	163	1	163	2.62e-117	323
6_267	2_276	100.000	260	0	0	1	260	1	260	0.0	521
6_268	2_277	100.000	256	0	0	1	256	1	256	0.0	509
6_268	2_253	34.711	121	77	2	126	244	251	371	2.26e-16	72.8
6_268	2_401	26.071	280	162	5	8	244	6	283	3.79e-16	72.0
6_268	2_274	27.358	212	142	4	5	213	56	258	1.22e-15	69.7
6_268	2_294	30.508	118	73	2	134	250	598	707	3.50e-14	66.6
6_268	2_339	27.136	199	126	4	28	225	18	198	2.91e-13	63.9
6_268	2_429	24.138	232	162	10	27	252	22	245	3.19e-12	60.5
6_268	2_429	22.566	226	163	6	12	230	267	487	5.97e-09	50.4
6_268	2_195	25.203	246	153	8	4	231	122	354	1.92e-11	58.2
6_268	2_250	27.237	257	155	9	9	250	1	240	6.82e-11	55.8
6_268	2_494	31.646	79	53	1	153	231	158	235	1.86e-10	54.7
6_268	2_340	25.664	226	139	7	24	245	14	214	2.04e-10	55.1
6_268	2_283	33.766	77	51	0	154	230	508	584	2.73e-09	51.6
6_268	2_283	29.885	87	55	2	27	112	54	135	1.81e-04	37.0
6_268	2_223	31.313	99	68	0	133	231	211	309	2.80e-09	51.6
6_268	2_431	27.083	240	148	10	6	231	13	239	1.47e-08	49.3
6_268	2_280	23.188	207	138	6	23	227	13	200	3.40e-08	48.5
6_268	2_70	24.074	216	151	7	20	231	14	220	5.00e-08	47.8
6_268	2_70	24.180	244	146	10	30	251	277	503	1.78e-05	40.0
6_268	2_482	26.699	206	131	7	9	212	336	523	7.42e-08	47.4
6_268	2_233	22.831	219	137	7	22	231	17	212	2.43e-06	42.0
6_268	2_252	22.271	229	152	6	10	235	320	525	3.03e-06	42.4
6_268	2_252	21.992	241	138	8	24	235	14	233	2.78e-05	39.3
6_268	2_375	28.333	180	105	7	40	212	497	659	3.19e-05	39.3
6_268	2_513	21.053	209	141	7	9	214	324	511	2.72e-04	36.2
6_268	2_218	28.889	90	53	4	136	218	815	900	3.45e-04	36.2
6_268	2_350	24.312	218	127	10	8	214	332	522	3.75e-04	35.8
6_269	2_278	100.000	158	0	0	1	158	1	158	1.02e-115	319
6_270	2_281	100.000	188	0	0	1	188	1	188	1.47e-134	369
6_271	2_3	99.714	350	1	0	1	350	1	350	0.0	715
6_272	2_405	98.347	121	2	0	1	121	1	121	1.25e-78	222
6_273	2_499	100.000	217	0	0	4	220	1	217	1.82e-156	427
6_273	2_542	21.818	220	157	6	1	220	105	309	5.35e-06	40.8
6_274	2_175	99.723	361	1	0	1	361	1	361	0.0	734
6_275	2_296	100.000	351	0	0	1	351	1	351	0.0	685
6_275	2_125	27.358	318	207	7	6	316	61	361	8.46e-23	92.8
6_276	2_303	100.000	429	0	0	1	429	1	429	0.0	864
6_277	2_304	100.000	175	0	0	1	175	1	175	7.56e-126	346
6_278	2_306	100.000	274	0	0	1	274	1	274	0.0	539
6_278	2_423	24.551	167	116	4	73	233	75	237	6.23e-05	38.1
6_279	2_222	99.689	322	1	0	1	322	1	322	0.0	649
6_280	2_310	100.000	88	0	0	1	88	1	88	6.78e-60	172
6_281	2_236	99.779	452	1	0	1	452	1	452	0.0	883
6_282	2_323	100.000	385	0	0	1	385	1	385	0.0	749
6_283	2_324	100.000	402	0	0	1	402	1	402	0.0	799
6_284	2_472	99.265	408	3	0	1	408	1	408	0.0	818
6_285	2_362	100.000	297	0	0	1	297	1	297	0.0	578
6_286	2_364	100.000	695	0	0	1	695	1	695	0.0	1379
6_287	2_452	100.000	63	0	0	1	63	3	65	5.54e-42	125
6_288	2_365	100.000	892	0	0	1	892	1	892	0.0	1802
6_289	2_458	99.832	594	1	0	1	594	1	594	0.0	1187
6_289	2_259	28.413	630	325	21	34	582	29	613	4.58e-44	162
6_290	2_376	100.000	210	0	0	1	210	1	210	6.11e-154	420
6_290	2_98	25.654	191	131	5	18	201	28	214	4.74e-10	52.0
6_291	2_379	100.000	256	0	0	1	256	1	256	0.0	510
6_292	2_381	100.000	289	0	0	1	289	1	289	0.0	558
6_293	2_492	98.621	145	2	0	1	145	1	145	8.21e-102	283
6_294	2_395	100.000	270	0	0	1	270	1	270	0.0	546
6_295	2_469	99.444	720	4	0	1	720	1	720	0.0	1476
6_296	2_398	100.000	380	0	0	1	380	1	380	0.0	775
6_297	2_443	100.000	194	0	0	1	194	1	194	9.65e-144	393
6_297	2_56	38.509	161	94	3	4	160	3	162	6.37e-28	99.4
6_298	2_453	100.000	344	0	0	1	344	1	344	0.0	681
6_298	2_335	24.606	317	175	11	64	333	46	345	1.70e-05	40.4
6_299	2_455	100.000	490	0	0	1	490	1	490	0.0	961
6_300	2_482	100.000	539	0	0	1	539	1	539	0.0	1047
6_300	2_560	62.434	189	71	0	351	539	3	191	2.73e-63	200
6_300	2_513	29.981	537	342	13	7	533	8	520	2.03e-48	171
6_300	2_338	31.132	212	136	3	331	538	321	526	2.22e-30	119
6_300	2_350	38.462	221	128	7	322	538	320	536	1.55e-29	117
6_300	2_250	35.204	196	109	5	348	531	16	205	5.27e-19	82.0
6_300	2_340	29.717	212	130	8	336	539	1	201	4.00e-15	72.8
6_300	2_280	30.412	194	125	6	336	525	1	188	3.64e-13	66.6
6_300	2_339	26.415	212	137	7	336	539	1	201	5.63e-12	62.8
6_300	2_375	31.138	167	94	7	369	522	501	659	7.47e-10	55.8
6_300	2_233	31.522	184	108	8	354	528	24	198	4.84e-09	51.6
6_300	2_252	23.853	218	133	6	336	525	1	213	7.38e-09	52.4
6_300	2_70	31.694	183	103	8	355	522	26	201	2.76e-08	50.4
6_300	2_274	25.510	196	125	7	351	532	79	267	7.75e-08	48.5
6_300	2_294	38.983	59	33	1	467	522	619	677	6.14e-07	46.6
6_300	2_283	27.778	90	61	2	452	538	493	581	1.33e-06	45.4
6_300	2_401	29.412	85	52	2	441	522	172	251	4.47e-06	43.5
6_300	2_223	30.769	78	53	1	327	404	1	77	8.27e-06	42.7
6_300	2_223	35.294	68	41	1	464	528	229	296	6.70e-05	39.7
6_300	2_431	29.126	206	116	11	351	532	29	228	1.03e-05	42.0
6_300	2_277	26.699	206	131	7	336	523	9	212	4.20e-05	39.7
6_300	2_253	38.983	59	33	1	467	522	281	339	5.78e-05	40.0
6_301	2_489	100.000	65	0	0	1	65	1	65	5.19e-45	133
6_302	2_543	98.947	95	1	0	1	95	10	104	2.20e-63	182
6_302	2_473	45.263	95	45	3	1	95	16	103	9.75e-19	70.1
6_303	2_429	99.609	512	2	0	1	512	1	512	0.0	1016
6_303	2_70	30.273	512	328	14	11	511	12	505	8.98e-54	184
6_303	2_280	23.938	259	169	9	6	263	1	232	1.37e-14	70.9
6_303	2_280	23.301	206	140	4	282	487	16	203	1.62e-06	45.1
6_303	2_274	25.108	231	157	8	6	228	60	282	6.01e-14	67.4
6_303	2_274	30.263	76	53	0	412	487	199	274	1.92e-04	37.7
6_303	2_339	25.592	211	143	5	6	215	1	198	8.11e-14	68.6
6_303	2_339	26.020	196	127	5	277	472	11	188	2.89e-10	57.0
6_303	2_233	25.676	222	145	6	6	221	5	212	8.44e-14	65.9
6_303	2_233	25.446	224	142	7	283	501	22	225	6.77e-09	51.2
6_303	2_340	25.688	218	140	7	20	235	15	212	2.51e-13	66.6
6_303	2_340	27.753	227	134	7	282	505	16	215	7.20e-13	65.5
6_303	2_250	27.273	220	125	10	21	225	19	218	4.25e-12	61.2
6_303	2_250	25.541	231	157	8	264	492	1	218	7.36e-06	42.0
6_303	2_494	24.576	236	141	7	13	223	14	237	4.88e-12	61.2
6_303	2_494	27.928	222	131	9	286	489	26	236	5.86e-12	61.2
6_303	2_277	24.464	233	160	7	22	245	27	252	1.53e-11	59.3
6_303	2_277	21.875	224	167	5	267	487	12	230	1.00e-07	47.8
6_303	2_223	30.147	136	88	4	112	244	202	333	7.94e-11	58.5
6_303	2_223	28.431	102	68	3	6	107	10	106	3.56e-08	50.1
6_303	2_223	25.287	87	64	1	404	489	224	310	4.53e-05	40.0
6_303	2_253	36.634	101	54	3	129	223	264	360	8.80e-11	58.2
6_303	2_253	35.443	79	50	1	412	489	281	359	3.91e-07	46.6
6_303	2_253	41.071	56	29	1	6	57	43	98	6.46e-06	42.7
6_303	2_283	34.409	93	54	2	402	490	498	587	1.58e-10	57.8
6_303	2_283	29.213	89	58	2	133	220	500	584	8.73e-08	49.3
6_303	2_283	29.348	92	54	4	16	104	48	131	7.80e-07	46.2
6_303	2_513	29.545	220	114	7	2	206	320	513	2.15e-10	57.4
6_303	2_401	23.420	269	153	9	29	246	30	296	8.50e-10	55.1
6_303	2_401	32.609	92	57	2	399	489	184	271	9.40e-07	45.4
6_303	2_195	25.424	236	134	10	22	230	143	363	1.29e-09	54.7
6_303	2_195	25.296	253	145	8	262	487	118	353	5.01e-08	49.7
6_303	2_294	30.097	103	62	3	129	225	602	700	4.88e-08	50.1
6_303	2_294	27.723	101	72	1	410	509	617	717	1.48e-05	42.0
6_303	2_252	24.599	187	125	4	6	176	1	187	4.94e-07	46.6
6_303	2_431	26.267	217	134	9	32	230	40	248	4.15e-06	43.1
6_303	2_431	33.333	81	53	1	410	489	160	240	6.09e-05	39.7
6_303	2_560	25.000	160	108	5	22	179	4	153	5.71e-06	41.6
6_303	2_375	22.353	170	119	4	37	202	499	659	3.06e-05	40.8
6_303	2_350	26.230	183	118	8	37	215	365	534	5.84e-04	36.6
6_303	2_218	27.184	103	72	1	373	472	795	897	7.32e-04	36.6
6_304	2_478	99.248	133	1	0	1	133	1	133	1.73e-92	258
6_305	2_360	99.174	121	1	0	1	121	1	121	1.06e-87	245
6_306	2_450	99.275	276	2	0	1	276	1	276	0.0	563
6_306	2_384	26.894	264	165	9	5	249	21	275	1.02e-13	64.7
6_306	2_207	23.897	272	196	8	2	272	4	265	8.90e-12	58.5
6_306	2_34	23.704	270	160	9	1	248	1	246	8.99e-06	40.4
6_306	2_174	27.397	73	51	1	2	72	7	79	4.69e-05	38.5
6_306	2_484	26.316	228	142	10	7	224	8	219	5.77e-04	35.4
6_307	2_394	99.855	690	1	0	1	690	1	690	0.0	1370
6_308	2_490	99.902	1018	1	0	1	1018	1	1018	0.0	1979
6_308	2_420	26.606	1090	680	33	6	1015	1	1050	2.03e-80	278
6_308	2_477	32.867	286	182	5	11	289	3	285	1.82e-34	137
6_308	2_477	30.928	291	137	10	545	783	740	1018	2.35e-23	101
6_308	2_477	32.231	121	72	5	361	474	477	594	1.75e-05	43.1
6_308	2_525	27.083	240	153	8	18	255	34	253	2.70e-10	58.9
6_308	2_519	22.016	754	437	29	11	657	2	711	2.12e-09	56.2
6_308	2_312	25.112	446	278	14	14	436	18	430	1.23e-07	50.1
6_309	2_69	99.457	184	1	0	1	184	1	184	6.20e-136	372
6_310	2_81	98.851	87	1	0	1	87	1	87	9.83e-62	177
6_311	2_397	99.492	197	1	0	1	197	1	197	1.33e-133	367
6_312	2_416	99.532	641	3	0	1	641	1	641	0.0	1280
6_312	2_39	44.131	639	334	9	3	626	5	635	6.90e-168	489
6_313	2_82	99.688	321	1	0	1	321	1	321	0.0	641
6_313	2_556	41.379	58	30	1	8	65	13	66	1.43e-07	47.4
6_314	2_90	98.990	99	1	0	1	99	1	99	3.09e-68	194
6_315	2_465	99.675	615	2	0	1	615	1	615	0.0	1265
6_316	2_31	99.685	317	1	0	1	317	1	317	0.0	641
6_317	2_64	99.556	225	1	0	1	225	1	225	1.08e-162	443
6_318	2_322	99.803	507	1	0	1	507	1	507	0.0	1012
6_318	2_287	43.385	325	173	6	125	444	105	423	1.41e-74	239
6_318	2_320	26.757	370	260	7	58	421	44	408	3.45e-26	105
6_318	2_173	24.291	247	181	5	37	278	15	260	7.90e-08	48.9
6_319	2_320	99.575	471	2	0	1	471	1	471	0.0	950
6_319	2_173	37.168	452	279	4	7	456	2	450	4.23e-104	313
6_319	2_322	27.027	370	259	7	44	408	58	421	1.19e-26	107
6_319	2_287	22.712	295	216	6	63	348	49	340	5.17e-08	49.3
6_320	2_143	98.758	161	2	0	1	161	1	161	5.61e-117	322
6_321	2_242	99.673	306	1	0	1	306	1	306	0.0	605
6_322	2_144	99.545	440	2	0	1	440	1	440	0.0	874
6_322	2_9	36.269	193	110	4	101	283	125	314	2.44e-26	103
6_323	2_319	99.711	691	2	0	1	691	1	691	0.0	1388
6_324	2_417	99.369	1584	10	0	1	1584	1	1584	0.0	3112
6_324	2_199	26.791	321	181	13	919	1223	625	907	6.17e-14	71.6
6_324	2_199	37.383	107	59	3	281	385	297	397	1.02e-05	44.7
6_325	2_148	99.559	227	1	0	1	227	1	227	2.57e-169	460
6_326	2_315	99.499	999	3	1	1	999	1	997	0.0	2006
6_326	2_501	51.282	78	38	0	381	458	2	79	2.23e-22	86.7
6_327	2_235	98.739	238	3	0	1	238	1	238	2.13e-171	466
6_328	2_314	99.391	821	5	0	1	821	1	821	0.0	1653
6_328	2_330	22.179	514	380	10	10	510	6	512	1.36e-31	126
6_329	2_313	82.107	503	47	5	1	482	1	481	0.0	740
6_330	2_36	99.408	169	1	0	1	169	1	169	1.51e-120	332
6_331	2_312	98.987	1086	11	0	1	1086	1	1086	0.0	2115
6_331	2_420	25.111	450	275	16	23	431	12	440	5.06e-09	54.7
6_331	2_490	24.947	469	294	15	18	451	14	459	8.80e-08	50.8
6_331	2_477	23.077	221	145	5	31	226	14	234	6.46e-05	41.2
6_331	2_525	26.667	255	162	9	25	260	29	277	1.17e-04	40.4
6_331	2_519	22.944	462	296	16	16	430	5	453	1.73e-04	40.0
6_332	2_311	99.711	692	2	0	1	692	1	692	0.0	1369
6_333	2_221	99.296	142	1	0	1	142	1	142	5.93e-98	273
6_334	2_518	97.505	1082	15	3	1	1072	1	1080	0.0	2110
6_334	2_491	28.914	709	449	15	1	699	1	664	2.92e-71	245
6_334	2_476	29.679	374	211	11	5	335	7	371	3.60e-30	123
6_334	2_476	27.004	237	130	12	572	778	751	974	4.08e-06	45.4
6_334	2_552	32.407	108	67	2	60	161	1	108	9.29e-09	53.9
6_334	2_402	26.941	219	124	7	17	201	9	225	6.19e-08	51.2
6_335	2_420	95.133	1089	12	4	1	1078	1	1059	0.0	2032
6_335	2_490	27.238	1061	650	33	1	1014	6	991	1.24e-82	285
6_335	2_477	31.988	322	208	5	4	322	1	314	2.68e-43	166
6_335	2_477	25.926	297	177	9	521	777	723	1016	6.62e-15	73.9
6_335	2_477	35.088	114	70	4	357	468	472	583	3.88e-10	58.5
6_335	2_519	24.729	554	306	21	6	496	4	509	5.90e-14	71.2
6_335	2_525	23.762	404	244	14	15	394	31	394	2.18e-12	65.9
6_335	2_312	23.414	457	274	16	12	440	23	431	5.47e-08	51.2
6_336	2_309	99.618	524	2	0	1	524	1	524	0.0	1016
6_336	2_486	24.301	465	302	18	9	462	4	429	2.17e-13	67.0
6_337	2_308	99.733	374	1	0	1	374	1	374	0.0	774
6_338	2_421	99.201	1376	7	1	1	1372	1	1376	0.0	2679
6_338	2_301	68.032	1392	418	7	1	1372	1	1385	0.0	1834
6_339	2_422	84.960	379	47	2	10	382	6	380	0.0	578
6_340	2_422	55.024	209	91	2	3	211	174	379	5.48e-57	180
6_342	2_305	99.640	278	1	0	1	278	1	278	0.0	539
6_342	2_261	27.350	117	73	3	110	226	48	152	1.55e-06	42.7
6_342	2_261	30.894	123	73	4	121	243	35	145	2.83e-05	38.9
6_343	2_425	98.714	1477	12	1	1	1470	1	1477	0.0	2949
6_343	2_372	22.222	720	356	26	789	1426	188	785	1.86e-17	82.8
6_344	2_426	98.165	109	2	0	1	109	41	149	8.22e-73	208
6_344	2_328	32.812	64	42	1	38	100	79	142	1.58e-05	36.6
6_345	2_225	99.883	856	1	0	1	856	1	856	0.0	1718
6_345	2_325	35.562	703	425	12	56	746	12	698	1.04e-129	404
6_345	2_325	25.000	132	88	5	727	854	582	706	3.62e-04	38.5
6_346	2_427	98.707	232	3	0	1	232	1	232	2.13e-161	441
6_347	2_48	99.885	872	1	0	1	872	1	872	0.0	1763
6_348	2_302	99.495	1982	10	0	1	1982	1	1982	0.0	3857
6_348	2_551	30.460	870	556	19	45	884	8	858	2.39e-93	320
6_348	2_514	35.264	397	210	11	60	425	37	417	1.11e-53	194
6_349	2_301	99.784	1386	3	0	1	1386	1	1386	0.0	2735
6_349	2_421	67.960	1392	423	6	1	1385	1	1376	0.0	1814
6_350	2_300	99.671	607	2	0	1	607	1	607	0.0	1217
6_351	2_228	99.327	297	2	0	1	297	1	297	0.0	596
6_352	2_299	98.537	205	3	0	1	205	1	205	1.35e-142	391
6_353	2_229	99.519	416	2	0	1	416	1	416	0.0	795
6_354	2_50	99.523	419	2	0	1	419	1	419	0.0	844
6_355	2_298	99.836	611	1	0	1	611	1	611	0.0	1224
6_355	2_547	30.625	160	108	3	402	558	11	170	3.57e-19	80.1
6_355	2_539	31.343	134	90	1	167	300	4	135	1.45e-16	71.6
6_355	2_219	24.566	346	194	13	155	482	2	298	3.07e-08	50.1
6_355	2_555	28.571	98	62	2	291	385	21	113	3.88e-08	47.0
6_355	2_212	27.778	72	51	1	539	609	13	84	1.06e-05	38.9
6_355	2_153	26.351	148	100	5	335	477	159	302	1.27e-04	39.3
6_356	2_53	99.673	306	1	0	1	306	1	306	0.0	607
6_357	2_297	99.468	939	5	0	1	939	1	939	0.0	1895
6_358	2_294	98.196	776	13	1	1	775	1	776	0.0	1499
6_358	2_253	37.349	249	138	4	530	775	204	437	1.10e-42	155
6_358	2_253	39.175	97	55	2	22	115	61	156	1.67e-12	64.7
6_358	2_195	45.536	112	61	0	614	725	273	384	6.11e-30	118
6_358	2_195	31.250	96	61	2	33	123	152	247	6.90e-07	47.0
6_358	2_431	37.037	162	82	3	570	723	118	267	1.17e-25	103
6_358	2_223	32.117	137	92	1	584	720	199	334	4.82e-20	88.2
6_358	2_283	26.761	142	97	3	584	725	480	614	2.51e-17	80.9
6_358	2_283	28.049	164	100	5	12	158	42	204	2.30e-07	48.5
6_358	2_494	39.091	110	66	1	599	708	140	248	2.63e-16	75.1
6_358	2_401	37.363	91	57	0	619	709	194	284	2.97e-15	72.8
6_358	2_250	36.275	102	64	1	607	708	127	227	7.31e-15	70.1
6_358	2_250	33.333	75	43	3	27	100	23	91	7.73e-04	36.6
6_358	2_277	30.508	118	73	2	597	706	134	250	1.63e-13	65.9
6_358	2_274	31.000	100	68	1	607	706	188	286	3.81e-13	65.5
6_358	2_233	32.258	93	62	1	615	707	133	224	2.15e-11	59.3
6_358	2_233	40.426	47	28	0	23	69	21	67	7.79e-07	45.4
6_358	2_340	34.940	83	52	1	616	698	127	207	6.57e-09	53.5
6_358	2_429	30.097	103	62	3	601	699	129	225	7.58e-08	50.1
6_358	2_429	27.723	101	72	1	616	716	410	509	2.32e-05	42.0
6_358	2_280	30.476	105	65	2	618	722	129	225	5.22e-07	47.4
6_358	2_339	27.957	93	65	1	597	689	108	198	7.24e-07	47.0
6_358	2_482	38.983	59	33	1	618	676	467	522	7.37e-07	47.0
6_358	2_70	25.532	94	63	2	609	699	398	487	8.32e-06	43.5
6_358	2_350	36.508	63	34	2	38	96	364	424	1.08e-04	39.7
6_358	2_218	33.333	102	63	3	601	700	476	574	1.47e-04	39.7
6_358	2_513	37.313	67	38	2	612	678	449	511	0.001	37.0
6_358	2_252	28.169	71	47	1	619	689	449	515	0.001	36.6
6_359	2_293	99.774	443	1	0	1	443	1	443	0.0	884
6_360	2_432	99.228	1425	10	1	1	1425	1	1424	0.0	2844
6_361	2_292	99.672	305	1	0	1	305	1	305	0.0	606
6_362	2_290	98.701	231	3	0	1	231	1	231	8.69e-160	436
6_363	2_289	99.051	527	5	0	1	527	1	527	0.0	1016
6_364	2_288	99.460	741	4	0	1	741	1	741	0.0	1488
6_365	2_287	99.609	511	2	0	1	511	1	511	0.0	1042
6_365	2_322	43.385	325	173	6	105	423	125	444	1.18e-74	239
6_365	2_320	22.712	295	216	6	49	340	63	348	3.72e-08	50.1
6_365	2_173	22.819	298	203	11	116	400	119	402	4.09e-06	43.5
6_366	2_232	99.593	246	1	0	1	246	1	246	0.0	497
6_367	2_168	99.671	304	1	0	1	304	1	304	0.0	589
6_367	2_95	21.908	283	199	6	31	300	36	309	1.02e-12	62.0
6_368	2_285	99.149	705	6	0	1	705	1	705	0.0	1374
6_369	2_437	98.442	321	1	2	1	317	1	321	0.0	620
6_370	2_438	99.005	201	2	0	1	201	1	201	1.31e-148	405
6_371	2_284	99.819	553	1	0	1	553	1	553	0.0	1133
6_371	2_439	64.968	471	142	6	80	533	189	653	0.0	595
6_371	2_439	42.500	120	41	6	4	111	1	104	5.15e-14	69.3
6_371	2_544	39.794	485	270	6	44	513	152	629	1.32e-107	330
6_371	2_517	35.785	503	257	20	46	512	36	508	3.80e-74	239
6_371	2_561	33.815	346	186	7	199	514	28	360	2.29e-55	185
6_371	2_382	30.496	423	234	11	144	519	131	540	7.00e-44	159
6_371	2_524	30.476	210	115	9	8	195	6	206	1.39e-12	61.6
6_372	2_439	98.788	660	8	0	1	660	1	660	0.0	1317
6_372	2_284	65.180	471	141	6	189	653	80	533	0.0	596
6_372	2_284	42.500	120	41	6	1	104	4	111	7.00e-14	68.9
6_372	2_544	43.155	431	226	5	205	633	216	629	1.95e-106	331
6_372	2_517	37.430	537	274	19	126	632	4	508	6.89e-81	260
6_372	2_561	35.912	362	181	7	300	634	23	360	1.86e-60	201
6_372	2_382	31.020	461	254	11	214	632	95	533	4.32e-51	181
6_372	2_524	39.655	58	33	2	237	293	143	199	4.19e-06	42.7
6_373	2_440	93.352	3580	213	12	1	3563	1	3572	0.0	6435
6_373	2_441	25.660	265	138	13	496	739	346	572	6.03e-05	43.5
6_374	2_441	93.892	3782	200	13	1	3757	1	3776	0.0	6910
6_374	2_440	24.715	263	143	12	346	572	496	739	5.64e-06	47.0
6_375	2_54	99.567	231	1	0	1	231	1	231	4.49e-170	462
6_376	2_442	99.333	300	2	0	1	300	1	300	0.0	602
6_376	2_5	32.331	266	149	14	25	283	23	264	7.00e-24	93.6
6_376	2_270	33.088	136	64	8	16	150	4	113	8.91e-06	40.8
6_377	2_234	99.310	145	1	0	1	145	1	145	1.43e-104	290
6_378	2_295	99.740	385	1	0	1	385	1	385	0.0	766
6_378	2_126	32.877	219	139	5	160	377	106	317	2.15e-21	88.6
6_378	2_125	24.000	225	145	7	175	384	151	364	5.08e-04	36.2
6_379	2_446	99.754	406	1	0	2	407	1	406	0.0	808
6_380	2_354	99.462	186	1	0	1	186	1	186	1.83e-136	374
6_380	2_97	26.772	127	68	4	46	151	81	203	2.20e-04	35.4
6_381	2_553	80.000	180	3	1	34	180	1	180	8.80e-97	273
6_382	2_355	98.976	293	3	0	1	293	1	293	0.0	580
6_382	2_239	29.530	149	90	6	9	152	5	143	1.45e-09	52.8
6_382	2_239	35.593	59	38	0	9	67	173	231	2.75e-06	42.7
6_382	2_124	37.705	61	35	1	5	65	218	275	4.28e-05	38.9
6_382	2_165	39.344	61	33	3	10	69	19	76	2.31e-04	35.8
6_382	2_511	29.524	105	66	3	9	110	113	212	4.27e-04	35.4
6_383	2_107	99.600	250	1	0	1	250	1	250	0.0	509
6_383	2_17	27.451	204	135	5	3	203	121	314	1.40e-15	69.7
6_384	2_359	99.154	473	4	0	1	473	1	473	0.0	921
6_385	2_267	98.456	259	4	0	1	259	1	259	0.0	514
6_386	2_116	99.422	173	1	0	1	173	1	173	7.11e-125	343
6_387	2_119	99.387	163	1	0	1	163	1	163	8.79e-116	320
6_388	2_361	99.660	883	3	0	1	883	1	883	0.0	1778
6_389	2_363	99.859	709	1	0	1	709	1	709	0.0	1425
6_390	2_566	99.387	489	3	0	1	489	2	490	0.0	978
6_390	2_246	27.500	160	109	3	145	300	110	266	6.29e-12	62.0
6_390	2_246	46.809	47	22	1	439	482	489	535	5.79e-08	49.3
6_390	2_260	23.176	466	288	19	51	483	14	442	1.42e-10	57.4
6_391	2_253	99.549	443	2	0	1	443	1	443	0.0	887
6_391	2_294	37.349	249	138	4	204	437	531	776	5.80e-43	155
6_391	2_294	40.206	97	54	2	61	156	22	115	2.39e-13	66.6
6_391	2_195	45.082	122	66	1	273	394	269	389	1.46e-28	112
6_391	2_195	36.111	108	52	4	59	156	139	239	4.53e-12	62.0
6_391	2_223	27.041	392	247	11	43	417	10	379	7.49e-24	97.8
6_391	2_431	37.500	136	83	1	252	385	131	266	1.98e-23	95.5
6_391	2_431	29.630	135	70	5	32	157	7	125	5.99e-09	52.0
6_391	2_283	38.298	94	57	1	274	366	501	594	5.43e-17	77.8
6_391	2_283	30.469	128	74	3	38	165	33	145	9.37e-11	58.2
6_391	2_277	34.711	121	77	2	251	371	126	244	5.18e-16	72.4
6_391	2_494	36.719	128	73	3	261	386	139	260	1.92e-15	71.2
6_391	2_401	33.333	90	60	0	282	371	194	283	8.24e-15	70.1
6_391	2_274	42.857	84	47	1	276	359	194	276	1.07e-14	69.3
6_391	2_274	32.407	108	68	2	42	147	59	163	2.82e-07	46.6
6_391	2_233	32.353	102	68	1	278	379	133	233	3.30e-12	60.8
6_391	2_233	31.915	47	32	0	63	109	22	68	0.001	35.0
6_391	2_250	32.500	120	77	3	244	363	104	219	3.79e-12	61.2
6_391	2_429	36.634	101	54	3	264	360	129	223	7.55e-11	58.2
6_391	2_429	35.443	79	50	1	281	359	412	489	3.79e-07	46.6
6_391	2_429	41.071	56	29	1	43	98	6	57	2.69e-06	43.9
6_391	2_340	32.692	104	64	3	267	367	115	215	4.04e-08	49.7
6_391	2_339	25.191	131	91	3	223	351	72	197	7.46e-08	48.9
6_391	2_280	29.600	125	78	5	267	390	115	230	2.20e-07	47.4
6_391	2_70	25.954	131	94	2	229	359	357	484	1.10e-05	42.0
6_391	2_70	33.333	45	30	0	64	108	24	68	5.76e-04	36.6
6_391	2_482	38.983	59	33	1	281	339	467	522	4.62e-05	40.0
6_391	2_513	29.412	85	53	2	30	111	308	388	9.80e-05	38.9
6_391	2_350	27.132	129	76	4	23	138	302	425	2.34e-04	37.7
6_391	2_218	26.984	189	115	7	240	424	450	619	6.38e-04	36.6
6_391	2_252	34.783	46	30	0	62	107	16	61	6.79e-04	36.2
6_392	2_454	99.361	2033	13	0	1	2033	1	2033	0.0	4070
6_393	2_456	97.484	477	12	0	1	477	1	477	0.0	941
6_394	2_61	99.740	384	1	0	1	384	1	384	0.0	766
6_395	2_62	99.638	276	1	0	1	276	1	276	0.0	549
6_395	2_6	36.255	251	125	6	1	233	1	234	9.23e-32	114
6_396	2_371	99.204	377	3	0	1	377	1	377	0.0	755
6_397	2_65	99.317	293	2	0	1	293	1	293	0.0	576
6_398	2_372	98.679	984	10	2	1	981	1	984	0.0	1950
6_398	2_425	22.531	719	355	27	188	785	796	1433	3.93e-17	81.3
6_399	2_373	99.850	666	1	0	1	666	1	666	0.0	1348
6_400	2_459	99.827	579	1	0	1	579	1	579	0.0	1177
6_401	2_257	99.694	327	1	0	1	327	1	327	0.0	659
6_402	2_258	99.593	246	1	0	1	246	1	246	7.64e-179	486
6_403	2_68	99.604	505	2	0	1	505	1	505	0.0	1026
6_404	2_200	99.649	285	1	0	1	285	1	285	0.0	555
6_405	2_460	99.567	462	2	0	1	462	1	462	0.0	927
6_406	2_259	99.758	826	2	0	1	826	1	826	0.0	1674
6_406	2_458	28.571	630	324	21	29	613	34	582	1.24e-49	179
6_407	2_461	99.144	818	4	1	1	815	1	818	0.0	1664
6_407	2_352	28.409	616	327	22	249	802	246	809	8.51e-45	167
6_408	2_375	99.705	679	2	0	1	679	1	679	0.0	1341
6_408	2_350	27.719	285	184	6	357	633	225	495	3.31e-14	70.1
6_408	2_338	32.184	174	95	8	494	659	352	510	9.63e-11	58.9
6_408	2_340	31.285	179	100	8	499	669	32	195	5.36e-10	56.6
6_408	2_482	31.138	167	94	7	501	659	369	522	6.96e-10	56.2
6_408	2_233	29.630	189	109	7	500	678	38	212	7.35e-10	54.7
6_408	2_560	30.496	141	90	3	501	639	21	155	1.89e-09	52.4
6_408	2_513	28.042	189	107	7	462	637	317	489	7.31e-09	53.1
6_408	2_274	29.167	168	103	8	501	659	97	257	4.05e-08	50.1
6_408	2_339	24.479	192	131	5	490	677	23	204	2.08e-07	48.5
6_408	2_250	26.540	211	118	10	463	660	11	197	3.83e-07	46.6
6_408	2_429	22.353	170	119	4	499	659	37	202	4.73e-05	40.8
6_408	2_280	24.510	204	131	6	468	669	13	195	1.19e-04	39.7
6_408	2_277	28.814	177	108	5	497	659	40	212	3.51e-04	37.4
6_408	2_401	45.588	68	27	4	465	524	4	69	5.11e-04	37.4
6_408	2_252	25.126	199	105	10	499	666	32	217	5.64e-04	37.4
6_409	2_34	99.257	269	2	0	1	269	1	269	0.0	534
6_409	2_484	25.352	284	151	12	4	258	3	254	6.77e-07	44.3
6_409	2_450	24.074	270	159	9	1	246	1	248	1.58e-06	42.7
6_409	2_207	32.203	59	40	0	188	246	183	241	1.11e-04	37.4
6_409	2_174	32.877	73	43	1	180	246	186	258	2.70e-04	36.2
6_410	2_282	99.722	719	2	0	1	719	1	719	0.0	1426
6_411	2_32	99.558	226	1	0	1	226	1	226	1.50e-170	463
6_412	2_491	99.849	664	1	0	1	664	1	664	0.0	1308
6_412	2_518	28.873	1091	662	29	17	1018	13	1078	1.39e-110	363
6_412	2_476	31.855	248	152	8	13	248	10	252	1.72e-23	102
6_412	2_476	27.907	215	126	10	537	733	766	969	1.20e-04	40.4
6_412	2_552	28.866	97	63	3	69	159	6	102	2.53e-05	42.7
6_413	2_493	99.541	871	4	0	1	871	1	871	0.0	1707
6_414	2_393	98.913	184	2	0	1	184	1	184	6.15e-134	367
6_415	2_248	99.624	266	1	0	1	266	1	266	0.0	525
6_415	2_92	37.143	105	61	3	22	121	37	141	3.86e-14	65.5
6_416	2_27	99.435	177	1	0	1	177	1	177	2.86e-129	355
6_417	2_246	99.647	567	2	0	1	567	1	567	0.0	1142
6_417	2_260	28.049	246	157	9	14	247	18	255	1.54e-12	63.9
6_417	2_260	46.154	39	21	0	503	541	409	447	1.50e-05	42.0
6_417	2_566	27.338	139	98	2	110	245	146	284	2.95e-10	57.0
6_417	2_566	46.809	47	22	1	489	535	440	483	4.13e-08	50.1
6_418	2_389	99.766	428	1	0	1	428	1	428	0.0	853
6_419	2_388	99.769	865	2	0	1	865	1	865	0.0	1714
6_420	2_387	98.936	188	2	0	1	188	1	188	6.51e-138	377
6_421	2_463	99.510	408	2	0	1	408	1	408	0.0	822
6_422	2_386	99.700	666	2	0	1	666	1	666	0.0	1341
6_422	2_483	64.198	81	29	0	232	312	211	291	6.51e-26	107
6_423	2_383	98.750	240	3	0	1	240	1	240	0.0	498
6_424	2_380	99.416	514	3	0	1	514	1	514	0.0	1034
6_424	2_326	25.828	151	101	3	2	141	50	200	2.14e-09	54.3
6_424	2_326	34.426	61	35	2	294	349	574	634	2.64e-05	41.2
6_424	2_343	34.444	90	58	1	3	91	29	118	2.87e-08	50.8
6_424	2_343	33.000	100	59	3	264	355	513	612	1.02e-07	48.9
6_424	2_336	23.560	191	114	4	3	161	32	222	3.35e-07	47.4
6_424	2_336	21.053	304	175	13	128	396	321	594	5.75e-04	37.0
6_425	2_378	99.360	469	3	0	1	469	1	469	0.0	929
6_426	2_377	97.938	194	4	0	1	194	1	194	6.78e-139	380
6_427	2_462	98.025	810	16	0	1	810	1	810	0.0	1596
6_427	2_467	76.601	812	178	6	1	809	1	803	0.0	1241
6_427	2_341	44.683	837	399	17	1	808	1	802	0.0	632
6_427	2_495	32.690	829	459	24	1	780	1	779	1.07e-102	330
6_427	2_409	71.667	60	17	0	8	67	3	62	8.01e-24	90.5
6_428	2_262	99.786	467	1	0	1	467	1	467	0.0	952
6_429	2_96	99.169	361	3	0	1	361	1	361	0.0	729
6_430	2_95	99.683	315	1	0	1	315	1	315	0.0	625
6_430	2_168	22.266	256	179	5	61	309	58	300	1.40e-12	61.6
6_431	2_93	99.729	369	1	0	1	369	1	369	0.0	742
6_432	2_210	99.543	219	1	0	1	219	1	219	2.44e-159	434
6_433	2_190	99.537	216	1	0	1	216	1	216	1.94e-156	427
6_434	2_83	99.522	418	2	0	1	418	1	418	0.0	848
6_435	2_260	99.332	449	3	0	1	449	1	449	0.0	917
6_435	2_246	28.049	246	157	9	18	255	14	247	1.04e-12	64.3
6_435	2_246	46.154	39	21	0	409	447	503	541	1.11e-05	42.0
6_435	2_566	23.176	466	288	19	14	442	52	484	2.30e-09	53.5
6_436	2_396	99.368	475	3	0	1	475	1	475	0.0	917
6_437	2_468	99.362	627	4	0	1	627	1	627	0.0	1239
6_439	2_410	99.038	520	5	0	1	520	1	520	0.0	1007
6_440	2_15	99.844	639	0	1	1	639	1	638	0.0	1244
6_441	2_336	99.514	823	4	0	1	823	1	823	0.0	1650
6_441	2_326	24.291	741	451	18	18	668	34	754	7.15e-49	181
6_441	2_343	22.781	338	192	11	393	679	398	717	6.25e-14	70.1
6_441	2_343	27.174	184	113	4	6	186	3	168	8.19e-09	53.5
6_441	2_380	24.084	191	113	4	32	222	3	161	1.14e-07	49.7
6_442	2_334	99.745	783	2	0	1	783	1	783	0.0	1560
6_443	2_206	99.107	112	1	0	1	112	1	112	3.32e-77	218
6_444	2_12	99.568	463	2	0	1	463	1	463	0.0	920
6_445	2_411	99.838	619	1	0	1	619	1	619	0.0	1247
6_446	2_332	99.405	336	1	1	1	336	1	335	0.0	670
6_446	2_331	41.231	325	179	6	7	326	7	324	3.69e-72	222
6_446	2_272	27.324	355	206	17	9	327	325	663	9.78e-14	66.6
6_447	2_9	99.700	333	1	0	1	333	1	333	0.0	662
6_447	2_144	34.375	192	115	3	125	314	101	283	3.44e-25	100
6_448	2_330	99.851	673	1	0	1	673	1	673	0.0	1348
6_448	2_314	22.437	517	375	10	6	512	10	510	1.38e-31	125
6_449	2_412	98.805	251	3	0	1	251	1	251	4.10e-179	487
6_450	2_329	99.813	534	1	0	1	534	1	534	0.0	1058
6_451	2_132	99.544	439	2	0	1	439	1	439	0.0	872
6_452	2_414	99.097	443	4	0	1	443	1	443	0.0	867
6_453	2_415	98.198	333	6	0	1	333	1	333	0.0	649
6_454	2_328	99.333	150	1	0	1	150	1	150	2.51e-104	290
6_454	2_426	31.724	145	91	5	1	142	1	140	6.04e-12	54.7
6_455	2_326	99.549	886	4	0	1	886	1	886	0.0	1796
6_455	2_336	24.069	698	428	16	34	711	18	633	1.24e-46	174
6_455	2_343	22.941	340	205	10	440	753	393	701	9.50e-15	72.8
6_455	2_343	23.563	174	120	3	27	199	8	169	6.99e-09	53.9
6_455	2_380	26.490	151	100	3	50	200	2	141	2.83e-09	54.7
6_455	2_380	34.426	61	35	2	574	634	294	349	4.62e-05	41.2
6_456	2_338	99.439	535	3	0	1	535	1	535	0.0	1035
6_456	2_350	32.227	512	321	10	31	526	35	536	1.25e-55	190
6_456	2_482	31.132	212	136	3	321	526	331	538	1.87e-30	119
6_456	2_513	31.807	393	218	17	153	521	154	520	7.13e-25	102
6_456	2_560	32.086	187	123	2	343	526	5	190	3.97e-16	71.6
6_456	2_250	32.353	204	117	11	327	514	2	200	7.95e-13	63.5
6_456	2_339	30.882	204	134	4	327	527	2	201	2.42e-11	60.8
6_456	2_375	32.184	174	95	8	352	510	494	659	9.92e-11	58.5
6_456	2_280	29.167	216	128	8	327	530	2	204	6.76e-09	52.8
6_456	2_340	29.167	216	137	9	327	534	2	209	3.51e-08	50.4
6_456	2_274	29.570	186	108	8	341	510	79	257	1.89e-07	47.4
6_456	2_252	35.185	54	35	0	335	388	10	63	9.16e-06	42.7
6_456	2_233	25.414	181	122	5	342	514	22	197	1.64e-05	40.8
6_456	2_223	32.787	61	41	0	327	387	11	71	4.94e-05	40.0
6_456	2_283	25.301	83	59	1	324	406	36	115	3.14e-04	37.7
6_456	2_70	25.532	188	118	5	346	517	27	208	6.63e-04	36.6
6_457	2_477	97.869	1220	22	2	1	1220	1	1216	0.0	2378
6_457	2_420	31.988	322	208	5	1	314	4	322	5.06e-43	165
6_457	2_420	27.622	286	165	9	726	1008	521	767	4.37e-16	78.2
6_457	2_420	38.542	96	56	3	472	566	357	450	1.37e-10	60.1
6_457	2_490	32.867	286	182	5	3	285	11	289	1.78e-34	137
6_457	2_490	31.724	290	137	11	743	1022	545	783	5.63e-23	100
6_457	2_490	32.231	121	72	5	477	594	361	474	1.92e-05	43.1
6_457	2_525	24.096	249	165	5	6	249	25	254	6.82e-14	70.9
6_457	2_519	26.556	241	150	8	1	234	1	221	4.75e-11	61.6
6_457	2_519	28.082	146	81	7	974	1108	851	983	1.18e-04	40.8
6_457	2_312	22.134	253	167	8	14	265	31	254	5.98e-05	41.6
6_458	2_476	98.386	1177	17	1	1	1177	1	1175	0.0	2319
6_458	2_518	32.576	264	156	5	7	261	5	255	3.81e-29	120
6_458	2_518	24.938	405	214	18	584	973	445	774	1.86e-10	59.7
6_458	2_491	32.258	248	151	8	10	252	13	248	8.28e-24	102
6_458	2_552	30.526	95	59	2	70	161	6	96	5.87e-06	45.1
6_458	2_402	22.680	388	252	14	7	383	2	352	2.86e-05	42.7
6_458	2_419	39.474	38	23	0	281	318	260	297	4.15e-04	38.9
6_459	2_475	98.992	496	5	0	1	496	1	496	0.0	964
6_459	2_520	28.000	400	244	15	122	489	186	573	3.58e-23	97.4
6_460	2_17	99.709	344	1	0	1	344	1	344	0.0	702
6_460	2_107	27.451	204	135	5	121	314	3	203	3.14e-15	69.3
6_461	2_339	99.870	772	1	0	1	772	1	772	0.0	1504
6_461	2_340	48.402	438	198	9	1	416	1	432	8.88e-108	338
6_461	2_340	45.736	129	70	0	644	772	518	646	9.07e-23	97.8
6_461	2_280	30.788	812	476	21	1	772	1	766	2.15e-86	285
6_461	2_274	29.442	197	127	5	16	202	79	273	5.74e-19	83.2
6_461	2_70	32.673	202	122	5	6	195	12	211	1.44e-15	74.7
6_461	2_429	25.592	211	143	5	1	198	6	215	1.33e-13	68.6
6_461	2_429	26.531	196	126	5	11	188	277	472	1.52e-10	58.5
6_461	2_494	24.519	208	130	5	17	198	23	229	4.46e-13	65.5
6_461	2_482	26.415	212	137	7	1	201	336	539	7.27e-12	62.8
6_461	2_277	27.451	204	119	8	18	198	28	225	8.87e-12	60.8
6_461	2_350	31.373	204	111	9	13	200	346	536	3.07e-11	60.8
6_461	2_338	30.882	204	134	4	2	201	327	527	3.52e-11	60.8
6_461	2_252	22.993	274	175	5	1	240	1	272	9.22e-11	59.3
6_461	2_252	24.645	211	138	8	1	201	319	518	8.13e-06	43.5
6_461	2_283	31.897	116	70	2	102	208	474	589	1.70e-09	55.5
6_461	2_283	32.673	101	60	2	2	97	39	136	2.76e-07	48.5
6_461	2_401	30.986	142	89	5	59	197	128	263	1.73e-09	54.7
6_461	2_401	52.778	36	17	0	21	56	27	62	5.27e-05	40.4
6_461	2_513	28.866	194	127	6	1	188	324	512	8.95e-09	53.1
6_461	2_223	32.394	142	92	3	107	245	211	351	1.61e-08	52.0
6_461	2_223	32.955	88	57	1	7	92	16	103	1.82e-08	51.6
6_461	2_250	23.618	199	141	6	13	202	16	212	9.08e-08	48.9
6_461	2_253	25.191	131	91	3	72	197	223	351	1.46e-07	48.9
6_461	2_375	24.479	192	131	5	23	204	490	677	2.86e-07	48.1
6_461	2_218	39.130	92	47	4	115	200	820	908	6.19e-07	47.4
6_461	2_218	28.571	147	88	6	64	193	416	562	1.41e-04	39.7
6_461	2_294	27.957	93	65	1	108	198	598	690	7.59e-07	47.0
6_461	2_233	27.174	184	109	7	19	188	24	196	2.46e-06	43.9
6_461	2_195	25.592	211	123	8	16	197	142	347	5.69e-06	43.9
6_461	2_560	27.684	177	117	5	16	185	3	175	1.51e-05	41.2
6_461	2_431	30.682	88	57	2	114	197	145	232	2.22e-04	38.5
6_462	2_340	99.846	650	1	0	1	650	1	650	0.0	1261
6_462	2_339	48.402	438	198	9	1	432	1	416	8.05e-108	338
6_462	2_339	39.344	183	105	1	470	646	590	772	8.00e-31	123
6_462	2_280	39.823	452	246	10	1	438	1	440	9.76e-90	290
6_462	2_280	29.348	184	126	2	467	646	583	766	2.70e-16	77.0
6_462	2_274	30.732	205	122	6	16	206	79	277	7.38e-20	85.5
6_462	2_482	29.717	212	130	8	1	201	336	539	3.23e-15	73.2
6_462	2_350	32.864	213	115	9	2	198	334	534	5.32e-15	72.4
6_462	2_250	31.081	222	129	11	1	205	1	215	8.26e-14	66.6
6_462	2_494	27.700	213	129	6	18	205	24	236	9.18e-14	67.0
6_462	2_429	28.194	227	133	7	16	215	282	505	1.38e-13	67.8
6_462	2_429	25.688	218	140	7	15	212	20	235	1.57e-13	67.8
6_462	2_70	29.524	210	134	5	10	205	12	221	5.47e-13	65.9
6_462	2_70	27.897	233	136	8	2	208	261	487	2.68e-09	54.3
6_462	2_252	25.641	234	141	6	1	205	1	230	2.33e-12	63.9
6_462	2_252	28.571	210	133	8	1	202	319	519	2.34e-09	54.7
6_462	2_283	34.066	91	58	1	119	207	498	588	1.57e-11	61.6
6_462	2_283	33.333	99	58	3	2	95	39	134	5.81e-07	47.0
6_462	2_233	28.814	236	143	8	4	222	8	235	4.97e-11	57.8
6_462	2_513	28.365	208	110	6	1	188	324	512	7.69e-11	59.3
6_462	2_375	31.285	179	100	8	32	195	499	669	6.15e-10	56.6
6_462	2_401	29.333	150	99	3	60	207	129	273	8.05e-10	55.5
6_462	2_401	43.636	55	31	0	2	56	8	62	1.25e-05	42.4
6_462	2_294	34.940	83	52	1	127	207	617	699	2.32e-09	54.7
6_462	2_277	26.407	231	131	10	14	214	24	245	4.75e-09	52.4
6_462	2_195	23.853	218	142	5	16	209	142	359	5.83e-09	53.1
6_462	2_223	39.535	86	46	3	126	207	229	312	1.03e-08	52.4
6_462	2_223	31.915	94	62	1	1	92	10	103	1.67e-08	51.6
6_462	2_253	32.692	104	64	3	115	215	267	367	2.71e-08	50.8
6_462	2_338	29.167	216	137	9	2	209	327	534	1.15e-07	48.9
6_462	2_560	29.677	155	98	4	16	163	3	153	4.29e-06	42.4
6_462	2_431	32.941	85	55	1	127	209	160	244	1.26e-05	42.4
6_462	2_218	36.905	84	44	4	121	198	826	906	1.31e-04	39.3
6_463	2_503	98.618	434	6	0	125	558	1	434	0.0	874
6_463	2_563	43.584	452	192	14	120	516	26	469	1.73e-95	295
6_463	2_473	98.148	108	2	0	1	108	1	108	2.38e-66	206
6_463	2_527	42.809	299	133	12	182	451	1	290	9.09e-53	176
6_463	2_526	38.973	331	139	10	171	451	1	318	4.26e-48	165
6_463	2_500	60.417	96	36	2	392	485	1	96	2.31e-33	117
6_463	2_543	46.087	115	55	3	7	114	1	115	1.50e-23	90.9
6_464	2_341	96.154	806	27	2	1	806	1	802	0.0	1543
6_464	2_462	45.844	818	388	15	1	787	1	794	0.0	629
6_464	2_467	47.122	747	368	11	45	767	27	770	0.0	615
6_464	2_495	34.731	835	420	30	1	769	1	776	1.53e-106	340
6_464	2_409	70.732	41	12	0	45	85	22	62	4.86e-15	65.5
6_465	2_342	99.796	979	2	0	1	979	1	979	0.0	1928
6_466	2_159	99.849	662	1	0	1	662	1	662	0.0	1327
6_467	2_344	99.352	463	3	0	1	463	1	463	0.0	930
6_468	2_480	99.257	404	3	0	1	404	1	404	0.0	809
6_469	2_160	99.563	229	1	0	1	229	1	229	2.78e-168	458
6_469	2_558	29.252	147	97	3	82	226	110	251	1.11e-08	48.5
6_470	2_346	99.691	324	1	0	1	324	1	324	0.0	642
6_471	2_481	99.471	946	5	0	1	946	1	946	0.0	1855
6_472	2_164	99.598	249	1	0	1	249	1	249	0.0	498
6_473	2_349	98.797	582	7	0	1	582	1	582	0.0	1167
6_474	2_350	98.881	536	6	0	1	536	1	536	0.0	1010
6_474	2_338	31.445	512	325	9	35	536	31	526	1.42e-54	187
6_474	2_482	38.914	221	127	7	320	536	322	538	6.67e-30	117
6_474	2_513	35.407	209	123	6	328	531	319	520	1.21e-23	99.0
6_474	2_560	37.500	192	112	3	349	536	3	190	4.02e-16	71.6
6_474	2_340	32.558	215	117	9	334	536	2	200	2.58e-15	73.2
6_474	2_250	30.189	212	132	8	334	534	2	208	4.45e-14	67.4
6_474	2_375	31.551	187	110	5	319	495	455	633	4.56e-14	69.3
6_474	2_339	31.373	204	111	9	346	536	13	200	2.36e-11	60.8
6_474	2_274	31.527	203	114	11	349	536	79	271	2.43e-08	50.1
6_474	2_252	44.898	49	27	0	346	394	13	61	9.04e-08	48.9
6_474	2_280	28.505	214	123	10	334	534	2	198	7.15e-07	46.2
6_474	2_233	27.273	209	130	9	336	533	8	205	3.08e-06	43.1
6_474	2_70	26.136	176	110	6	363	524	36	205	1.73e-05	41.6
6_474	2_283	33.333	66	43	1	331	396	36	100	2.58e-05	41.2
6_474	2_294	36.508	63	34	2	364	424	38	96	8.36e-05	39.7
6_474	2_401	38.000	100	46	5	327	415	1	95	1.46e-04	38.5
6_474	2_494	22.527	182	118	4	364	522	37	218	5.15e-04	36.6
6_474	2_253	27.132	129	76	4	302	425	23	138	6.27e-04	36.6
6_474	2_429	26.230	183	118	8	365	534	37	215	8.20e-04	36.2
6_475	2_352	99.517	828	4	0	1	828	1	828	0.0	1671
6_475	2_461	28.571	616	326	23	246	809	252	805	4.44e-45	169
6_476	2_483	99.342	760	5	0	1	760	12	771	0.0	1534
6_476	2_548	29.940	334	205	9	309	640	217	523	2.55e-33	131
6_476	2_548	51.807	83	13	3	1	64	12	86	8.24e-13	66.2
6_476	2_430	28.529	333	193	12	310	628	284	585	7.73e-27	111
6_476	2_386	62.963	81	30	0	200	280	232	312	3.47e-25	105
6_477	2_485	99.691	647	2	0	1	647	1	647	0.0	1270
6_478	2_484	99.329	447	3	0	1	447	1	447	0.0	881
6_478	2_207	31.878	229	138	9	1	221	1	219	8.03e-17	75.1
6_478	2_34	27.675	271	161	14	3	254	4	258	2.84e-08	49.3
6_478	2_174	22.305	269	160	7	8	246	12	261	2.84e-06	43.5
6_479	2_399	98.925	186	2	0	1	186	1	186	9.65e-139	379
6_480	2_275	99.728	367	1	0	1	367	1	367	0.0	744
6_480	2_137	35.433	127	57	2	6	132	160	261	9.76e-15	69.7
6_481	2_57	99.631	271	1	0	1	271	1	271	0.0	550
6_482	2_444	99.931	1458	1	0	1	1458	1195	2652	0.0	2883
6_482	2_528	36.620	71	39	2	1069	1133	6	76	2.48e-06	41.6
6_483	2_279	98.706	309	4	0	1	309	1	309	0.0	590
6_484	2_185	99.804	510	1	0	1	510	1	510	0.0	1045
6_485	2_59	99.598	249	1	0	1	249	1	249	9.96e-178	483
6_486	2_486	99.427	524	3	0	1	524	1	524	0.0	1009
6_486	2_309	24.573	293	191	10	4	273	9	294	1.79e-13	67.0
6_487	2_525	99.429	876	5	0	1	876	34	909	0.0	1739
6_487	2_477	25.714	245	153	5	1	221	10	249	7.03e-15	73.6
6_487	2_420	24.936	393	233	13	7	361	26	394	1.01e-13	69.7
6_487	2_490	26.667	240	154	8	1	220	18	255	1.35e-09	56.2
6_487	2_312	25.835	569	339	24	30	560	62	585	2.57e-09	55.5
6_487	2_519	27.426	237	147	7	3	224	13	239	7.24e-09	53.9
6_488	2_0	99.371	159	1	0	1	159	1	159	4.13e-117	323
6_488	2_196	32.500	120	78	2	22	140	15	132	1.07e-10	51.6
6_488	2_366	25.714	105	72	3	10	112	3	103	6.44e-05	35.8
6_489	2_487	99.677	620	2	0	1	620	1	620	0.0	1244
6_490	2_401	99.223	386	3	0	1	386	1	386	0.0	755
6_490	2_223	32.059	340	185	10	5	304	8	341	6.92e-38	136
6_490	2_283	40.146	137	82	0	166	302	481	617	1.88e-31	120
6_490	2_283	30.088	113	70	2	7	110	38	150	2.88e-11	59.3
6_490	2_294	37.363	91	57	0	194	284	620	710	1.56e-15	72.8
6_490	2_253	33.333	90	60	0	194	283	282	371	7.58e-15	70.1
6_490	2_277	25.357	280	164	5	6	283	8	244	3.17e-14	66.6
6_490	2_274	24.779	226	119	3	27	252	84	258	1.20e-13	65.5
6_490	2_233	32.143	140	84	3	143	279	90	221	8.26e-12	59.3
6_490	2_494	25.600	250	143	8	27	272	27	237	1.25e-11	59.3
6_490	2_195	23.404	141	104	2	164	303	251	388	1.47e-11	60.1
6_490	2_250	28.571	126	85	2	171	292	112	236	6.13e-11	57.0
6_490	2_431	27.778	126	87	2	176	297	142	267	1.18e-10	57.0
6_490	2_429	23.333	270	154	9	29	296	28	246	2.62e-10	56.2
6_490	2_429	32.609	92	57	2	184	271	399	489	7.88e-07	45.4
6_490	2_339	30.986	142	89	5	128	263	59	197	9.52e-10	54.7
6_490	2_339	52.778	36	17	0	27	62	21	56	2.61e-05	40.4
6_490	2_340	29.333	150	99	3	129	273	60	207	1.18e-09	54.3
6_490	2_340	43.636	55	31	0	8	62	2	56	6.56e-06	42.4
6_490	2_280	34.483	87	53	2	183	268	119	202	9.26e-09	51.6
6_490	2_280	31.579	95	58	3	8	95	2	96	7.39e-04	35.8
6_490	2_70	28.788	132	85	4	146	271	356	484	8.02e-08	48.5
6_490	2_482	29.412	85	52	2	172	251	441	522	2.99e-06	43.5
6_490	2_375	27.706	231	100	13	4	226	465	636	1.12e-05	41.6
6_490	2_350	38.000	100	46	5	1	95	327	415	8.88e-05	38.9
6_490	2_252	27.174	92	64	1	188	276	443	534	2.38e-04	37.4
6_490	2_513	50.000	46	23	0	8	53	325	370	4.25e-04	36.6
6_491	2_488	99.676	309	1	0	2	310	3	311	0.0	620
6_491	2_459	28.571	126	73	4	71	190	437	551	6.85e-04	35.4
6_492	2_495	94.938	810	41	0	1	810	1	810	0.0	1513
6_492	2_341	35.230	826	427	30	1	776	1	768	3.57e-104	334
6_492	2_467	34.146	820	452	28	1	778	1	774	5.20e-101	326
6_492	2_462	33.533	835	444	29	1	779	1	780	1.30e-97	317
6_492	2_409	50.909	55	20	2	26	73	21	75	4.71e-08	45.8
6_493	2_75	99.787	1411	3	0	1	1411	1	1411	0.0	2882
6_494	2_406	99.836	1217	2	0	1	1217	1	1217	0.0	2487
6_495	2_496	98.520	743	4	1	1	736	1	743	0.0	1454
6_495	2_215	26.393	754	439	25	6	720	16	692	1.88e-45	168
6_495	2_457	37.179	78	31	4	190	259	124	191	8.89e-04	37.0
6_496	2_497	99.379	322	2	0	1	322	1	322	0.0	647
6_497	2_283	99.862	725	1	0	1	725	1	725	0.0	1468
6_497	2_223	38.624	189	111	4	481	667	205	390	6.34e-35	133
6_497	2_223	47.423	97	51	0	39	135	11	107	1.17e-22	96.3
6_497	2_401	40.146	137	82	0	481	617	166	302	3.27e-31	120
6_497	2_401	30.088	113	70	2	38	150	7	110	3.25e-11	60.1
6_497	2_294	25.735	136	99	2	481	614	591	726	2.81e-17	80.5
6_497	2_294	28.049	164	100	5	42	204	12	158	7.17e-07	47.0
6_497	2_253	38.298	94	57	1	501	594	274	366	9.22e-17	77.8
6_497	2_253	29.688	128	75	3	33	145	38	165	7.11e-10	56.2
6_497	2_195	32.432	111	74	1	505	614	274	384	1.74e-14	70.9
6_497	2_250	31.776	107	72	1	486	592	116	221	8.70e-13	63.9
6_497	2_250	31.915	94	55	3	50	137	16	106	1.03e-05	42.4
6_497	2_494	25.806	155	88	3	501	655	152	279	2.56e-12	62.8
6_497	2_494	30.952	84	39	3	53	117	22	105	1.34e-05	42.0
6_497	2_233	32.292	96	63	2	500	594	127	221	5.55e-11	58.2
6_497	2_429	34.409	93	54	2	498	587	402	490	2.10e-10	58.2
6_497	2_429	29.213	89	58	2	500	584	133	220	1.25e-07	49.3
6_497	2_429	29.348	92	54	4	48	131	16	104	1.20e-06	45.8
6_497	2_340	32.967	91	59	1	498	588	119	207	1.16e-09	55.8
6_497	2_340	33.333	99	58	3	39	134	2	95	5.90e-07	47.0
6_497	2_339	31.897	116	70	2	474	589	102	208	1.58e-09	55.5
6_497	2_339	30.233	129	77	3	39	164	2	120	2.61e-07	48.5
6_497	2_274	34.146	82	53	1	503	584	194	274	2.27e-09	53.9
6_497	2_274	31.707	82	46	2	58	131	84	163	2.09e-07	47.8
6_497	2_431	29.358	109	76	1	505	612	159	267	9.97e-09	52.0
6_497	2_431	25.899	139	83	6	30	151	4	139	4.40e-04	37.4
6_497	2_277	33.766	77	51	0	508	584	154	230	1.35e-08	51.2
6_497	2_280	30.357	112	75	2	39	149	2	111	3.07e-08	51.2
6_497	2_280	31.081	74	49	1	508	581	129	200	1.50e-05	42.7
6_497	2_70	30.476	105	70	1	38	139	7	111	5.15e-08	50.4
6_497	2_70	25.974	77	56	1	508	584	407	482	6.82e-04	37.0
6_497	2_513	34.247	73	48	0	36	108	322	394	5.02e-07	47.4
6_497	2_513	28.788	132	78	6	448	572	393	515	5.99e-05	40.4
6_497	2_252	35.088	57	37	0	39	95	2	58	9.21e-07	46.2
6_497	2_252	23.810	84	60	1	504	587	152	231	4.49e-05	40.8
6_497	2_482	27.778	90	61	2	493	581	452	538	1.40e-06	45.8
6_497	2_560	38.298	47	29	0	493	539	104	150	1.18e-05	41.2
6_497	2_350	33.333	66	43	1	36	100	331	396	2.63e-05	41.6
6_497	2_338	25.301	83	59	1	36	115	324	406	2.56e-04	38.5
6_498	2_498	98.387	62	1	0	1	62	1	62	1.88e-41	124
6_499	2_402	99.678	931	3	0	1	931	1	931	0.0	1837
6_499	2_518	27.523	218	124	7	9	225	17	201	2.90e-08	52.0
6_499	2_476	22.879	389	252	14	2	353	7	384	4.32e-06	45.1
6_499	2_552	30.864	162	92	7	60	208	1	155	1.75e-05	43.1
6_500	2_186	99.688	321	1	0	1	321	1	321	0.0	640
6_500	2_531	22.892	249	168	11	57	298	29	260	2.73e-05	39.7
6_501	2_563	54.031	459	162	9	3	414	54	510	1.57e-133	389
6_501	2_503	40.972	432	212	10	3	413	24	433	6.37e-84	259
6_501	2_526	42.547	322	146	6	26	312	1	318	3.12e-74	230
6_501	2_527	36.271	295	164	10	37	312	1	290	1.27e-42	147
6_501	2_500	75.000	92	22	1	257	347	5	96	2.19e-41	137
6_502	2_504	100.000	55	0	0	1	55	1	55	5.52e-35	107
6_503	2_505	100.000	288	0	0	1	288	1	288	0.0	563
6_504	2_511	99.620	263	1	0	1	263	1	263	0.0	511
6_504	2_239	33.846	65	33	4	113	171	5	65	1.70e-04	37.0
6_504	2_137	35.000	60	27	2	113	164	159	214	3.32e-04	35.8
6_504	2_355	29.524	105	66	3	113	212	9	110	0.001	34.3
6_505	2_510	99.031	413	4	0	1	413	1	413	0.0	790
6_506	2_509	99.127	229	2	0	1	229	1	229	2.36e-166	453
6_507	2_428	92.157	51	4	0	1	51	1	51	1.12e-30	96.3
6_508	2_552	95.805	1335	33	6	55	1385	1	1316	0.0	2442
6_508	2_433	86.000	50	7	0	1	50	1	50	4.68e-22	85.5
6_508	2_518	29.677	155	101	3	10	162	13	161	7.88e-13	67.8
6_508	2_476	28.931	159	100	4	2	150	6	161	9.33e-11	60.8
6_508	2_491	26.923	156	100	7	7	156	12	159	9.55e-07	47.4
6_508	2_402	30.864	162	92	7	55	209	60	208	2.85e-05	42.7
6_509	2_519	98.301	1825	26	4	1	1822	1	1823	0.0	3598
6_509	2_420	24.774	553	307	20	4	509	6	496	2.19e-14	73.2
6_509	2_477	26.556	241	150	8	1	221	1	234	6.97e-11	61.6
6_509	2_490	21.891	804	468	31	2	760	11	699	9.72e-09	54.7
6_509	2_525	27.160	243	152	7	7	239	30	257	5.42e-08	52.4
6_509	2_312	22.707	458	302	16	5	453	16	430	1.40e-04	41.2
6_510	2_520	99.142	583	3	1	1	583	1	581	0.0	1133
6_510	2_475	28.000	400	244	15	188	575	122	489	8.91e-23	96.3
6_511	2_521	96.610	590	19	1	1	589	1	590	0.0	1131
6_513	2_92	99.296	284	2	0	1	284	1	284	0.0	570
6_513	2_248	37.143	105	61	3	37	141	22	121	3.71e-14	65.5
6_514	2_523	99.734	753	2	0	1	753	1	753	0.0	1523
6_516	2_513	99.437	533	3	0	1	533	1	533	0.0	1032
6_516	2_482	29.367	521	346	9	16	520	19	533	8.12e-49	172
6_516	2_338	29.735	528	311	22	20	520	27	521	6.83e-26	105
6_516	2_350	35.437	206	127	5	319	520	328	531	1.27e-23	99.0
6_516	2_560	36.567	134	83	2	357	489	21	153	4.59e-17	74.3
6_516	2_250	32.057	209	122	8	324	517	1	204	3.05e-14	67.8
6_516	2_429	30.455	220	112	7	320	513	2	206	3.98e-11	59.7
6_516	2_340	28.365	208	110	6	324	512	1	188	5.03e-11	59.7
6_516	2_252	28.877	187	109	5	324	486	1	187	7.55e-11	58.9
6_516	2_375	28.571	189	106	7	317	489	462	637	2.16e-09	54.3
6_516	2_280	27.570	214	128	8	324	525	1	199	2.35e-09	54.3
6_516	2_233	28.125	192	104	6	340	513	22	197	8.83e-09	50.8
6_516	2_339	28.351	194	128	6	324	512	1	188	9.35e-09	52.4
6_516	2_274	25.683	183	122	4	339	510	79	258	1.57e-07	47.8
6_516	2_223	36.232	69	44	0	324	392	10	78	2.32e-07	47.4
6_516	2_223	33.645	107	54	3	419	514	193	293	8.07e-06	42.7
6_516	2_283	34.247	73	48	0	322	394	36	108	4.82e-07	47.0
6_516	2_283	29.545	132	77	7	393	515	448	572	4.60e-05	40.4
6_516	2_253	29.412	85	53	2	308	388	30	111	1.95e-04	38.1
6_516	2_401	50.000	46	23	0	325	370	8	53	6.57e-04	36.6
6_516	2_70	43.182	44	25	0	343	386	26	69	7.13e-04	36.6
6_516	2_294	37.313	67	38	2	449	511	613	679	8.63e-04	36.2
6_517	2_514	99.313	582	4	0	1	582	1	582	0.0	1153
6_517	2_302	35.516	397	209	11	37	417	60	425	3.34e-55	197
6_517	2_551	30.402	398	206	11	37	409	23	374	3.90e-40	151
6_518	2_506	100.000	396	0	0	1	396	1	396	0.0	807
6_519	2_524	99.029	206	2	0	1	206	1	206	4.59e-148	405
6_519	2_517	56.497	177	67	3	27	199	1	171	7.49e-56	179
6_519	2_284	30.653	199	108	8	17	206	18	195	8.05e-13	61.2
6_519	2_439	39.655	58	33	2	143	199	237	293	1.21e-06	42.7
6_519	2_544	42.857	42	23	1	144	185	248	288	6.50e-04	34.7
6_520	2_517	93.735	431	21	1	1	431	86	510	0.0	809
6_520	2_561	66.082	342	107	4	97	431	21	360	4.21e-155	438
6_520	2_439	40.566	424	194	12	36	429	237	632	5.18e-80	255
6_520	2_284	38.753	449	221	17	1	429	98	512	6.64e-76	241
6_520	2_544	36.476	403	226	10	37	430	248	629	1.93e-60	202
6_520	2_382	31.347	453	261	10	10	429	98	533	3.33e-52	179
6_520	2_524	80.435	92	18	0	1	92	108	199	3.00e-46	154
6_521	2_507	100.000	516	0	0	1	516	1	516	0.0	1031
6_522	2_563	50.610	492	185	11	39	482	28	509	8.52e-133	389
6_522	2_503	43.516	455	213	12	42	478	1	429	2.95e-102	308
6_522	2_527	51.890	291	133	4	97	381	1	290	1.45e-98	293
6_522	2_500	79.787	94	19	0	323	416	3	96	4.13e-49	158
6_522	2_526	36.232	345	144	13	86	381	1	318	1.83e-44	153
6_522	2_543	100.000	35	0	0	1	35	80	114	7.35e-17	71.2
6_523	2_545	99.639	277	1	0	1	277	1	277	0.0	538
6_524	2_529	100.000	86	0	0	1	86	1	86	1.32e-59	171
6_525	2_540	99.745	392	1	0	1	392	1	392	0.0	790
6_526	2_531	100.000	278	0	0	1	278	1	278	0.0	536
6_526	2_186	24.364	275	181	13	5	260	32	298	1.77e-09	52.0
6_527	2_533	100.000	40	0	0	1	40	1	40	7.81e-22	73.2
6_528	2_538	99.831	591	1	0	1	591	1	591	0.0	1168
6_529	2_544	96.220	635	3	3	1	617	1	632	0.0	1202
6_529	2_284	39.794	485	270	7	137	614	44	513	4.90e-109	334
6_529	2_439	36.292	631	356	15	19	614	14	633	9.46e-107	331
6_529	2_517	36.480	392	224	9	241	614	125	509	2.75e-60	204
6_529	2_382	30.024	423	248	9	232	613	118	533	9.45e-47	168
6_529	2_561	33.714	350	189	9	295	614	23	359	3.46e-44	156
6_530	2_532	99.677	620	2	0	1	620	1	620	0.0	1246
6_532	2_536	98.821	509	6	0	1	509	68	576	0.0	984
6_532	2_280	27.476	313	174	16	19	315	302	577	1.60e-08	51.6
6_533	2_537	99.164	359	3	0	1	359	1	359	0.0	716
6_534	2_508	99.275	138	1	0	319	456	1	138	4.07e-92	270
6_534	2_227	100.000	108	0	0	1	108	1	108	1.20e-73	223
6_535	2_546	98.907	183	2	0	1	183	1	183	3.77e-124	342
6_536	2_539	100.000	139	0	0	15	153	4	142	5.91e-99	276
6_536	2_298	32.653	147	96	2	2	146	155	300	4.73e-21	83.2
6_537	2_548	99.081	653	6	0	1	653	12	664	0.0	1303
6_537	2_430	38.612	663	339	21	9	628	89	726	1.32e-125	384
6_537	2_483	30.240	334	204	9	206	512	320	651	2.39e-34	134
6_538	2_391	98.896	634	7	0	1	634	63	696	0.0	1248
6_539	2_24	99.655	290	1	0	1	290	1	290	0.0	562
6_540	2_541	99.351	154	1	0	1	154	1	154	2.77e-107	297
6_541	2_515	87.500	120	13	1	3	122	1	118	6.84e-65	205
6_541	2_351	92.105	38	3	0	98	135	424	461	7.60e-17	70.5
6_542	2_542	99.363	314	2	0	1	314	1	314	0.0	592
6_542	2_499	21.659	217	155	6	108	309	1	217	6.71e-05	38.1
6_543	2_404	100.000	238	0	0	1	238	1	238	2.01e-167	472
6_544	2_23	99.422	173	1	0	1	173	1	173	3.18e-126	347
6_545	2_558	99.602	251	1	0	1	251	1	251	0.0	495
6_545	2_160	29.932	147	96	3	110	251	82	226	6.97e-09	49.3
6_546	2_325	100.000	125	0	0	1	125	1	125	2.54e-87	265
6_546	2_225	57.143	119	51	0	6	124	50	168	1.60e-45	151
6_547	2_549	98.971	486	5	0	1	486	1	486	0.0	958
6_548	2_419	99.048	945	9	0	1	945	21	965	0.0	1853
6_548	2_476	23.247	271	155	11	45	277	63	318	3.65e-08	51.6
6_548	2_518	26.286	175	110	5	4	171	12	174	1.66e-04	39.7
6_549	2_551	99.466	936	5	0	1	936	1	936	0.0	1810
6_549	2_302	30.345	870	557	19	8	858	45	884	4.46e-90	310
6_549	2_514	30.151	398	207	11	23	374	37	409	1.27e-39	150
6_550	2_430	97.254	692	14	2	4	693	72	760	0.0	1341
6_550	2_548	37.977	682	336	21	17	659	6	639	1.25e-123	378
6_550	2_483	28.829	333	192	12	217	518	321	639	1.03e-27	113
6_551	2_554	98.039	255	5	0	1	255	1	255	4.16e-176	480
6_552	2_547	94.012	167	10	0	121	287	4	170	4.40e-115	325
6_552	2_555	96.491	114	2	1	1	112	1	114	2.29e-71	213
6_552	2_212	98.810	84	1	0	256	339	1	84	9.16e-57	174
6_552	2_298	30.576	278	189	4	62	339	336	609	1.50e-39	142
6_552	2_219	26.582	158	97	6	56	203	150	298	8.03e-05	38.1
6_552	2_153	23.651	241	164	9	62	286	160	396	5.72e-04	35.8
6_553	2_557	99.894	945	1	0	1	945	1	945	0.0	1895
6_554	2_325	99.309	724	5	0	1	724	127	850	0.0	1417
6_554	2_225	30.952	588	378	12	1	572	171	746	7.02e-73	248
6_554	2_225	25.191	131	87	5	456	579	727	853	3.75e-04	38.1
6_555	2_214	98.718	78	1	0	13	90	1	78	1.31e-51	151
6_556	2_550	99.278	277	2	0	1	277	1	277	0.0	541
6_557	2_562	99.735	378	1	0	1	378	1	378	0.0	731
6_558	2_561	99.722	360	1	0	1	360	1	360	0.0	721
6_558	2_517	65.789	342	108	4	21	360	176	510	2.72e-154	439
6_558	2_439	35.912	362	181	7	23	360	300	634	2.79e-61	202
6_558	2_284	34.104	346	185	7	28	360	199	514	1.48e-55	185
6_558	2_382	32.267	375	205	10	14	358	178	533	5.91e-46	160
6_558	2_544	33.429	350	190	9	23	359	310	629	5.02e-44	155
6_559	2_404	99.757	411	1	0	1	411	249	659	0.0	837
6_560	2_503	42.765	463	206	13	25	462	1	429	2.02e-97	295
6_560	2_527	49.655	290	142	3	80	365	1	290	5.14e-92	276
6_560	2_563	67.857	224	62	5	252	466	287	509	2.85e-82	258
6_560	2_563	66.935	124	36	3	22	143	28	148	2.92e-47	165
6_560	2_500	89.583	96	10	0	305	400	1	96	1.57e-55	175
6_560	2_526	64.384	73	22	2	296	365	247	318	3.90e-22	91.7
6_560	2_526	59.259	81	30	1	69	149	1	78	5.09e-22	91.3
6_561	2_526	99.371	318	2	0	45	362	1	318	0.0	637
6_561	2_503	44.000	375	147	11	1	362	3	327	3.99e-68	216
6_561	2_563	81.739	115	21	0	1	115	33	147	1.02e-58	193
6_561	2_563	75.000	56	14	0	307	362	353	408	4.69e-23	94.7
6_561	2_527	38.957	326	144	15	56	362	1	290	1.17e-47	158
6_561	2_500	71.186	59	16	1	305	362	3	61	1.93e-22	85.5
6_562	2_563	98.746	319	4	0	1	319	86	404	0.0	636
6_562	2_527	35.503	338	145	11	3	319	1	286	4.86e-46	152
6_562	2_503	35.938	320	152	9	1	319	56	323	1.40e-42	147
6_562	2_500	77.358	53	11	1	268	319	5	57	6.15e-23	86.3
6_562	2_526	67.692	65	21	0	1	65	10	74	1.64e-22	90.5
6_562	2_526	75.000	52	13	0	268	319	263	314	7.61e-22	88.6
6_563	2_564	100.000	170	0	0	1	170	1	170	9.66e-127	348
6_564	2_527	99.288	281	2	0	1	281	10	290	0.0	571
6_564	2_503	41.034	290	133	12	1	281	67	327	2.24e-47	159
6_564	2_526	36.909	317	145	15	1	281	21	318	5.91e-41	139
6_564	2_563	34.139	331	149	10	1	281	97	408	4.15e-38	135
6_564	2_500	73.684	57	15	0	225	281	5	61	6.79e-26	93.2
6_565	2_568	100.000	217	0	0	1	217	1	217	2.43e-160	437
6_566	2_569	99.410	339	2	0	1	339	1	339	0.0	696
