13_0	30_0	100.000	220	0	0	1	220	1	220	5.95e-159	430
13_3	30_1	100.000	160	0	0	1	160	1	160	1.52e-113	311
13_13	30_4	25.243	206	129	8	2	197	470	660	5.21e-09	47.4
13_58	30_4	25.568	176	113	6	42	213	499	660	5.26e-06	37.7
13_66	30_18	27.011	174	99	8	35	185	443	611	1.37e-04	33.9
13_98	30_2	100.000	227	0	0	1	227	1	227	2.68e-166	449
13_110	30_4	25.114	219	139	9	2	217	470	666	5.13e-06	39.7
13_130	30_19	32.203	59	38	2	380	437	188	245	0.001	32.3
13_133	30_4	37.931	58	32	1	119	176	594	647	6.55e-06	40.0
13_134	30_4	39.286	56	30	1	118	173	593	644	8.44e-06	39.7
13_135	30_4	38.095	63	31	2	127	185	602	660	5.12e-06	40.4
13_136	30_4	44.000	50	24	1	127	176	602	647	4.32e-06	40.4
13_137	30_4	27.094	203	117	7	2	185	470	660	7.49e-08	46.2
13_178	30_3	100.000	356	0	0	1	356	1	356	0.0	723
13_186	30_4	100.000	679	0	0	1	679	1	679	0.0	1340
13_190	30_5	100.000	250	0	0	1	250	1	250	0.0	506
13_190	30_8	30.542	203	130	4	3	203	121	314	1.35e-18	75.1
13_221	30_4	24.870	193	103	9	36	216	497	659	3.53e-06	38.9
13_233	30_6	100.000	250	0	0	1	250	1	250	7.84e-179	483
13_236	30_4	38.333	60	37	0	127	186	601	660	9.12e-08	45.4
13_237	30_4	33.898	59	39	0	127	185	602	660	3.98e-05	37.4
13_241	30_4	25.137	183	123	5	32	204	499	677	3.95e-07	43.9
13_242	30_4	31.214	173	96	8	32	189	499	663	1.01e-10	55.1
13_247	30_4	30.814	172	91	6	32	185	499	660	4.52e-08	47.0
13_252	30_15	49.825	572	214	12	1	519	1	552	1.22e-175	498
13_252	30_24	29.614	466	258	10	88	517	165	596	4.77e-59	197
13_264	30_4	31.034	58	40	0	128	185	602	659	2.05e-04	35.0
13_305	30_7	100.000	542	0	0	1	542	1	542	0.0	1088
13_322	30_4	31.250	64	42	2	41	103	499	561	4.91e-04	32.7
13_344	30_18	31.667	60	34	1	2	61	420	472	7.65e-05	32.3
13_350	30_4	31.548	168	92	7	369	522	501	659	7.79e-12	58.2
13_361	30_8	100.000	345	0	0	1	345	1	345	0.0	706
13_361	30_5	30.542	203	130	4	121	314	3	203	1.86e-18	75.1
13_363	30_4	31.336	217	113	11	315	510	458	659	1.36e-12	60.8
13_364	30_4	25.248	404	264	13	122	507	272	655	1.05e-16	73.9
13_372	30_9	100.000	197	0	0	1	197	1	197	3.39e-141	384
13_387	30_4	29.193	161	93	4	38	185	500	652	2.19e-12	57.0
13_417	30_10	100.000	715	0	0	1	715	1	715	0.0	1437
13_417	30_18	31.646	79	44	2	265	334	450	527	5.51e-04	33.5
13_435	30_15	31.148	427	241	12	130	538	163	554	1.88e-52	179
13_435	30_24	29.821	446	247	11	116	538	198	600	2.09e-51	177
13_450	30_4	31.176	170	93	7	365	519	499	659	4.27e-10	52.8
13_451	30_11	100.000	583	0	0	1	583	1	583	0.0	1184
13_451	30_20	27.103	107	50	4	485	583	721	807	4.37e-04	33.5
13_485	30_14	96.364	110	4	0	100	209	584	693	1.11e-67	211
13_485	30_14	87.387	111	8	1	1	105	1	111	7.82e-58	185
13_485	30_21	42.857	84	42	3	125	206	52	131	2.45e-16	64.3
13_515	30_12	100.000	1975	0	0	1	1975	1	1975	0.0	3944
13_519	30_13	100.000	117	0	0	1	117	1	117	1.16e-83	231
13_520	30_14	95.455	110	5	0	100	209	584	693	9.49e-68	211
13_520	30_14	87.387	111	8	1	1	105	1	111	7.58e-58	185
13_520	30_21	41.667	84	43	3	125	206	52	131	1.84e-15	62.0
13_522	30_14	100.000	693	0	0	1	693	1	693	0.0	1389
13_522	30_21	42.857	84	42	3	609	690	52	131	7.07e-15	63.2
13_526	30_15	100.000	554	0	0	1	554	1	554	0.0	1126
13_526	30_24	28.939	622	339	21	7	554	8	600	1.00e-69	227
13_529	30_4	46.939	49	23	2	6	53	468	514	3.63e-04	33.1
13_546	30_4	29.861	144	87	6	98	234	501	637	1.84e-10	52.4
13_549	30_16	100.000	459	0	0	1	459	1	459	0.0	940
13_557	30_5	27.500	120	75	4	501	619	58	166	1.26e-04	35.0
13_558	30_4	23.497	183	124	6	27	202	486	659	2.49e-06	40.4
13_558	30_4	33.333	39	26	0	405	443	596	634	0.001	32.3
13_559	30_17	100.000	607	0	0	1	607	1	607	0.0	1220
13_561	30_18	100.000	870	0	0	1	870	1	870	0.0	1754
13_583	30_19	100.000	818	0	0	1	818	1	818	0.0	1674
13_583	30_20	26.087	621	342	21	251	808	244	810	3.13e-42	156
13_587	30_20	100.000	822	0	0	1	822	1	822	0.0	1674
13_587	30_19	26.087	621	342	21	244	810	251	808	9.47e-35	132
13_587	30_11	27.103	107	50	4	721	807	485	583	6.33e-04	33.5
13_588	30_4	28.721	477	269	24	73	516	215	653	2.38e-12	60.1
13_589	30_4	31.606	193	102	6	319	495	455	633	8.22e-15	67.8
13_607	30_21	100.000	131	0	0	1	131	1	131	2.78e-95	262
13_607	30_14	42.857	84	42	3	52	131	609	690	1.34e-15	63.2
13_632	30_22	100.000	53	0	0	1	53	1	53	1.89e-35	105
13_635	30_23	100.000	175	0	0	1	175	1	175	1.19e-125	342
13_648	30_24	100.000	612	0	0	1	612	1	612	0.0	1247
13_648	30_15	34.058	414	223	11	213	600	165	554	7.97e-69	225
13_654	30_25	100.000	86	0	0	1	86	1	86	5.10e-61	172
13_666	30_24	38.673	437	247	5	249	666	163	597	4.59e-101	313
13_666	30_15	34.029	479	264	15	218	665	93	550	2.42e-68	225
13_671	30_26	100.000	975	0	0	1	975	1	975	0.0	1954
