>IDMF30
+1 +2 +3 +4 +5 +6 +7 +8 +9 +10 +11 +12 +13 +14 +15 +16 $
>IDMF11
+1 +2 +3 +4 +5 +6 +7 +8 +17 +15 +16 +9 +10 +11 +12 +13 +14 $
>IDATCC27716
+3 +4 +5 +6 +6 +7 +8 +17 +15 +16 +9 +10 +11 +12 +13 +14 +1 +2 -7 +5 +6 $
>IDMF33
+1 +2 +3 +4 +5 +6 +7 +8 +17 +15 +16 +9 +10 +11 +12 +13 +14 $
>IDMF29
+14 +1 +2 +3 +4 +5 +6 +7 +8 +17 +15 +16 +9 +10 +11 +12 +13 $
>IDMF22
+13 +14 +1 +2 +3 +4 +5 +6 +7 +8 +17 +9 +10 +11 +12 +15 +16 $
>IDMF18
+1 +2 +3 +4 +5 +6 +7 +8 +17 +9 +10 +11 +12 +13 +14 +15 -16 $
>IDMs42
+2 +3 +4 +5 +6 +6 +7 +8 +17 +15 +16 +9 +10 +11 +12 +13 +14 +1 $
