3833at2085	0	16	160
5176at2085	0	5	48
2086at2085	0	34	343
4107at2085	0	16	160
4293at2085	0	10	104
2694at2085	0	19	185
539at2085	0	54	536
147at2085	0	46	460
3570at2085	0	16	156
3036at2085	0	16	157
3112at2085	0	15	145
705at2085	0	34	341
4923at2085	0	12	124
3195at2085	0	20	204
4759at2085	0	7	71
2118at2085	0	63	625
406at2085	0	48	484
4648at2085	0	10	101
1140at2085	0	35	347
1930at2085	0	19	186
955at2085	0	35	350
5240at2085	0	7	67
3406at2085	0	21	207
3486at2085	0	17	168
78at2085	0	78	778
482at2085	0	52	515
1617at2085	0	24	243
5049at2085	0	9	94
1797at2085	0	29	285
5471at2085	0	9	88
5299at2085	0	4	43
584at2085	0	46	308
2868at2085	0	25	248
1371at2085	0	58	438
462at2085	0	61	610
2452at2085	0	22	224
4629at2085	0	9	94
1993at2085	0	26	258
2936at2085	0	16	162
4128at2085	0	11	107
1490at2085	0	32	312
1851at2085	0	35	347
2804at2085	0	21	211
5097at2085	0	8	84
1043at2085	0	39	394
2413at2085	0	18	175
4276at2085	0	17	171
946at2085	0	43	434
4257at2085	0	12	115
1529at2085	0	39	392
1180at2085	0	27	266
1328at2085	0	34	338
3342at2085	0	31	300
2695at2085	0	23	229
2991at2085	0	11	110
4319at2085	0	8	80
3895at2085	0	15	150
759at2085	0	39	394
3001at2085	0	27	273
1886at2085	0	18	182
887at2085	0	41	405
533at2085	0	52	515
148at2085	0	59	586
2558at2085	0	21	213
5230at2085	0	6	56
3843at2085	0	20	202
3531at2085	0	14	136
4488at2085	0	9	91
2930at2085	0	26	258
697at2085	0	42	421
4184at2085	0	9	86
4715at2085	0	12	116
1770at2085	0	23	231
3946at2085	0	22	221
2568at2085	0	19	186
3066at2085	0	16	159
3146at2085	0	24	235
4324at2085	0	12	122
5328at2085	0	9	93
4367at2085	0	12	123
4555at2085	0	16	155
2451at2085	0	27	265
163at2085	0	65	649
3640at2085	0	13	125
3960at2085	0	12	124
3656at2085	0	16	157
4330at2085	0	10	100
3550at2085	0	14	142
1184at2085	0	35	354
1338at2085	0	33	333
1410at2085	0	45	451
2961at2085	0	20	202
56at2085	0	104	1044
111at2085	0	77	770
3504at2085	0	17	172
812at2085	0	34	302
2972at2085	0	19	187
4221at2085	0	11	111
5172at2085	0	9	91
53at2085	0	340	1307
4322at2085	0	11	110
4388at2085	0	10	101
3273at2085	0	20	202
5243at2085	0	5	51
2529at2085	0	26	264
2353at2085	0	23	225
1384at2085	0	37	371
2170at2085	0	36	362
1647at2085	0	26	264
3904at2085	0	47	371
1978at2085	0	28	275
886at2085	0	37	374
2014at2085	0	23	228
1683at2085	0	28	284
4756at2085	0	7	70
5219at2085	0	6	62
801at2085	0	49	486
3445at2085	0	14	139
2313at2085	0	27	274
1992at2085	0	26	256
4148at2085	0	21	208
699at2085	0	53	532
501at2085	0	53	525
3266at2085	0	22	215
2571at2085	0	18	184
2656at2085	0	23	232
3920at2085	0	15	150
534at2085	0	68	678
1679at2085	0	26	260
2279at2085	0	22	220
3517at2085	0	11	112
913at2085	0	40	397
5085at2085	0	7	70
3848at2085	0	16	159
4969at2085	0	7	70
2000at2085	0	34	336
1146at2085	0	36	362
3487at2085	0	11	114
1813at2085	0	30	301
1519at2085	0	25	249
543at2085	0	55	552
3687at2085	0	16	163
2116at2085	0	38	265
157at2085	0	64	637
3914at2085	0	12	118
3403at2085	0	19	182
2577at2085	0	25	216
2092at2085	0	30	300
4055at2085	0	11	105
1064at2085	0	35	350
218at2085	0	51	506
2183at2085	0	35	351
17at2085	0	302	1294
1182at2085	0	36	360
1484at2085	0	33	331
118at2085	0	57	372
2636at2085	0	22	196
492at2085	0	50	495
1827at2085	0	38	383
1041at2085	0	61	492
908at2085	0	40	403
4100at2085	0	15	145
2666at2085	0	25	247
1830at2085	0	30	299
4353at2085	0	10	102
1307at2085	0	41	408
1451at2085	0	33	329
1416at2085	0	36	314
4584at2085	0	7	68
1693at2085	0	26	257
244at2085	0	48	482
1633at2085	0	27	266
3282at2085	0	20	198
3319at2085	0	23	229
