30_0	13_0	100.000	220	0	0	1	220	1	220	1.19e-157	430
30_1	13_3	100.000	160	0	0	1	160	1	160	3.05e-112	311
30_2	13_98	100.000	227	0	0	1	227	1	227	5.37e-165	449
30_3	13_178	100.000	356	0	0	1	356	1	356	0.0	723
30_4	13_186	100.000	679	0	0	1	679	1	679	0.0	1340
30_4	13_364	25.061	407	261	14	272	655	122	507	6.68e-17	79.0
30_4	13_589	28.522	291	174	7	357	633	225	495	3.11e-14	70.5
30_4	13_588	28.931	477	268	24	215	653	73	516	4.86e-13	66.6
30_4	13_363	31.336	217	113	11	458	659	315	510	3.71e-11	60.5
30_4	13_387	29.193	161	93	4	500	652	38	185	1.41e-10	57.0
30_4	13_350	31.548	168	92	7	501	659	369	522	1.69e-10	58.5
30_4	13_242	31.214	173	96	8	499	663	32	189	1.90e-09	55.5
30_4	13_546	29.861	144	87	6	501	637	98	234	8.00e-09	52.4
30_4	13_450	31.176	170	93	7	499	659	365	519	8.74e-09	53.1
30_4	13_13	25.243	206	129	8	470	660	2	197	2.50e-07	47.4
30_4	13_247	30.539	167	98	6	499	660	32	185	7.87e-07	47.0
30_4	13_236	38.333	60	37	0	601	660	127	186	1.66e-06	45.8
30_4	13_241	25.137	183	123	5	499	677	32	204	6.13e-06	43.9
30_4	13_137	26.341	205	116	8	470	660	2	185	1.14e-05	43.1
30_4	13_136	44.000	50	24	1	602	647	127	176	6.00e-05	40.8
30_4	13_558	23.497	183	124	6	486	659	27	202	6.52e-05	40.4
30_4	13_135	38.095	63	31	2	602	660	127	185	8.84e-05	40.4
30_4	13_110	25.114	219	139	9	470	666	2	217	1.15e-04	39.7
30_4	13_133	37.931	58	32	1	594	647	119	176	1.23e-04	39.7
30_4	13_221	24.870	193	103	9	497	659	36	216	1.34e-04	39.3
30_4	13_134	39.286	56	30	1	593	644	118	173	1.65e-04	39.3
30_4	13_58	25.568	176	113	6	499	660	42	213	2.78e-04	37.7
30_4	13_237	33.898	59	39	0	602	660	127	185	6.33e-04	37.4
30_5	13_190	100.000	250	0	0	1	250	1	250	0.0	506
30_5	13_361	30.542	203	130	4	3	203	121	314	2.70e-17	75.1
30_6	13_233	100.000	250	0	0	1	250	1	250	1.57e-177	483
30_7	13_305	100.000	542	0	0	1	542	1	542	0.0	1088
30_8	13_361	100.000	345	0	0	1	345	1	345	0.0	706
30_8	13_190	30.542	203	130	4	121	314	3	203	3.73e-17	75.1
30_9	13_372	100.000	197	0	0	1	197	1	197	6.80e-140	384
30_10	13_417	100.000	715	0	0	1	715	1	715	0.0	1437
30_11	13_451	100.000	583	0	0	1	583	1	583	0.0	1184
30_12	13_515	100.000	1975	0	0	1	1975	1	1975	0.0	3944
30_13	13_519	100.000	117	0	0	1	117	1	117	2.34e-82	231
30_14	13_522	100.000	693	0	0	1	693	1	693	0.0	1389
30_14	13_520	95.455	110	5	0	584	693	100	209	6.31e-66	211
30_14	13_520	87.387	111	8	1	1	111	1	105	5.04e-56	185
30_14	13_485	96.364	110	4	0	584	693	100	209	7.38e-66	211
30_14	13_485	87.387	111	8	1	1	111	1	105	5.20e-56	185
30_14	13_607	42.857	84	42	3	609	690	52	131	1.42e-13	63.2
30_15	13_526	100.000	554	0	0	1	554	1	554	0.0	1126
30_15	13_252	50.088	571	214	12	1	552	1	519	4.53e-175	500
30_15	13_648	28.939	622	339	21	7	554	8	600	2.01e-68	227
30_15	13_666	33.686	472	275	12	93	550	218	665	3.48e-67	225
30_15	13_435	31.148	427	241	12	163	554	130	538	3.22e-51	179
30_16	13_549	100.000	459	0	0	1	459	1	459	0.0	940
30_17	13_559	100.000	607	0	0	1	607	1	607	0.0	1220
30_18	13_561	100.000	870	0	0	1	870	1	870	0.0	1754
30_19	13_583	100.000	818	0	0	1	818	1	818	0.0	1674
30_19	13_587	26.087	621	342	21	251	808	244	810	6.28e-41	156
30_20	13_587	100.000	822	0	0	1	822	1	822	0.0	1674
30_20	13_583	26.087	621	342	21	244	810	251	808	1.90e-33	132
30_21	13_607	100.000	131	0	0	1	131	1	131	5.57e-94	262
30_21	13_485	42.857	84	42	3	52	131	125	206	3.08e-15	64.3
30_21	13_520	41.667	84	43	3	52	131	125	206	2.31e-14	62.0
30_21	13_522	42.857	84	42	3	52	131	609	690	2.68e-14	63.2
30_22	13_632	100.000	53	0	0	1	53	1	53	3.79e-34	105
30_23	13_635	100.000	175	0	0	1	175	1	175	2.39e-124	342
30_24	13_648	100.000	612	0	0	1	612	1	612	0.0	1247
30_24	13_666	38.444	437	248	5	163	597	249	666	3.20e-99	312
30_24	13_526	34.058	414	223	11	213	600	165	554	1.60e-67	225
30_24	13_252	29.614	466	258	10	165	596	88	517	8.84e-58	197
30_24	13_435	29.821	446	247	11	198	600	116	538	5.20e-50	177
30_25	13_654	100.000	86	0	0	1	86	1	86	1.02e-59	172
30_26	13_671	100.000	975	0	0	1	975	1	975	0.0	1954
