0_0	1_224	99.857	699	1	0	1	699	1	699	0.0	1414
0_0	1_497	25.878	769	431	26	16	692	6	727	3.51e-44	164
0_1	1_382	99.379	322	2	0	1	322	1	322	0.0	650
0_2	1_294	99.862	725	1	0	1	725	1	725	0.0	1468
0_2	1_233	38.624	189	111	4	481	667	205	390	6.53e-35	132
0_2	1_233	47.423	97	51	0	39	135	11	107	1.22e-22	95.9
0_2	1_490	40.146	137	82	0	481	617	166	302	3.50e-31	120
0_2	1_490	30.088	113	70	2	38	150	7	110	3.28e-11	60.1
0_2	1_412	25.735	136	99	2	481	614	590	725	2.50e-17	80.9
0_2	1_412	28.049	164	100	5	42	204	12	158	2.66e-07	48.1
0_2	1_266	38.298	94	57	1	501	594	274	366	9.23e-17	77.8
0_2	1_266	29.688	128	75	3	33	145	38	165	7.57e-10	56.2
0_2	1_205	32.432	111	74	1	505	614	274	384	1.77e-14	70.9
0_2	1_262	31.776	107	72	1	486	592	116	221	8.40e-13	63.9
0_2	1_262	31.915	94	55	3	50	137	16	106	1.04e-05	42.4
0_2	1_33	25.806	155	88	3	501	655	152	279	2.50e-12	62.8
0_2	1_33	30.952	84	39	3	53	117	22	105	1.21e-05	42.4
0_2	1_177	32.292	96	63	2	500	594	127	221	5.07e-11	58.2
0_2	1_177	30.556	72	46	3	53	123	21	89	0.001	35.8
0_2	1_409	34.409	93	54	2	498	587	402	490	2.27e-10	57.8
0_2	1_409	29.213	89	58	2	500	584	133	220	1.21e-07	49.3
0_2	1_409	29.348	92	54	4	48	131	16	104	1.12e-06	46.2
0_2	1_322	32.967	91	59	1	498	588	119	207	1.14e-09	55.8
0_2	1_322	33.333	99	58	3	39	134	2	95	6.28e-07	47.0
0_2	1_442	31.897	116	70	2	474	589	102	208	1.49e-09	55.5
0_2	1_442	32.673	101	60	2	39	136	2	97	2.46e-07	48.5
0_2	1_286	34.146	82	53	1	503	584	194	274	2.34e-09	53.9
0_2	1_286	31.707	82	46	2	58	131	84	163	2.13e-07	47.8
0_2	1_59	29.358	109	76	1	505	612	159	267	9.64e-09	52.4
0_2	1_59	25.899	139	83	6	30	151	4	139	4.44e-04	37.4
0_2	1_290	33.766	77	51	0	508	584	154	230	1.31e-08	51.2
0_2	1_489	30.357	112	75	2	39	149	2	111	3.30e-08	51.2
0_2	1_489	31.081	74	49	1	508	581	129	200	1.61e-05	42.4
0_2	1_72	30.476	105	70	1	38	139	7	111	5.29e-08	50.4
0_2	1_72	25.974	77	56	1	508	584	407	482	6.89e-04	37.0
0_2	1_526	34.247	73	48	0	36	108	322	394	5.11e-07	47.4
0_2	1_526	28.788	132	78	6	448	572	393	515	5.95e-05	40.4
0_2	1_265	35.088	57	37	0	39	95	2	58	9.30e-07	46.2
0_2	1_265	23.810	84	60	1	504	587	152	231	4.82e-05	40.8
0_2	1_447	27.778	90	61	2	493	581	452	538	1.39e-06	45.8
0_2	1_562	38.298	47	29	0	493	539	104	150	1.16e-05	41.6
0_2	1_331	33.333	66	43	1	36	100	331	396	2.68e-05	41.6
0_2	1_437	25.301	83	59	1	36	115	324	406	2.72e-04	38.5
0_3	1_498	99.545	220	1	0	117	336	2	221	1.53e-155	430
0_3	1_545	25.083	303	205	10	36	336	22	304	9.12e-14	65.5
0_4	1_365	99.893	931	1	0	1	931	1	931	0.0	1841
0_4	1_522	27.523	218	124	7	9	225	17	201	2.64e-08	52.0
0_4	1_440	22.938	388	251	14	2	352	7	383	5.12e-06	44.7
0_4	1_523	30.864	162	92	7	60	208	55	209	1.82e-05	43.1
0_5	1_521	99.543	876	4	0	1	876	34	909	0.0	1743
0_5	1_499	100.000	63	0	0	875	937	1	63	4.77e-38	130
0_5	1_439	25.714	245	153	5	1	221	10	249	4.88e-15	74.3
0_5	1_399	24.936	393	233	13	7	361	26	394	8.04e-14	70.1
0_5	1_468	27.083	240	153	8	1	220	18	255	2.31e-10	58.9
0_5	1_398	25.835	569	339	24	30	560	62	585	1.18e-08	53.1
0_5	1_524	27.426	237	147	7	3	224	13	239	1.42e-08	53.1
0_6	1_293	99.371	159	1	0	1	159	1	159	1.38e-116	321
0_6	1_206	32.500	120	78	2	22	140	15	132	7.84e-11	52.0
0_7	1_0	100.000	96	0	0	1	96	1	96	9.14e-66	188
0_8	1_1	100.000	589	0	0	1	589	1	589	0.0	1146
0_8	1_132	26.087	460	272	17	51	492	10	419	1.45e-21	92.8
0_9	1_2	100.000	350	0	0	1	350	1	350	0.0	716
0_10	1_364	99.677	620	2	0	1	620	1	620	0.0	1244
0_11	1_490	99.482	386	2	0	1	386	1	386	0.0	759
0_11	1_233	32.059	340	185	10	5	304	8	341	4.31e-38	137
0_11	1_294	40.146	137	82	0	166	302	481	617	2.03e-31	120
0_11	1_294	30.088	113	70	2	7	110	38	150	1.83e-11	60.1
0_11	1_412	37.363	91	57	0	194	284	619	709	1.71e-15	72.8
0_11	1_266	33.333	90	60	0	194	283	282	371	7.66e-15	70.1
0_11	1_290	25.357	280	164	5	6	283	8	244	3.21e-14	66.6
0_11	1_286	24.779	226	119	3	27	252	84	258	7.68e-14	66.2
0_11	1_177	32.143	140	84	3	143	279	90	221	8.51e-12	59.3
0_11	1_33	25.600	250	143	8	27	272	27	237	1.14e-11	59.7
0_11	1_205	23.404	141	104	2	164	303	251	388	1.49e-11	60.1
0_11	1_262	24.221	289	161	9	8	292	2	236	4.49e-11	57.4
0_11	1_59	27.778	126	87	2	176	297	142	267	1.02e-10	57.0
0_11	1_409	23.420	269	153	9	30	296	29	246	7.59e-10	54.7
0_11	1_409	32.609	92	57	2	184	271	399	489	7.75e-07	45.4
0_11	1_442	30.986	142	89	5	128	263	59	197	9.97e-10	54.7
0_11	1_442	52.778	36	17	0	27	62	21	56	2.59e-05	40.4
0_11	1_322	29.333	150	99	3	129	273	60	207	1.24e-09	54.3
0_11	1_322	43.636	55	31	0	8	62	2	56	6.63e-06	42.4
0_11	1_489	34.483	87	53	2	183	268	119	202	1.09e-08	51.2
0_11	1_72	28.788	132	85	4	146	271	356	484	8.47e-08	48.1
0_11	1_447	29.412	85	52	2	172	251	441	522	3.15e-06	43.5
0_11	1_331	38.000	100	46	5	1	95	327	415	9.46e-05	38.5
0_11	1_265	27.174	92	64	1	188	276	443	534	2.30e-04	37.4
0_11	1_101	45.588	68	27	4	4	69	466	525	2.88e-04	37.4
0_11	1_526	50.000	46	23	0	8	53	325	370	4.22e-04	36.6
0_12	1_544	98.266	173	3	0	1	173	1	173	6.14e-117	327
0_13	1_3	100.000	188	0	0	1	188	1	188	2.32e-134	369
0_14	1_4	100.000	110	0	0	1	110	1	110	1.59e-79	224
0_15	1_5	100.000	290	0	0	1	290	1	290	0.0	578
0_15	1_433	31.955	266	150	14	23	264	25	283	3.92e-23	91.3
0_16	1_253	99.303	287	2	0	1	287	1	287	0.0	573
0_16	1_472	36.255	251	125	6	1	234	1	233	1.96e-33	118
0_17	1_254	98.765	81	1	0	1	81	1	81	4.73e-57	165
0_18	1_387	99.064	534	5	0	1	534	1	534	0.0	1051
0_19	1_386	98.406	251	4	0	1	251	1	251	2.77e-178	485
0_20	1_6	100.000	335	0	0	1	335	1	335	0.0	664
0_21	1_316	99.851	673	1	0	1	673	1	673	0.0	1348
0_21	1_230	22.437	517	375	10	6	512	10	510	5.45e-32	127
0_22	1_7	100.000	333	0	0	1	333	1	333	0.0	664
0_22	1_150	34.375	192	115	3	125	314	101	283	3.87e-25	99.8
0_23	1_8	100.000	189	0	0	1	189	1	189	2.95e-140	384
0_24	1_436	99.691	324	1	0	1	324	1	324	0.0	663
0_24	1_285	22.941	340	195	13	1	296	321	637	2.89e-09	52.8
0_25	1_436	46.269	67	35	1	13	78	245	311	2.75e-13	58.5
0_26	1_436	41.702	235	129	4	7	237	7	237	2.21e-51	164
0_26	1_285	29.289	239	132	10	9	216	325	557	1.42e-12	61.2
0_27	1_9	100.000	152	0	0	1	152	1	152	1.21e-110	306
0_28	1_10	100.000	619	0	0	1	619	1	619	0.0	1249
0_29	1_317	99.735	378	1	0	1	378	1	378	0.0	751
0_30	1_11	100.000	463	0	0	1	463	1	463	0.0	923
0_31	1_12	100.000	47	0	0	1	47	1	47	3.67e-30	94.7
0_32	1_385	99.836	609	1	0	1	609	1	609	0.0	1217
0_33	1_318	99.872	783	1	0	1	783	1	783	0.0	1562
0_34	1_319	99.717	353	1	0	1	353	1	353	0.0	696
0_34	1_372	27.129	317	167	15	46	345	64	333	3.59e-07	45.8
0_35	1_320	99.392	823	5	0	1	823	1	823	0.0	1649
0_35	1_138	24.291	741	451	18	18	668	34	754	8.82e-49	180
0_35	1_325	22.781	338	192	11	393	679	398	717	6.31e-14	70.1
0_35	1_325	27.174	184	113	4	6	186	3	168	8.49e-09	53.5
0_35	1_462	24.084	191	113	4	32	222	3	161	1.17e-07	49.3
0_36	1_384	99.843	638	1	0	1	638	1	638	0.0	1248
0_37	1_13	100.000	321	0	0	1	321	1	321	0.0	623
0_38	1_321	99.615	520	2	0	1	520	1	520	0.0	1011
0_39	1_383	98.585	212	3	0	1	212	1	212	2.96e-146	400
0_40	1_526	99.250	533	4	0	1	533	1	533	0.0	1031
0_40	1_447	29.367	521	346	9	16	520	19	533	7.49e-50	174
0_40	1_437	29.094	519	312	21	20	513	27	514	2.29e-24	101
0_40	1_331	34.928	209	124	6	319	520	328	531	2.74e-23	97.8
0_40	1_562	35.821	134	84	2	357	489	21	153	1.88e-16	72.4
0_40	1_262	32.075	212	118	6	324	517	1	204	6.12e-14	67.0
0_40	1_322	28.365	208	110	6	324	512	1	188	5.17e-11	59.7
0_40	1_409	30.000	220	113	7	320	513	2	206	1.73e-10	57.8
0_40	1_265	28.342	187	110	5	324	486	1	187	2.47e-10	57.4
0_40	1_489	27.570	214	128	8	324	525	1	199	1.77e-09	54.7
0_40	1_177	28.646	192	103	6	340	513	22	197	2.41e-09	52.4
0_40	1_101	28.042	189	107	7	317	489	463	638	7.20e-09	52.8
0_40	1_442	28.351	194	128	6	324	512	1	188	8.89e-09	52.4
0_40	1_233	36.232	69	44	0	324	392	10	78	2.36e-07	47.4
0_40	1_233	33.645	107	54	3	419	514	193	293	6.98e-06	42.7
0_40	1_286	25.405	185	120	5	339	510	79	258	3.97e-07	46.2
0_40	1_294	34.247	73	48	0	322	394	36	108	5.17e-07	46.6
0_40	1_294	29.008	131	79	6	393	515	448	572	6.95e-05	40.0
0_40	1_266	29.412	85	53	2	308	388	30	111	1.99e-04	38.1
0_40	1_490	50.000	46	23	0	325	370	8	53	6.76e-04	36.6
0_40	1_72	43.182	44	25	0	343	386	26	69	7.33e-04	36.6
0_40	1_412	38.806	67	37	3	449	511	612	678	8.65e-04	36.2
0_40	1_59	26.341	205	122	8	339	519	29	228	0.001	35.8
0_41	1_437	99.626	535	2	0	1	535	1	535	0.0	1037
0_41	1_331	31.445	512	325	9	31	526	35	536	2.62e-54	187
0_41	1_447	31.132	212	136	3	321	526	331	538	3.39e-30	119
0_41	1_526	30.990	384	216	16	155	514	155	513	5.56e-24	100
0_41	1_562	33.140	172	111	2	343	511	5	175	5.55e-16	71.2
0_41	1_262	32.353	204	117	11	327	514	2	200	6.93e-13	63.5
0_41	1_442	30.882	204	134	4	327	527	2	201	2.90e-11	60.5
0_41	1_101	32.184	174	95	8	352	510	495	660	1.06e-10	58.5
0_41	1_489	29.187	209	137	7	327	530	2	204	6.50e-09	52.8
0_41	1_322	29.167	216	137	9	327	534	2	209	4.03e-08	50.4
0_41	1_286	29.570	186	108	8	341	510	79	257	1.76e-07	47.4
0_41	1_265	35.185	54	35	0	335	388	10	63	9.26e-06	42.7
0_41	1_177	25.414	181	122	5	342	514	22	197	1.53e-05	41.2
0_41	1_233	32.787	61	41	0	327	387	11	71	4.78e-05	40.0
0_41	1_294	25.301	83	59	1	324	406	36	115	2.98e-04	37.7
0_41	1_72	25.532	188	118	5	346	517	27	208	5.88e-04	36.6
0_42	1_439	99.177	1215	9	1	1	1214	1	1215	0.0	2402
0_42	1_399	28.680	394	227	7	1	386	4	351	3.34e-43	166
0_42	1_399	26.923	286	166	8	721	1002	521	767	5.61e-16	77.8
0_42	1_468	32.867	286	182	5	3	285	11	289	1.80e-34	137
0_42	1_468	30.928	291	137	10	738	1016	545	783	3.56e-23	101
0_42	1_468	32.231	121	72	5	477	594	361	474	1.80e-05	43.5
0_42	1_521	24.096	249	165	5	6	249	25	254	6.56e-14	70.9
0_42	1_524	26.556	241	150	8	1	234	1	221	4.35e-11	62.0
0_42	1_398	22.624	221	146	6	14	234	31	226	1.34e-04	40.4
0_43	1_440	97.789	1176	11	2	1	1173	1	1164	0.0	2295
0_43	1_522	32.576	264	156	5	7	261	5	255	2.63e-29	120
0_43	1_522	24.939	409	208	17	584	972	445	774	4.35e-13	68.2
0_43	1_467	31.855	248	152	8	10	252	13	248	3.05e-23	101
0_43	1_467	25.941	239	152	9	740	970	512	733	4.39e-04	38.9
0_43	1_523	29.560	159	99	4	6	161	2	150	4.01e-11	62.0
0_43	1_365	22.680	388	252	14	7	383	2	352	1.88e-05	43.1
0_43	1_307	39.474	38	23	0	281	318	260	297	4.25e-04	38.9
0_44	1_14	100.000	344	0	0	1	344	1	344	0.0	704
0_44	1_108	27.451	204	135	5	121	314	3	203	2.27e-15	69.7
0_45	1_15	100.000	50	0	0	1	50	1	50	3.88e-32	99.8
0_45	1_171	35.556	45	26	1	6	50	5	46	1.50e-04	30.0
0_46	1_16	100.000	273	0	0	1	273	1	273	0.0	562
0_47	1_442	99.611	772	3	0	1	772	1	772	0.0	1502
0_47	1_322	48.630	438	197	9	1	416	1	432	1.65e-108	340
0_47	1_322	45.736	129	70	0	644	772	518	646	8.55e-23	98.2
0_47	1_489	30.932	805	488	19	1	772	1	770	1.85e-84	279
0_47	1_286	29.442	197	127	5	16	202	79	273	5.24e-19	83.2
0_47	1_72	32.673	202	122	5	6	195	12	211	1.43e-15	74.7
0_47	1_409	25.592	211	143	5	1	198	6	215	1.29e-13	68.6
0_47	1_409	26.020	196	127	5	11	188	277	472	4.48e-10	57.0
0_47	1_33	25.000	208	129	5	17	198	23	229	1.40e-13	67.0
0_47	1_290	27.451	204	119	8	18	198	28	225	8.33e-12	60.8
0_47	1_447	26.415	212	137	7	1	201	336	539	8.44e-12	62.8
0_47	1_331	31.373	204	111	9	13	200	346	536	3.38e-11	60.8
0_47	1_437	30.882	204	134	4	2	201	327	527	4.53e-11	60.5
0_47	1_265	22.993	274	175	5	1	240	1	272	9.16e-11	59.3
0_47	1_265	24.645	211	138	8	1	201	319	518	8.57e-06	43.5
0_47	1_294	31.897	116	70	2	102	208	474	589	1.76e-09	55.5
0_47	1_294	32.673	101	60	2	2	97	39	136	2.91e-07	48.1
0_47	1_490	30.986	142	89	5	59	197	128	263	1.83e-09	54.7
0_47	1_490	52.778	36	17	0	21	56	27	62	5.23e-05	40.4
0_47	1_526	28.866	194	127	6	1	188	324	512	1.03e-08	52.8
0_47	1_233	32.394	142	92	3	107	245	211	351	1.82e-08	51.6
0_47	1_233	32.955	88	57	1	7	92	16	103	1.84e-08	51.6
0_47	1_262	23.618	199	141	6	13	202	16	212	9.01e-08	48.9
0_47	1_266	25.191	131	91	3	72	197	223	351	1.59e-07	48.9
0_47	1_101	24.479	192	131	5	23	204	491	678	2.80e-07	48.1
0_47	1_229	39.130	92	47	4	115	200	820	908	6.09e-07	47.4
0_47	1_229	28.571	147	88	6	64	193	416	562	1.36e-04	39.7
0_47	1_412	27.957	93	65	1	108	198	597	689	7.80e-07	47.0
0_47	1_177	27.174	184	109	7	19	188	24	196	2.05e-06	44.3
0_47	1_205	25.592	211	123	8	16	197	142	347	6.43e-06	43.5
0_47	1_562	27.684	177	117	5	16	185	3	175	1.71e-05	40.8
0_47	1_59	30.682	88	57	2	114	197	145	232	2.10e-04	38.5
0_48	1_322	99.846	650	1	0	1	650	1	650	0.0	1260
0_48	1_442	48.630	438	197	9	1	432	1	416	1.23e-108	340
0_48	1_442	39.344	183	105	1	470	646	590	772	8.23e-31	123
0_48	1_489	40.044	452	245	10	1	438	1	440	4.71e-90	291
0_48	1_489	29.348	184	126	2	467	646	587	770	3.28e-16	76.6
0_48	1_286	30.732	205	122	6	16	206	79	277	2.04e-20	87.0
0_48	1_331	32.558	215	117	9	2	200	334	536	3.96e-15	72.8
0_48	1_447	29.717	212	130	8	1	201	336	539	4.35e-15	72.8
0_48	1_33	28.169	213	128	6	18	205	24	236	3.54e-14	68.2
0_48	1_262	31.081	222	129	11	1	205	1	215	1.99e-13	65.5
0_48	1_409	25.688	218	140	7	15	212	20	235	2.98e-13	67.0
0_48	1_409	27.753	227	134	7	16	215	282	505	8.85e-13	65.5
0_48	1_72	29.524	210	134	5	10	205	12	221	1.59e-12	64.7
0_48	1_72	28.326	233	135	9	2	208	261	487	7.60e-09	52.8
0_48	1_265	25.641	234	141	6	1	205	1	230	1.73e-12	64.7
0_48	1_265	28.571	210	133	8	1	202	319	519	1.91e-09	54.7
0_48	1_526	28.365	208	110	6	1	188	324	512	7.84e-11	59.3
0_48	1_177	29.596	223	136	8	4	214	8	221	1.04e-10	57.0
0_48	1_101	31.285	179	100	8	32	195	500	670	5.85e-10	56.6
0_48	1_294	32.967	91	59	1	119	207	498	588	1.01e-09	55.8
0_48	1_294	33.333	99	58	3	2	95	39	134	5.87e-07	47.0
0_48	1_490	29.333	150	99	3	60	207	129	273	1.63e-09	54.7
0_48	1_490	43.636	55	31	0	2	56	8	62	1.25e-05	42.4
0_48	1_290	26.141	241	139	10	14	224	24	255	5.51e-09	52.0
0_48	1_412	34.940	83	52	1	127	207	616	698	6.17e-09	53.5
0_48	1_205	25.688	218	138	7	16	209	142	359	1.23e-08	52.0
0_48	1_233	31.915	94	62	1	1	92	10	103	1.64e-08	51.6
0_48	1_233	39.535	86	46	3	126	207	229	312	3.27e-08	50.8
0_48	1_266	32.692	104	64	3	115	215	267	367	6.21e-08	49.7
0_48	1_437	29.167	216	137	9	2	209	327	534	6.69e-08	49.7
0_48	1_562	29.677	155	98	4	16	163	3	153	4.34e-06	42.4
0_48	1_59	32.941	85	55	1	127	209	160	244	2.58e-05	41.2
0_48	1_229	36.905	84	44	4	121	198	826	906	1.27e-04	39.7
0_49	1_568	98.558	416	6	0	141	556	1	416	0.0	835
0_49	1_496	45.194	489	200	15	118	555	10	481	1.11e-109	331
0_49	1_501	41.986	443	198	15	6	409	7	429	1.77e-95	293
0_49	1_575	41.784	426	209	9	146	551	4	410	3.73e-84	263
0_49	1_228	99.130	115	1	0	1	115	1	115	4.51e-73	224
0_49	1_578	41.924	291	129	8	146	409	1	278	2.59e-55	182
0_49	1_502	69.863	73	21	1	169	241	1	72	5.13e-24	97.8
0_49	1_502	50.000	66	32	1	373	437	255	320	1.66e-15	72.4
0_49	1_491	44.444	108	53	3	6	106	7	114	1.37e-19	79.7
0_50	1_443	95.409	806	33	2	1	805	1	803	0.0	1529
0_50	1_576	45.335	836	398	15	1	805	3	810	0.0	634
0_50	1_492	34.814	833	421	29	1	768	1	776	6.92e-107	341
0_50	1_495	68.293	41	13	0	45	85	22	62	2.06e-14	63.9
0_51	1_576	76.384	813	181	6	1	805	3	812	0.0	1225
0_51	1_443	46.338	751	373	11	27	773	45	769	0.0	615
0_51	1_492	33.942	822	452	27	1	775	1	778	1.36e-105	338
0_51	1_495	78.689	61	13	0	8	68	3	63	5.88e-28	102
0_52	1_345	97.938	194	4	0	1	194	1	194	3.25e-139	381
0_53	1_461	98.507	469	7	0	1	469	1	469	0.0	922
0_54	1_17	100.000	146	0	0	1	146	1	146	2.36e-105	292
0_55	1_18	100.000	295	0	0	1	295	1	295	0.0	590
0_56	1_19	100.000	337	0	0	1	337	1	337	0.0	685
0_57	1_346	99.219	256	2	0	1	256	1	256	0.0	507
0_58	1_462	98.833	514	6	0	1	514	1	514	0.0	1030
0_58	1_138	25.828	151	101	3	2	141	50	200	2.28e-09	54.3
0_58	1_138	34.426	61	35	2	294	349	574	634	2.69e-05	41.2
0_58	1_325	34.444	90	58	1	3	91	29	118	2.92e-08	50.8
0_58	1_325	33.000	100	59	3	264	355	513	612	1.00e-07	48.9
0_58	1_320	23.560	191	114	4	3	161	32	222	3.30e-07	47.4
0_58	1_320	21.053	304	175	13	128	396	321	594	6.61e-04	36.6
0_59	1_347	99.654	289	1	0	1	289	1	289	0.0	554
0_60	1_20	100.000	225	0	0	1	225	1	225	3.17e-168	457
0_61	1_21	100.000	173	0	0	1	173	1	173	8.54e-127	348
0_62	1_22	100.000	564	0	0	1	564	1	564	0.0	1105
0_62	1_429	31.670	461	251	12	95	533	214	632	2.76e-52	184
0_62	1_531	31.614	446	261	9	99	533	95	507	2.78e-51	178
0_62	1_577	30.901	466	255	14	97	533	67	494	3.03e-49	172
0_62	1_551	30.024	423	248	9	118	533	237	618	5.40e-47	169
0_62	1_428	30.496	423	234	11	131	540	144	519	7.52e-44	159
0_63	1_256	99.550	222	1	0	1	222	1	222	1.60e-162	442
0_64	1_23	100.000	298	0	0	1	298	1	298	0.0	603
0_65	1_463	99.583	240	1	0	1	240	1	240	0.0	501
0_66	1_348	99.661	295	1	0	1	295	1	295	0.0	592
0_66	1_421	26.897	290	174	9	21	293	10	278	1.17e-20	84.7
0_66	1_216	26.502	283	175	9	19	293	3	260	5.41e-16	70.9
0_66	1_455	27.170	265	163	10	21	275	5	249	1.01e-13	64.7
0_66	1_37	25.368	272	165	12	15	274	1	246	2.47e-04	36.2
0_67	1_24	100.000	170	0	0	1	170	1	170	1.21e-122	337
0_68	1_374	99.755	408	1	0	1	408	1	408	0.0	823
0_69	1_375	99.731	372	1	0	1	372	1	372	0.0	762
0_70	1_25	100.000	290	0	0	1	290	1	290	0.0	564
0_71	1_350	99.468	188	1	0	1	188	1	188	3.38e-138	378
0_72	1_351	99.884	865	1	0	1	865	1	865	0.0	1715
0_73	1_352	99.533	428	2	0	1	428	1	428	0.0	850
0_74	1_257	99.824	567	1	0	1	567	1	567	0.0	1142
0_74	1_481	28.455	246	156	9	14	247	18	255	8.39e-13	65.1
0_74	1_481	46.154	39	21	0	503	541	409	447	1.46e-05	42.0
0_74	1_127	27.338	139	98	2	110	245	145	283	2.90e-10	57.0
0_74	1_127	46.809	47	22	1	489	535	439	482	4.39e-08	50.1
0_75	1_353	99.671	1216	4	0	1	1216	1	1216	0.0	2391
0_76	1_258	99.886	880	1	0	1	880	1	880	0.0	1779
0_77	1_26	100.000	259	0	0	1	259	1	259	0.0	526
0_78	1_259	99.778	451	1	0	1	451	1	451	0.0	916
0_79	1_27	100.000	413	0	0	1	413	1	413	0.0	841
0_80	1_28	100.000	177	0	0	1	177	1	177	2.13e-130	358
0_81	1_260	99.624	266	1	0	1	266	1	266	0.0	523
0_81	1_92	37.143	105	61	3	22	121	37	141	1.25e-13	63.9
0_82	1_261	99.699	332	1	0	1	332	1	332	0.0	661
0_83	1_29	100.000	111	0	0	1	111	1	111	2.68e-77	218
0_84	1_356	98.370	184	3	0	1	184	1	184	3.06e-133	365
0_85	1_30	100.000	211	0	0	1	211	1	211	2.54e-155	424
0_86	1_31	100.000	291	0	0	1	291	1	291	0.0	559
0_86	1_355	32.381	105	65	3	37	139	76	176	6.00e-06	42.0
0_87	1_32	100.000	239	0	0	1	239	1	239	6.88e-175	475
0_88	1_262	99.632	272	1	0	1	272	1	272	0.0	541
0_88	1_33	34.188	234	133	6	19	232	22	254	6.97e-34	119
0_88	1_447	35.204	196	109	5	16	205	348	531	3.91e-19	81.3
0_88	1_205	26.800	250	159	8	3	229	122	370	1.24e-18	79.7
0_88	1_59	31.330	233	127	7	19	227	29	252	1.46e-18	79.0
0_88	1_286	28.636	220	132	4	19	225	79	286	2.12e-18	78.2
0_88	1_177	27.805	205	136	6	20	220	22	218	1.91e-15	68.6
0_88	1_412	36.275	102	64	1	127	227	607	708	3.73e-15	69.7
0_88	1_412	33.333	75	43	3	23	91	27	100	2.56e-04	36.6
0_88	1_331	30.189	212	132	8	2	208	334	534	1.44e-14	67.8
0_88	1_526	32.057	209	122	8	1	204	324	517	5.86e-14	65.9
0_88	1_322	31.081	222	129	11	1	215	1	205	6.38e-14	65.9
0_88	1_294	31.776	107	72	1	116	221	486	592	2.95e-13	63.9
0_88	1_294	31.915	94	55	3	16	106	50	137	3.81e-06	42.4
0_88	1_437	32.353	204	117	11	2	200	327	514	3.04e-13	63.9
0_88	1_233	34.545	110	71	1	118	226	212	321	6.29e-13	62.8
0_88	1_233	26.050	119	79	3	16	128	22	137	1.11e-05	40.8
0_88	1_265	27.778	198	108	5	16	185	13	203	1.02e-12	62.4
0_88	1_266	32.500	120	77	3	104	219	244	363	1.24e-12	62.0
0_88	1_72	32.143	196	124	6	28	217	31	223	4.10e-12	60.5
0_88	1_409	26.818	220	126	10	19	218	21	225	1.54e-11	58.5
0_88	1_409	25.541	231	157	8	1	218	264	492	3.08e-06	42.4
0_88	1_490	23.875	289	162	9	2	236	8	292	2.12e-10	55.1
0_88	1_442	23.618	199	141	6	16	212	13	202	1.87e-08	49.7
0_88	1_489	26.818	220	127	9	1	208	1	198	5.40e-08	48.1
0_88	1_229	29.801	151	85	7	90	224	783	928	8.90e-08	47.4
0_88	1_290	26.316	209	140	6	1	198	9	214	8.97e-08	46.6
0_88	1_101	24.519	208	132	7	2	199	471	663	1.37e-07	46.6
0_88	1_562	32.867	143	73	7	37	169	21	150	1.41e-06	42.4
0_89	1_33	100.000	300	0	0	1	300	1	300	0.0	602
0_89	1_262	34.188	234	133	6	22	254	19	232	3.41e-35	123
0_89	1_233	35.897	156	87	5	130	276	204	355	2.41e-19	82.4
0_89	1_233	25.962	104	55	3	21	123	24	106	4.90e-05	38.9
0_89	1_177	27.854	219	136	3	22	240	21	217	1.24e-18	78.2
0_89	1_489	28.638	213	121	8	23	232	17	201	3.55e-17	76.3
0_89	1_412	39.091	110	66	1	140	248	599	708	1.05e-16	75.1
0_89	1_412	38.462	39	23	1	10	48	12	49	0.001	35.0
0_89	1_205	26.778	239	140	7	27	248	147	367	3.33e-16	73.2
0_89	1_266	36.641	131	75	3	136	260	258	386	5.94e-16	72.4
0_89	1_322	28.169	213	128	6	24	236	18	205	1.59e-15	71.2
0_89	1_72	29.464	224	131	5	22	239	22	224	2.80e-15	70.5
0_89	1_72	21.127	213	161	4	26	236	277	484	1.19e-05	40.8
0_89	1_442	25.714	210	125	6	23	229	17	198	9.62e-15	68.9
0_89	1_409	25.000	236	140	7	14	237	13	223	2.29e-14	67.8
0_89	1_409	28.959	221	128	9	27	236	287	489	1.39e-13	65.5
0_89	1_286	29.327	208	109	8	21	217	78	258	4.28e-13	63.2
0_89	1_294	25.806	155	88	3	152	279	501	655	9.51e-13	63.2
0_89	1_294	30.952	84	39	3	22	105	53	117	4.65e-06	42.4
0_89	1_490	25.723	311	162	12	27	298	27	307	1.20e-12	62.4
0_89	1_59	27.197	239	155	8	20	250	27	254	8.77e-11	56.6
0_89	1_290	31.646	79	53	1	158	235	153	231	2.47e-10	54.7
0_89	1_265	25.714	210	124	7	26	219	20	213	6.66e-08	48.1
0_89	1_229	32.051	78	50	1	145	219	820	897	4.10e-07	45.8
0_89	1_229	28.090	89	62	1	136	222	470	558	1.24e-06	44.3
0_89	1_331	22.527	182	118	4	37	218	364	522	1.69e-05	40.4
0_89	1_526	24.390	205	117	6	22	219	339	512	3.53e-05	39.3
0_90	1_263	99.688	320	1	0	1	320	1	320	0.0	626
0_91	1_465	99.710	690	2	0	1	690	1	690	0.0	1369
0_92	1_264	99.685	317	1	0	1	317	1	317	0.0	641
0_93	1_466	99.541	871	4	0	1	871	1	871	0.0	1707
0_94	1_381	98.621	145	2	0	1	145	1	145	8.89e-102	283
0_95	1_467	99.313	1019	7	0	1	1019	1	1019	0.0	2018
0_95	1_522	29.015	1096	645	31	17	1018	13	1069	1.99e-110	362
0_95	1_440	32.258	248	151	8	13	248	10	252	6.25e-24	103
0_95	1_440	24.576	236	147	8	512	733	740	958	5.35e-04	38.1
0_95	1_523	27.564	156	99	7	12	159	7	156	6.48e-08	51.2
0_96	1_468	99.411	1018	6	0	1	1018	1	1018	0.0	1969
0_96	1_399	26.764	1091	677	33	6	1015	1	1050	2.12e-80	278
0_96	1_439	33.217	286	181	5	11	289	3	285	3.63e-35	139
0_96	1_439	30.822	292	137	10	545	783	738	1017	3.12e-23	100
0_96	1_439	32.231	121	72	5	361	474	477	594	1.60e-05	43.1
0_96	1_521	27.500	240	152	8	18	255	34	253	7.00e-11	60.8
0_96	1_524	22.444	802	467	34	11	699	2	761	3.04e-09	55.5
0_96	1_398	25.336	446	277	14	14	436	18	430	2.06e-08	52.8
0_97	1_34	100.000	226	0	0	1	226	1	226	3.37e-171	465
0_98	1_469	99.583	719	3	0	1	719	1	719	0.0	1425
0_99	1_35	100.000	65	0	0	1	65	1	65	1.18e-44	132
0_100	1_36	100.000	280	0	0	1	280	1	280	0.0	562
0_101	1_37	100.000	269	0	0	1	269	1	269	0.0	537
0_101	1_380	26.937	271	163	13	4	258	3	254	4.28e-07	45.1
0_101	1_455	23.704	270	160	9	1	246	1	248	8.77e-06	40.4
0_101	1_216	32.203	59	40	0	188	246	183	241	1.12e-04	37.4
0_101	1_421	32.877	73	43	1	180	246	186	258	1.64e-04	37.0
0_101	1_348	25.368	272	165	12	1	246	15	274	2.06e-04	36.6
0_102	1_366	99.631	271	1	0	1	271	1	271	0.0	534
0_103	1_243	98.739	238	3	0	1	238	1	238	5.19e-171	465
0_104	1_229	99.894	947	1	0	1	947	1	947	0.0	1930
0_104	1_262	29.801	151	85	7	783	928	90	224	3.68e-07	47.4
0_104	1_442	39.130	92	47	4	820	908	115	200	6.64e-07	47.4
0_104	1_442	28.571	147	88	6	416	562	64	193	1.58e-04	39.7
0_104	1_33	32.051	78	50	1	820	897	145	219	1.34e-06	45.8
0_104	1_33	30.000	80	54	1	479	558	145	222	5.87e-06	43.5
0_104	1_489	36.585	82	43	4	834	912	129	204	2.05e-05	42.7
0_104	1_322	36.905	84	44	4	826	906	121	198	1.72e-04	39.7
0_104	1_266	25.168	298	194	12	628	907	63	349	1.76e-04	39.3
0_104	1_266	26.984	189	115	7	450	619	240	424	8.73e-04	37.0
0_104	1_412	33.333	102	63	3	476	574	601	700	1.85e-04	39.7
0_104	1_233	38.667	75	43	2	485	558	224	296	2.28e-04	38.9
0_104	1_205	29.897	97	57	4	834	928	277	364	4.09e-04	38.1
0_104	1_59	29.825	114	68	5	833	943	161	265	4.89e-04	37.7
0_104	1_409	25.263	190	119	8	481	655	129	310	5.86e-04	37.7
0_105	1_230	99.878	821	1	0	1	821	1	821	0.0	1660
0_105	1_316	22.437	517	375	10	10	510	6	512	1.76e-31	125
0_106	1_38	100.000	114	0	0	1	114	1	114	6.54e-84	235
0_107	1_397	83.099	497	41	5	4	479	7	481	0.0	743
0_108	1_39	100.000	169	0	0	1	169	1	169	2.25e-121	334
0_109	1_40	100.000	163	0	0	1	163	1	163	1.71e-119	329
0_110	1_41	100.000	326	0	0	1	326	1	326	0.0	653
0_111	1_398	99.355	1086	7	0	1	1086	1	1086	0.0	2124
0_111	1_399	24.222	450	279	15	23	431	12	440	1.20e-08	53.5
0_111	1_468	24.947	469	294	15	18	451	14	459	1.23e-07	50.1
0_111	1_439	22.624	221	146	6	31	226	14	234	5.65e-05	41.6
0_111	1_521	26.667	255	162	9	25	260	29	277	1.21e-04	40.4
0_111	1_524	22.707	458	302	16	16	430	5	453	1.87e-04	40.0
0_112	1_307	99.275	965	7	0	1	965	1	965	0.0	1894
0_112	1_440	23.247	271	155	11	65	297	63	318	3.57e-08	52.0
0_112	1_522	26.286	175	110	5	24	191	12	174	1.86e-04	39.7
0_112	1_467	26.933	375	213	20	5	353	3	342	6.36e-04	37.7
0_113	1_231	99.587	242	1	0	1	242	1	242	7.32e-178	483
0_114	1_306	98.864	88	1	0	1	88	1	88	3.09e-59	171
0_115	1_522	98.786	1071	10	2	1	1068	1	1071	0.0	2117
0_115	1_467	29.003	1093	646	31	13	1066	17	1018	2.17e-113	370
0_115	1_440	29.765	383	217	11	5	344	7	380	4.36e-30	123
0_115	1_440	23.929	397	221	15	445	777	584	963	1.45e-08	53.1
0_115	1_523	29.677	155	101	3	13	161	10	162	3.37e-13	68.6
0_115	1_365	27.523	218	124	7	17	201	9	225	3.18e-08	52.0
0_116	1_399	96.913	1069	14	3	1	1060	1	1059	0.0	2047
0_116	1_468	26.267	1085	691	32	1	1051	6	1015	1.59e-79	276
0_116	1_439	31.677	322	209	5	4	322	1	314	3.85e-42	162
0_116	1_439	26.174	298	176	8	521	777	721	1015	8.68e-17	80.1
0_116	1_439	35.088	114	70	4	357	468	472	583	4.36e-10	58.2
0_116	1_524	24.381	525	296	18	6	471	4	486	1.37e-13	69.7
0_116	1_521	24.682	393	234	13	26	394	40	394	1.03e-12	66.6
0_116	1_398	24.222	450	279	15	12	440	23	431	3.38e-07	48.9
0_117	1_42	100.000	639	0	0	1	639	1	639	0.0	1304
0_117	1_393	44.131	639	334	9	5	635	3	626	9.59e-170	494
0_118	1_232	99.379	322	2	0	1	322	1	322	0.0	650
0_119	1_305	99.618	524	2	0	1	524	1	524	0.0	1017
0_119	1_195	24.301	465	302	18	9	462	4	429	1.01e-13	67.8
0_120	1_43	100.000	171	0	0	1	171	1	171	3.96e-123	339
0_121	1_304	99.465	374	2	0	1	374	1	374	0.0	770
0_122	1_303	99.701	334	1	0	1	334	1	334	0.0	679
0_123	1_400	99.782	1376	3	0	1	1376	1	1376	0.0	2695
0_123	1_553	66.299	997	316	3	1	981	1	993	0.0	1277
0_123	1_552	71.717	396	109	3	981	1376	4	396	0.0	555
0_124	1_401	84.817	382	48	2	7	382	3	380	0.0	580
0_126	1_401	52.489	221	102	2	1	221	162	379	9.54e-58	182
0_127	1_402	99.644	281	1	0	1	281	1	281	0.0	558
0_128	1_44	100.000	494	0	0	1	494	1	494	0.0	963
0_129	1_45	100.000	231	0	0	1	231	1	231	6.83e-170	462
0_130	1_46	100.000	449	0	0	1	449	1	449	0.0	907
0_131	1_233	99.550	444	2	0	1	444	1	444	0.0	885
0_131	1_490	30.725	345	183	9	8	341	5	304	6.19e-38	137
0_131	1_294	37.766	188	114	2	205	390	481	667	4.60e-35	132
0_131	1_294	47.423	97	51	0	11	107	39	135	7.47e-23	95.9
0_131	1_266	27.041	392	247	11	10	379	43	417	1.18e-23	97.4
0_131	1_412	32.847	137	91	1	199	334	584	720	1.90e-20	88.6
0_131	1_412	40.541	37	22	0	20	56	18	54	6.25e-04	36.6
0_131	1_33	35.616	146	81	5	214	355	140	276	3.49e-17	76.6
0_131	1_33	25.962	104	55	3	24	106	21	123	9.29e-05	38.5
0_131	1_205	32.520	123	71	3	190	312	247	357	5.72e-15	71.2
0_131	1_262	34.545	110	71	1	212	321	118	226	4.23e-13	63.9
0_131	1_262	26.050	119	79	3	22	137	16	128	1.82e-05	40.8
0_131	1_286	36.170	94	54	2	24	111	78	171	9.17e-12	60.5
0_131	1_286	36.585	82	51	1	230	311	197	277	5.07e-10	55.1
0_131	1_409	30.147	136	88	4	202	333	112	244	6.04e-11	58.5
0_131	1_409	28.431	102	68	3	10	106	6	107	2.91e-08	50.1
0_131	1_409	25.287	87	64	1	224	310	404	489	3.49e-05	40.4
0_131	1_177	31.313	99	67	1	232	330	136	233	3.74e-10	54.7
0_131	1_489	32.990	97	63	1	10	106	1	95	7.67e-10	55.5
0_131	1_59	28.030	132	92	1	204	332	131	262	9.70e-10	54.3
0_131	1_290	31.313	99	68	0	211	309	133	231	4.91e-09	51.6
0_131	1_442	32.955	88	57	1	16	103	7	92	1.04e-08	52.0
0_131	1_442	32.394	142	92	3	211	351	107	245	1.17e-08	51.6
0_131	1_322	31.915	94	62	1	10	103	1	92	1.14e-08	51.6
0_131	1_322	37.374	99	56	3	229	325	126	220	2.10e-08	50.8
0_131	1_526	36.232	69	44	0	10	78	324	392	1.68e-07	47.8
0_131	1_526	32.710	107	55	3	193	293	419	514	7.16e-06	42.7
0_131	1_72	27.723	101	70	2	232	331	407	505	2.66e-07	47.0
0_131	1_72	28.333	60	43	0	11	70	8	67	3.85e-04	37.0
0_131	1_447	30.769	78	53	1	1	77	327	404	5.59e-06	42.7
0_131	1_447	35.294	68	41	1	229	296	464	528	4.98e-05	40.0
0_131	1_265	31.765	85	54	1	226	310	150	230	1.54e-05	41.6
0_131	1_265	27.586	58	42	0	10	67	1	58	2.16e-05	41.2
0_131	1_437	32.787	61	41	0	11	71	327	387	3.60e-05	40.4
0_131	1_562	36.471	85	48	3	185	263	66	150	1.14e-04	37.7
0_131	1_229	38.667	75	43	2	224	296	485	558	1.16e-04	38.9
0_132	1_403	99.301	286	2	0	1	286	1	286	0.0	553
0_132	1_302	25.749	167	114	4	75	237	73	233	3.93e-05	38.9
0_133	1_302	98.905	274	3	0	1	274	1	274	0.0	536
0_133	1_403	24.551	167	116	4	73	233	75	237	7.21e-05	37.7
0_134	1_47	100.000	571	0	0	1	571	1	571	0.0	1149
0_135	1_301	99.640	278	1	0	1	278	1	278	0.0	539
0_135	1_274	27.350	117	73	3	110	226	48	152	1.61e-06	42.7
0_135	1_274	34.127	126	50	5	139	262	24	118	2.50e-06	42.4
0_135	1_274	33.333	93	52	3	121	213	35	117	3.18e-05	38.9
0_136	1_300	99.429	175	1	0	1	175	1	175	3.26e-125	344
0_137	1_48	100.000	236	0	0	1	236	1	236	8.92e-176	477
0_138	1_49	100.000	186	0	0	1	186	1	186	1.39e-132	364
0_139	1_299	99.026	308	3	0	1	308	1	308	0.0	577
0_140	1_405	99.534	429	2	0	1	429	1	429	0.0	860
0_141	1_50	100.000	144	0	0	1	144	1	144	5.85e-108	298
0_142	1_235	99.766	856	2	0	1	856	1	856	0.0	1718
0_142	1_392	35.502	707	432	11	50	746	6	698	5.03e-131	408
0_142	1_392	25.000	132	88	5	727	854	582	706	3.75e-04	38.5
0_143	1_51	100.000	221	0	0	1	221	1	221	5.30e-162	441
0_144	1_52	100.000	204	0	0	1	204	1	204	2.19e-151	413
0_145	1_369	99.569	232	1	0	1	232	1	232	2.57e-163	446
0_146	1_53	100.000	872	0	0	1	872	1	872	0.0	1763
0_147	1_54	100.000	402	0	0	1	402	1	402	0.0	818
0_147	1_158	27.083	288	181	10	20	301	8	272	3.01e-16	75.1
0_147	1_268	32.099	162	90	3	21	182	116	257	1.83e-13	66.2
0_147	1_159	34.091	132	84	3	16	145	8	138	2.99e-13	65.9
0_148	1_407	99.446	1985	8	1	1	1985	1	1982	0.0	3856
0_148	1_566	30.230	870	558	19	45	884	8	858	3.51e-94	323
0_148	1_527	35.516	397	209	11	60	425	37	417	1.40e-54	196
0_149	1_553	99.496	993	5	0	1	993	1	993	0.0	1935
0_149	1_400	68.032	1392	422	6	1	1385	1	1376	0.0	1818
0_149	1_552	100.000	394	0	0	993	1386	4	397	0.0	800
0_150	1_515	99.275	138	1	0	319	456	1	138	3.18e-92	270
0_150	1_236	100.000	108	0	0	1	108	1	108	1.16e-73	223
0_151	1_237	99.663	297	1	0	1	297	1	297	0.0	598
0_152	1_297	99.024	205	2	0	1	205	1	205	7.02e-143	392
0_153	1_238	99.519	416	2	0	1	416	1	416	0.0	795
0_154	1_239	99.761	419	1	0	1	419	1	419	0.0	846
0_155	1_55	100.000	316	0	0	1	316	1	316	0.0	632
0_156	1_56	100.000	402	0	0	1	402	1	402	0.0	806
0_157	1_410	99.509	611	3	0	1	611	1	611	0.0	1221
0_157	1_572	30.568	229	155	4	385	609	4	232	3.95e-31	116
0_157	1_557	30.597	134	91	1	167	300	4	135	7.96e-16	69.7
0_157	1_192	24.855	346	193	13	155	482	2	298	6.98e-09	52.0
0_157	1_573	28.713	101	68	1	285	385	15	111	7.14e-09	48.9
0_158	1_57	100.000	306	0	0	1	306	1	306	0.0	610
0_160	1_411	99.787	939	2	0	1	939	1	939	0.0	1900
0_161	1_240	99.430	351	2	0	1	351	1	351	0.0	683
0_161	1_457	27.358	318	207	7	6	316	61	361	1.17e-22	92.4
0_162	1_58	100.000	385	0	0	1	385	1	385	0.0	767
0_162	1_129	32.877	219	139	5	160	377	106	317	2.05e-21	88.6
0_162	1_457	24.000	225	145	7	175	384	151	364	4.62e-04	36.2
0_163	1_59	100.000	349	0	0	1	349	1	349	0.0	715
0_163	1_205	40.240	333	193	3	5	332	116	447	4.30e-79	244
0_163	1_412	37.267	161	81	3	118	266	570	722	8.32e-31	118
0_163	1_266	37.500	136	83	1	131	266	252	385	1.00e-27	107
0_163	1_266	29.630	135	70	5	7	125	32	157	3.59e-09	52.4
0_163	1_262	31.330	233	127	7	29	252	19	227	3.44e-23	92.0
0_163	1_286	28.972	214	133	6	14	221	58	258	9.88e-19	80.1
0_163	1_177	24.783	230	150	7	30	257	22	230	1.14e-13	64.7
0_163	1_233	28.125	128	89	1	131	258	204	328	1.51e-13	65.9
0_163	1_33	33.043	115	74	2	140	254	139	250	2.46e-13	64.3
0_163	1_294	29.358	109	76	1	159	267	505	612	1.04e-12	63.5
0_163	1_294	25.899	139	83	6	4	139	30	151	2.52e-04	37.4
0_163	1_490	27.778	126	87	2	142	267	176	297	1.06e-12	63.2
0_163	1_290	38.462	78	48	0	162	239	154	231	2.28e-12	60.8
0_163	1_447	29.612	206	115	11	29	228	351	532	1.26e-08	50.8
0_163	1_409	26.267	217	134	9	40	248	32	230	3.55e-08	49.3
0_163	1_409	33.333	81	53	1	160	240	410	489	5.72e-07	45.4
0_163	1_322	32.941	85	55	1	160	244	127	209	1.73e-07	47.4
0_163	1_489	24.880	209	125	7	29	232	16	197	2.39e-07	47.0
0_163	1_229	30.702	114	67	5	161	265	833	943	3.91e-07	46.2
0_163	1_442	30.682	88	57	2	145	232	114	197	9.45e-07	45.1
0_163	1_526	26.341	205	122	8	29	228	339	519	2.03e-06	43.9
0_163	1_72	25.000	236	148	10	28	249	273	493	4.92e-06	42.4
0_163	1_265	27.143	70	47	2	163	232	449	514	3.42e-04	36.6
0_163	1_437	26.857	175	106	8	49	223	361	513	3.72e-04	36.6
0_164	1_412	99.613	775	3	0	1	775	1	775	0.0	1525
0_164	1_266	37.751	249	137	4	530	775	204	437	2.69e-43	157
0_164	1_266	39.175	97	55	2	22	115	61	156	1.78e-12	64.7
0_164	1_205	44.737	114	63	0	614	727	273	386	6.01e-30	119
0_164	1_205	31.250	96	61	2	33	123	152	247	6.79e-07	47.0
0_164	1_59	37.267	161	81	3	570	722	118	266	9.98e-26	103
0_164	1_233	32.117	137	92	1	584	720	199	334	4.79e-20	88.2
0_164	1_294	26.761	142	97	3	584	725	480	614	2.45e-17	80.9
0_164	1_294	28.049	164	100	5	12	158	42	204	2.42e-07	48.5
0_164	1_33	39.091	110	66	1	599	708	140	248	2.66e-16	75.1
0_164	1_490	37.363	91	57	0	619	709	194	284	2.87e-15	72.8
0_164	1_262	36.275	102	64	1	607	708	127	227	6.80e-15	70.5
0_164	1_262	33.333	75	43	3	27	100	23	91	7.89e-04	36.6
0_164	1_290	30.508	118	73	2	597	706	134	250	1.54e-13	65.9
0_164	1_286	31.000	100	68	1	607	706	188	286	3.75e-13	65.5
0_164	1_177	30.108	93	64	1	615	707	133	224	1.96e-11	59.3
0_164	1_177	40.426	47	28	0	23	69	21	67	6.45e-07	45.8
0_164	1_322	34.940	83	52	1	616	698	127	207	6.41e-09	53.5
0_164	1_409	30.097	103	62	3	601	699	129	225	7.21e-08	50.1
0_164	1_409	27.723	101	72	1	616	716	410	509	2.12e-05	42.0
0_164	1_489	30.476	105	65	2	618	722	129	225	6.32e-07	47.4
0_164	1_442	27.957	93	65	1	597	689	108	198	7.07e-07	47.0
0_164	1_447	38.983	59	33	1	618	676	467	522	7.07e-07	47.0
0_164	1_72	25.532	94	63	2	609	699	398	487	8.33e-06	43.5
0_164	1_331	36.508	63	34	2	38	96	364	424	1.08e-04	39.7
0_164	1_229	33.333	102	63	3	601	700	476	574	1.50e-04	39.7
0_164	1_265	28.169	71	47	1	619	689	449	515	0.001	36.6
0_164	1_526	37.313	67	38	2	612	678	449	511	0.001	36.6
0_165	1_413	99.323	443	3	0	1	443	1	443	0.0	879
0_166	1_430	93.428	3378	203	12	1	3366	195	3565	0.0	6166
0_167	1_60	100.000	231	0	0	1	231	1	231	1.06e-170	464
0_168	1_433	99.000	300	3	0	1	300	1	300	0.0	600
0_168	1_5	32.331	266	149	14	25	283	23	264	4.02e-24	94.4
0_168	1_282	33.088	136	64	8	16	150	4	113	8.15e-06	40.8
0_169	1_61	100.000	73	0	0	1	73	1	73	5.61e-53	154
0_170	1_62	100.000	201	0	0	1	201	1	201	2.35e-148	405
0_170	1_435	37.888	161	95	3	3	162	4	160	1.90e-27	98.2
0_171	1_435	98.454	194	3	0	1	194	1	194	6.05e-142	388
0_171	1_62	38.509	161	94	3	4	160	3	162	6.05e-28	99.4
0_172	1_488	99.795	1462	3	0	1191	2652	1	1462	0.0	2885
0_173	1_286	99.674	307	1	0	1	307	1	307	0.0	615
0_173	1_489	32.735	223	133	7	60	279	1	209	1.52e-24	98.6
0_173	1_322	30.732	205	122	6	79	277	16	206	9.56e-21	87.0
0_173	1_442	29.442	197	127	5	79	273	16	202	2.03e-19	83.2
0_173	1_262	28.636	220	132	4	79	286	19	225	2.02e-18	78.2
0_173	1_59	28.972	214	133	6	58	258	14	221	1.18e-15	71.2
0_173	1_266	42.857	84	47	1	194	276	276	359	5.93e-15	69.3
0_173	1_266	31.481	108	69	2	59	163	42	147	1.21e-06	43.9
0_173	1_205	30.583	206	123	8	90	277	153	356	2.73e-14	67.4
0_173	1_409	25.108	231	157	8	60	282	6	228	3.33e-14	67.4
0_173	1_409	30.263	76	53	0	199	274	412	487	1.02e-04	38.1
0_173	1_490	24.779	226	119	3	84	258	27	252	8.35e-14	65.9
0_173	1_412	31.000	100	68	1	188	286	607	706	1.06e-13	66.2
0_173	1_290	25.472	212	146	4	56	258	5	213	2.91e-13	63.2
0_173	1_33	27.885	208	112	7	78	258	21	217	2.99e-12	60.8
0_173	1_233	36.170	94	54	2	78	171	24	111	3.51e-12	61.2
0_173	1_233	36.585	82	51	1	197	277	230	311	3.60e-10	55.1
0_173	1_177	23.913	230	153	7	66	283	1	220	7.07e-10	53.1
0_173	1_294	34.146	82	53	1	194	274	503	584	8.58e-10	53.9
0_173	1_294	31.707	82	46	2	84	163	58	131	6.91e-08	48.1
0_173	1_562	26.708	161	104	4	78	233	2	153	1.99e-09	51.2
0_173	1_72	25.405	185	119	6	83	257	26	201	6.08e-09	51.2
0_173	1_72	23.636	220	146	8	78	279	272	487	1.21e-05	40.8
0_173	1_101	29.167	168	103	8	97	257	502	660	1.72e-08	50.1
0_173	1_331	31.527	203	114	11	79	271	349	536	3.01e-08	49.3
0_173	1_447	25.510	196	125	7	79	267	351	532	4.97e-08	48.5
0_173	1_437	29.570	186	108	8	79	257	341	510	7.66e-08	47.8
0_173	1_526	25.405	185	120	5	79	258	339	510	2.33e-07	46.2
0_174	1_287	99.737	380	1	0	1	380	1	380	0.0	772
0_174	1_508	64.912	57	20	0	218	274	21	77	1.56e-23	88.2
0_175	1_63	100.000	271	0	0	1	271	1	271	0.0	552
0_176	1_487	98.638	367	5	0	1	367	1	367	0.0	739
0_176	1_143	36.220	127	56	2	6	132	160	261	4.16e-15	70.5
0_177	1_362	98.925	186	2	0	1	186	1	186	2.30e-138	379
0_178	1_64	100.000	163	0	0	1	163	1	163	1.05e-118	327
0_179	1_288	98.077	260	5	0	1	260	1	260	0.0	514
0_180	1_363	99.690	323	1	0	1	323	1	323	0.0	634
0_181	1_380	99.553	447	2	0	1	447	1	447	0.0	882
0_181	1_216	31.878	229	138	9	1	221	1	219	8.20e-17	74.7
0_181	1_37	27.675	271	161	14	3	254	4	258	3.26e-08	49.3
0_181	1_421	22.305	269	160	7	8	246	12	261	4.43e-06	42.7
0_182	1_486	99.536	647	3	0	1	647	1	647	0.0	1270
0_183	1_65	100.000	110	0	0	1	110	1	110	2.13e-78	221
0_184	1_577	99.693	326	1	0	1	326	171	496	0.0	660
0_184	1_531	65.337	326	104	4	3	326	191	509	5.79e-145	414
0_184	1_429	35.447	347	173	7	4	326	315	634	1.28e-58	194
0_184	1_428	33.333	336	181	7	4	326	209	514	8.06e-54	179
0_184	1_22	32.861	353	188	9	2	324	200	533	2.99e-45	157
0_184	1_551	32.733	333	181	9	6	325	317	619	1.74e-40	144
0_185	1_577	98.718	156	2	0	50	205	1	156	1.74e-105	308
0_185	1_531	56.250	176	67	3	28	199	1	170	2.19e-54	176
0_185	1_428	30.000	210	116	9	6	206	8	195	1.92e-12	60.5
0_185	1_429	39.655	58	33	2	143	199	237	293	5.67e-06	41.2
0_185	1_551	42.857	42	23	1	144	185	238	278	8.48e-04	34.3
0_186	1_289	99.197	249	2	0	1	249	1	249	3.64e-177	482
0_187	1_514	99.747	396	1	0	1	396	1	396	0.0	805
0_188	1_290	99.609	256	1	0	1	256	1	256	0.0	507
0_188	1_266	34.711	121	77	2	126	244	251	371	2.56e-16	72.4
0_188	1_490	26.071	280	162	5	8	244	6	283	3.20e-16	72.0
0_188	1_286	27.358	212	142	4	5	213	56	258	4.47e-16	71.2
0_188	1_412	30.508	118	73	2	134	250	597	706	3.44e-14	66.6
0_188	1_442	27.273	198	125	4	29	225	19	198	3.88e-13	63.5
0_188	1_409	24.569	232	161	10	27	252	22	245	9.49e-13	62.0
0_188	1_409	22.566	226	163	6	12	230	267	487	3.89e-09	51.2
0_188	1_205	25.203	246	153	8	4	231	122	354	2.31e-11	57.8
0_188	1_262	27.237	257	155	9	9	250	1	240	5.76e-11	55.8
0_188	1_33	25.806	217	145	9	27	231	23	235	1.58e-10	54.7
0_188	1_322	25.664	226	139	7	24	245	14	214	2.62e-10	54.7
0_188	1_233	31.313	99	68	0	133	231	211	309	2.80e-09	51.6
0_188	1_294	33.766	77	51	0	154	230	508	584	2.89e-09	51.6
0_188	1_294	29.885	87	55	2	27	112	54	135	2.50e-04	36.6
0_188	1_59	27.801	241	145	11	6	231	13	239	1.52e-08	49.3
0_188	1_72	24.074	216	151	7	20	231	14	220	1.93e-08	48.9
0_188	1_72	23.897	272	164	12	2	251	253	503	1.73e-05	40.0
0_188	1_489	23.188	207	138	6	23	227	13	200	5.03e-08	47.8
0_188	1_447	26.214	206	132	7	9	212	336	523	3.02e-07	45.4
0_188	1_177	22.831	219	137	7	22	231	17	212	2.03e-06	42.4
0_188	1_265	22.271	229	152	6	10	235	320	525	2.96e-06	42.4
0_188	1_265	21.992	241	138	8	24	235	14	233	2.43e-05	39.7
0_188	1_101	28.333	180	105	7	40	212	498	660	2.67e-05	39.7
0_188	1_526	21.053	209	141	7	9	214	324	511	2.26e-04	36.6
0_188	1_331	24.312	218	127	10	8	214	332	522	3.01e-04	36.2
0_188	1_229	31.111	90	51	5	136	218	815	900	3.31e-04	36.2
0_189	1_368	99.646	565	2	0	1	565	1	565	0.0	1096
0_190	1_495	97.333	75	2	0	1	75	1	75	3.03e-50	147
0_190	1_576	71.667	60	17	0	3	62	10	69	4.52e-25	91.3
0_190	1_443	68.293	41	13	0	22	62	45	85	8.55e-16	64.7
0_190	1_492	43.284	67	31	2	9	75	14	73	1.61e-09	47.0
0_191	1_66	100.000	220	0	0	1	220	1	220	9.96e-158	430
0_192	1_497	37.179	78	31	4	124	191	197	266	6.40e-04	37.0
0_193	1_557	96.947	131	4	0	1	131	12	142	5.81e-91	254
0_193	1_410	29.600	125	86	1	2	124	176	300	1.02e-14	64.3
0_194	1_471	99.740	384	1	0	1	384	1	384	0.0	766
0_195	1_472	99.275	276	2	0	1	276	1	276	0.0	546
0_195	1_253	35.857	251	126	6	1	233	1	234	4.03e-31	112
0_196	1_339	99.832	594	1	0	1	594	1	594	0.0	1188
0_196	1_272	28.413	630	325	21	34	582	29	613	4.50e-44	162
0_197	1_267	99.606	254	1	0	1	254	1	254	0.0	522
0_198	1_340	99.512	205	1	0	1	205	1	205	3.28e-153	417
0_199	1_67	100.000	144	0	0	1	144	1	144	6.40e-107	296
0_200	1_341	99.635	274	1	0	1	274	1	274	0.0	559
0_201	1_68	100.000	293	0	0	1	293	1	293	0.0	579
0_201	1_583	32.500	80	43	2	74	146	6	81	8.62e-05	35.8
0_202	1_343	98.882	984	8	2	1	981	1	984	0.0	1954
0_202	1_404	21.849	714	366	24	188	785	796	1433	1.93e-17	82.0
0_203	1_268	99.833	599	1	0	1	599	1	599	0.0	1219
0_203	1_158	30.093	216	126	7	117	315	10	217	6.39e-17	78.6
0_203	1_159	37.008	127	62	2	116	224	13	139	8.13e-14	68.9
0_203	1_54	32.099	162	90	3	116	257	21	182	2.43e-13	66.6
0_204	1_269	99.838	617	1	0	1	617	1	617	0.0	1241
0_205	1_344	99.850	666	1	0	1	666	1	666	0.0	1351
0_206	1_373	99.655	579	2	0	1	579	1	579	0.0	1175
0_207	1_270	99.388	327	2	0	1	327	1	327	0.0	658
0_208	1_69	100.000	118	0	0	1	118	1	118	4.18e-79	223
0_209	1_209	100.000	202	0	0	1	202	1	202	5.23e-139	409
0_210	1_209	99.884	859	1	0	1	859	207	1065	0.0	1723
0_210	1_394	26.625	323	183	13	417	701	917	1223	6.63e-14	70.5
0_210	1_394	37.383	107	59	3	91	191	281	385	3.22e-10	58.5
0_211	1_271	99.593	246	1	0	1	246	1	246	4.72e-179	486
0_212	1_70	100.000	97	0	0	1	97	1	97	2.04e-67	192
0_213	1_71	100.000	505	0	0	1	505	1	505	0.0	1029
0_214	1_210	99.647	283	1	0	1	283	1	283	0.0	552
0_215	1_474	99.457	184	1	0	1	184	1	184	6.21e-136	372
0_216	1_72	100.000	508	0	0	1	508	1	508	0.0	1011
0_216	1_409	30.273	512	328	14	12	505	11	511	8.93e-54	184
0_216	1_177	35.349	215	114	6	26	231	25	223	1.23e-23	94.4
0_216	1_177	32.051	78	53	0	407	484	136	213	7.36e-07	45.1
0_216	1_442	32.673	202	122	5	12	211	6	195	9.20e-16	74.7
0_216	1_489	29.630	216	130	6	8	217	2	201	1.75e-13	67.4
0_216	1_489	24.229	227	142	7	261	482	2	203	0.001	36.2
0_216	1_33	29.464	224	131	5	22	224	22	239	2.55e-13	65.1
0_216	1_33	21.127	213	161	4	277	484	26	236	2.51e-04	37.4
0_216	1_322	29.524	210	134	5	12	221	10	205	1.15e-12	64.7
0_216	1_322	28.326	233	135	9	261	487	2	208	4.95e-09	53.1
0_216	1_262	32.143	196	124	6	31	223	28	217	1.03e-11	60.1
0_216	1_265	26.271	236	145	9	8	221	2	230	6.14e-10	55.8
0_216	1_265	32.432	74	47	2	149	222	453	523	3.22e-04	37.4
0_216	1_286	25.405	185	119	6	26	201	83	257	1.01e-08	51.2
0_216	1_286	23.387	248	159	10	244	487	59	279	1.14e-05	41.6
0_216	1_205	28.444	225	127	11	23	224	145	358	1.83e-08	50.8
0_216	1_205	25.106	235	140	8	278	493	147	364	1.23e-05	42.0
0_216	1_447	31.694	183	103	8	26	201	355	522	2.66e-08	50.4
0_216	1_294	30.476	105	70	1	7	111	38	139	3.58e-08	50.4
0_216	1_294	25.974	77	56	1	407	482	508	584	4.70e-04	37.0
0_216	1_490	28.030	132	86	4	356	484	146	271	2.68e-07	47.0
0_216	1_562	31.034	145	86	3	40	180	21	155	2.70e-07	45.8
0_216	1_233	30.488	82	54	2	407	486	232	312	3.98e-07	46.6
0_216	1_233	28.333	60	43	0	8	67	11	70	4.33e-04	37.0
0_216	1_290	23.148	216	153	7	14	220	20	231	1.94e-06	43.9
0_216	1_290	24.180	244	146	10	277	503	30	251	2.62e-04	37.4
0_216	1_412	25.532	94	63	2	398	487	609	699	5.56e-06	43.5
0_216	1_266	25.954	131	94	2	357	484	229	359	1.34e-05	42.0
0_216	1_331	25.568	176	111	6	36	205	363	524	3.61e-05	40.4
0_216	1_437	25.532	188	118	5	27	208	346	517	3.33e-04	37.4
0_216	1_59	25.000	236	148	10	273	493	28	249	3.83e-04	37.0
0_216	1_526	43.182	44	25	0	26	69	343	386	6.46e-04	36.6
0_217	1_476	99.473	569	3	0	1	569	1	569	0.0	1098
0_217	1_73	30.556	216	124	4	79	285	18	216	5.93e-12	61.2
0_218	1_73	100.000	303	0	0	1	303	1	303	0.0	577
0_218	1_476	31.050	219	119	5	18	216	79	285	1.85e-11	58.9
0_219	1_74	100.000	184	0	0	1	184	1	184	6.18e-138	377
0_220	1_75	100.000	89	0	0	1	89	1	89	2.38e-60	174
0_221	1_272	99.879	826	1	0	1	826	1	826	0.0	1673
0_221	1_339	28.413	630	325	21	29	613	34	582	5.41e-49	177
0_222	1_477	98.902	820	4	2	1	817	1	818	0.0	1658
0_222	1_448	28.641	618	325	22	249	804	246	809	1.86e-45	170
0_223	1_478	98.659	671	9	0	62	732	1	671	0.0	1335
0_223	1_567	38.333	660	340	20	90	707	74	708	2.57e-125	386
0_223	1_449	31.138	334	201	9	285	591	327	658	2.35e-34	134
0_223	1_449	47.872	94	36	3	62	154	1	82	6.47e-12	63.2
0_224	1_76	100.000	165	0	0	1	165	1	165	6.44e-118	325
0_225	1_367	99.174	121	1	0	1	121	1	121	4.33e-79	223
0_226	1_494	99.918	1217	1	0	1	1217	1	1217	0.0	2491
0_227	1_77	100.000	1411	0	0	1	1411	1	1411	0.0	2888
0_228	1_78	100.000	139	0	0	1	139	1	139	1.65e-99	276
0_229	1_449	99.100	778	7	0	62	839	1	778	0.0	1566
0_229	1_478	30.240	334	204	9	388	719	224	530	6.23e-33	130
0_229	1_478	60.396	101	13	3	62	143	1	93	1.37e-24	103
0_229	1_567	28.829	333	192	12	389	707	266	567	2.68e-27	112
0_229	1_464	62.963	81	30	0	279	359	232	312	4.88e-25	105
0_230	1_273	99.379	161	1	0	1	161	1	161	1.67e-113	313
0_230	1_353	26.623	154	99	6	7	151	1054	1202	1.11e-04	36.2
0_231	1_485	99.259	135	1	0	1	135	1	135	3.43e-94	263
0_232	1_79	100.000	534	0	0	1	534	1	534	0.0	1088
0_233	1_484	98.477	197	3	0	1	197	1	197	9.08e-133	365
0_234	1_80	100.000	214	0	0	1	214	1	214	2.75e-154	421
0_235	1_483	99.842	632	1	0	1	632	1	632	0.0	1285
0_236	1_81	100.000	120	0	0	1	120	1	120	5.82e-85	238
0_237	1_82	100.000	227	0	0	1	227	1	227	1.96e-169	461
0_238	1_482	98.851	87	1	0	1	87	1	87	9.84e-62	177
0_239	1_361	99.362	627	4	0	405	1031	1	627	0.0	1251
0_239	1_558	99.490	392	1	1	1	392	1	391	0.0	781
0_240	1_83	100.000	321	0	0	1	321	1	321	0.0	642
0_240	1_355	41.379	58	30	1	8	65	15	68	1.38e-07	47.4
0_241	1_360	99.579	475	2	0	1	475	1	475	0.0	920
0_242	1_513	99.867	753	1	0	1	753	1	753	0.0	1523
0_243	1_550	100.000	154	0	0	58	211	1	154	7.05e-107	299
0_244	1_480	99.522	418	2	0	1	418	1	418	0.0	848
0_245	1_84	100.000	109	0	0	1	109	1	109	1.16e-79	224
0_246	1_85	100.000	155	0	0	1	155	1	155	8.19e-113	311
0_247	1_376	99.583	720	3	0	1	720	1	720	0.0	1479
0_248	1_86	100.000	64	0	0	1	64	1	64	6.87e-43	127
0_249	1_87	100.000	116	0	0	1	116	1	116	4.11e-83	233
0_250	1_479	99.020	102	1	0	1	102	115	216	3.45e-69	201
0_251	1_479	98.864	88	1	0	1	88	1	88	4.18e-60	178
0_252	1_88	100.000	478	0	0	1	478	1	478	0.0	968
0_253	1_274	99.620	263	1	0	1	263	1	263	0.0	503
0_253	1_301	27.350	117	73	3	48	152	110	226	1.61e-06	42.7
0_253	1_301	33.333	93	52	3	35	117	121	213	3.10e-05	38.9
0_254	1_377	98.901	91	1	0	1	91	1	91	3.30e-62	178
0_255	1_89	100.000	356	0	0	1	356	1	356	0.0	721
0_256	1_90	100.000	99	0	0	1	99	1	99	6.02e-69	196
0_257	1_91	100.000	84	0	0	1	84	1	84	2.21e-57	166
0_258	1_92	100.000	284	0	0	1	284	1	284	0.0	576
0_258	1_260	37.143	105	61	3	37	141	22	121	4.29e-14	65.5
0_259	1_93	100.000	369	0	0	1	369	1	369	0.0	745
0_260	1_94	100.000	489	0	0	1	489	1	489	0.0	965
0_261	1_95	100.000	315	0	0	1	315	1	315	0.0	627
0_261	1_425	21.908	283	199	6	36	309	31	300	1.05e-12	62.0
0_262	1_359	99.446	361	2	0	1	361	1	361	0.0	731
0_263	1_96	100.000	242	0	0	1	242	1	242	9.14e-176	478
0_263	1_334	26.772	127	68	4	81	203	46	151	3.06e-04	35.0
0_264	1_275	99.786	467	1	0	1	467	1	467	0.0	954
0_265	1_378	99.537	216	1	0	1	216	1	216	4.59e-146	400
0_266	1_357	99.630	270	1	0	1	270	1	270	0.0	545
0_267	1_450	100.000	408	0	0	4	411	1	408	0.0	814
0_268	1_371	99.556	450	2	0	1	450	1	450	0.0	897
0_269	1_97	100.000	216	0	0	1	216	1	216	1.05e-156	427
0_269	1_570	25.654	191	131	5	28	214	54	237	5.45e-10	52.4
0_270	1_333	99.298	285	2	0	1	285	1	285	0.0	569
0_271	1_98	100.000	193	0	0	1	193	1	193	2.89e-139	381
0_272	1_334	98.925	186	2	0	1	186	1	186	6.34e-136	372
0_272	1_96	26.772	127	68	4	46	151	81	203	2.16e-04	35.4
0_273	1_560	98.889	180	2	0	34	213	1	180	1.06e-130	360
0_274	1_335	99.317	293	2	0	1	293	1	293	0.0	582
0_274	1_247	29.530	149	90	6	9	152	5	143	2.90e-09	52.0
0_274	1_247	26.220	164	110	4	9	162	173	335	2.71e-06	42.7
0_274	1_128	37.705	61	35	1	5	65	218	275	4.14e-05	39.3
0_274	1_242	39.344	61	33	3	10	69	19	76	2.66e-04	35.8
0_275	1_99	100.000	131	0	0	1	131	1	131	3.00e-94	263
0_276	1_100	100.000	150	0	0	1	150	1	150	1.62e-109	303
0_277	1_101	100.000	680	0	0	1	680	1	680	0.0	1347
0_277	1_331	27.719	285	184	6	358	634	225	495	3.50e-14	70.1
0_277	1_437	32.184	174	95	8	495	660	352	510	1.09e-10	58.9
0_277	1_322	31.285	179	100	8	500	670	32	195	5.29e-10	57.0
0_277	1_177	29.630	189	109	7	501	679	38	212	6.98e-10	54.7
0_277	1_447	31.138	167	94	7	502	660	369	522	7.05e-10	56.2
0_277	1_562	30.496	141	90	3	502	640	21	155	2.02e-09	52.4
0_277	1_526	28.042	189	107	7	463	638	317	489	7.53e-09	53.1
0_277	1_286	29.167	168	103	8	502	660	97	257	4.14e-08	50.1
0_277	1_442	24.479	192	131	5	491	678	23	204	2.30e-07	48.5
0_277	1_262	25.359	209	123	8	464	661	11	197	3.64e-07	46.6
0_277	1_409	22.353	170	119	4	500	660	37	202	4.96e-05	40.8
0_277	1_489	24.510	204	131	6	469	670	13	195	1.00e-04	39.7
0_277	1_290	28.814	177	108	5	498	660	40	212	3.49e-04	37.4
0_277	1_490	45.588	68	27	4	466	525	4	69	5.31e-04	37.4
0_277	1_265	25.126	199	105	10	500	667	32	217	6.01e-04	37.4
0_278	1_102	100.000	398	0	0	1	398	1	398	0.0	811
0_279	1_569	99.219	128	1	0	1	128	128	255	3.91e-89	254
0_280	1_284	99.582	239	1	0	1	239	1	239	3.41e-175	476
0_281	1_283	99.475	381	2	0	1	381	1	381	0.0	750
0_282	1_282	99.576	236	1	0	1	236	1	236	2.02e-171	466
0_282	1_433	33.824	136	63	8	4	113	16	150	3.64e-06	41.6
0_283	1_281	98.333	120	2	0	1	120	1	120	1.85e-86	242
0_284	1_103	100.000	332	0	0	1	332	1	332	0.0	667
0_285	1_104	100.000	134	0	0	1	134	1	134	3.34e-97	270
0_286	1_105	100.000	137	0	0	1	137	1	137	1.90e-97	271
0_287	1_106	100.000	37	0	0	1	37	1	37	1.09e-20	70.1
0_288	1_107	100.000	75	0	0	1	75	1	75	3.31e-53	154
0_289	1_108	100.000	250	0	0	1	250	1	250	0.0	511
0_289	1_14	27.451	204	135	5	3	203	121	314	1.65e-15	69.7
0_290	1_280	99.057	212	2	0	1	212	1	212	8.85e-156	425
0_291	1_109	100.000	473	0	0	1	473	1	473	0.0	927
0_292	1_110	100.000	147	0	0	1	147	1	147	7.27e-107	296
0_293	1_279	99.614	259	1	0	1	259	1	259	0.0	518
0_294	1_451	99.174	121	1	0	1	121	1	121	8.76e-87	243
0_295	1_111	100.000	179	0	0	1	179	1	179	4.19e-130	357
0_296	1_112	100.000	131	0	0	1	131	1	131	2.23e-94	263
0_297	1_113	100.000	61	0	0	1	61	1	61	5.61e-42	125
0_298	1_114	100.000	181	0	0	1	181	1	181	5.22e-135	370
0_299	1_278	99.065	107	1	0	1	107	1	107	3.95e-72	205
0_300	1_115	100.000	122	0	0	1	122	1	122	1.04e-84	238
0_301	1_116	100.000	121	0	0	1	121	1	121	1.59e-81	229
0_302	1_117	100.000	136	0	0	1	136	1	136	9.16e-100	277
0_303	1_118	100.000	227	0	0	1	227	1	227	2.14e-167	455
0_304	1_452	99.422	173	1	0	1	173	1	173	1.01e-124	343
0_305	1_119	100.000	90	0	0	1	90	1	90	1.45e-65	187
0_306	1_120	100.000	282	0	0	1	282	1	282	0.0	566
0_307	1_121	100.000	163	0	0	1	163	1	163	1.59e-116	322
0_308	1_277	99.533	214	1	0	1	214	1	214	1.34e-156	427
0_309	1_122	100.000	233	0	0	1	233	1	233	4.04e-170	462
0_310	1_123	100.000	106	0	0	1	106	1	106	6.80e-75	212
0_311	1_276	99.512	205	1	0	1	205	1	205	4.10e-150	410
0_312	1_124	100.000	227	0	0	1	227	1	227	2.42e-167	455
0_313	1_453	99.773	883	2	0	1	883	1	883	0.0	1782
0_314	1_125	100.000	184	0	0	1	184	1	184	1.68e-136	374
0_315	1_337	99.327	297	2	0	1	297	1	297	0.0	576
0_316	1_126	100.000	709	0	0	1	709	1	709	0.0	1425
0_317	1_127	100.000	489	0	0	1	489	1	489	0.0	983
0_317	1_257	27.500	160	109	3	145	300	110	266	6.35e-12	62.0
0_317	1_257	46.809	47	22	1	439	482	489	535	4.35e-08	50.1
0_317	1_481	22.961	466	289	19	51	483	14	442	2.19e-10	57.0
0_318	1_455	99.638	276	1	0	1	276	1	276	0.0	565
0_318	1_348	26.894	264	165	9	5	249	21	275	8.59e-14	64.7
0_318	1_216	23.529	272	197	8	2	272	4	265	4.51e-11	56.6
0_318	1_37	24.074	270	159	9	1	248	1	246	2.94e-06	42.0
0_318	1_421	27.397	73	51	1	2	72	7	79	5.00e-05	38.5
0_318	1_380	26.316	228	142	10	7	224	8	219	3.58e-04	36.2
0_319	1_128	100.000	442	0	0	1	442	1	442	0.0	874
0_319	1_247	35.897	156	83	4	218	368	172	315	3.44e-20	87.0
0_319	1_247	30.337	89	60	2	220	307	6	93	1.49e-05	41.6
0_319	1_335	37.705	61	35	1	218	275	5	65	5.86e-05	39.3
0_320	1_265	99.814	538	1	0	1	538	1	538	0.0	1097
0_320	1_322	25.641	234	141	6	1	230	1	205	1.19e-12	64.7
0_320	1_322	28.571	210	133	8	319	519	1	202	1.25e-09	55.1
0_320	1_262	27.778	198	108	5	13	203	16	185	2.76e-12	62.0
0_320	1_442	22.993	274	175	5	1	272	1	240	6.55e-11	59.3
0_320	1_442	24.645	211	138	8	319	518	1	201	6.08e-06	43.5
0_320	1_526	28.342	187	110	5	1	187	324	486	2.30e-10	57.4
0_320	1_72	26.271	236	145	9	2	230	8	221	3.47e-10	56.6
0_320	1_72	32.432	74	47	2	453	523	149	222	3.38e-04	37.7
0_320	1_447	23.853	218	133	6	1	213	336	525	5.63e-09	52.8
0_320	1_331	44.898	49	27	0	13	61	346	394	8.93e-08	48.9
0_320	1_409	24.378	201	108	6	1	187	6	176	5.83e-07	46.6
0_320	1_294	35.088	57	37	0	2	58	39	95	6.96e-07	46.2
0_320	1_294	28.788	66	43	1	152	213	504	569	3.76e-05	40.8
0_320	1_33	24.286	210	127	6	20	213	26	219	1.04e-06	45.1
0_320	1_177	21.397	229	162	8	319	536	5	226	1.61e-06	43.9
0_320	1_177	22.363	237	149	6	1	230	5	213	2.36e-05	40.4
0_320	1_437	32.812	64	43	0	10	73	335	398	8.18e-06	42.7
0_320	1_489	26.027	219	131	9	319	521	1	204	1.03e-05	42.7
0_320	1_489	20.851	235	133	6	1	219	1	198	1.03e-05	42.7
0_320	1_233	31.765	85	54	1	150	230	226	310	1.40e-05	42.0
0_320	1_233	27.586	58	42	0	1	58	10	67	2.72e-05	40.8
0_320	1_290	21.491	228	155	5	320	525	10	235	4.67e-05	39.7
0_320	1_290	21.577	241	139	6	14	233	24	235	2.94e-04	37.4
0_320	1_205	23.913	184	111	6	16	187	142	308	9.13e-05	39.3
0_320	1_490	27.174	92	64	1	443	534	188	276	3.56e-04	37.4
0_320	1_101	25.126	199	105	10	32	217	500	667	4.51e-04	37.4
0_320	1_412	28.169	71	47	1	449	515	619	689	7.19e-04	36.6
0_321	1_456	99.142	699	2	1	1	695	1	699	0.0	1371
0_323	1_372	99.419	344	2	0	1	344	1	344	0.0	678
0_323	1_319	24.606	317	175	11	64	333	46	345	1.72e-05	40.4
0_324	1_457	99.727	366	1	0	1	366	1	366	0.0	722
0_324	1_240	27.358	318	207	7	61	361	6	316	9.01e-23	92.8
0_325	1_129	100.000	321	0	0	1	321	1	321	0.0	634
0_325	1_58	32.877	219	139	5	106	317	160	377	2.11e-20	85.5
0_326	1_266	99.774	443	1	0	1	443	1	443	0.0	890
0_326	1_412	37.349	249	138	4	204	437	530	775	4.96e-43	156
0_326	1_412	39.175	97	55	2	61	156	22	115	8.77e-13	64.7
0_326	1_205	45.082	122	66	1	273	394	269	389	1.41e-28	112
0_326	1_205	35.185	108	53	4	59	156	139	239	1.75e-11	60.1
0_326	1_59	37.500	136	83	1	252	385	131	266	1.89e-23	95.5
0_326	1_59	29.630	135	70	5	32	157	7	125	5.16e-09	52.0
0_326	1_233	26.786	392	248	11	43	417	10	379	3.73e-23	95.9
0_326	1_294	38.298	94	57	1	274	366	501	594	5.79e-17	77.8
0_326	1_294	29.688	128	75	3	38	165	33	145	4.28e-10	56.2
0_326	1_290	34.711	121	77	2	251	371	126	244	5.34e-16	72.4
0_326	1_33	36.719	128	73	3	261	386	139	260	2.19e-15	71.2
0_326	1_490	33.333	90	60	0	282	371	194	283	9.03e-15	70.1
0_326	1_286	42.857	84	47	1	276	359	194	276	1.09e-14	69.3
0_326	1_286	31.481	108	69	2	42	147	59	163	1.29e-06	44.3
0_326	1_177	32.353	102	68	1	278	379	133	233	3.53e-12	60.8
0_326	1_262	32.500	120	77	3	244	363	104	219	4.05e-12	60.8
0_326	1_409	36.634	101	54	3	264	360	129	223	7.90e-11	58.2
0_326	1_409	35.443	79	50	1	281	359	412	489	3.48e-07	46.6
0_326	1_409	41.071	56	29	1	43	98	6	57	5.50e-06	42.7
0_326	1_322	35.556	90	52	3	281	367	129	215	4.01e-08	49.7
0_326	1_442	25.191	131	91	3	223	351	72	197	8.15e-08	48.9
0_326	1_489	29.600	125	78	5	267	390	115	230	2.67e-07	47.4
0_326	1_72	25.954	131	94	2	229	359	357	484	1.17e-05	42.0
0_326	1_447	38.983	59	33	1	281	339	467	522	4.59e-05	40.0
0_326	1_526	29.412	85	53	2	30	111	308	388	1.46e-04	38.5
0_326	1_331	27.132	129	76	4	23	138	302	425	5.15e-04	36.6
0_326	1_229	26.984	189	115	7	240	424	450	619	6.56e-04	36.6
0_327	1_458	99.361	2033	13	0	1	2033	1	2033	0.0	4067
0_328	1_459	99.888	892	1	0	1	892	1	892	0.0	1800
0_329	1_130	100.000	142	0	0	1	142	1	142	5.86e-104	288
0_330	1_460	99.723	361	1	0	1	361	1	361	0.0	717
0_331	1_338	99.796	490	1	0	1	490	1	490	0.0	959
0_332	1_131	100.000	259	0	0	1	259	1	259	0.0	515
0_333	1_132	100.000	504	0	0	1	504	1	504	0.0	979
0_333	1_1	25.901	444	264	16	10	403	51	479	3.73e-21	91.3
0_334	1_133	100.000	91	0	0	1	91	1	91	6.75e-61	175
0_334	1_0	28.571	91	61	3	1	88	3	92	8.87e-07	38.5
0_335	1_134	100.000	98	0	0	1	98	1	98	9.76e-67	191
0_336	1_135	100.000	207	0	0	1	207	1	207	5.36e-147	402
0_337	1_570	100.000	209	0	0	1	209	37	245	1.51e-153	420
0_337	1_97	25.654	191	131	5	18	201	28	214	4.41e-10	52.0
0_339	1_136	100.000	97	0	0	1	97	1	97	7.28e-67	191
0_340	1_137	100.000	439	0	0	1	439	1	439	0.0	875
0_341	1_388	99.570	465	2	0	1	465	1	465	0.0	925
0_342	1_389	99.097	443	4	0	1	443	1	443	0.0	867
0_343	1_251	98.498	333	5	0	1	333	1	333	0.0	651
0_344	1_390	98.000	150	3	0	1	150	1	150	1.07e-103	288
0_344	1_406	38.158	76	46	1	67	142	26	100	4.36e-11	51.6
0_345	1_391	99.020	204	2	0	1	204	1	204	1.22e-141	388
0_346	1_138	100.000	886	0	0	1	886	1	886	0.0	1803
0_346	1_320	24.069	698	428	16	34	711	18	633	1.30e-46	174
0_346	1_325	22.941	340	205	10	440	753	393	701	9.59e-15	72.8
0_346	1_325	23.563	174	120	3	27	199	8	169	6.88e-09	53.9
0_346	1_462	26.490	151	100	3	50	200	2	141	3.09e-09	54.7
0_346	1_462	34.426	61	35	2	574	634	294	349	4.75e-05	41.2
0_347	1_392	99.765	850	2	0	1	850	1	850	0.0	1692
0_347	1_235	35.361	707	433	11	6	698	50	746	5.08e-130	405
0_347	1_235	25.000	132	88	5	582	706	727	854	3.78e-04	38.5
0_348	1_139	100.000	336	0	0	1	336	1	336	0.0	687
0_349	1_551	99.518	622	3	0	1	622	1	622	0.0	1235
0_349	1_429	43.794	427	221	5	210	619	209	633	8.98e-109	337
0_349	1_428	37.718	517	293	7	110	619	19	513	1.84e-107	330
0_349	1_531	36.432	398	216	10	246	619	124	508	2.32e-60	204
0_349	1_577	32.374	417	231	12	238	619	95	495	2.98e-51	179
0_349	1_22	30.496	423	246	10	237	618	118	533	1.02e-47	171
0_350	1_140	100.000	694	0	0	1	694	1	694	0.0	1391
0_351	1_141	100.000	337	0	0	1	337	1	337	0.0	672
0_352	1_142	100.000	240	0	0	1	240	1	240	3.11e-178	484
0_353	1_143	100.000	419	0	0	1	419	1	419	0.0	828
0_353	1_487	35.433	127	57	2	160	261	6	132	1.44e-14	69.3
0_353	1_247	25.112	223	154	7	159	375	173	388	1.91e-04	37.7
0_353	1_518	35.000	60	27	2	159	214	113	164	6.57e-04	35.8
0_354	1_250	99.167	120	1	0	1	120	1	120	3.84e-84	236
0_355	1_315	100.000	291	0	0	1	291	1	291	0.0	581
0_356	1_144	100.000	141	0	0	1	141	1	141	1.22e-99	277
0_357	1_314	98.701	385	5	0	1	385	1	385	0.0	738
0_358	1_145	100.000	242	0	0	1	242	1	242	8.59e-173	470
0_359	1_146	100.000	102	0	0	1	102	1	102	1.57e-71	203
0_360	1_147	100.000	179	0	0	1	179	1	179	3.50e-127	350
0_361	1_148	100.000	187	0	0	1	187	1	187	4.44e-132	363
0_362	1_313	99.606	507	2	0	1	507	1	507	0.0	1010
0_362	1_420	43.385	325	173	6	125	444	105	423	2.62e-74	238
0_362	1_311	26.757	370	260	7	58	421	44	408	8.11e-26	104
0_362	1_184	21.988	332	249	6	37	363	15	341	8.13e-08	48.9
0_363	1_312	99.638	276	1	0	1	276	1	276	0.0	542
0_364	1_311	99.788	471	1	0	1	471	1	471	0.0	951
0_364	1_184	37.168	452	279	4	7	456	2	450	3.04e-104	313
0_364	1_313	27.027	370	259	7	44	408	58	421	1.35e-26	107
0_364	1_420	22.712	295	216	6	63	348	49	340	5.22e-08	49.3
0_365	1_149	100.000	161	0	0	1	161	1	161	1.09e-117	324
0_366	1_519	99.396	331	2	0	1	331	1	331	0.0	663
0_367	1_249	99.672	305	1	0	1	305	1	305	0.0	605
0_368	1_150	100.000	440	0	0	1	440	1	440	0.0	877
0_368	1_7	36.269	193	110	4	101	283	125	314	1.20e-26	104
0_369	1_151	100.000	455	0	0	1	455	1	455	0.0	930
0_370	1_310	99.566	691	3	0	1	691	1	691	0.0	1386
0_371	1_152	100.000	257	0	0	1	257	1	257	0.0	518
0_372	1_153	100.000	276	0	0	1	276	1	276	0.0	564
0_373	1_154	100.000	414	0	0	1	414	1	414	0.0	830
0_374	1_394	99.685	1585	5	0	1	1585	1	1585	0.0	3131
0_374	1_209	26.625	323	183	13	917	1223	623	907	1.04e-13	70.9
0_374	1_209	37.383	107	59	3	281	385	297	397	1.10e-05	44.7
0_375	1_395	99.420	517	3	0	1	517	1	517	0.0	1002
0_376	1_155	100.000	102	0	0	1	102	1	102	4.98e-70	199
0_377	1_248	99.833	600	1	0	1	600	1	600	0.0	1197
0_378	1_156	100.000	376	0	0	1	376	1	376	0.0	775
0_379	1_157	100.000	227	0	0	1	227	1	227	8.97e-170	461
0_380	1_247	99.771	437	1	0	1	437	1	437	0.0	875
0_380	1_128	35.897	156	83	4	172	315	218	368	3.83e-20	86.7
0_380	1_128	29.032	124	83	4	6	126	220	341	3.46e-06	43.5
0_380	1_335	29.530	149	90	6	5	143	9	152	4.70e-09	52.0
0_380	1_335	35.593	59	38	0	173	231	9	67	4.22e-06	42.7
0_380	1_242	40.741	54	29	1	6	59	19	69	4.88e-06	41.6
0_380	1_242	28.415	183	118	5	157	338	5	175	7.16e-06	40.8
0_380	1_158	28.108	185	98	8	174	341	10	176	4.57e-05	40.0
0_380	1_518	33.846	65	33	4	5	65	113	171	2.68e-04	37.0
0_381	1_246	98.684	76	1	0	1	76	1	76	5.02e-49	144
0_382	1_158	100.000	598	0	0	1	598	1	598	0.0	1210
0_382	1_159	36.898	187	106	4	2	183	6	185	1.18e-24	103
0_382	1_159	23.009	226	143	9	165	370	266	480	7.34e-07	46.6
0_382	1_159	22.599	177	118	5	322	480	509	684	3.30e-06	44.3
0_382	1_268	30.093	216	126	7	10	217	117	315	7.21e-17	78.6
0_382	1_54	27.083	288	181	10	8	272	20	301	4.47e-16	75.1
0_382	1_247	28.108	185	98	8	10	176	174	341	6.26e-05	40.0
0_383	1_309	99.690	323	1	0	1	323	1	323	0.0	657
0_384	1_159	100.000	694	0	0	1	694	1	694	0.0	1425
0_384	1_158	36.898	187	106	4	6	185	2	183	1.37e-24	103
0_384	1_158	23.009	226	143	9	266	480	165	370	8.51e-07	46.6
0_384	1_158	22.599	177	118	5	509	684	322	480	3.83e-06	44.3
0_384	1_268	37.008	127	62	2	13	139	116	224	9.18e-14	68.9
0_384	1_54	34.091	132	84	3	8	138	16	145	5.17e-13	65.9
0_385	1_160	100.000	141	0	0	1	141	1	141	6.00e-104	288
0_386	1_245	99.398	166	1	0	1	166	1	166	1.37e-116	322
0_387	1_244	99.558	452	2	0	1	452	1	452	0.0	880
0_388	1_161	100.000	457	0	0	1	457	1	457	0.0	936
0_388	1_573	28.916	83	51	1	106	188	16	90	7.43e-05	37.0
0_388	1_410	26.351	148	100	5	159	302	335	477	1.24e-04	38.9
0_389	1_162	100.000	427	0	0	1	427	1	427	0.0	847
0_390	1_308	99.569	232	1	0	1	232	1	232	3.05e-173	471
0_391	1_396	99.700	999	3	0	1	999	1	999	0.0	2015
0_392	1_163	100.000	93	0	0	1	93	1	93	4.81e-68	193
0_393	1_520	27.966	354	203	13	345	663	268	604	4.40e-19	86.3
0_395	1_323	99.898	979	1	0	1	979	1	979	0.0	1929
0_396	1_324	99.510	408	2	0	1	408	1	408	0.0	819
0_397	1_164	100.000	259	0	0	1	259	1	259	0.0	514
0_398	1_165	100.000	144	0	0	1	144	1	144	8.31e-108	298
0_399	1_166	100.000	132	0	0	1	132	1	132	6.80e-95	264
0_400	1_444	99.849	662	1	0	1	662	1	662	0.0	1330
0_401	1_325	99.620	790	3	0	1	790	1	790	0.0	1603
0_401	1_138	22.941	340	205	10	393	701	440	753	1.39e-14	72.0
0_401	1_138	23.563	174	120	3	8	169	27	199	6.03e-09	53.9
0_401	1_320	24.103	195	101	6	398	592	393	540	4.69e-12	63.9
0_401	1_320	27.174	184	113	4	3	168	6	186	1.36e-08	52.8
0_401	1_462	34.444	90	58	1	29	118	3	91	6.74e-08	50.1
0_401	1_462	33.000	100	59	3	513	612	264	355	1.65e-07	48.9
0_402	1_285	99.729	369	1	0	1	369	1	369	0.0	741
0_403	1_379	99.310	145	1	0	1	145	1	145	1.17e-101	282
0_404	1_167	100.000	410	0	0	1	410	1	410	0.0	811
0_405	1_168	100.000	227	0	0	1	227	1	227	9.05e-164	446
0_406	1_169	100.000	229	0	0	1	229	1	229	5.14e-169	459
0_406	1_358	29.252	147	97	3	82	226	111	252	9.52e-09	48.9
0_407	1_170	100.000	181	0	0	1	181	1	181	1.20e-134	369
0_408	1_171	100.000	46	0	0	1	46	1	46	2.33e-29	92.4
0_409	1_326	99.383	324	2	0	1	324	1	324	0.0	639
0_410	1_327	99.366	946	6	0	1	946	1	946	0.0	1851
0_411	1_172	100.000	195	0	0	1	195	1	195	2.45e-144	394
0_412	1_173	100.000	249	0	0	1	249	1	249	0.0	500
0_413	1_328	99.592	245	1	0	1	245	1	245	2.51e-176	479
0_414	1_329	99.714	700	2	0	1	700	1	700	0.0	1419
0_415	1_330	98.969	582	6	0	1	582	1	582	0.0	1167
0_416	1_447	99.258	539	4	0	1	539	1	539	0.0	1043
0_416	1_562	61.376	189	73	0	351	539	3	191	1.84e-62	198
0_416	1_526	28.705	533	354	10	7	533	8	520	3.60e-48	170
0_416	1_437	31.604	212	135	3	331	538	321	526	2.45e-30	119
0_416	1_331	38.462	221	128	7	322	538	320	536	1.64e-29	116
0_416	1_262	34.694	196	110	5	348	531	16	205	8.29e-19	81.3
0_416	1_322	30.189	212	129	8	336	539	1	201	1.62e-15	73.9
0_416	1_489	29.897	194	126	6	336	525	1	188	4.27e-13	66.2
0_416	1_442	26.887	212	136	7	336	539	1	201	2.12e-12	63.9
0_416	1_101	31.138	167	94	7	369	522	502	660	5.54e-10	56.2
0_416	1_177	32.065	184	107	8	354	528	24	198	8.40e-10	53.9
0_416	1_265	23.853	218	133	6	336	525	1	213	8.42e-09	52.4
0_416	1_72	31.148	183	104	8	355	522	26	201	4.66e-08	50.1
0_416	1_286	25.510	196	125	7	351	532	79	267	1.25e-07	48.1
0_416	1_412	38.983	59	33	1	467	522	618	676	6.10e-07	46.6
0_416	1_294	27.778	90	61	2	452	538	493	581	1.43e-06	45.4
0_416	1_59	28.780	205	118	10	351	532	29	228	2.39e-06	44.3
0_416	1_490	29.412	85	52	2	441	522	172	251	4.68e-06	43.1
0_416	1_233	30.769	78	53	1	327	404	1	77	9.44e-06	42.4
0_416	1_233	35.294	68	41	1	464	528	229	296	6.71e-05	39.7
0_416	1_290	26.699	206	131	7	336	523	9	212	3.22e-05	40.0
0_416	1_266	38.983	59	33	1	467	522	281	339	5.84e-05	40.0
0_417	1_331	99.254	536	4	0	1	536	1	536	0.0	1012
0_417	1_437	31.641	512	324	9	35	536	31	526	7.18e-55	188
0_417	1_447	38.914	221	127	7	320	536	322	538	6.50e-30	117
0_417	1_526	35.407	209	123	6	328	531	319	520	1.19e-23	99.0
0_417	1_562	37.500	192	112	3	349	536	3	190	3.87e-16	71.6
0_417	1_322	32.558	215	117	9	334	536	2	200	2.63e-15	73.2
0_417	1_262	30.189	212	132	8	334	534	2	208	4.38e-14	67.4
0_417	1_101	31.551	187	110	5	319	495	456	634	4.81e-14	69.3
0_417	1_442	31.373	204	111	9	346	536	13	200	2.31e-11	60.8
0_417	1_286	31.527	203	114	11	349	536	79	271	2.57e-08	50.1
0_417	1_265	44.898	49	27	0	346	394	13	61	8.82e-08	48.9
0_417	1_489	28.505	214	123	10	334	534	2	198	6.87e-07	46.2
0_417	1_177	27.273	209	130	9	336	533	8	205	2.60e-06	43.5
0_417	1_72	26.136	176	110	6	363	524	36	205	1.66e-05	41.6
0_417	1_294	33.333	66	43	1	331	396	36	100	2.72e-05	41.2
0_417	1_412	36.508	63	34	2	364	424	38	96	7.96e-05	39.7
0_417	1_490	38.000	100	46	5	327	415	1	95	1.54e-04	38.5
0_417	1_266	27.132	129	76	4	302	425	23	138	6.45e-04	36.6
0_417	1_33	22.527	182	118	4	364	522	37	218	6.72e-04	36.2
0_417	1_409	26.230	183	118	8	365	534	37	215	8.80e-04	36.2
0_418	1_242	99.432	176	1	0	1	176	1	176	2.59e-130	357
0_418	1_247	40.741	54	29	1	19	69	6	59	2.06e-06	41.6
0_418	1_247	28.415	183	118	5	5	175	157	338	2.78e-06	41.2
0_418	1_335	39.344	61	33	3	19	76	10	69	1.44e-04	35.8
0_419	1_429	99.394	660	4	0	1	660	1	660	0.0	1325
0_419	1_428	65.393	471	140	6	189	653	80	533	0.0	598
0_419	1_428	42.500	120	41	6	1	104	4	111	1.92e-13	67.8
0_419	1_551	43.091	427	224	5	209	633	210	619	1.70e-105	328
0_419	1_531	37.064	545	265	19	126	632	3	507	1.46e-79	256
0_419	1_577	34.698	464	245	11	204	634	58	496	2.26e-72	237
0_419	1_22	31.670	461	251	12	214	632	95	533	4.66e-52	184
0_420	1_174	100.000	457	0	0	1	457	1	457	0.0	937
0_421	1_175	100.000	201	0	0	1	201	1	201	6.87e-150	409
0_422	1_176	100.000	316	0	0	1	316	1	316	0.0	625
0_423	1_426	99.149	705	6	0	1	705	1	705	0.0	1372
0_424	1_177	100.000	238	0	0	1	238	1	238	3.25e-176	479
0_424	1_72	35.349	215	114	6	25	223	26	231	5.77e-24	94.4
0_424	1_72	32.051	78	53	0	136	213	407	484	3.45e-07	45.1
0_424	1_33	40.000	85	51	0	133	217	156	240	7.40e-17	72.8
0_424	1_205	28.444	225	136	8	22	223	143	365	9.51e-17	73.6
0_424	1_262	27.805	205	136	6	22	218	20	220	2.11e-15	68.6
0_424	1_409	25.676	222	145	6	5	212	6	221	4.56e-14	65.5
0_424	1_409	25.446	224	142	7	22	225	283	501	3.24e-09	51.2
0_424	1_266	32.353	102	68	1	133	233	278	379	1.88e-12	60.8
0_424	1_266	31.915	47	32	0	22	68	63	109	0.001	34.3
0_424	1_490	33.571	140	82	4	90	221	143	279	2.08e-12	60.5
0_424	1_412	30.108	93	64	1	133	224	615	707	6.09e-12	59.3
0_424	1_412	40.426	47	28	0	21	67	23	69	1.94e-07	45.8
0_424	1_294	32.292	96	63	2	127	221	500	594	1.68e-11	58.2
0_424	1_294	30.556	72	46	3	21	89	53	123	3.28e-04	35.8
0_424	1_322	29.596	223	136	8	8	221	4	214	4.04e-11	57.0
0_424	1_233	31.313	99	67	1	136	233	232	330	1.83e-10	54.7
0_424	1_101	29.630	189	109	7	38	212	501	679	1.89e-10	55.1
0_424	1_59	24.783	230	150	7	22	230	30	257	2.73e-10	53.9
0_424	1_562	31.544	149	93	4	24	167	6	150	3.27e-10	52.8
0_424	1_526	28.646	192	103	6	22	197	340	513	1.37e-09	52.4
0_424	1_286	24.272	206	141	6	25	220	83	283	2.14e-09	51.2
0_424	1_447	31.522	184	108	8	24	198	354	528	2.18e-09	51.6
0_424	1_489	27.000	200	123	7	22	211	17	203	8.62e-09	50.1
0_424	1_442	27.174	184	109	7	24	196	19	188	6.56e-07	44.3
0_424	1_331	25.943	212	129	9	8	205	336	533	6.75e-07	44.3
0_424	1_265	21.397	229	162	8	5	226	319	536	6.89e-07	43.9
0_424	1_265	22.363	237	149	6	5	213	1	230	1.09e-05	40.4
0_424	1_290	26.582	79	57	1	135	212	153	231	3.10e-06	41.6
0_424	1_437	25.414	181	122	5	22	197	342	514	3.58e-06	42.0
0_425	1_425	99.342	304	2	0	1	304	1	304	0.0	588
0_425	1_95	21.908	283	199	6	31	300	36	309	1.18e-12	62.0
0_426	1_178	100.000	578	0	0	1	578	1	578	0.0	1161
0_427	1_492	99.012	810	8	0	1	810	1	810	0.0	1607
0_427	1_443	35.990	828	419	31	1	776	1	769	3.27e-110	350
0_427	1_576	33.333	831	451	26	1	779	3	782	9.68e-102	328
0_427	1_495	43.284	67	31	2	14	73	9	75	2.26e-08	46.6
0_428	1_179	100.000	127	0	0	1	127	1	127	2.16e-88	248
0_429	1_180	100.000	285	0	0	1	285	1	285	0.0	552
0_429	1_186	43.077	260	134	4	26	281	1	250	2.18e-54	172
0_429	1_185	42.786	201	111	2	84	280	43	243	6.50e-48	155
0_430	1_186	98.479	263	4	0	1	263	1	263	0.0	509
0_430	1_180	42.748	262	132	5	1	250	26	281	4.55e-54	171
0_430	1_185	38.976	254	139	5	1	249	1	243	3.93e-48	155
0_431	1_185	99.592	245	1	0	1	245	1	245	2.58e-180	489
0_431	1_180	42.786	201	111	2	43	243	84	280	5.47e-48	155
0_431	1_186	38.372	258	135	7	1	243	1	249	4.95e-47	152
0_432	1_414	99.228	1425	11	0	1	1425	1	1425	0.0	2846
0_433	1_181	100.000	411	0	0	1	411	1	411	0.0	820
0_435	1_182	100.000	202	0	0	1	202	1	202	1.51e-145	398
0_436	1_183	100.000	487	0	0	1	487	1	487	0.0	968
0_437	1_416	98.701	231	3	0	1	231	1	231	2.94e-159	435
0_438	1_417	99.620	527	2	0	1	527	1	527	0.0	1021
0_439	1_241	99.457	184	1	0	1	184	1	184	2.42e-135	371
0_440	1_419	99.325	741	5	0	1	741	1	741	0.0	1486
0_441	1_420	99.804	511	1	0	1	511	1	511	0.0	1045
0_441	1_313	43.385	325	173	6	105	423	125	444	1.15e-74	239
0_441	1_311	22.712	295	216	6	49	340	63	348	3.86e-08	50.1
0_441	1_184	22.819	298	203	11	116	400	119	402	4.07e-06	43.5
0_442	1_184	100.000	457	0	0	1	457	1	457	0.0	926
0_442	1_311	37.168	452	279	4	2	450	7	456	1.83e-104	314
0_442	1_313	24.291	247	181	5	15	260	37	278	7.39e-08	48.9
0_442	1_420	22.819	298	203	11	119	402	116	400	3.39e-06	43.5
0_443	1_421	99.673	306	1	0	1	306	1	306	0.0	629
0_443	1_348	27.241	290	173	9	10	278	21	293	1.80e-21	87.0
0_443	1_216	22.939	279	185	10	9	277	5	263	2.28e-08	48.9
0_443	1_380	22.137	262	169	7	12	261	8	246	2.78e-06	42.7
0_443	1_455	27.397	73	51	1	7	79	2	72	4.16e-05	38.9
0_443	1_37	32.877	73	43	1	186	258	180	246	2.62e-04	36.2
0_444	1_295	99.723	361	1	0	1	361	1	361	0.0	734
0_445	1_422	99.083	218	2	0	1	218	1	218	9.39e-161	438
0_446	1_423	99.170	241	2	0	1	241	1	241	6.68e-180	488
0_447	1_424	98.780	246	3	0	1	246	1	246	0.0	494
0_448	1_252	98.333	120	2	0	1	120	1	120	9.88e-84	235
0_449	1_393	99.688	641	2	0	1	641	1	641	0.0	1283
0_449	1_42	44.288	639	333	9	3	626	5	635	1.57e-168	491
0_450	1_187	100.000	77	0	0	1	77	1	77	1.96e-49	145
0_451	1_188	100.000	90	0	0	1	90	1	90	1.26e-61	177
0_452	1_189	100.000	156	0	0	1	156	1	156	1.35e-117	323
0_453	1_190	100.000	126	0	0	1	126	1	126	2.44e-88	247
0_454	1_191	100.000	174	0	0	1	174	1	174	6.43e-126	346
0_455	1_192	100.000	305	0	0	1	305	1	305	0.0	619
0_455	1_410	24.128	344	194	13	4	298	157	482	2.44e-04	37.0
0_456	1_193	100.000	142	0	0	1	142	1	142	6.76e-99	275
0_457	1_234	99.776	446	1	0	1	446	1	446	0.0	891
0_458	1_298	99.835	607	1	0	1	607	1	607	0.0	1220
0_459	1_409	99.609	512	2	0	1	512	1	512	0.0	1015
0_459	1_72	30.392	510	327	13	11	509	12	504	4.81e-54	185
0_459	1_489	23.938	259	169	9	6	263	1	232	1.64e-14	70.9
0_459	1_489	23.301	206	140	4	282	487	16	203	1.50e-06	45.1
0_459	1_286	25.108	231	157	8	6	228	60	282	5.50e-14	67.4
0_459	1_286	30.263	76	53	0	412	487	199	274	1.89e-04	37.7
0_459	1_442	25.592	211	143	5	6	215	1	198	8.27e-14	68.6
0_459	1_442	26.531	196	126	5	277	472	11	188	9.39e-11	58.5
0_459	1_177	25.676	222	145	6	6	221	5	212	9.73e-14	65.5
0_459	1_177	25.446	224	142	7	283	501	22	225	6.72e-09	51.2
0_459	1_322	28.194	227	133	7	282	505	16	215	2.04e-13	67.0
0_459	1_322	25.688	218	140	7	20	235	15	212	2.35e-13	67.0
0_459	1_33	24.576	236	141	7	13	223	14	237	3.19e-12	62.0
0_459	1_33	27.027	222	133	8	286	489	26	236	4.11e-12	61.6
0_459	1_262	27.273	220	125	10	21	225	19	218	3.78e-12	61.2
0_459	1_262	25.541	231	157	8	264	492	1	218	6.28e-06	42.4
0_459	1_290	24.464	233	160	7	22	245	27	252	1.41e-11	59.3
0_459	1_290	21.875	224	167	5	267	487	12	230	1.32e-07	47.4
0_459	1_233	30.147	136	88	4	112	244	202	333	7.68e-11	58.5
0_459	1_233	28.431	102	68	3	6	107	10	106	3.41e-08	50.1
0_459	1_233	25.287	87	64	1	404	489	224	310	4.46e-05	40.0
0_459	1_266	36.634	101	54	3	129	223	264	360	8.89e-11	58.2
0_459	1_266	35.443	79	50	1	412	489	281	359	3.99e-07	46.6
0_459	1_266	41.071	56	29	1	6	57	43	98	5.83e-06	43.1
0_459	1_294	34.409	93	54	2	402	490	498	587	1.53e-10	58.2
0_459	1_294	29.213	89	58	2	133	220	500	584	8.38e-08	49.3
0_459	1_294	29.348	92	54	4	16	104	48	131	7.62e-07	46.2
0_459	1_526	29.545	220	114	7	2	206	320	513	2.05e-10	57.4
0_459	1_490	23.420	269	153	9	29	246	30	296	9.55e-10	54.7
0_459	1_490	32.609	92	57	2	399	489	184	271	9.76e-07	45.4
0_459	1_205	25.424	236	134	10	22	230	143	363	1.13e-09	54.7
0_459	1_205	25.296	253	145	8	262	487	118	353	4.36e-08	49.7
0_459	1_412	30.097	103	62	3	129	225	601	699	4.29e-08	50.1
0_459	1_412	27.723	101	72	1	410	509	616	716	1.40e-05	42.0
0_459	1_265	24.064	187	126	4	6	176	1	187	4.95e-07	46.6
0_459	1_59	26.267	217	134	9	32	230	40	248	5.32e-06	42.7
0_459	1_59	33.333	81	53	1	410	489	160	240	6.26e-05	39.7
0_459	1_562	25.000	160	108	5	22	179	4	153	5.77e-06	41.6
0_459	1_101	22.353	170	119	4	37	202	500	660	2.69e-05	41.2
0_459	1_331	26.230	183	118	8	37	215	365	534	5.09e-04	37.0
0_459	1_229	27.184	103	72	1	373	472	795	897	7.33e-04	36.6
0_460	1_523	96.302	1379	29	3	1	1374	1	1362	0.0	2649
0_460	1_522	29.677	155	101	3	10	162	13	161	7.93e-13	67.8
0_460	1_440	29.560	159	99	4	2	150	6	161	5.70e-11	61.6
0_460	1_467	26.923	156	100	7	7	156	12	159	5.31e-07	48.5
0_460	1_365	30.864	162	92	7	55	209	60	208	8.73e-05	41.2
0_461	1_524	98.575	1824	22	2	1	1820	1	1824	0.0	3608
0_461	1_399	24.412	553	309	19	4	509	6	496	1.10e-14	74.3
0_461	1_439	26.556	241	150	8	1	221	1	234	5.24e-11	62.4
0_461	1_439	22.500	640	395	25	403	983	506	1103	1.60e-05	44.3
0_461	1_468	21.375	800	478	30	2	761	11	699	3.13e-09	56.2
0_461	1_521	27.160	243	152	7	7	239	30	257	5.42e-08	52.4
0_462	1_415	99.016	305	3	0	1	305	1	305	0.0	606
0_463	1_418	98.718	156	2	0	1	156	1	156	2.46e-111	308
0_464	1_427	93.189	323	4	4	1	316	1	312	0.0	551
0_465	1_432	99.320	147	1	0	1	147	1	147	5.19e-106	293
0_466	1_434	97.241	145	4	0	1	145	1	145	4.80e-103	286
0_467	1_194	100.000	87	0	0	1	87	1	87	2.05e-61	176
0_468	1_531	99.607	509	2	0	28	536	1	509	0.0	1014
0_468	1_577	60.159	502	179	8	50	536	1	496	0.0	572
0_468	1_429	39.149	470	236	15	90	534	188	632	8.01e-80	258
0_468	1_428	35.110	544	278	22	17	534	18	512	3.51e-74	240
0_468	1_551	33.210	542	306	18	18	535	110	619	1.19e-60	206
0_468	1_22	31.614	446	261	9	122	534	99	533	1.95e-51	179
0_469	1_195	100.000	524	0	0	1	524	1	524	0.0	1016
0_469	1_305	24.301	465	302	18	4	429	9	462	1.06e-13	67.8
0_470	1_500	99.804	510	1	0	1	510	1	510	0.0	1044
0_471	1_291	99.367	158	1	0	1	158	1	158	1.77e-114	316
0_472	1_292	98.382	309	5	0	1	309	1	309	0.0	591
0_473	1_489	99.351	770	1	1	1	766	1	770	0.0	1502
0_473	1_442	30.788	812	476	21	1	766	1	772	2.24e-92	300
0_473	1_322	39.823	452	246	10	1	440	1	438	1.56e-89	290
0_473	1_322	33.588	131	87	0	636	766	516	646	1.65e-15	74.7
0_473	1_286	32.735	223	133	7	1	209	60	279	3.53e-24	98.6
0_473	1_33	27.488	211	126	7	17	201	23	232	5.53e-15	70.9
0_473	1_409	23.938	259	169	9	1	232	6	263	2.57e-14	70.5
0_473	1_409	23.301	206	140	4	16	203	282	487	3.23e-06	44.7
0_473	1_447	30.412	194	125	6	1	188	336	525	3.44e-13	67.0
0_473	1_72	29.630	216	130	6	2	201	8	217	3.88e-13	67.0
0_473	1_233	32.990	97	63	1	1	95	10	106	1.29e-09	55.5
0_473	1_526	27.230	213	130	7	1	199	324	525	2.52e-09	54.7
0_473	1_540	25.823	395	236	18	302	659	86	460	8.59e-09	53.1
0_473	1_437	28.241	216	130	7	2	204	327	530	8.67e-09	53.1
0_473	1_490	34.483	87	53	2	119	202	183	268	1.96e-08	51.6
0_473	1_562	33.557	149	76	7	34	171	21	157	2.97e-08	49.3
0_473	1_294	30.357	112	75	2	2	111	39	149	3.39e-08	51.2
0_473	1_294	31.081	74	49	1	129	200	508	581	1.71e-05	42.4
0_473	1_177	27.000	200	123	7	17	203	22	211	3.68e-08	49.7
0_473	1_205	25.561	223	120	8	15	198	141	356	1.01e-07	49.3
0_473	1_262	27.149	221	125	10	1	198	1	208	2.10e-07	47.8
0_473	1_290	29.545	88	59	2	115	200	141	227	4.45e-07	46.6
0_473	1_266	29.600	125	78	5	115	230	267	390	4.49e-07	47.4
0_473	1_412	30.476	105	65	2	129	225	618	722	5.49e-07	47.4
0_473	1_331	28.505	214	123	10	2	198	334	534	9.47e-07	46.6
0_473	1_265	26.027	219	131	9	1	204	319	521	1.40e-05	42.7
0_473	1_265	20.851	235	133	6	1	198	1	219	1.58e-05	42.4
0_473	1_59	24.880	209	125	7	16	197	29	232	1.45e-05	42.4
0_473	1_229	36.585	82	43	4	129	204	834	912	1.69e-05	42.7
0_473	1_229	31.068	103	61	4	93	190	460	557	0.001	37.0
0_473	1_101	24.638	207	127	6	13	195	469	670	9.86e-05	40.0
0_474	1_196	100.000	321	0	0	1	321	1	321	0.0	642
0_474	1_544	22.892	249	168	11	57	298	29	260	2.35e-05	39.7
0_475	1_497	99.327	743	5	0	1	743	1	743	0.0	1472
0_475	1_224	25.878	769	431	26	6	727	16	692	1.84e-44	165
0_476	1_493	99.393	659	4	0	1	659	1	659	0.0	1321
0_477	1_197	100.000	326	0	0	1	326	1	326	0.0	649
0_478	1_464	99.249	666	5	0	1	666	1	666	0.0	1336
0_478	1_449	64.198	81	29	0	232	312	218	298	1.44e-25	106
0_479	1_556	98.507	67	1	0	1	67	1	67	2.21e-45	136
0_480	1_198	100.000	93	0	0	1	93	1	93	6.76e-61	175
0_481	1_470	99.640	278	1	0	1	278	1	278	0.0	550
0_482	1_481	99.555	449	2	0	1	449	1	449	0.0	919
0_482	1_257	28.049	246	157	9	18	255	14	247	9.88e-13	64.3
0_482	1_257	46.154	39	21	0	409	447	503	541	1.14e-05	42.0
0_482	1_127	23.176	466	288	19	14	442	51	483	1.96e-09	53.9
0_483	1_199	100.000	64	0	0	1	64	1	64	8.35e-41	122
0_484	1_200	100.000	136	0	0	1	136	1	136	5.63e-92	257
0_485	1_201	100.000	174	0	0	1	174	1	174	1.53e-130	358
0_486	1_202	100.000	146	0	0	1	146	1	146	2.60e-102	284
0_487	1_203	100.000	127	0	0	1	127	1	127	1.92e-87	245
0_488	1_336	99.346	153	1	0	1	153	1	153	1.95e-107	298
0_489	1_204	100.000	143	0	0	1	143	1	143	1.84e-100	279
0_490	1_454	99.310	145	1	0	1	145	1	145	1.28e-105	293
0_491	1_206	100.000	151	0	0	1	151	1	151	1.09e-108	301
0_491	1_293	32.500	120	78	2	15	132	22	140	6.58e-11	52.4
0_492	1_207	100.000	113	0	0	1	113	1	113	7.12e-82	230
0_493	1_208	100.000	96	0	0	1	96	1	96	1.58e-68	195
0_494	1_473	100.000	265	0	0	2	266	3	267	0.0	509
0_495	1_475	98.701	462	6	0	1	462	1	462	0.0	919
0_496	1_448	99.396	828	5	0	1	828	1	828	0.0	1669
0_496	1_477	28.734	616	325	23	246	809	252	805	2.16e-45	169
0_497	1_211	100.000	190	0	0	1	190	1	190	3.94e-143	391
0_498	1_446	99.752	404	1	0	1	404	1	404	0.0	813
0_499	1_212	100.000	331	0	0	1	331	1	331	0.0	660
0_500	1_213	100.000	203	0	0	1	203	1	203	7.06e-147	401
0_501	1_527	99.485	582	3	0	1	582	1	582	0.0	1153
0_501	1_407	35.516	397	209	11	37	417	60	425	2.91e-55	197
0_501	1_566	30.402	398	206	11	37	409	23	374	4.56e-40	150
0_503	1_214	100.000	149	0	0	1	149	1	149	1.74e-111	308
0_504	1_255	99.375	160	1	0	1	160	1	160	5.31e-113	312
0_505	1_215	100.000	112	0	0	1	112	1	112	2.69e-78	221
0_506	1_216	100.000	267	0	0	1	267	1	267	0.0	541
0_506	1_348	26.502	283	175	9	3	260	19	293	4.53e-16	71.2
0_506	1_380	32.895	228	137	8	1	219	1	221	4.20e-15	69.3
0_506	1_455	23.897	272	196	8	4	265	2	272	8.62e-12	58.5
0_506	1_421	22.968	283	187	11	2	263	5	277	1.42e-08	49.3
0_506	1_37	32.203	59	40	0	183	241	188	246	1.11e-04	37.4
0_507	1_559	100.000	310	0	0	170	479	1	310	0.0	624
0_507	1_574	100.000	170	0	0	1	170	1	170	3.13e-124	354
0_507	1_373	23.592	373	216	15	38	359	197	551	6.28e-04	36.6
0_508	1_349	99.675	615	2	0	1	615	1	615	0.0	1264
0_509	1_217	100.000	90	0	0	1	90	1	90	1.90e-57	166
0_510	1_218	100.000	221	0	0	1	221	1	221	2.71e-164	447
0_511	1_219	100.000	219	0	0	1	219	1	219	3.28e-160	436
0_512	1_220	100.000	70	0	0	1	70	1	70	3.07e-44	131
0_513	1_445	99.568	463	2	0	1	463	1	463	0.0	931
0_514	1_502	99.688	320	1	0	173	492	1	320	0.0	640
0_514	1_575	53.696	460	162	8	150	606	4	415	1.43e-133	392
0_514	1_501	41.915	470	212	19	9	464	7	429	1.40e-85	268
0_514	1_568	41.458	439	201	12	145	581	1	385	6.39e-79	251
0_514	1_496	82.400	125	22	0	122	246	10	134	2.95e-63	211
0_514	1_496	55.556	162	64	4	449	605	323	481	1.07e-47	169
0_514	1_578	39.939	328	134	14	150	464	1	278	6.07e-49	167
0_514	1_228	73.077	104	28	0	8	111	5	108	3.14e-45	151
0_514	1_491	48.148	108	49	3	9	109	7	114	8.24e-21	83.6
0_515	1_555	96.458	480	14	1	1	480	4	480	0.0	932
0_515	1_503	99.107	112	1	0	362	473	1	112	5.94e-79	236
0_516	1_438	97.744	133	3	0	1	133	1	133	4.47e-90	252
0_517	1_430	100.000	154	0	0	1	154	1	154	9.43e-106	327
0_518	1_332	98.667	75	1	0	5	79	475	549	5.48e-45	146
0_520	1_424	98.889	90	1	0	1	90	1	90	1.86e-60	179
0_521	1_354	99.569	696	3	0	1	696	1	696	0.0	1381
0_522	1_221	100.000	692	0	0	1	692	1	692	0.0	1372
0_524	1_529	99.178	730	6	0	46	775	1	730	0.0	1479
0_525	1_222	100.000	95	0	0	1	95	1	95	2.42e-67	192
0_526	1_226	100.000	74	0	0	1	74	3	76	8.63e-49	143
0_528	1_223	100.000	78	0	0	1	78	1	78	3.09e-52	152
0_529	1_428	99.450	545	3	0	1	545	4	548	0.0	1115
0_529	1_429	65.393	471	140	6	77	530	189	653	0.0	596
0_529	1_429	43.333	120	40	6	1	108	1	104	8.02e-14	68.6
0_529	1_551	38.491	517	289	8	16	510	110	619	8.19e-109	333
0_529	1_531	35.815	497	260	18	48	509	35	507	3.31e-74	239
0_529	1_577	33.468	496	266	14	60	511	21	496	6.80e-74	238
0_529	1_22	30.496	423	234	11	141	516	131	540	7.24e-44	159
0_530	1_555	97.861	187	4	0	1	187	294	480	8.15e-135	380
0_530	1_503	93.750	112	7	0	69	180	1	112	3.01e-76	219
0_531	1_441	99.395	496	3	0	1	496	1	496	0.0	966
0_531	1_525	27.750	400	245	15	122	489	180	567	1.29e-22	95.5
0_532	1_225	100.000	181	0	0	1	181	1	181	8.08e-131	359
0_533	1_431	94.748	3789	176	6	1	3786	1	3769	0.0	7012
0_533	1_430	25.660	265	138	13	346	572	496	739	4.71e-05	43.9
0_534	1_358	99.206	252	2	0	1	252	1	252	0.0	492
0_534	1_169	29.932	147	96	3	111	252	82	226	5.78e-09	49.7
0_535	1_501	99.681	313	1	0	4	316	117	429	0.0	648
0_535	1_578	73.214	280	72	2	38	316	1	278	4.13e-150	423
0_535	1_568	42.373	413	189	11	38	434	6	385	1.39e-83	258
0_535	1_496	51.111	180	79	5	288	462	307	482	1.06e-46	163
0_535	1_496	60.769	130	46	2	14	141	12	138	3.03e-45	159
0_535	1_575	68.421	114	29	2	35	144	1	111	5.39e-43	152
0_535	1_502	66.667	75	22	2	61	135	1	72	5.80e-24	96.7
0_535	1_502	47.748	111	48	5	244	345	211	320	1.27e-19	84.3
0_536	1_406	95.413	109	5	0	1	109	1	109	1.55e-70	201
0_536	1_390	32.308	65	43	1	38	101	79	143	9.87e-06	37.0
0_538	1_370	94.118	51	3	0	1	51	1	51	2.69e-31	97.8
0_540	1_227	100.000	232	0	0	1	232	1	232	5.79e-171	465
0_541	1_511	100.000	55	0	0	1	55	1	55	5.53e-35	107
0_542	1_496	55.488	492	162	16	74	527	10	482	3.10e-153	442
0_542	1_501	50.806	372	176	5	14	384	64	429	4.28e-122	360
0_542	1_568	47.416	445	189	14	97	526	1	415	5.85e-101	305
0_542	1_578	52.113	284	129	4	102	384	1	278	4.83e-90	273
0_542	1_575	40.741	432	232	10	102	528	4	416	1.36e-82	258
0_542	1_502	36.556	331	157	10	125	413	1	320	1.27e-43	152
0_542	1_228	64.286	56	20	0	10	65	53	108	8.70e-19	77.4
0_542	1_491	60.784	51	19	1	14	63	64	114	3.85e-12	58.5
0_543	1_561	98.913	184	2	0	1	184	18	201	1.01e-127	352
0_544	1_512	100.000	288	0	0	1	288	1	288	0.0	563
0_545	1_516	98.253	229	4	0	1	229	1	229	1.13e-164	449
0_546	1_582	99.705	339	1	0	1	339	1	339	0.0	698
0_547	1_518	99.620	263	1	0	1	263	1	263	0.0	511
0_547	1_247	33.846	65	33	4	113	171	5	65	1.70e-04	37.0
0_547	1_143	35.000	60	27	2	113	164	159	214	3.33e-04	35.8
0_547	1_335	29.524	105	66	3	113	212	9	110	0.001	34.3
0_548	1_530	100.000	516	0	0	1	516	1	516	0.0	1031
0_549	1_545	99.338	302	2	0	1	302	1	302	0.0	570
0_549	1_498	21.560	218	156	6	100	302	2	219	5.09e-05	38.1
0_550	1_544	98.462	65	1	0	1	65	214	278	2.47e-41	130
0_551	1_528	95.763	590	24	1	1	589	1	590	0.0	1088
0_552	1_355	98.202	723	10	1	1	723	3	722	0.0	1401
0_552	1_83	42.857	56	28	1	13	64	8	63	2.96e-07	47.4
0_552	1_31	32.381	105	65	3	74	174	37	139	2.30e-05	41.2
0_553	1_517	99.208	379	3	0	1	379	35	413	0.0	722
0_554	1_540	100.000	576	0	0	1	576	1	576	0.0	1122
0_554	1_489	28.947	190	119	6	40	221	252	433	3.12e-08	50.8
0_555	1_554	99.197	249	2	0	29	277	1	249	8.73e-180	490
0_556	1_541	100.000	277	0	0	1	277	1	277	0.0	544
0_557	1_563	98.942	378	4	0	1	378	1	378	0.0	725
0_558	1_572	97.826	46	1	0	1	46	149	194	7.84e-28	94.4
0_559	1_571	99.451	182	1	0	1	182	61	242	6.94e-129	357
0_560	1_342	99.180	366	3	0	1	366	12	377	0.0	734
0_561	1_564	99.794	971	2	0	1	971	1	971	0.0	1942
0_562	1_542	100.000	183	0	0	1	183	1	183	1.13e-125	346
0_563	1_565	99.588	486	2	0	1	486	1	486	0.0	963
0_564	1_315	98.864	88	1	0	1	88	315	402	7.31e-56	172
0_565	1_543	100.000	86	0	0	1	86	1	86	1.33e-59	171
0_566	1_546	99.839	620	1	0	1	620	1	620	0.0	1247
0_567	1_566	98.955	287	3	0	3	289	1	287	0.0	574
0_567	1_407	34.247	292	183	6	10	295	45	333	9.49e-40	142
0_567	1_527	30.137	292	156	8	25	284	37	312	3.21e-31	117
0_568	1_566	98.916	646	7	0	1	646	291	936	0.0	1222
0_568	1_407	29.116	577	367	14	5	568	337	884	8.66e-46	170
0_568	1_527	36.170	94	37	4	5	84	325	409	1.78e-05	42.0
0_570	1_285	99.609	256	1	0	1	256	410	665	0.0	523
0_570	1_436	23.504	234	152	8	7	228	78	296	2.36e-09	51.6
0_571	1_520	99.010	101	1	0	3	103	1	101	1.49e-64	203
0_572	1_525	97.284	589	2	1	1	589	1	575	0.0	1120
0_572	1_441	26.908	524	302	21	73	581	32	489	3.29e-20	88.6
0_573	1_548	99.831	591	1	0	1	591	1	591	0.0	1167
0_574	1_547	100.000	40	0	0	1	40	1	40	7.83e-22	73.2
0_575	1_549	100.000	41	0	0	1	41	1	41	3.72e-25	81.6
0_576	1_549	97.561	41	1	0	1	41	1	41	6.30e-25	80.9
0_577	1_496	98.934	469	5	0	1	469	14	482	0.0	935
0_577	1_575	44.643	448	207	7	25	468	4	414	1.22e-107	321
0_577	1_568	44.635	466	190	14	20	468	1	415	1.61e-91	279
0_577	1_578	37.758	339	112	14	25	325	1	278	2.16e-44	152
0_577	1_501	60.484	124	44	2	1	121	129	250	3.55e-43	152
0_577	1_502	71.831	71	20	0	48	118	1	71	1.14e-26	104
0_577	1_502	55.224	67	28	1	287	353	256	320	1.02e-16	75.5
0_578	1_572	98.429	191	3	0	111	301	4	194	3.72e-137	383
0_578	1_573	100.000	112	0	0	1	112	1	112	1.78e-75	222
0_578	1_410	32.645	242	160	3	62	303	336	574	6.54e-36	131
0_578	1_192	25.949	158	98	5	56	203	150	298	5.06e-04	35.4
0_580	1_567	96.667	690	6	1	1	673	53	742	0.0	1333
0_580	1_478	37.952	664	342	20	2	639	27	646	3.66e-121	371
0_580	1_449	28.399	331	196	11	197	498	328	646	1.67e-27	112
0_582	1_581	100.000	153	0	0	1	153	1	153	4.34e-113	312
0_583	1_228	68.293	82	26	0	25	106	27	108	6.91e-37	117
0_583	1_501	55.435	92	37	2	26	113	32	123	8.75e-25	92.0
0_583	1_491	50.588	85	38	2	26	106	32	116	8.59e-21	76.6
