3_0	6_273	100.000	220	0	0	117	336	1	220	3.50e-156	431
3_0	6_542	25.083	303	205	10	36	336	27	309	9.63e-14	65.5
3_1	6_488	99.371	159	1	0	1	159	1	159	4.11e-117	323
3_1	6_204	32.500	120	78	2	22	140	15	132	7.78e-11	52.0
3_2	6_0	100.000	96	0	0	1	96	1	96	9.07e-66	188
3_3	6_2	100.000	110	0	0	1	110	1	110	1.58e-79	224
3_4	6_3	100.000	290	0	0	1	290	1	290	0.0	578
3_4	6_376	32.331	266	149	14	23	264	25	283	6.73e-24	93.6
3_5	6_4	100.000	287	0	0	1	287	1	287	0.0	577
3_5	6_395	36.220	254	121	7	1	234	1	233	8.41e-34	119
3_6	6_5	100.000	81	0	0	1	81	1	81	9.99e-58	166
3_7	6_449	99.203	251	2	0	1	251	1	251	1.30e-179	488
3_8	6_238	99.701	335	1	0	1	335	1	335	0.0	662
3_9	6_447	99.700	333	1	0	1	333	1	333	0.0	662
3_9	6_322	34.375	192	115	3	125	314	101	283	7.94e-25	99.0
3_10	6_6	100.000	189	0	0	1	189	1	189	2.93e-140	384
3_11	6_7	100.000	152	0	0	1	152	1	152	1.20e-110	306
3_12	6_444	99.568	463	2	0	1	463	1	463	0.0	920
3_13	6_9	100.000	47	0	0	1	47	1	47	3.64e-30	94.7
3_14	6_10	100.000	609	0	0	1	609	1	609	0.0	1218
3_15	6_440	99.844	639	0	1	1	638	1	639	0.0	1244
3_16	6_240	99.688	321	1	0	1	321	1	321	0.0	622
3_17	6_460	99.709	344	1	0	1	344	1	344	0.0	702
3_17	6_383	27.451	204	135	5	121	314	3	203	1.92e-15	69.7
3_18	6_12	100.000	50	0	0	1	50	1	50	3.85e-32	99.8
3_18	6_165	35.556	45	26	1	6	50	5	46	1.49e-04	30.0
3_19	6_13	100.000	273	0	0	1	273	1	273	0.0	562
3_20	6_14	100.000	146	0	0	1	146	1	146	2.34e-105	292
3_21	6_15	100.000	295	0	0	1	295	1	295	0.0	590
3_22	6_16	100.000	337	0	0	1	337	1	337	0.0	685
3_23	6_17	100.000	225	0	0	1	225	1	225	3.15e-168	457
3_24	6_544	99.422	173	1	0	1	173	1	173	3.16e-126	347
3_25	6_421	99.755	408	1	0	1	408	1	408	0.0	823
3_26	6_22	100.000	372	0	0	1	372	1	372	0.0	763
3_27	6_539	99.655	290	1	0	1	290	1	290	0.0	562
3_28	6_24	100.000	259	0	0	1	259	1	259	0.0	526
3_29	6_25	100.000	413	0	0	1	413	1	413	0.0	841
3_30	6_416	99.435	177	1	0	1	177	1	177	2.84e-129	355
3_31	6_26	100.000	111	0	0	1	111	1	111	2.66e-77	218
3_32	6_28	100.000	211	0	0	1	211	1	211	2.52e-155	424
3_33	6_29	100.000	291	0	0	1	291	1	291	0.0	559
3_33	6_27	32.381	105	65	3	37	139	76	176	5.81e-06	42.0
3_34	6_30	100.000	239	0	0	1	239	1	239	6.82e-175	475
3_35	6_31	100.000	300	0	0	1	300	1	300	0.0	602
3_35	6_246	34.188	234	133	6	22	254	19	232	3.38e-35	123
3_35	6_224	35.897	156	87	5	130	276	204	355	2.39e-19	82.4
3_35	6_224	25.962	104	55	3	21	123	24	106	4.86e-05	38.9
3_35	6_171	27.854	219	136	3	22	240	21	217	1.23e-18	78.2
3_35	6_191	28.638	213	121	8	23	232	17	201	3.48e-17	76.3
3_35	6_358	39.091	110	66	1	140	248	599	708	1.06e-16	75.1
3_35	6_358	38.462	39	23	1	10	48	12	49	0.001	35.0
3_35	6_203	26.778	239	140	7	27	248	147	367	3.31e-16	73.2
3_35	6_391	36.842	114	71	1	136	248	258	371	6.59e-16	72.0
3_35	6_462	28.169	213	128	6	24	236	18	205	1.06e-15	72.0
3_35	6_67	29.464	224	131	5	22	239	22	224	2.78e-15	70.5
3_35	6_67	21.127	213	161	4	26	236	277	484	1.18e-05	40.8
3_35	6_461	25.714	210	125	6	23	229	17	198	9.90e-15	68.9
3_35	6_303	25.000	236	140	7	14	237	13	223	2.27e-14	67.8
3_35	6_303	28.959	221	128	9	27	236	287	489	1.38e-13	65.5
3_35	6_55	29.327	208	109	8	21	217	78	258	3.36e-13	63.5
3_35	6_497	25.806	155	88	3	152	279	501	655	9.27e-13	63.2
3_35	6_497	30.952	84	39	3	22	105	53	117	4.46e-06	42.4
3_35	6_490	25.600	250	143	8	27	237	27	272	1.28e-12	62.0
3_35	6_52	27.197	239	155	8	20	250	27	254	8.70e-11	56.6
3_35	6_268	31.646	79	53	1	158	235	153	231	2.45e-10	54.7
3_35	6_248	25.714	210	124	7	26	219	20	213	6.61e-08	48.1
3_35	6_222	32.051	78	50	1	145	219	820	897	4.07e-07	45.8
3_35	6_222	28.090	89	62	1	136	222	470	558	1.23e-06	44.3
3_35	6_474	22.527	182	118	4	37	218	364	522	1.46e-05	40.8
3_35	6_516	24.390	205	117	6	22	219	339	512	7.56e-05	38.5
3_36	6_301	98.462	65	1	0	1	65	1	65	3.26e-44	131
3_37	6_32	100.000	280	0	0	1	280	1	280	0.0	562
3_38	6_409	99.257	269	2	0	1	269	1	269	0.0	534
3_38	6_478	26.568	271	164	13	4	258	3	254	6.26e-07	44.7
3_38	6_306	23.704	270	160	9	1	246	1	248	8.71e-06	40.4
3_38	6_213	32.203	59	40	0	188	246	183	241	1.11e-04	37.4
3_38	6_20	25.368	272	165	12	1	246	15	274	2.24e-04	36.2
3_38	6_180	32.877	73	43	1	180	246	186	258	2.66e-04	36.2
3_39	6_34	100.000	114	0	0	1	114	1	114	6.49e-84	235
3_40	6_330	99.408	169	1	0	1	169	1	169	1.51e-120	332
3_41	6_35	100.000	163	0	0	1	163	1	163	1.69e-119	329
3_42	6_37	100.000	639	0	0	1	639	1	639	0.0	1304
3_42	6_312	44.131	639	334	9	5	635	3	626	1.08e-169	494
3_43	6_38	100.000	171	0	0	1	171	1	171	3.93e-123	339
3_44	6_41	100.000	231	0	0	1	231	1	231	6.78e-170	462
3_45	6_43	100.000	571	0	0	1	571	1	571	0.0	1149
3_46	6_44	100.000	236	0	0	1	236	1	236	8.85e-176	477
3_47	6_45	100.000	186	0	0	1	186	1	186	1.38e-132	364
3_48	6_46	100.000	144	0	0	1	144	1	144	5.80e-108	298
3_49	6_48	100.000	204	0	0	1	204	1	204	2.18e-151	413
3_50	6_347	99.885	872	1	0	1	872	1	872	0.0	1763
3_51	6_49	100.000	402	0	0	1	402	1	402	0.0	818
3_51	6_150	27.083	288	181	10	20	301	8	272	2.98e-16	75.1
3_51	6_250	32.099	162	90	3	21	182	116	257	1.82e-13	66.2
3_51	6_152	34.091	132	84	3	16	145	8	138	2.97e-13	65.9
3_52	6_354	99.523	419	2	0	1	419	1	419	0.0	844
3_53	6_50	100.000	316	0	0	1	316	1	316	0.0	632
3_54	6_51	100.000	402	0	0	1	402	1	402	0.0	806
3_55	6_356	99.673	306	1	0	1	306	1	306	0.0	607
3_56	6_375	99.567	231	1	0	1	231	1	231	4.47e-170	462
3_57	6_53	100.000	73	0	0	1	73	1	73	5.57e-53	154
3_58	6_54	100.000	201	0	0	1	201	1	201	2.34e-148	405
3_58	6_297	38.509	161	94	3	3	162	4	160	6.56e-28	99.4
3_59	6_481	99.631	271	1	0	1	271	1	271	0.0	550
3_60	6_266	99.387	163	1	0	1	163	1	163	2.97e-118	326
3_61	6_57	100.000	110	0	0	1	110	1	110	2.11e-78	221
3_62	6_485	99.598	249	1	0	1	249	1	249	9.90e-178	483
3_63	6_60	100.000	220	0	0	1	220	1	220	9.89e-158	430
3_64	6_394	99.740	384	1	0	1	384	1	384	0.0	766
3_65	6_395	99.638	276	1	0	1	276	1	276	0.0	549
3_65	6_4	35.857	251	126	6	1	233	1	234	5.46e-31	112
3_66	6_62	100.000	144	0	0	1	144	1	144	6.35e-107	296
3_67	6_317	99.556	225	1	0	1	225	1	225	1.07e-162	443
3_68	6_397	99.317	293	2	0	1	293	1	293	0.0	576
3_69	6_65	100.000	118	0	0	1	118	1	118	4.15e-79	223
3_70	6_66	100.000	97	0	0	1	97	1	97	2.02e-67	192
3_71	6_403	99.604	505	2	0	1	505	1	505	0.0	1026
3_72	6_309	99.457	184	1	0	1	184	1	184	6.16e-136	372
3_73	6_67	100.000	508	0	0	1	508	1	508	0.0	1011
3_73	6_303	30.273	512	328	14	12	505	11	511	8.86e-54	184
3_73	6_171	35.349	215	114	6	26	231	25	223	1.22e-23	94.4
3_73	6_171	32.051	78	53	0	407	484	136	213	7.30e-07	45.1
3_73	6_461	32.673	202	122	5	12	211	6	195	9.45e-16	74.7
3_73	6_191	29.630	216	130	6	8	217	2	201	1.76e-13	67.4
3_73	6_191	24.229	227	142	7	261	482	2	203	0.001	36.2
3_73	6_31	29.464	224	131	5	22	224	22	239	2.53e-13	65.1
3_73	6_31	21.127	213	161	4	277	484	26	236	2.49e-04	37.4
3_73	6_462	29.524	210	134	5	12	221	10	205	4.48e-13	65.9
3_73	6_462	28.326	233	135	9	261	487	2	208	2.01e-09	54.3
3_73	6_246	32.143	196	124	6	31	223	28	217	1.02e-11	60.1
3_73	6_248	26.271	236	145	9	8	221	2	230	6.09e-10	55.8
3_73	6_248	32.432	74	47	2	149	222	453	523	3.20e-04	37.4
3_73	6_55	25.405	185	119	6	26	201	83	257	9.90e-09	51.2
3_73	6_55	23.636	220	146	8	272	487	78	279	1.78e-05	41.2
3_73	6_203	28.444	225	127	11	23	224	145	358	1.82e-08	50.8
3_73	6_203	25.106	235	140	8	278	493	147	364	1.22e-05	42.0
3_73	6_300	31.694	183	103	8	26	201	355	522	2.37e-08	50.8
3_73	6_497	30.476	105	70	1	7	111	38	139	3.59e-08	50.4
3_73	6_497	25.974	77	56	1	407	482	508	584	4.75e-04	37.0
3_73	6_490	28.788	132	85	4	356	484	146	271	1.05e-07	48.5
3_73	6_224	30.488	82	54	2	407	486	232	312	3.95e-07	46.6
3_73	6_224	28.333	60	43	0	8	67	11	70	4.30e-04	37.0
3_73	6_268	23.148	216	153	7	14	220	20	231	1.92e-06	43.9
3_73	6_268	24.180	244	146	10	277	503	30	251	2.60e-04	37.4
3_73	6_358	25.532	94	63	2	398	487	609	699	5.56e-06	43.5
3_73	6_391	25.954	131	94	2	357	484	229	359	1.25e-05	42.0
3_73	6_391	33.333	45	30	0	24	68	64	108	6.57e-04	36.6
3_73	6_474	26.136	176	110	6	36	205	363	524	1.28e-05	42.0
3_73	6_456	25.000	184	124	4	27	208	346	517	3.54e-04	37.4
3_73	6_52	25.000	236	148	10	273	493	28	249	3.80e-04	37.0
3_73	6_516	43.182	44	25	0	26	69	343	386	6.53e-04	36.6
3_74	6_68	100.000	303	0	0	1	303	1	303	0.0	577
3_74	6_252	31.050	219	119	5	18	216	79	285	1.65e-11	59.3
3_75	6_69	100.000	184	0	0	1	184	1	184	6.14e-138	377
3_76	6_70	100.000	89	0	0	1	89	1	89	2.36e-60	174
3_77	6_71	100.000	165	0	0	1	165	1	165	6.39e-118	325
3_78	6_493	99.787	1411	3	0	1	1411	1	1411	0.0	2882
3_79	6_73	100.000	534	0	0	1	534	1	534	0.0	1088
3_80	6_74	100.000	214	0	0	1	214	1	214	2.72e-154	421
3_81	6_75	100.000	632	0	0	1	632	1	632	0.0	1287
3_82	6_76	100.000	120	0	0	1	120	1	120	5.77e-85	238
3_83	6_77	100.000	227	0	0	1	227	1	227	1.94e-169	461
3_84	6_310	98.851	87	1	0	1	87	1	87	9.77e-62	177
3_85	6_313	99.688	321	1	0	1	321	1	321	0.0	641
3_85	6_27	42.857	56	28	1	8	63	15	66	1.39e-07	47.4
3_86	6_514	99.867	753	1	0	1	753	1	753	0.0	1523
3_87	6_434	99.522	418	2	0	1	418	1	418	0.0	848
3_88	6_78	100.000	109	0	0	1	109	1	109	1.15e-79	224
3_89	6_79	100.000	155	0	0	1	155	1	155	8.13e-113	311
3_90	6_80	100.000	64	0	0	1	64	1	64	6.82e-43	127
3_91	6_81	100.000	116	0	0	1	116	1	116	4.08e-83	233
3_92	6_82	100.000	478	0	0	1	478	1	478	0.0	968
3_93	6_83	100.000	263	0	0	1	263	1	263	0.0	505
3_93	6_342	27.350	117	73	3	48	152	110	226	1.57e-06	42.7
3_93	6_342	33.333	93	52	3	35	117	121	213	3.13e-05	38.9
3_94	6_84	100.000	91	0	0	1	91	1	91	4.84e-63	181
3_95	6_85	100.000	356	0	0	1	356	1	356	0.0	721
3_96	6_314	98.990	99	1	0	1	99	1	99	3.07e-68	194
3_97	6_86	100.000	84	0	0	1	84	1	84	2.19e-57	166
3_98	6_431	99.729	369	1	0	1	369	1	369	0.0	742
3_99	6_87	100.000	489	0	0	1	489	1	489	0.0	965
3_100	6_430	99.683	315	1	0	1	315	1	315	0.0	625
3_100	6_367	21.908	283	199	6	36	309	31	300	1.05e-12	62.0
3_101	6_88	100.000	242	0	0	1	242	1	242	9.07e-176	478
3_101	6_380	26.772	127	68	4	81	203	46	151	2.84e-04	35.4
3_102	6_90	100.000	216	0	0	1	216	1	216	3.00e-147	404
3_103	6_92	100.000	216	0	0	1	216	1	216	1.05e-156	427
3_103	6_290	25.654	191	131	5	28	214	18	201	4.85e-10	52.0
3_104	6_93	100.000	193	0	0	1	193	1	193	2.86e-139	381
3_105	6_94	100.000	131	0	0	1	131	1	131	2.98e-94	263
3_106	6_95	100.000	150	0	0	1	150	1	150	1.61e-109	303
3_107	6_98	100.000	332	0	0	1	332	1	332	0.0	667
3_108	6_99	100.000	134	0	0	1	134	1	134	3.31e-97	270
3_109	6_100	100.000	137	0	0	1	137	1	137	1.88e-97	271
3_110	6_101	100.000	37	0	0	1	37	1	37	1.09e-20	70.1
3_111	6_102	100.000	75	0	0	1	75	1	75	3.29e-53	154
3_112	6_383	99.600	250	1	0	1	250	1	250	0.0	509
3_112	6_460	27.451	204	135	5	3	203	121	314	2.27e-15	69.3
3_113	6_103	100.000	147	0	0	1	147	1	147	7.21e-107	296
3_114	6_105	100.000	131	0	0	1	131	1	131	2.21e-94	263
3_115	6_106	100.000	61	0	0	1	61	1	61	5.57e-42	125
3_116	6_107	100.000	181	0	0	1	181	1	181	5.18e-135	370
3_117	6_108	100.000	122	0	0	1	122	1	122	1.03e-84	238
3_118	6_109	100.000	121	0	0	1	121	1	121	1.58e-81	229
3_119	6_110	100.000	136	0	0	1	136	1	136	9.09e-100	277
3_120	6_111	100.000	227	0	0	1	227	1	227	2.13e-167	455
3_121	6_386	99.422	173	1	0	1	173	1	173	7.06e-125	343
3_122	6_112	100.000	90	0	0	1	90	1	90	1.44e-65	187
3_123	6_113	100.000	282	0	0	1	282	1	282	0.0	566
3_124	6_387	99.387	163	1	0	1	163	1	163	8.74e-116	320
3_125	6_114	100.000	233	0	0	1	233	1	233	4.01e-170	462
3_126	6_115	100.000	106	0	0	1	106	1	106	6.75e-75	212
3_127	6_255	99.559	227	1	0	1	227	1	227	7.76e-167	454
3_128	6_117	100.000	184	0	0	1	184	1	184	1.67e-136	374
3_129	6_306	99.638	276	1	0	1	276	1	276	0.0	565
3_129	6_20	27.170	265	163	10	5	249	21	275	8.20e-14	64.7
3_129	6_213	23.529	272	197	8	2	272	4	265	4.48e-11	56.6
3_129	6_409	24.074	270	159	9	1	248	1	246	1.56e-06	42.7
3_129	6_180	27.397	73	51	1	2	72	7	79	4.83e-05	38.5
3_129	6_478	25.877	228	143	10	7	224	8	219	4.89e-04	35.4
3_130	6_118	100.000	442	0	0	1	442	1	442	0.0	874
3_130	6_149	35.897	156	83	4	218	368	172	315	3.61e-20	87.0
3_130	6_149	29.032	124	83	4	220	341	6	126	3.79e-06	43.1
3_130	6_382	37.705	61	35	1	218	275	5	65	6.36e-05	38.9
3_131	6_119	100.000	70	0	0	1	70	1	70	2.76e-47	139
3_132	6_120	100.000	366	0	0	1	366	1	366	0.0	723
3_132	6_275	27.358	318	207	7	61	361	6	316	8.77e-23	92.8
3_133	6_121	100.000	321	0	0	1	321	1	321	0.0	634
3_133	6_378	32.877	219	139	5	106	317	160	377	2.19e-20	85.5
3_134	6_124	100.000	259	0	0	1	259	1	259	0.0	515
3_135	6_126	100.000	91	0	0	1	91	1	91	6.70e-61	175
3_135	6_0	28.571	91	61	3	1	88	3	92	8.81e-07	38.5
3_136	6_127	100.000	98	0	0	1	98	1	98	9.68e-67	191
3_137	6_128	100.000	207	0	0	1	207	1	207	5.32e-147	402
3_139	6_129	100.000	97	0	0	1	97	1	97	7.23e-67	191
3_140	6_451	99.544	439	2	0	1	439	1	439	0.0	872
3_141	6_132	100.000	336	0	0	1	336	1	336	0.0	687
3_142	6_236	99.856	694	1	0	1	694	1	694	0.0	1389
3_143	6_133	100.000	337	0	0	1	337	1	337	0.0	672
3_144	6_134	100.000	240	0	0	1	240	1	240	3.08e-178	484
3_145	6_135	100.000	419	0	0	1	419	1	419	0.0	828
3_145	6_480	35.433	127	57	2	160	261	6	132	1.44e-14	69.3
3_145	6_149	25.112	223	154	7	159	375	173	388	1.94e-04	37.7
3_145	6_504	35.000	60	27	2	159	214	113	164	6.41e-04	35.8
3_146	6_136	100.000	141	0	0	1	141	1	141	1.21e-99	277
3_147	6_137	100.000	242	0	0	1	242	1	242	8.53e-173	470
3_148	6_138	100.000	102	0	0	1	102	1	102	1.56e-71	203
3_149	6_139	100.000	179	0	0	1	179	1	179	3.47e-127	350
3_150	6_140	100.000	187	0	0	1	187	1	187	4.41e-132	363
3_151	6_320	98.758	161	2	0	1	161	1	161	5.57e-117	322
3_152	6_322	99.545	440	2	0	1	440	1	440	0.0	874
3_152	6_447	36.269	193	110	4	101	283	125	314	1.01e-26	104
3_153	6_143	100.000	455	0	0	1	455	1	455	0.0	930
3_154	6_148	100.000	376	0	0	1	376	1	376	0.0	775
3_155	6_325	99.559	227	1	0	1	227	1	227	2.55e-169	460
3_156	6_149	100.000	437	0	0	1	437	1	437	0.0	877
3_156	6_118	35.897	156	83	4	172	315	218	368	3.80e-20	86.7
3_156	6_118	29.032	124	83	4	6	126	220	341	3.43e-06	43.5
3_156	6_382	29.530	149	90	6	5	143	9	152	2.32e-09	52.8
3_156	6_382	35.593	59	38	0	173	231	9	67	4.04e-06	42.7
3_156	6_231	40.741	54	29	1	6	59	19	69	4.84e-06	41.6
3_156	6_231	28.415	183	118	5	157	338	5	175	7.10e-06	40.8
3_156	6_150	28.108	185	98	8	174	341	10	176	4.54e-05	40.0
3_156	6_504	33.846	65	33	4	5	65	113	171	2.71e-04	37.0
3_157	6_150	100.000	598	0	0	1	598	1	598	0.0	1210
3_157	6_152	36.898	187	106	4	2	183	6	185	1.17e-24	103
3_157	6_152	23.009	226	143	9	165	370	266	480	7.28e-07	46.6
3_157	6_152	22.599	177	118	5	322	480	509	684	3.27e-06	44.3
3_157	6_250	30.093	216	126	7	10	217	117	315	7.16e-17	78.6
3_157	6_49	27.083	288	181	10	8	272	20	301	4.44e-16	75.1
3_157	6_149	28.108	185	98	8	10	176	174	341	6.21e-05	40.0
3_158	6_152	100.000	694	0	0	1	694	1	694	0.0	1425
3_158	6_150	36.898	187	106	4	6	185	2	183	1.36e-24	103
3_158	6_150	23.009	226	143	9	266	480	165	370	8.45e-07	46.6
3_158	6_150	22.599	177	118	5	509	684	322	480	3.80e-06	44.3
3_158	6_250	37.008	127	62	2	13	139	116	224	9.11e-14	68.9
3_158	6_49	34.091	132	84	3	8	138	16	145	5.13e-13	65.9
3_159	6_153	100.000	141	0	0	1	141	1	141	5.95e-104	288
3_160	6_155	100.000	457	0	0	1	457	1	457	0.0	936
3_160	6_552	24.068	295	196	10	106	396	16	286	7.56e-09	51.6
3_160	6_355	26.351	148	100	5	159	302	335	477	1.30e-04	38.5
3_161	6_156	100.000	427	0	0	1	427	1	427	0.0	847
3_162	6_158	100.000	93	0	0	1	93	1	93	4.77e-68	193
3_163	6_159	100.000	259	0	0	1	259	1	259	0.0	514
3_164	6_160	100.000	144	0	0	1	144	1	144	8.24e-108	298
3_165	6_161	100.000	132	0	0	1	132	1	132	6.75e-95	264
3_166	6_466	99.849	662	1	0	1	662	1	662	0.0	1327
3_167	6_469	99.563	229	1	0	1	229	1	229	2.76e-168	458
3_167	6_545	29.932	147	96	3	82	226	110	251	6.32e-09	49.3
3_168	6_164	100.000	181	0	0	1	181	1	181	1.19e-134	369
3_169	6_165	100.000	46	0	0	1	46	1	46	2.31e-29	92.4
3_170	6_166	100.000	195	0	0	1	195	1	195	2.43e-144	394
3_171	6_472	99.598	249	1	0	1	249	1	249	0.0	498
3_172	6_231	99.432	176	1	0	1	176	1	176	2.57e-130	357
3_172	6_149	40.741	54	29	1	19	69	6	59	2.00e-06	41.6
3_172	6_149	28.415	183	118	5	5	175	157	338	2.65e-06	41.2
3_172	6_382	39.344	61	33	3	19	76	10	69	1.38e-04	35.8
3_173	6_169	100.000	457	0	0	1	457	1	457	0.0	937
3_174	6_370	99.502	201	1	0	1	201	1	201	3.82e-149	407
3_175	6_170	100.000	316	0	0	1	316	1	316	0.0	625
3_176	6_492	94.815	810	42	0	1	810	1	810	0.0	1512
3_176	6_464	35.472	826	426	31	1	776	1	769	3.90e-107	342
3_176	6_427	33.655	829	451	27	1	779	1	780	5.80e-104	333
3_176	6_59	43.284	67	31	2	14	73	9	75	9.78e-09	47.8
3_177	6_173	100.000	127	0	0	1	127	1	127	2.14e-88	248
3_178	6_174	100.000	285	0	0	1	285	1	285	0.0	552
3_178	6_175	42.748	262	132	5	26	281	1	250	4.89e-54	171
3_178	6_181	42.786	201	111	2	84	280	43	243	6.46e-48	155
3_179	6_175	100.000	263	0	0	1	263	1	263	0.0	518
3_179	6_174	42.748	262	132	5	1	250	26	281	4.51e-54	171
3_179	6_181	38.976	254	139	5	1	249	1	243	3.91e-48	155
3_180	6_176	100.000	411	0	0	1	411	1	411	0.0	820
3_181	6_177	100.000	202	0	0	1	202	1	202	1.50e-145	398
3_182	6_179	100.000	457	0	0	1	457	1	457	0.0	926
3_182	6_319	37.168	452	279	4	2	450	7	456	4.08e-104	313
3_182	6_318	24.291	247	181	5	15	260	37	278	7.08e-08	48.9
3_182	6_365	22.819	298	203	11	119	402	116	400	3.64e-06	43.5
3_183	6_180	100.000	306	0	0	1	306	1	306	0.0	630
3_183	6_20	26.897	290	174	9	10	278	21	293	8.74e-21	85.1
3_183	6_213	22.939	279	185	10	9	277	5	263	2.27e-08	48.9
3_183	6_478	23.019	265	163	8	12	261	8	246	2.41e-06	43.1
3_183	6_306	27.397	73	51	1	7	79	2	72	4.12e-05	38.9
3_183	6_409	32.877	73	43	1	186	258	180	246	2.79e-04	36.2
3_184	6_181	100.000	245	0	0	1	245	1	245	0.0	491
3_184	6_175	38.976	254	139	5	1	243	1	249	3.64e-48	155
3_184	6_174	42.786	201	111	2	43	243	84	280	5.55e-48	155
3_185	6_237	98.333	120	2	0	1	120	1	120	9.80e-84	235
3_186	6_182	100.000	77	0	0	1	77	1	77	1.95e-49	145
3_187	6_183	100.000	90	0	0	1	90	1	90	1.25e-61	177
3_188	6_184	100.000	156	0	0	1	156	1	156	1.34e-117	323
3_189	6_185	100.000	126	0	0	1	126	1	126	2.42e-88	247
3_190	6_186	100.000	174	0	0	1	174	1	174	6.38e-126	346
3_191	6_189	100.000	147	0	0	1	147	1	147	3.01e-106	294
3_192	6_190	100.000	87	0	0	1	87	1	87	2.04e-61	176
3_193	6_500	99.688	321	1	0	1	321	1	321	0.0	640
3_193	6_526	22.892	249	168	11	57	298	29	260	2.33e-05	39.7
3_194	6_302	98.947	95	1	0	17	111	1	95	1.91e-63	183
3_194	6_463	45.370	108	52	3	7	114	6	106	9.25e-21	81.3
3_194	6_522	100.000	35	0	0	87	121	1	35	1.80e-17	72.0
3_195	6_192	100.000	326	0	0	1	326	1	326	0.0	649
3_196	6_194	100.000	93	0	0	1	93	1	93	6.71e-61	175
3_197	6_195	100.000	278	0	0	1	278	1	278	0.0	552
3_198	6_196	100.000	64	0	0	1	64	1	64	8.29e-41	122
3_199	6_433	99.537	216	1	0	1	216	1	216	1.93e-156	427
3_200	6_197	100.000	136	0	0	1	136	1	136	5.59e-92	257
3_201	6_254	99.425	174	1	0	1	174	1	174	7.22e-130	356
3_202	6_198	100.000	146	0	0	1	146	1	146	2.58e-102	284
3_203	6_199	100.000	127	0	0	1	127	1	127	1.90e-87	245
3_204	6_201	100.000	143	0	0	1	143	1	143	1.83e-100	279
3_205	6_202	100.000	145	0	0	1	145	1	145	1.10e-106	295
3_206	6_203	100.000	469	0	0	1	469	1	469	0.0	967
3_206	6_52	40.240	333	193	3	116	447	5	332	1.87e-74	233
3_206	6_358	44.737	114	63	0	273	386	614	727	2.52e-30	119
3_206	6_358	31.579	95	60	2	153	247	34	123	2.65e-07	47.4
3_206	6_391	45.082	122	66	1	269	389	273	394	1.51e-28	112
3_206	6_391	36.111	108	52	4	139	239	59	156	4.11e-12	62.4
3_206	6_246	26.800	250	159	8	122	370	3	229	1.78e-18	80.1
3_206	6_171	28.444	225	136	8	143	365	22	223	3.13e-16	72.8
3_206	6_224	32.520	123	71	3	247	357	190	312	7.29e-15	70.9
3_206	6_497	32.432	111	74	1	274	384	505	614	7.34e-15	71.6
3_206	6_55	30.645	186	110	6	153	336	90	258	5.50e-14	67.0
3_206	6_31	27.350	234	147	5	146	367	26	248	6.93e-14	66.6
3_206	6_490	23.448	145	108	2	244	388	162	303	2.03e-11	59.7
3_206	6_303	25.424	236	134	10	143	363	22	230	1.74e-09	54.3
3_206	6_303	25.194	258	149	8	115	355	259	489	5.43e-08	49.3
3_206	6_268	26.033	242	156	9	122	354	4	231	3.28e-09	52.0
3_206	6_462	25.688	218	138	7	142	359	16	209	5.57e-09	52.8
3_206	6_67	28.444	225	127	11	145	358	23	224	2.36e-08	50.4
3_206	6_67	24.483	290	175	11	99	364	224	493	1.26e-05	42.0
3_206	6_191	25.561	223	120	8	141	356	15	198	4.41e-08	50.1
3_206	6_461	25.592	211	123	8	142	347	16	197	4.69e-06	43.5
3_206	6_248	23.913	184	111	6	142	308	16	187	1.07e-04	38.9
3_206	6_222	29.897	97	57	4	277	364	834	928	1.88e-04	38.1
3_207	6_204	100.000	151	0	0	1	151	1	151	1.08e-108	301
3_207	6_488	32.500	120	78	2	15	132	22	140	1.01e-10	51.6
3_208	6_205	100.000	113	0	0	1	113	1	113	7.07e-82	230
3_209	6_206	100.000	96	0	0	1	96	1	96	1.57e-68	195
3_210	6_207	100.000	1065	0	0	1	1065	1	1065	0.0	2137
3_210	6_324	26.625	323	183	13	623	907	917	1223	5.09e-14	71.2
3_210	6_324	37.383	107	59	3	297	397	281	385	4.54e-10	58.2
3_211	6_404	99.649	285	1	0	1	285	1	285	0.0	555
3_212	6_251	99.623	265	1	0	2	266	3	267	0.0	506
3_213	6_208	100.000	190	0	0	1	190	1	190	3.91e-143	391
3_214	6_468	99.505	404	2	0	1	404	1	404	0.0	812
3_215	6_209	100.000	331	0	0	1	331	1	331	0.0	660
3_216	6_210	100.000	203	0	0	1	203	1	203	7.01e-147	401
3_217	6_211	100.000	149	0	0	1	149	1	149	1.73e-111	308
3_218	6_443	99.107	112	1	0	1	112	1	112	3.30e-77	218
3_219	6_213	100.000	267	0	0	1	267	1	267	0.0	541
3_219	6_20	26.502	283	175	9	3	260	19	293	4.86e-16	70.9
3_219	6_478	32.895	228	137	8	1	219	1	221	3.43e-15	69.3
3_219	6_306	23.897	272	196	8	4	265	2	272	8.56e-12	58.5
3_219	6_180	22.968	283	187	11	2	263	5	277	1.52e-08	48.9
3_219	6_409	32.203	59	40	0	183	241	188	246	1.09e-04	37.4
3_220	6_214	100.000	90	0	0	1	90	1	90	1.89e-57	166
3_221	6_215	100.000	221	0	0	1	221	1	221	2.68e-164	447
3_222	6_432	99.543	219	1	0	1	219	1	219	2.42e-159	434
3_223	6_216	100.000	70	0	0	1	70	1	70	3.05e-44	131
3_224	6_217	100.000	95	0	0	1	95	1	95	2.40e-67	192
3_225	6_218	100.000	699	0	0	1	699	1	699	0.0	1417
3_225	6_495	26.393	754	439	25	16	692	6	720	1.78e-45	168
3_226	6_219	100.000	181	0	0	1	181	1	181	8.01e-131	359
3_227	6_555	98.889	90	1	0	1	90	1	90	4.79e-61	176
3_228	6_221	100.000	232	0	0	1	232	1	232	5.74e-171	465
3_229	6_222	100.000	947	0	0	1	947	1	947	0.0	1932
3_229	6_246	29.801	151	85	7	783	928	90	224	3.71e-07	47.4
3_229	6_461	39.130	92	47	4	820	908	115	200	6.70e-07	47.4
3_229	6_461	28.571	147	88	6	416	562	64	193	1.56e-04	39.7
3_229	6_31	32.051	78	50	1	820	897	145	219	1.34e-06	45.8
3_229	6_31	30.000	80	54	1	479	558	145	222	5.87e-06	43.5
3_229	6_191	36.585	82	43	4	834	912	129	204	1.76e-05	42.7
3_229	6_391	25.168	298	194	12	628	907	63	349	1.17e-04	40.0
3_229	6_462	36.905	84	44	4	826	906	121	198	1.81e-04	39.7
3_229	6_358	33.333	102	63	3	476	574	601	700	1.91e-04	39.7
3_229	6_224	38.667	75	43	2	485	558	224	296	2.29e-04	38.9
3_229	6_203	29.897	97	57	4	834	928	277	364	4.09e-04	38.1
3_229	6_52	29.825	114	68	5	833	943	161	265	4.98e-04	37.7
3_229	6_303	24.737	190	120	8	481	655	129	310	5.03e-04	38.1
3_230	6_187	99.344	305	2	0	1	305	1	305	0.0	617
3_230	6_552	26.582	158	97	6	150	298	56	203	7.18e-05	38.1
3_230	6_355	24.419	344	193	13	4	298	157	482	1.44e-04	37.7
3_231	6_223	100.000	242	0	0	1	242	1	242	1.65e-178	484
3_232	6_333	99.296	142	1	0	1	142	1	142	5.89e-98	273
3_233	6_224	100.000	444	0	0	1	444	1	444	0.0	887
3_233	6_490	32.059	340	185	10	8	341	5	304	7.91e-38	136
3_233	6_497	38.624	189	111	4	205	390	481	667	3.86e-35	133
3_233	6_497	47.423	97	51	0	11	107	39	135	7.15e-23	96.3
3_233	6_391	27.041	392	247	11	10	379	43	417	7.46e-24	97.8
3_233	6_358	32.117	137	92	1	199	334	584	720	2.75e-20	88.2
3_233	6_358	40.541	37	22	0	20	56	18	54	6.15e-04	36.6
3_233	6_31	35.616	146	81	5	214	355	140	276	2.40e-17	77.0
3_233	6_31	25.962	104	55	3	24	106	21	123	8.97e-05	38.5
3_233	6_203	32.520	123	71	3	190	312	247	357	5.57e-15	71.2
3_233	6_246	34.545	110	71	1	212	321	118	226	4.48e-13	63.9
3_233	6_246	26.050	119	79	3	22	137	16	128	1.81e-05	40.8
3_233	6_55	36.170	94	54	2	24	111	78	171	6.38e-12	60.8
3_233	6_55	36.585	82	51	1	230	311	197	277	4.72e-10	55.1
3_233	6_303	30.147	136	88	4	202	333	112	244	6.84e-11	58.5
3_233	6_303	28.431	102	68	3	10	106	6	107	3.07e-08	50.1
3_233	6_303	25.287	87	64	1	224	310	404	489	3.91e-05	40.0
3_233	6_171	31.313	99	67	1	232	330	136	233	3.38e-10	54.7
3_233	6_191	32.990	97	63	1	10	106	1	95	6.96e-10	55.5
3_233	6_52	28.030	132	92	1	204	332	131	262	7.98e-10	54.7
3_233	6_268	31.313	99	68	0	211	309	133	231	5.05e-09	51.6
3_233	6_462	39.535	86	46	3	229	312	126	207	7.34e-09	52.4
3_233	6_462	31.915	94	62	1	10	103	1	92	1.11e-08	51.6
3_233	6_461	32.394	142	92	3	211	351	107	245	9.22e-09	52.0
3_233	6_461	32.955	88	57	1	16	103	7	92	1.04e-08	51.6
3_233	6_516	36.232	69	44	0	10	78	324	392	1.61e-07	47.8
3_233	6_516	33.645	107	54	3	193	293	419	514	5.57e-06	42.7
3_233	6_67	30.488	82	54	2	232	312	407	486	3.45e-07	46.6
3_233	6_67	28.333	60	43	0	11	70	8	67	3.75e-04	37.0
3_233	6_300	30.769	78	53	1	1	77	327	404	5.55e-06	42.7
3_233	6_300	35.294	68	41	1	229	296	464	528	4.86e-05	40.0
3_233	6_248	31.765	85	54	1	226	310	150	230	1.61e-05	41.6
3_233	6_248	27.586	58	42	0	10	67	1	58	2.07e-05	41.2
3_233	6_456	32.787	61	41	0	11	71	327	387	3.37e-05	40.4
3_233	6_222	38.667	75	43	2	224	296	485	558	1.15e-04	38.9
3_234	6_42	99.650	286	1	0	1	286	1	286	0.0	554
3_234	6_278	25.150	167	115	4	75	237	73	233	6.35e-05	38.1
3_235	6_225	100.000	446	0	0	1	446	1	446	0.0	892
3_236	6_345	99.883	856	1	0	1	856	1	856	0.0	1718
3_236	6_554	30.952	588	378	12	171	746	1	572	5.37e-73	249
3_236	6_554	25.000	132	88	5	727	854	456	580	3.95e-04	38.1
3_236	6_546	57.143	119	51	0	50	168	6	124	1.20e-44	151
3_237	6_47	99.548	221	1	0	1	221	1	221	6.93e-161	438
3_238	6_534	100.000	108	0	0	1	108	1	108	3.46e-74	223
3_239	6_351	99.327	297	2	0	1	297	1	297	0.0	596
3_240	6_353	99.519	416	2	0	1	416	1	416	0.0	795
3_241	6_228	100.000	184	0	0	1	184	1	184	4.63e-136	372
3_242	6_188	99.359	156	1	0	1	156	1	156	3.86e-112	310
3_243	6_229	100.000	218	0	0	1	218	1	218	5.93e-162	441
3_244	6_230	100.000	241	0	0	1	241	1	241	0.0	490
3_245	6_366	99.593	246	1	0	1	246	1	246	0.0	497
3_246	6_171	99.580	238	1	0	1	238	1	238	6.53e-175	475
3_246	6_67	34.498	229	125	6	25	237	26	245	5.10e-24	94.7
3_246	6_67	32.051	78	53	0	136	213	407	484	3.75e-07	44.7
3_246	6_31	40.000	85	51	0	133	217	156	240	7.72e-17	72.8
3_246	6_203	28.444	225	136	8	22	223	143	365	1.40e-16	72.8
3_246	6_246	27.805	205	136	6	22	218	20	220	2.31e-15	68.2
3_246	6_303	25.676	222	145	6	5	212	6	221	3.90e-14	65.9
3_246	6_303	25.446	224	142	7	22	225	283	501	3.13e-09	51.2
3_246	6_391	32.353	102	68	1	133	233	278	379	1.76e-12	60.8
3_246	6_391	31.915	47	32	0	22	68	63	109	5.31e-04	35.0
3_246	6_490	32.143	140	84	3	90	221	143	279	5.06e-12	59.3
3_246	6_358	32.258	93	62	1	133	224	615	707	6.57e-12	59.3
3_246	6_358	40.426	47	28	0	21	67	23	69	2.31e-07	45.4
3_246	6_497	32.292	96	63	2	127	221	500	594	1.81e-11	58.2
3_246	6_497	30.556	72	46	3	21	89	53	123	3.83e-04	35.8
3_246	6_462	28.814	236	143	8	8	235	4	222	2.04e-11	57.8
3_246	6_408	29.630	189	109	7	38	212	500	678	1.75e-10	55.1
3_246	6_224	31.313	99	67	1	136	233	232	330	1.95e-10	54.7
3_246	6_52	24.783	230	150	7	22	230	30	257	2.54e-10	54.3
3_246	6_55	23.913	230	153	7	1	220	66	283	5.49e-10	53.1
3_246	6_300	31.522	184	108	8	24	198	354	528	2.05e-09	51.6
3_246	6_516	28.125	192	104	6	22	197	340	513	3.38e-09	51.2
3_246	6_191	27.000	200	123	7	22	211	17	203	9.45e-09	49.7
3_246	6_248	21.397	229	162	8	5	226	319	536	6.18e-07	44.3
3_246	6_248	22.363	237	149	6	5	213	1	230	1.06e-05	40.4
3_246	6_461	27.174	184	109	7	24	196	19	188	7.53e-07	43.9
3_246	6_474	27.273	209	130	9	8	205	336	533	1.01e-06	43.5
3_246	6_268	26.582	79	57	1	135	212	153	231	3.13e-06	41.6
3_246	6_456	25.414	181	122	5	22	197	342	514	4.54e-06	41.6
3_247	6_377	99.310	145	1	0	1	145	1	145	1.42e-104	290
3_248	6_297	98.969	194	2	0	1	194	1	194	3.79e-142	389
3_248	6_54	38.509	161	94	3	4	160	3	162	9.70e-28	99.0
3_249	6_327	98.739	238	3	0	1	238	1	238	2.12e-171	466
3_250	6_154	99.398	166	1	0	1	166	1	166	1.36e-116	322
3_251	6_232	100.000	76	0	0	1	76	1	76	2.74e-50	147
3_252	6_233	100.000	600	0	0	1	600	1	600	0.0	1198
3_253	6_234	100.000	517	0	0	1	517	1	517	0.0	1008
3_254	6_235	100.000	120	0	0	1	120	1	120	4.25e-85	238
3_255	6_452	99.323	443	3	0	1	443	1	443	0.0	868
3_256	6_212	99.375	160	1	0	1	160	1	160	5.27e-113	312
3_257	6_242	100.000	222	0	0	1	222	1	222	5.80e-163	444
3_258	6_417	99.647	567	2	0	1	567	1	567	0.0	1142
3_258	6_435	28.049	246	157	9	14	247	18	255	1.30e-12	64.3
3_258	6_435	46.154	39	21	0	503	541	409	447	1.39e-05	42.0
3_258	6_390	27.338	139	98	2	110	245	145	283	2.60e-10	57.0
3_258	6_390	46.809	47	22	1	489	535	439	482	6.50e-08	49.7
3_259	6_23	99.886	880	1	0	1	880	1	880	0.0	1779
3_260	6_244	100.000	452	0	0	1	452	1	452	0.0	920
3_261	6_415	99.624	266	1	0	1	266	1	266	0.0	525
3_261	6_513	37.143	105	61	3	22	121	37	141	3.45e-14	65.5
3_262	6_245	100.000	332	0	0	1	332	1	332	0.0	662
3_263	6_246	100.000	272	0	0	1	272	1	272	0.0	542
3_263	6_31	34.188	234	133	6	19	232	22	254	2.72e-34	120
3_263	6_300	35.204	196	109	5	16	205	348	531	2.27e-19	82.0
3_263	6_203	26.800	250	159	8	3	229	122	370	7.29e-19	80.5
3_263	6_52	31.330	233	127	7	19	227	29	252	1.09e-18	79.3
3_263	6_55	28.636	220	132	4	19	225	79	286	1.56e-18	78.2
3_263	6_358	36.275	102	64	1	127	227	607	708	2.37e-15	70.5
3_263	6_358	33.333	75	43	3	23	91	27	100	2.63e-04	36.6
3_263	6_171	27.805	205	136	6	20	220	22	218	2.40e-15	68.6
3_263	6_516	32.057	209	122	8	1	204	324	517	1.25e-14	68.2
3_263	6_474	30.189	212	132	8	2	208	334	534	1.35e-14	67.8
3_263	6_462	31.081	222	129	11	1	215	1	205	3.44e-14	66.6
3_263	6_224	34.545	110	71	1	118	226	212	321	2.74e-13	63.9
3_263	6_224	26.050	119	79	3	16	128	22	137	1.11e-05	40.8
3_263	6_456	32.353	204	117	11	2	200	327	514	3.07e-13	63.9
3_263	6_497	31.776	107	72	1	116	221	486	592	3.24e-13	63.9
3_263	6_497	31.915	94	55	3	16	106	50	137	3.84e-06	42.4
3_263	6_248	27.778	198	108	5	16	185	13	203	1.10e-12	62.0
3_263	6_303	27.273	220	125	10	19	218	21	225	2.24e-12	61.2
3_263	6_303	25.541	231	157	8	1	218	264	492	3.89e-06	42.0
3_263	6_391	32.500	120	77	3	104	219	244	363	2.31e-12	61.2
3_263	6_391	29.167	96	58	3	1	87	43	137	8.17e-04	35.0
3_263	6_67	32.143	196	124	6	28	217	31	223	5.45e-12	60.1
3_263	6_490	28.571	126	85	2	112	236	171	292	4.29e-11	57.0
3_263	6_268	26.848	257	156	9	1	240	9	250	1.74e-08	48.5
3_263	6_461	23.618	199	141	6	16	212	13	202	3.18e-08	48.9
3_263	6_191	27.149	221	125	10	1	208	1	198	7.53e-08	47.8
3_263	6_222	29.801	151	85	7	90	224	783	928	1.16e-07	47.0
3_263	6_408	25.359	209	123	8	11	197	463	660	1.47e-07	46.6
3_264	6_247	100.000	320	0	0	1	320	1	320	0.0	627
3_265	6_316	99.369	317	2	0	1	317	1	317	0.0	640
3_266	6_248	100.000	538	0	0	1	538	1	538	0.0	1101
3_266	6_462	25.641	234	141	6	1	230	1	205	1.53e-12	64.3
3_266	6_462	28.571	210	133	8	319	519	1	202	1.33e-09	55.1
3_266	6_246	27.778	198	108	5	13	203	16	185	2.18e-12	62.0
3_266	6_461	22.993	274	175	5	1	272	1	240	6.39e-11	59.3
3_266	6_461	24.645	211	138	8	319	518	1	201	5.63e-06	43.5
3_266	6_516	28.877	187	109	5	1	187	324	486	7.06e-11	58.9
3_266	6_67	26.271	236	145	9	2	230	8	221	6.45e-10	55.8
3_266	6_67	32.432	74	47	2	453	523	149	222	3.38e-04	37.4
3_266	6_300	23.853	218	133	6	1	213	336	525	6.05e-09	52.8
3_266	6_474	44.898	49	27	0	13	61	346	394	9.34e-08	48.9
3_266	6_303	24.599	187	125	4	1	187	6	176	5.17e-07	46.6
3_266	6_497	35.088	57	37	0	2	58	39	95	6.79e-07	46.2
3_266	6_497	23.810	84	60	1	152	231	504	587	3.31e-05	40.8
3_266	6_31	24.286	210	127	6	20	213	26	219	9.04e-07	45.1
3_266	6_171	21.397	229	162	8	319	536	5	226	1.54e-06	43.9
3_266	6_171	22.363	237	149	6	1	230	5	213	2.45e-05	40.4
3_266	6_191	26.027	219	131	9	319	521	1	204	7.03e-06	43.1
3_266	6_191	20.851	235	133	6	1	219	1	198	8.86e-06	42.7
3_266	6_456	35.185	54	35	0	10	63	335	388	7.98e-06	42.7
3_266	6_224	31.765	85	54	1	150	230	226	310	1.95e-05	41.6
3_266	6_224	27.586	58	42	0	1	58	10	67	2.51e-05	41.2
3_266	6_268	22.511	231	149	6	320	525	10	235	4.48e-05	39.7
3_266	6_268	21.577	241	139	6	14	233	24	235	2.06e-04	37.7
3_266	6_203	23.913	184	111	6	16	187	142	308	1.07e-04	39.3
3_266	6_490	27.174	92	64	1	443	534	188	276	3.30e-04	37.4
3_266	6_408	25.126	199	105	10	32	217	499	666	4.52e-04	37.4
3_266	6_358	28.169	71	47	1	449	515	619	689	7.01e-04	36.6
3_266	6_391	34.783	46	30	0	16	61	62	107	8.20e-04	36.2
3_267	6_391	99.549	443	2	0	1	443	1	443	0.0	887
3_267	6_358	37.349	249	138	4	204	437	530	775	4.74e-43	156
3_267	6_358	39.175	97	55	2	61	156	22	115	8.55e-13	64.7
3_267	6_203	45.082	122	66	1	273	394	269	389	1.41e-28	112
3_267	6_203	35.185	108	53	4	59	156	139	239	1.76e-11	60.1
3_267	6_52	37.500	136	83	1	252	385	131	266	1.88e-23	95.5
3_267	6_52	29.630	135	70	5	32	157	7	125	5.12e-09	52.0
3_267	6_224	26.786	392	248	11	43	417	10	379	4.10e-23	95.9
3_267	6_497	38.298	94	57	1	274	366	501	594	5.60e-17	77.8
3_267	6_497	29.688	128	75	3	38	165	33	145	4.32e-10	56.2
3_267	6_268	34.711	121	77	2	251	371	126	244	5.45e-16	72.4
3_267	6_31	36.719	128	73	3	261	386	139	260	2.14e-15	71.2
3_267	6_490	33.333	90	60	0	282	371	194	283	8.65e-15	70.1
3_267	6_55	42.857	84	47	1	276	359	194	276	1.04e-14	69.3
3_267	6_55	31.481	108	69	2	42	147	59	163	1.43e-06	44.3
3_267	6_171	32.353	102	68	1	278	379	133	233	3.47e-12	60.8
3_267	6_246	32.500	120	77	3	244	363	104	219	4.01e-12	60.8
3_267	6_303	36.634	101	54	3	264	360	129	223	7.57e-11	58.2
3_267	6_303	35.443	79	50	1	281	359	412	489	3.37e-07	46.6
3_267	6_303	41.071	56	29	1	43	98	6	57	5.56e-06	42.7
3_267	6_462	35.556	90	52	3	281	367	129	215	1.66e-08	51.2
3_267	6_461	25.191	131	91	3	223	351	72	197	8.30e-08	48.9
3_267	6_191	29.600	125	78	5	267	390	115	230	2.04e-07	47.8
3_267	6_67	25.954	131	94	2	229	359	357	484	1.16e-05	42.0
3_267	6_300	38.983	59	33	1	281	339	467	522	4.64e-05	40.0
3_267	6_516	29.412	85	53	2	30	111	308	388	1.49e-04	38.5
3_267	6_474	27.132	129	76	4	23	138	302	425	4.30e-04	37.0
3_267	6_222	26.984	189	115	7	240	424	450	619	6.02e-04	36.6
3_268	6_249	100.000	254	0	0	1	254	1	254	0.0	523
3_269	6_250	100.000	599	0	0	1	599	1	599	0.0	1221
3_269	6_150	30.093	216	126	7	117	315	10	217	6.07e-17	78.6
3_269	6_152	37.008	127	62	2	116	224	13	139	8.00e-14	68.9
3_269	6_49	32.099	162	90	3	116	257	21	182	2.48e-13	66.6
3_270	6_64	99.838	617	1	0	1	617	1	617	0.0	1241
3_271	6_401	99.694	327	1	0	1	327	1	327	0.0	659
3_272	6_402	99.593	246	1	0	1	246	1	246	7.59e-179	486
3_273	6_406	99.758	826	2	0	1	826	1	826	0.0	1674
3_273	6_289	28.413	630	325	21	29	613	34	582	5.32e-49	177
3_274	6_435	99.332	449	3	0	1	449	1	449	0.0	917
3_274	6_417	28.163	245	158	8	18	255	14	247	1.21e-12	63.9
3_274	6_417	46.154	39	21	0	409	447	503	541	1.18e-05	42.0
3_274	6_390	23.176	466	288	19	14	442	51	483	2.49e-09	53.5
3_275	6_428	99.786	467	1	0	1	467	1	467	0.0	952
3_276	6_116	99.512	205	1	0	1	205	1	205	4.07e-150	410
3_277	6_256	100.000	214	0	0	1	214	1	214	1.58e-157	429
3_278	6_257	100.000	107	0	0	1	107	1	107	2.31e-72	205
3_279	6_385	98.456	259	4	0	1	259	1	259	0.0	514
3_280	6_259	100.000	120	0	0	1	120	1	120	5.19e-88	246
3_281	6_260	100.000	236	0	0	1	236	1	236	1.76e-172	469
3_281	6_376	33.088	136	64	8	4	113	16	150	6.97e-06	40.8
3_282	6_97	99.582	239	1	0	1	239	1	239	3.38e-175	476
3_283	6_264	100.000	665	0	0	1	665	1	665	0.0	1345
3_283	6_239	22.941	340	195	13	321	637	1	296	4.38e-09	53.1
3_283	6_446	28.452	239	134	10	325	557	9	216	1.32e-08	51.6
3_284	6_163	99.756	410	1	0	1	410	1	410	0.0	808
3_285	6_55	99.674	307	1	0	1	307	1	307	0.0	615
3_285	6_191	32.735	223	133	7	60	279	1	209	1.18e-24	99.0
3_285	6_462	30.732	205	122	6	79	277	16	206	3.37e-20	85.5
3_285	6_461	29.442	197	127	5	79	273	16	202	2.51e-19	82.8
3_285	6_246	28.636	220	132	4	79	286	19	225	1.97e-18	78.2
3_285	6_52	28.972	214	133	6	58	258	14	221	1.25e-15	70.9
3_285	6_391	42.857	84	47	1	194	276	276	359	6.04e-15	69.3
3_285	6_391	32.407	108	68	2	59	163	42	147	2.15e-07	46.2
3_285	6_203	31.282	195	113	8	81	258	146	336	1.84e-14	68.2
3_285	6_303	25.108	231	157	8	60	282	6	228	3.39e-14	67.4
3_285	6_303	30.263	76	53	0	199	274	412	487	9.96e-05	38.1
3_285	6_490	24.779	226	119	3	84	258	27	252	1.08e-13	65.5
3_285	6_358	31.000	100	68	1	188	286	607	706	1.21e-13	65.9
3_285	6_268	25.472	212	146	4	56	258	5	213	4.44e-13	62.8
3_285	6_31	27.885	208	112	7	78	258	21	217	3.75e-12	60.5
3_285	6_224	36.170	94	54	2	78	171	24	111	4.96e-12	60.5
3_285	6_224	36.585	82	51	1	197	277	230	311	3.77e-10	54.7
3_285	6_497	34.146	82	53	1	194	274	503	584	8.44e-10	53.9
3_285	6_497	31.707	82	46	2	84	163	58	131	6.98e-08	48.1
3_285	6_171	24.272	206	141	6	83	283	25	220	2.19e-09	51.6
3_285	6_67	25.405	185	119	6	83	257	26	201	6.37e-09	51.2
3_285	6_67	23.387	248	159	10	59	279	244	487	8.38e-06	41.6
3_285	6_474	31.527	203	114	11	79	271	349	536	1.36e-08	50.1
3_285	6_408	29.167	168	103	8	97	257	501	659	1.74e-08	50.1
3_285	6_300	25.510	196	125	7	79	267	351	532	6.91e-08	48.1
3_285	6_456	29.570	186	108	8	79	257	341	510	8.77e-08	47.8
3_285	6_516	25.683	183	122	4	79	258	339	510	8.99e-08	47.8
3_286	6_480	99.728	367	1	0	1	367	1	367	0.0	744
3_286	6_135	35.433	127	57	2	6	132	160	261	9.19e-15	69.7
3_287	6_267	100.000	260	0	0	1	260	1	260	0.0	521
3_288	6_268	100.000	256	0	0	1	256	1	256	0.0	509
3_288	6_391	34.711	121	77	2	126	244	251	371	2.22e-16	72.8
3_288	6_55	27.358	212	142	4	5	213	56	258	7.86e-16	70.5
3_288	6_490	25.714	280	163	5	8	244	6	283	2.60e-15	69.3
3_288	6_358	30.508	118	73	2	134	250	597	706	3.39e-14	66.6
3_288	6_461	27.136	199	126	4	28	225	18	198	2.81e-13	63.9
3_288	6_303	24.138	232	162	10	27	252	22	245	3.11e-12	60.5
3_288	6_303	22.566	226	163	6	12	230	267	487	4.39e-09	50.8
3_288	6_203	25.203	246	153	8	4	231	122	354	1.91e-11	58.2
3_288	6_246	27.237	257	155	9	9	250	1	240	6.78e-11	55.8
3_288	6_31	25.806	217	145	9	27	231	23	235	8.61e-11	55.5
3_288	6_462	25.664	226	139	7	24	245	14	214	1.50e-10	55.5
3_288	6_497	33.766	77	51	0	154	230	508	584	2.66e-09	52.0
3_288	6_497	29.885	87	55	2	27	112	54	135	1.80e-04	37.0
3_288	6_224	31.313	99	68	0	133	231	211	309	2.78e-09	51.6
3_288	6_52	27.801	241	145	11	6	231	13	239	1.22e-08	49.3
3_288	6_191	23.188	207	138	6	23	227	13	200	3.20e-08	48.5
3_288	6_67	24.074	216	151	7	20	231	14	220	4.97e-08	47.8
3_288	6_67	24.180	244	146	10	30	251	277	503	1.77e-05	40.0
3_288	6_300	26.699	206	131	7	9	212	336	523	7.37e-08	47.4
3_288	6_171	22.831	219	137	7	22	231	17	212	2.20e-06	42.0
3_288	6_248	22.271	229	152	6	10	235	320	525	3.01e-06	42.4
3_288	6_248	21.992	241	138	8	24	235	14	233	2.76e-05	39.3
3_288	6_408	28.333	180	105	7	40	212	497	659	3.00e-05	39.3
3_288	6_516	21.053	209	141	7	9	214	324	511	1.98e-04	36.6
3_288	6_474	24.312	218	127	10	8	214	332	522	2.33e-04	36.6
3_288	6_222	28.889	90	53	4	136	218	815	900	3.43e-04	36.2
3_289	6_269	100.000	158	0	0	1	158	1	158	1.01e-115	319
3_290	6_483	98.706	309	4	0	1	309	1	309	0.0	590
3_291	6_491	99.676	309	1	0	4	312	2	310	0.0	620
3_291	6_400	28.571	126	73	4	73	192	437	551	5.67e-04	35.8
3_292	6_191	99.869	766	1	0	1	766	1	766	0.0	1509
3_292	6_461	30.788	812	476	21	1	766	1	772	1.13e-91	299
3_292	6_462	39.823	452	246	10	1	440	1	438	7.54e-90	291
3_292	6_462	33.588	131	87	0	636	766	516	646	1.78e-15	74.7
3_292	6_55	32.735	223	133	7	1	209	60	279	2.93e-24	99.0
3_292	6_31	27.488	211	126	7	17	201	23	232	5.54e-15	70.9
3_292	6_303	23.938	259	169	9	1	232	6	263	2.32e-14	70.9
3_292	6_303	23.301	206	140	4	16	203	282	487	3.04e-06	44.7
3_292	6_300	30.412	194	125	6	1	188	336	525	3.66e-13	67.0
3_292	6_67	29.630	216	130	6	2	201	8	217	3.72e-13	67.0
3_292	6_224	32.990	97	63	1	1	95	10	106	1.29e-09	55.5
3_292	6_516	27.230	213	130	7	1	199	324	525	2.66e-09	54.7
3_292	6_532	26.076	395	235	18	302	659	19	393	7.32e-09	53.1
3_292	6_456	28.241	216	130	7	2	204	327	530	8.24e-09	53.1
3_292	6_490	34.483	87	53	2	119	202	183	268	1.96e-08	51.6
3_292	6_497	30.357	112	75	2	2	111	39	149	3.28e-08	51.2
3_292	6_497	31.081	74	49	1	129	200	508	581	1.71e-05	42.4
3_292	6_171	27.000	200	123	7	17	203	22	211	3.86e-08	49.7
3_292	6_203	25.561	223	120	8	15	198	141	356	1.11e-07	49.3
3_292	6_246	27.149	221	125	10	1	198	1	208	2.01e-07	47.8
3_292	6_268	29.545	88	59	2	115	200	141	227	4.38e-07	46.6
3_292	6_391	29.600	125	78	5	115	230	267	390	4.42e-07	47.4
3_292	6_358	30.476	105	65	2	129	225	618	722	5.44e-07	47.4
3_292	6_474	28.505	214	123	10	2	198	334	534	7.84e-07	46.6
3_292	6_52	24.880	209	125	7	16	197	29	232	1.41e-05	42.4
3_292	6_248	26.027	219	131	9	1	204	319	521	1.41e-05	42.7
3_292	6_248	20.851	235	133	6	1	198	1	219	1.52e-05	42.4
3_292	6_222	36.585	82	43	4	129	204	834	912	1.67e-05	42.7
3_292	6_222	31.068	103	61	4	93	190	460	557	0.001	37.0
3_292	6_408	24.638	207	127	6	13	195	468	669	1.00e-04	40.0
3_293	6_270	100.000	188	0	0	1	188	1	188	1.47e-134	369
3_294	6_271	100.000	350	0	0	1	350	1	350	0.0	716
3_295	6_411	99.115	226	2	0	1	226	1	226	5.68e-170	462
3_296	6_410	99.722	719	2	0	1	719	1	719	0.0	1426
3_297	6_497	99.862	725	1	0	1	725	1	725	0.0	1468
3_297	6_224	38.624	189	111	4	481	667	205	390	6.24e-35	133
3_297	6_224	47.423	97	51	0	39	135	11	107	1.14e-22	96.3
3_297	6_490	40.146	137	82	0	481	617	166	302	3.51e-31	120
3_297	6_490	30.088	113	70	2	38	150	7	110	5.39e-11	59.3
3_297	6_358	25.735	136	99	2	481	614	590	725	2.50e-17	80.9
3_297	6_358	28.049	164	100	5	42	204	12	158	2.45e-07	48.5
3_297	6_391	38.298	94	57	1	501	594	274	366	8.84e-17	77.8
3_297	6_391	30.469	128	74	3	33	145	38	165	1.52e-10	58.2
3_297	6_203	32.432	111	74	1	505	614	274	384	1.73e-14	70.9
3_297	6_246	31.776	107	72	1	486	592	116	221	8.97e-13	63.9
3_297	6_246	31.915	94	55	3	50	137	16	106	1.04e-05	42.4
3_297	6_31	25.806	155	88	3	501	655	152	279	2.45e-12	62.8
3_297	6_31	30.952	84	39	3	53	117	22	105	1.19e-05	42.4
3_297	6_462	34.066	91	58	1	498	588	119	207	1.76e-11	61.6
3_297	6_462	33.333	99	58	3	39	134	2	95	6.07e-07	47.0
3_297	6_171	32.292	96	63	2	500	594	127	221	5.08e-11	58.2
3_297	6_171	30.556	72	46	3	53	123	21	89	0.001	35.8
3_297	6_303	34.409	93	54	2	498	587	402	490	2.22e-10	57.8
3_297	6_303	29.213	89	58	2	500	584	133	220	1.23e-07	49.3
3_297	6_303	29.348	92	54	4	48	131	16	104	1.10e-06	46.2
3_297	6_461	31.897	116	70	2	474	589	102	208	1.58e-09	55.5
3_297	6_461	32.673	101	60	2	39	136	2	97	2.57e-07	48.5
3_297	6_55	34.146	82	53	1	503	584	194	274	2.34e-09	53.9
3_297	6_55	31.707	82	46	2	58	131	84	163	2.25e-07	47.8
3_297	6_52	29.358	109	76	1	505	612	159	267	1.01e-08	52.0
3_297	6_52	25.899	139	83	6	30	151	4	139	4.41e-04	37.4
3_297	6_268	33.766	77	51	0	508	584	154	230	1.34e-08	51.2
3_297	6_191	30.357	112	75	2	39	149	2	111	3.11e-08	51.2
3_297	6_191	31.081	74	49	1	508	581	129	200	1.50e-05	42.7
3_297	6_67	30.476	105	70	1	38	139	7	111	5.08e-08	50.4
3_297	6_67	25.974	77	56	1	508	584	407	482	6.66e-04	37.0
3_297	6_516	34.247	73	48	0	36	108	322	394	4.78e-07	47.4
3_297	6_516	29.545	132	77	7	448	572	393	515	5.70e-05	40.4
3_297	6_248	35.088	57	37	0	39	95	2	58	9.07e-07	46.2
3_297	6_248	23.810	84	60	1	504	587	152	231	4.66e-05	40.8
3_297	6_300	27.778	90	61	2	493	581	452	538	1.45e-06	45.8
3_297	6_474	33.333	66	43	1	36	100	331	396	2.61e-05	41.6
3_297	6_456	25.301	83	59	1	36	115	324	406	2.75e-04	38.5
3_298	6_376	99.333	300	2	0	1	300	1	300	0.0	601
3_298	6_3	31.955	266	150	14	25	283	23	264	1.95e-23	92.4
3_298	6_260	33.088	136	64	8	16	150	4	113	8.31e-06	40.8
3_299	6_374	94.772	3768	177	11	1	3759	1	3757	0.0	7013
3_299	6_373	24.335	263	144	12	346	572	496	739	2.14e-05	45.1
3_300	6_373	94.563	3568	182	7	1	3561	1	3563	0.0	6632
3_301	6_372	98.939	660	7	0	1	660	1	660	0.0	1321
3_301	6_371	65.393	471	140	6	189	653	80	533	0.0	597
3_301	6_371	42.500	120	41	6	1	104	4	111	6.27e-14	69.3
3_301	6_529	42.623	427	226	5	209	633	205	614	7.15e-103	321
3_301	6_520	40.330	424	195	12	237	632	36	429	2.67e-79	253
3_301	6_558	35.635	362	182	7	300	634	23	360	2.73e-60	201
3_301	6_18	31.670	461	251	12	214	632	95	533	4.07e-52	184
3_301	6_519	39.655	58	33	2	237	293	143	199	4.16e-06	42.7
3_302	6_371	99.819	553	1	0	1	553	1	553	0.0	1133
3_302	6_372	65.180	471	141	6	80	533	189	653	0.0	595
3_302	6_372	42.500	120	41	6	4	111	1	104	6.14e-14	68.9
3_302	6_529	39.794	485	270	7	44	513	137	614	6.90e-107	328
3_302	6_520	38.753	449	221	17	98	512	1	429	8.47e-76	241
3_302	6_558	34.104	346	185	7	199	514	28	360	2.26e-55	185
3_302	6_18	30.496	423	234	11	144	519	131	540	7.02e-44	159
3_302	6_519	30.653	199	108	8	18	195	17	206	2.15e-12	61.2
3_303	6_369	91.185	329	4	4	1	316	1	317	0.0	547
3_303	6_508	30.693	101	59	5	134	232	480	571	5.14e-04	36.2
3_304	6_368	99.149	705	6	0	1	705	1	705	0.0	1374
3_305	6_367	99.342	304	2	0	1	304	1	304	0.0	588
3_305	6_430	22.656	256	178	5	58	300	61	309	3.88e-13	63.5
3_306	6_172	99.827	578	1	0	1	578	1	578	0.0	1159
3_307	6_274	100.000	361	0	0	1	361	1	361	0.0	736
3_308	6_365	99.609	511	2	0	1	511	1	511	0.0	1042
3_308	6_318	43.385	325	173	6	105	423	125	444	1.41e-74	239
3_308	6_319	22.712	295	216	6	49	340	63	348	5.57e-08	49.3
3_308	6_179	22.819	298	203	11	116	400	119	402	3.73e-06	43.5
3_309	6_364	99.460	741	4	0	1	741	1	741	0.0	1488
3_310	6_363	99.051	527	5	0	1	527	1	527	0.0	1016
3_311	6_362	98.701	231	3	0	1	231	1	231	8.64e-160	436
3_312	6_178	99.795	487	1	0	1	487	1	487	0.0	968
3_313	6_361	99.672	305	1	0	1	305	1	305	0.0	606
3_314	6_360	99.228	1425	10	1	1	1424	1	1425	0.0	2846
3_315	6_359	99.774	443	1	0	1	443	1	443	0.0	884
3_316	6_358	98.196	776	13	1	1	776	1	775	0.0	1499
3_316	6_391	37.551	245	135	4	531	772	204	433	1.06e-42	155
3_316	6_391	40.206	97	54	2	22	115	61	156	4.32e-13	66.6
3_316	6_203	44.737	114	63	0	615	728	273	386	5.93e-30	119
3_316	6_203	31.250	96	61	2	33	123	152	247	6.69e-07	47.0
3_316	6_52	37.037	162	82	3	571	724	118	267	9.21e-26	103
3_316	6_224	32.117	137	92	1	585	721	199	334	4.89e-20	88.2
3_316	6_497	26.761	142	97	3	585	726	480	614	2.23e-17	80.9
3_316	6_497	28.049	164	100	5	12	158	42	204	7.01e-07	47.0
3_316	6_31	39.091	110	66	1	600	709	140	248	2.77e-16	75.1
3_316	6_490	37.363	91	57	0	620	710	194	284	3.10e-15	72.8
3_316	6_246	36.275	102	64	1	608	709	127	227	6.88e-15	70.5
3_316	6_246	33.333	75	43	3	27	100	23	91	7.77e-04	36.6
3_316	6_268	30.508	118	73	2	598	707	134	250	1.49e-13	66.2
3_316	6_55	31.000	100	68	1	608	707	188	286	3.59e-13	65.9
3_316	6_171	30.108	93	64	1	616	708	133	224	2.06e-11	59.3
3_316	6_171	40.426	47	28	0	23	69	21	67	5.96e-07	45.8
3_316	6_462	34.940	83	52	1	617	699	127	207	2.44e-09	55.1
3_316	6_303	30.097	103	62	3	602	700	129	225	7.61e-08	50.1
3_316	6_303	27.723	101	72	1	617	717	410	509	2.21e-05	42.0
3_316	6_191	30.476	105	65	2	619	723	129	225	4.85e-07	47.8
3_316	6_300	38.983	59	33	1	619	677	467	522	7.27e-07	47.0
3_316	6_461	27.957	93	65	1	598	690	108	198	7.71e-07	47.0
3_316	6_67	25.532	94	63	2	610	700	398	487	9.26e-06	43.1
3_316	6_474	36.508	63	34	2	38	96	364	424	1.13e-04	39.7
3_316	6_222	33.333	102	63	3	602	701	476	574	1.59e-04	39.3
3_316	6_248	28.169	71	47	1	620	690	449	515	8.82e-04	37.0
3_316	6_516	37.313	67	38	2	613	679	449	511	0.001	36.6
3_317	6_52	99.713	349	1	0	1	349	1	349	0.0	714
3_317	6_203	40.361	332	194	3	5	332	116	447	4.45e-79	244
3_317	6_358	37.037	162	82	3	118	267	570	723	8.03e-31	118
3_317	6_391	37.500	136	83	1	131	266	252	385	9.74e-28	107
3_317	6_391	29.630	135	70	5	7	125	32	157	4.33e-09	52.0
3_317	6_246	33.047	233	123	9	29	252	19	227	3.44e-23	92.0
3_317	6_55	28.972	214	133	6	14	221	58	258	9.17e-19	80.5
3_317	6_171	24.783	230	150	7	30	257	22	230	1.01e-13	64.7
3_317	6_224	28.125	128	89	1	131	258	204	328	1.62e-13	65.9
3_317	6_31	33.043	115	74	2	140	254	139	250	2.37e-13	64.3
3_317	6_497	29.358	109	76	1	159	267	505	612	1.06e-12	63.5
3_317	6_497	25.899	139	83	6	4	139	30	151	2.30e-04	37.4
3_317	6_490	27.778	126	87	2	142	267	176	297	1.16e-12	62.8
3_317	6_268	38.462	78	48	0	162	239	154	231	2.28e-12	60.8
3_317	6_303	26.267	217	134	9	40	248	32	230	2.65e-08	49.7
3_317	6_303	33.333	81	53	1	160	240	410	489	5.82e-07	45.4
3_317	6_300	29.126	206	116	11	29	228	351	532	2.92e-08	49.7
3_317	6_462	32.941	85	55	1	160	244	127	209	8.06e-08	48.1
3_317	6_191	24.880	209	125	7	29	232	16	197	1.82e-07	47.4
3_317	6_222	30.702	114	67	5	161	265	833	943	3.81e-07	46.2
3_317	6_461	30.682	88	57	2	145	232	114	197	1.02e-06	44.7
3_317	6_516	26.190	210	116	10	29	228	339	519	3.82e-06	42.7
3_317	6_67	25.000	236	148	10	28	249	273	493	5.05e-06	42.4
3_317	6_248	27.143	70	47	2	163	232	449	514	3.45e-04	36.6
3_318	6_378	99.740	385	1	0	1	385	1	385	0.0	766
3_318	6_121	32.877	219	139	5	160	377	106	317	2.12e-21	88.6
3_318	6_120	24.000	225	145	7	175	384	151	364	5.32e-04	36.2
3_319	6_275	100.000	351	0	0	1	351	1	351	0.0	685
3_319	6_120	27.358	318	207	7	6	316	61	361	8.41e-23	92.8
3_320	6_357	99.468	939	5	0	1	939	1	939	0.0	1895
3_321	6_550	98.851	696	2	2	88	780	1	693	0.0	1375
3_321	6_537	38.195	665	337	20	109	746	11	628	1.52e-123	380
3_321	6_227	100.000	75	0	0	1	75	1	75	7.37e-46	154
3_321	6_476	28.529	333	193	12	304	605	310	628	9.25e-27	110
3_322	6_355	99.836	611	1	0	1	611	1	611	0.0	1224
3_322	6_552	29.483	329	224	5	285	609	15	339	3.39e-45	158
3_322	6_536	30.303	132	90	1	169	300	17	146	5.99e-15	67.4
3_322	6_187	24.419	344	193	13	157	482	4	298	4.03e-08	49.7
3_322	6_155	26.351	148	100	5	335	477	159	302	1.19e-04	39.3
3_323	6_303	99.414	512	3	0	1	512	1	512	0.0	1014
3_323	6_67	30.469	512	327	14	11	511	12	505	4.54e-54	185
3_323	6_191	24.324	259	168	9	6	263	1	232	2.10e-14	70.5
3_323	6_191	23.301	206	140	4	282	487	16	203	1.42e-06	45.4
3_323	6_55	25.108	231	157	8	6	228	60	282	5.36e-14	67.4
3_323	6_55	30.263	76	53	0	412	487	199	274	1.91e-04	37.7
3_323	6_461	25.592	211	143	5	6	215	1	198	8.35e-14	68.6
3_323	6_461	26.531	196	126	5	277	472	11	188	9.99e-11	58.5
3_323	6_171	25.676	222	145	6	6	221	5	212	9.21e-14	65.5
3_323	6_171	25.446	224	142	7	283	501	22	225	6.43e-09	51.2
3_323	6_462	28.194	227	133	7	282	505	16	215	1.14e-13	67.8
3_323	6_462	26.190	210	138	7	20	227	15	209	1.63e-13	67.4
3_323	6_246	27.273	220	125	10	21	225	19	218	3.82e-12	61.2
3_323	6_246	25.541	231	157	8	264	492	1	218	6.18e-06	42.4
3_323	6_31	24.576	236	141	7	13	223	14	237	4.01e-12	61.6
3_323	6_31	27.027	222	133	8	286	489	26	236	5.08e-12	61.2
3_323	6_268	24.681	235	157	8	22	245	27	252	1.80e-11	58.9
3_323	6_268	21.875	224	167	5	267	487	12	230	1.29e-07	47.4
3_323	6_224	30.147	136	88	4	112	244	202	333	2.39e-11	60.1
3_323	6_224	28.431	102	68	3	6	107	10	106	3.54e-08	50.1
3_323	6_224	25.287	87	64	1	404	489	224	310	4.35e-05	40.0
3_323	6_516	30.455	220	112	7	2	206	320	513	3.31e-11	59.7
3_323	6_391	36.634	101	54	3	129	223	264	360	8.75e-11	58.2
3_323	6_391	35.443	79	50	1	412	489	281	359	4.43e-07	46.6
3_323	6_391	41.071	56	29	1	6	57	43	98	3.07e-06	43.9
3_323	6_497	34.409	93	54	2	402	490	498	587	1.65e-10	57.8
3_323	6_497	26.496	117	78	4	133	246	500	611	5.26e-08	49.7
3_323	6_497	29.348	92	54	4	16	104	48	131	8.90e-07	45.8
3_323	6_490	23.333	270	154	9	28	246	29	296	1.80e-10	57.0
3_323	6_490	32.609	92	57	2	399	489	184	271	9.94e-07	45.4
3_323	6_203	25.424	236	134	10	22	230	143	363	1.23e-09	54.7
3_323	6_203	25.692	253	144	8	262	487	118	353	3.42e-08	50.1
3_323	6_358	30.097	103	62	3	129	225	601	699	4.53e-08	50.1
3_323	6_358	27.723	101	72	1	410	509	616	716	1.38e-05	42.0
3_323	6_248	24.599	187	125	4	6	176	1	187	5.05e-07	46.6
3_323	6_52	26.267	217	134	9	32	230	40	248	5.92e-06	42.7
3_323	6_52	33.333	81	53	1	410	489	160	240	6.21e-05	39.7
3_323	6_408	22.353	170	119	4	37	202	499	659	2.62e-05	41.2
3_323	6_474	26.230	183	118	8	37	215	365	534	5.96e-04	36.6
3_323	6_222	27.184	103	72	1	373	472	795	897	7.28e-04	36.6
3_324	6_352	98.537	205	3	0	1	205	1	205	1.35e-142	391
3_325	6_350	99.671	607	2	0	1	607	1	607	0.0	1217
3_326	6_349	99.784	1386	3	0	1	1386	1	1386	0.0	2735
3_326	6_338	68.032	1392	418	7	1	1385	1	1372	0.0	1833
3_327	6_348	99.495	1982	10	0	1	1982	1	1982	0.0	3857
3_327	6_549	30.345	870	557	19	45	884	8	858	1.26e-94	324
3_327	6_517	35.516	397	209	11	60	425	37	417	1.40e-54	196
3_328	6_346	97.845	232	5	0	1	232	1	232	3.22e-160	437
3_329	6_344	98.165	109	2	0	1	109	1	109	4.58e-73	207
3_329	6_454	34.375	64	41	1	38	100	79	142	1.34e-06	39.3
3_330	6_276	100.000	429	0	0	1	429	1	429	0.0	864
3_331	6_343	98.849	1477	10	1	1	1477	1	1470	0.0	2955
3_331	6_398	21.944	720	358	26	796	1433	188	785	6.68e-17	80.9
3_332	6_226	99.351	308	2	0	1	308	1	308	0.0	578
3_333	6_277	100.000	175	0	0	1	175	1	175	7.52e-126	346
3_334	6_342	99.640	278	1	0	1	278	1	278	0.0	539
3_334	6_83	27.350	117	73	3	110	226	48	152	1.69e-06	42.7
3_334	6_83	33.333	93	52	3	121	213	35	117	3.25e-05	38.9
3_335	6_278	100.000	274	0	0	1	274	1	274	0.0	539
3_335	6_42	25.749	167	114	4	73	233	75	237	1.95e-05	39.7
3_336	6_40	99.798	494	1	0	1	494	1	494	0.0	962
3_337	6_339	94.462	325	18	0	31	355	58	382	0.0	568
3_337	6_340	55.024	209	91	2	149	354	3	211	4.98e-65	200
3_338	6_338	99.201	1376	7	1	1	1376	1	1372	0.0	2677
3_338	6_349	68.032	1392	422	6	1	1376	1	1385	0.0	1841
3_339	6_39	99.701	334	1	0	1	334	1	334	0.0	679
3_340	6_337	99.733	374	1	0	1	374	1	374	0.0	774
3_341	6_336	99.618	524	2	0	1	524	1	524	0.0	1016
3_341	6_486	24.573	293	191	10	9	294	4	273	2.25e-13	66.6
3_342	6_279	100.000	322	0	0	1	322	1	322	0.0	651
3_343	6_335	95.409	1089	9	4	1	1059	1	1078	0.0	2038
3_343	6_308	26.514	1090	681	33	1	1050	6	1015	7.40e-82	283
3_343	6_457	31.988	322	208	5	4	322	1	314	3.59e-43	165
3_343	6_457	26.174	298	176	8	521	777	726	1020	9.99e-17	80.1
3_343	6_457	35.965	114	69	4	357	468	472	583	1.26e-10	60.1
3_343	6_509	24.774	553	307	20	6	496	4	509	9.79e-15	73.6
3_343	6_487	24.936	393	233	13	26	394	7	361	1.21e-13	69.7
3_343	6_331	25.111	450	275	16	12	440	23	431	4.97e-09	54.7
3_344	6_280	100.000	88	0	0	1	88	1	88	6.74e-60	172
3_345	6_332	99.711	692	2	0	1	692	1	692	0.0	1369
3_346	6_548	99.153	945	8	0	21	965	1	945	0.0	1854
3_346	6_458	23.270	318	183	13	20	297	22	318	3.12e-08	52.0
3_346	6_334	26.286	175	110	5	24	191	12	174	3.48e-04	38.9
3_347	6_331	98.987	1086	11	0	1	1086	1	1086	0.0	2115
3_347	6_335	23.725	451	280	15	23	431	12	440	5.25e-08	51.6
3_347	6_308	24.947	469	294	15	18	451	14	459	1.02e-07	50.4
3_347	6_457	22.134	253	167	8	31	254	14	265	5.24e-05	41.6
3_347	6_487	27.523	218	136	8	62	260	30	244	8.66e-05	40.8
3_347	6_509	22.707	458	302	16	16	430	5	453	9.50e-05	40.8
3_348	6_36	99.693	326	1	0	1	326	1	326	0.0	651
3_349	6_329	81.511	503	50	5	1	481	1	482	0.0	756
3_350	6_328	99.391	821	5	0	1	821	1	821	0.0	1653
3_350	6_448	22.437	517	375	10	10	510	6	512	2.10e-31	125
3_351	6_326	99.499	999	3	1	1	997	1	999	0.0	2006
3_352	6_157	99.569	232	1	0	1	232	1	232	3.03e-173	471
3_353	6_281	100.000	452	0	0	1	452	1	452	0.0	884
3_354	6_151	99.690	323	1	0	1	323	1	323	0.0	657
3_355	6_147	99.020	102	1	0	1	102	1	102	5.30e-69	196
3_356	6_324	99.306	1584	11	0	1	1584	1	1584	0.0	3112
3_356	6_207	26.625	323	183	13	917	1223	623	907	1.07e-13	70.9
3_356	6_207	37.383	107	59	3	281	385	297	397	1.15e-05	44.3
3_357	6_146	99.758	414	1	0	1	414	1	414	0.0	828
3_358	6_145	99.638	276	1	0	1	276	1	276	0.0	563
3_359	6_144	99.611	257	1	0	1	257	1	257	0.0	514
3_360	6_323	99.711	691	2	0	1	691	1	691	0.0	1388
3_361	6_321	99.020	306	3	0	1	306	1	306	0.0	600
3_362	6_319	99.575	471	2	0	1	471	1	471	0.0	950
3_362	6_179	37.168	452	279	4	7	456	2	450	1.88e-104	314
3_362	6_318	26.757	370	260	7	44	408	58	421	3.19e-26	105
3_362	6_365	22.712	295	216	6	63	348	49	340	3.41e-08	50.1
3_363	6_141	99.638	276	1	0	1	276	1	276	0.0	542
3_364	6_318	99.803	507	1	0	1	507	1	507	0.0	1012
3_364	6_365	43.385	325	173	6	125	444	105	423	1.17e-74	239
3_364	6_319	27.027	370	259	7	58	421	44	408	1.27e-26	107
3_364	6_179	24.291	247	181	5	37	278	15	260	8.14e-08	48.9
3_365	6_282	100.000	385	0	0	1	385	1	385	0.0	749
3_366	6_283	100.000	402	0	0	1	402	1	402	0.0	799
3_367	6_312	99.844	641	1	0	1	641	1	641	0.0	1284
3_367	6_37	44.288	639	333	9	3	626	5	635	8.87e-169	491
3_368	6_554	99.309	724	5	0	127	850	1	724	0.0	1417
3_368	6_345	35.562	703	425	12	12	698	56	746	7.69e-130	404
3_368	6_345	25.000	132	88	5	582	706	727	854	3.63e-04	38.5
3_368	6_546	100.000	125	0	0	1	125	1	125	1.72e-86	265
3_369	6_455	99.549	886	4	0	1	886	1	886	0.0	1796
3_369	6_441	24.212	698	427	16	34	711	18	633	2.00e-47	176
3_369	6_263	22.941	340	205	10	440	753	393	701	1.42e-14	72.4
3_369	6_263	23.563	174	120	3	27	199	8	169	6.95e-09	53.9
3_369	6_424	25.828	151	101	3	50	200	2	141	3.67e-09	54.3
3_369	6_424	34.426	61	35	2	574	634	294	349	4.52e-05	41.2
3_370	6_131	99.510	204	1	0	1	204	1	204	5.91e-143	392
3_371	6_454	99.333	150	1	0	1	150	1	150	2.49e-104	290
3_371	6_344	35.526	76	48	1	67	142	26	100	7.26e-08	43.1
3_372	6_453	97.898	333	7	0	1	333	1	333	0.0	648
3_373	6_130	99.570	465	2	0	1	465	1	465	0.0	926
3_374	6_450	99.813	534	1	0	1	534	1	534	0.0	1058
3_375	6_448	99.851	673	1	0	1	673	1	673	0.0	1348
3_375	6_328	22.179	514	380	10	6	512	10	510	9.20e-32	126
3_376	6_239	99.383	324	2	0	1	324	1	324	0.0	662
3_376	6_446	42.049	283	152	6	7	282	7	284	9.15e-57	182
3_376	6_264	23.235	340	194	13	1	296	321	637	6.83e-10	54.7
3_377	6_446	99.405	336	1	1	1	335	1	336	0.0	670
3_377	6_239	41.846	325	176	7	7	325	7	324	2.21e-72	222
3_377	6_264	27.195	353	208	16	9	326	325	663	5.79e-13	64.3
3_378	6_445	99.515	619	3	0	1	619	1	619	0.0	1243
3_379	6_8	99.735	378	1	0	1	378	1	378	0.0	751
3_380	6_442	99.745	783	2	0	1	783	1	783	0.0	1560
3_381	6_11	99.717	353	1	0	1	353	1	353	0.0	696
3_381	6_298	27.129	317	167	15	46	345	64	333	6.42e-07	45.1
3_382	6_441	99.514	823	4	0	1	823	1	823	0.0	1650
3_382	6_455	24.157	741	452	18	18	668	34	754	7.38e-48	177
3_382	6_263	21.557	334	201	9	393	679	398	717	6.48e-14	70.1
3_382	6_263	27.174	184	113	4	6	186	3	168	1.28e-08	52.8
3_382	6_424	23.560	191	114	4	32	222	3	161	4.53e-07	47.4
3_382	6_424	21.053	304	175	13	321	594	128	396	8.77e-04	37.0
3_383	6_439	99.423	520	3	0	1	520	1	520	0.0	1009
3_384	6_241	99.528	212	1	0	1	212	1	212	5.54e-148	405
3_385	6_456	99.439	535	3	0	1	535	1	535	0.0	1035
3_385	6_474	31.445	512	325	9	31	526	35	536	4.98e-55	189
3_385	6_300	31.132	212	136	3	321	526	331	538	2.11e-30	119
3_385	6_516	31.552	393	216	17	155	521	155	520	3.56e-25	103
3_385	6_246	32.353	204	117	11	327	514	2	200	7.48e-13	63.5
3_385	6_461	30.882	204	134	4	327	527	2	201	2.55e-11	60.5
3_385	6_408	32.184	174	95	8	352	510	494	659	1.10e-10	58.5
3_385	6_191	29.167	216	128	8	327	530	2	204	7.98e-09	52.8
3_385	6_462	29.167	216	137	9	327	534	2	209	6.90e-08	49.7
3_385	6_55	29.570	186	108	8	341	510	79	257	1.58e-07	47.8
3_385	6_248	35.185	54	35	0	335	388	10	63	9.19e-06	42.7
3_385	6_171	25.414	181	122	5	342	514	22	197	1.38e-05	41.2
3_385	6_224	32.787	61	41	0	327	387	11	71	4.78e-05	40.0
3_385	6_497	25.301	83	59	1	324	406	36	115	3.04e-04	37.7
3_385	6_67	25.532	188	118	5	346	517	27	208	6.05e-04	36.6
3_386	6_304	98.261	115	2	0	1	115	19	133	1.96e-79	224
3_387	6_457	97.951	1220	21	2	1	1216	1	1220	0.0	2381
3_387	6_335	31.988	322	208	5	1	314	4	322	4.42e-43	165
3_387	6_335	26.923	286	166	8	723	1004	521	767	4.39e-16	78.2
3_387	6_335	37.168	113	63	5	475	583	360	468	4.50e-10	58.5
3_387	6_308	32.867	286	182	5	3	285	11	289	1.81e-34	137
3_387	6_308	30.928	291	137	10	740	1018	545	783	2.94e-23	101
3_387	6_308	32.231	121	72	5	477	594	361	474	1.69e-05	43.5
3_387	6_487	25.714	245	153	5	10	249	1	221	1.23e-14	73.2
3_387	6_509	26.556	241	150	8	1	234	1	221	5.04e-11	61.6
3_387	6_509	21.914	648	389	27	506	1104	403	982	6.42e-05	41.6
3_387	6_331	23.077	221	145	5	14	234	31	226	6.72e-05	41.6
3_388	6_458	98.301	1177	19	1	1	1176	1	1177	0.0	2320
3_388	6_334	32.197	264	157	5	7	261	5	255	1.47e-29	121
3_388	6_334	24.938	405	214	17	584	972	445	775	1.10e-10	60.5
3_388	6_412	31.855	248	152	8	10	252	13	248	2.14e-23	101
3_388	6_412	26.070	257	163	10	722	970	496	733	3.45e-04	38.9
3_388	6_508	28.931	159	100	4	6	161	2	150	5.76e-11	61.2
3_388	6_499	22.879	389	252	14	7	384	2	353	1.03e-05	43.9
3_388	6_548	39.474	38	23	0	281	318	240	277	4.21e-04	38.9
3_389	6_459	99.395	496	3	0	1	496	1	496	0.0	969
3_389	6_510	28.000	400	244	15	122	489	188	575	4.94e-23	97.1
3_390	6_461	99.870	772	1	0	1	772	1	772	0.0	1504
3_390	6_462	48.402	438	198	9	1	416	1	432	7.95e-108	338
3_390	6_462	45.736	129	70	0	644	772	518	646	7.98e-23	98.2
3_390	6_191	30.788	812	476	21	1	772	1	766	5.47e-87	286
3_390	6_55	29.442	197	127	5	16	202	79	273	4.32e-19	83.6
3_390	6_67	32.673	202	122	5	6	195	12	211	1.34e-15	74.7
3_390	6_303	25.592	211	143	5	1	198	6	215	1.22e-13	68.6
3_390	6_303	26.020	196	127	5	11	188	277	472	4.33e-10	57.0
3_390	6_31	25.000	208	129	5	17	198	23	229	1.36e-13	67.0
3_390	6_300	26.415	212	137	7	1	201	336	539	7.68e-12	62.8
3_390	6_268	27.451	204	119	8	18	198	28	225	8.82e-12	60.8
3_390	6_474	31.373	204	111	9	13	200	346	536	2.85e-11	60.8
3_390	6_456	30.882	204	134	4	2	201	327	527	3.07e-11	60.8
3_390	6_248	22.993	274	175	5	1	240	1	272	8.41e-11	59.3
3_390	6_248	24.645	211	138	8	1	201	319	518	7.68e-06	43.5
3_390	6_497	31.897	116	70	2	102	208	474	589	1.67e-09	55.5
3_390	6_497	30.233	129	77	3	2	120	39	164	2.76e-07	48.5
3_390	6_490	30.986	142	89	5	59	197	128	263	1.89e-09	54.7
3_390	6_490	52.778	36	17	0	21	56	27	62	5.19e-05	40.4
3_390	6_516	28.351	194	128	6	1	188	324	512	1.44e-08	52.4
3_390	6_224	32.394	142	92	3	107	245	211	351	1.64e-08	52.0
3_390	6_224	32.955	88	57	1	7	92	16	103	1.79e-08	52.0
3_390	6_246	23.618	199	141	6	13	202	16	212	9.27e-08	48.9
3_390	6_391	25.191	131	91	3	72	197	223	351	1.29e-07	48.9
3_390	6_408	24.479	192	131	5	23	204	490	677	2.94e-07	48.1
3_390	6_222	38.144	97	51	4	110	200	815	908	6.26e-07	47.4
3_390	6_222	28.571	147	88	6	64	193	416	562	1.49e-04	39.7
3_390	6_358	27.957	93	65	1	108	198	597	689	7.17e-07	47.0
3_390	6_171	27.174	184	109	7	19	188	24	196	2.19e-06	44.3
3_390	6_203	25.592	211	123	8	16	197	142	347	5.61e-06	43.9
3_390	6_52	30.682	88	57	2	114	197	145	232	1.89e-04	38.9
3_391	6_462	99.846	650	1	0	1	650	1	650	0.0	1261
3_391	6_461	48.402	438	198	9	1	432	1	416	5.65e-108	338
3_391	6_461	39.344	183	105	1	470	646	590	772	8.17e-31	123
3_391	6_191	39.823	452	246	10	1	438	1	440	2.37e-89	289
3_391	6_191	29.348	184	126	2	467	646	583	766	2.66e-16	77.0
3_391	6_55	30.732	205	122	6	16	206	79	277	2.07e-20	87.0
3_391	6_474	32.558	215	117	9	2	200	334	536	2.68e-15	73.6
3_391	6_300	29.717	212	130	8	1	201	336	539	4.17e-15	72.8
3_391	6_31	28.169	213	128	6	18	205	24	236	3.58e-14	68.2
3_391	6_246	31.081	222	129	11	1	205	1	215	1.89e-13	65.9
3_391	6_303	25.688	218	140	7	15	212	20	235	3.11e-13	66.6
3_391	6_303	27.753	227	134	7	16	215	282	505	8.86e-13	65.5
3_391	6_67	29.524	210	134	5	10	205	12	221	1.58e-12	64.7
3_391	6_67	28.326	233	135	9	2	208	261	487	7.04e-09	52.8
3_391	6_248	25.641	234	141	6	1	205	1	230	1.72e-12	64.7
3_391	6_248	28.571	210	133	8	1	202	319	519	1.80e-09	54.7
3_391	6_516	28.365	208	110	6	1	188	324	512	8.41e-11	58.9
3_391	6_171	29.596	223	136	8	4	214	8	221	9.63e-11	57.0
3_391	6_408	31.285	179	100	8	32	195	499	669	5.66e-10	56.6
3_391	6_497	32.967	91	59	1	119	207	498	588	1.09e-09	55.8
3_391	6_497	33.333	99	58	3	2	95	39	134	5.78e-07	47.0
3_391	6_490	29.333	150	99	3	60	207	129	273	1.85e-09	54.3
3_391	6_490	43.636	55	31	0	2	56	8	62	1.19e-05	42.4
3_391	6_268	26.407	231	131	10	14	214	24	245	5.72e-09	52.0
3_391	6_358	34.940	83	52	1	127	207	616	698	5.82e-09	53.5
3_391	6_203	25.688	218	138	7	16	209	142	359	1.28e-08	52.0
3_391	6_224	31.915	94	62	1	1	92	10	103	1.66e-08	51.6
3_391	6_224	39.535	86	46	3	126	207	229	312	3.24e-08	50.8
3_391	6_456	29.167	216	137	9	2	209	327	534	5.54e-08	50.1
3_391	6_391	32.692	104	64	3	115	215	267	367	5.90e-08	49.7
3_391	6_52	32.941	85	55	1	127	209	160	244	2.63e-05	41.2
3_391	6_222	36.905	84	44	4	121	198	826	906	1.30e-04	39.3
3_392	6_463	98.393	560	7	1	1	560	1	558	0.0	1108
3_392	6_522	46.067	445	195	12	90	508	12	437	5.23e-118	353
3_392	6_560	42.857	469	207	14	122	555	20	462	4.11e-106	322
3_392	6_501	41.315	426	211	9	150	555	3	409	8.27e-83	260
3_392	6_561	44.000	375	147	11	129	453	1	362	3.93e-74	235
3_392	6_564	41.034	290	133	12	193	453	1	281	2.79e-46	159
3_392	6_562	68.750	64	19	1	182	245	1	63	6.98e-20	85.5
3_392	6_562	52.703	74	34	1	377	449	246	319	7.52e-20	85.5
3_392	6_302	45.263	95	45	3	16	103	1	95	1.04e-16	70.5
3_393	6_464	96.154	806	27	2	1	802	1	806	0.0	1543
3_393	6_427	44.484	834	405	15	1	802	1	808	0.0	633
3_393	6_492	35.158	822	433	29	1	768	1	776	3.80e-103	331
3_393	6_59	68.293	41	13	0	45	85	22	62	9.62e-15	64.7
3_394	6_465	99.796	979	2	0	1	979	1	979	0.0	1928
3_395	6_284	100.000	408	0	0	1	408	1	408	0.0	823
3_396	6_263	99.747	790	2	0	1	790	1	790	0.0	1605
3_396	6_455	22.941	340	205	10	393	701	440	753	8.42e-15	72.8
3_396	6_455	23.563	174	120	3	8	169	27	199	6.19e-09	53.9
3_396	6_441	24.103	195	101	6	398	592	393	540	2.17e-12	65.1
3_396	6_441	27.174	184	113	4	3	168	6	186	8.88e-09	53.1
3_396	6_424	34.444	90	58	1	29	118	3	91	4.38e-08	50.8
3_396	6_424	33.000	100	59	3	513	612	264	355	1.56e-07	48.9
3_397	6_162	99.310	145	1	0	1	145	1	145	2.91e-102	284
3_398	6_467	99.352	463	3	0	1	463	1	463	0.0	930
3_399	6_265	99.559	227	1	0	1	227	1	227	4.87e-163	444
3_400	6_470	99.691	324	1	0	1	324	1	324	0.0	642
3_401	6_471	99.366	946	6	0	1	946	1	946	0.0	1854
3_402	6_167	99.592	245	1	0	1	245	1	245	2.49e-176	479
3_403	6_168	99.714	700	2	0	1	700	1	700	0.0	1419
3_404	6_473	98.797	582	7	0	1	582	1	582	0.0	1167
3_405	6_300	99.814	539	1	0	1	539	1	539	0.0	1045
3_405	6_516	29.081	533	352	10	7	533	8	520	2.47e-49	173
3_405	6_456	31.132	212	136	3	331	538	321	526	2.13e-30	119
3_405	6_474	38.914	221	127	7	322	538	320	536	4.86e-30	118
3_405	6_246	35.204	196	109	5	348	531	16	205	5.29e-19	82.0
3_405	6_462	29.717	212	130	8	336	539	1	201	2.93e-15	73.2
3_405	6_191	30.412	194	125	6	336	525	1	188	3.26e-13	66.6
3_405	6_461	26.415	212	137	7	336	539	1	201	5.41e-12	62.8
3_405	6_408	31.138	167	94	7	369	522	501	659	7.24e-10	55.8
3_405	6_171	31.522	184	108	8	354	528	24	198	4.00e-09	52.0
3_405	6_248	23.853	218	133	6	336	525	1	213	6.78e-09	52.8
3_405	6_67	31.694	183	103	8	355	522	26	201	3.00e-08	50.4
3_405	6_55	25.510	196	125	7	351	532	79	267	5.90e-08	48.9
3_405	6_358	38.983	59	33	1	467	522	618	676	5.95e-07	46.6
3_405	6_497	27.778	90	61	2	452	538	493	581	1.36e-06	45.4
3_405	6_52	29.612	206	115	11	351	532	29	228	4.28e-06	43.1
3_405	6_490	29.412	85	52	2	441	522	172	251	4.73e-06	43.1
3_405	6_224	30.769	78	53	1	327	404	1	77	7.87e-06	42.7
3_405	6_224	35.294	68	41	1	464	528	229	296	6.72e-05	39.7
3_405	6_268	26.699	206	131	7	336	523	9	212	3.89e-05	40.0
3_405	6_391	38.983	59	33	1	467	522	281	339	5.74e-05	40.0
3_406	6_474	98.881	536	6	0	1	536	1	536	0.0	1010
3_406	6_456	32.227	512	321	10	35	536	31	526	1.93e-55	190
3_406	6_300	38.462	221	128	7	320	536	322	538	1.66e-29	116
3_406	6_516	35.437	206	127	5	328	531	319	520	1.76e-23	98.6
3_406	6_462	32.864	213	115	9	334	534	2	198	4.64e-15	72.4
3_406	6_246	30.189	212	132	8	334	534	2	208	6.97e-14	66.6
3_406	6_408	31.016	187	111	5	319	495	455	633	1.61e-13	67.4
3_406	6_461	31.373	204	111	9	346	536	13	200	2.72e-11	60.5
3_406	6_55	31.527	203	114	11	349	536	79	271	4.60e-08	49.3
3_406	6_248	44.898	49	27	0	346	394	13	61	8.76e-08	48.9
3_406	6_191	28.505	214	123	10	334	534	2	198	8.22e-07	46.2
3_406	6_171	25.943	212	129	9	336	533	8	205	2.33e-06	43.5
3_406	6_497	33.333	66	43	1	331	396	36	100	2.42e-05	41.2
3_406	6_67	25.568	176	111	6	363	524	36	205	4.86e-05	40.0
3_406	6_358	36.508	63	34	2	364	424	38	96	7.69e-05	39.7
3_406	6_490	38.000	100	46	5	327	415	1	95	1.39e-04	38.5
3_406	6_391	27.132	129	76	4	302	425	23	138	3.31e-04	37.4
3_406	6_303	26.230	183	118	8	365	534	37	215	7.74e-04	36.2
3_406	6_31	22.527	182	118	4	364	522	37	218	7.81e-04	36.2
3_407	6_541	92.105	38	3	0	424	461	98	135	3.07e-16	70.5
3_408	6_475	99.517	828	4	0	1	828	1	828	0.0	1671
3_408	6_407	28.571	616	326	23	246	809	249	802	7.56e-45	168
3_409	6_476	99.471	756	4	0	1	756	5	760	0.0	1529
3_409	6_537	30.240	334	204	9	305	636	206	512	4.36e-34	133
3_409	6_537	48.101	79	14	3	1	60	5	75	3.44e-09	54.3
3_409	6_550	28.529	333	193	12	306	624	217	518	2.56e-27	112
3_409	6_422	64.198	81	29	0	196	276	232	312	8.32e-26	107
3_410	6_379	99.509	407	2	0	2	408	1	407	0.0	808
3_411	6_91	99.778	450	1	0	1	450	1	450	0.0	899
3_412	6_262	99.298	285	2	0	1	285	1	285	0.0	566
3_413	6_380	99.462	186	1	0	1	186	1	186	1.82e-136	374
3_413	6_88	26.772	127	68	4	46	151	81	203	2.33e-04	35.0
3_414	6_382	98.976	293	3	0	1	293	1	293	0.0	580
3_414	6_149	29.530	149	90	6	9	152	5	143	3.13e-09	52.0
3_414	6_149	35.593	59	38	0	9	67	173	231	2.81e-06	42.7
3_414	6_118	37.705	61	35	1	5	65	218	275	3.86e-05	39.3
3_414	6_231	39.344	61	33	3	10	69	19	76	2.41e-04	35.8
3_415	6_96	99.749	398	1	0	1	398	1	398	0.0	810
3_416	6_200	99.346	153	1	0	1	153	1	153	1.94e-107	298
3_417	6_261	99.738	381	1	0	1	381	1	381	0.0	752
3_418	6_258	99.528	212	1	0	1	212	1	212	1.71e-156	426
3_419	6_384	99.154	473	4	0	1	473	1	473	0.0	921
3_420	6_305	99.174	121	1	0	1	121	1	121	1.06e-87	245
3_421	6_104	99.441	179	1	0	1	179	1	179	1.81e-129	355
3_422	6_388	99.660	883	3	0	1	883	1	883	0.0	1778
3_423	6_285	100.000	297	0	0	1	297	1	297	0.0	578
3_424	6_389	99.859	709	1	0	1	709	1	709	0.0	1425
3_425	6_286	100.000	695	0	0	1	695	1	695	0.0	1379
3_426	6_287	100.000	63	0	0	1	63	1	63	1.13e-41	124
3_427	6_298	99.128	344	3	0	1	344	1	344	0.0	676
3_427	6_11	24.308	325	166	12	64	333	46	345	1.69e-05	40.4
3_428	6_392	99.508	2033	10	0	1	2033	1	2033	0.0	4075
3_429	6_288	100.000	892	0	0	1	892	1	892	0.0	1802
3_430	6_122	99.296	142	1	0	1	142	1	142	4.83e-103	286
3_430	6_488	25.714	105	72	3	3	103	10	112	5.72e-05	35.8
3_431	6_123	99.723	361	1	0	1	361	1	361	0.0	717
3_432	6_299	99.796	490	1	0	1	490	1	490	0.0	959
3_433	6_125	99.008	504	5	0	1	504	1	504	0.0	970
3_433	6_1	25.901	444	264	16	10	403	51	479	1.81e-21	92.0
3_434	6_393	97.484	477	12	0	1	477	1	477	0.0	945
3_435	6_289	100.000	594	0	0	1	594	1	594	0.0	1190
3_435	6_406	28.413	630	325	21	34	582	29	613	5.14e-44	162
3_436	6_61	99.512	205	1	0	1	205	1	205	3.25e-153	417
3_437	6_63	99.635	274	1	0	1	274	1	274	0.0	559
3_438	6_396	99.204	377	3	0	1	377	1	377	0.0	755
3_439	6_398	98.679	984	10	2	1	984	1	981	0.0	1950
3_439	6_343	22.222	720	356	26	188	785	789	1426	1.21e-17	82.8
3_440	6_399	99.850	666	1	0	1	666	1	666	0.0	1348
3_441	6_400	99.655	579	2	0	1	579	1	579	0.0	1175
3_442	6_405	98.918	462	5	0	1	462	1	462	0.0	921
3_443	6_252	99.824	569	1	0	1	569	1	569	0.0	1100
3_443	6_68	30.556	216	124	4	79	285	18	216	9.44e-12	60.8
3_444	6_407	99.509	815	4	0	1	815	1	815	0.0	1670
3_444	6_475	28.571	616	326	23	249	802	246	809	3.53e-45	169
3_445	6_537	99.076	649	6	0	1	649	5	653	0.0	1295
3_445	6_550	38.060	670	353	20	5	624	2	659	5.63e-126	383
3_445	6_476	29.940	334	205	9	202	508	309	640	1.62e-33	131
3_446	6_408	99.705	679	2	0	1	679	1	679	0.0	1341
3_446	6_474	28.070	285	183	6	357	633	225	495	9.13e-15	72.0
3_446	6_456	28.086	324	194	14	354	659	208	510	6.95e-11	59.3
3_446	6_462	31.285	179	100	8	499	669	32	195	5.19e-10	57.0
3_446	6_171	29.630	189	109	7	500	678	38	212	6.91e-10	54.7
3_446	6_300	31.138	167	94	7	501	659	369	522	7.10e-10	56.2
3_446	6_516	28.571	189	106	7	462	637	317	489	2.38e-09	54.7
3_446	6_55	29.167	168	103	8	501	659	97	257	3.99e-08	50.1
3_446	6_461	24.479	192	131	5	490	677	23	204	2.26e-07	48.5
3_446	6_246	26.540	211	118	10	463	660	11	197	3.78e-07	46.6
3_446	6_490	27.706	231	100	13	465	636	4	226	2.37e-05	41.6
3_446	6_303	22.353	170	119	4	499	659	37	202	4.43e-05	40.8
3_446	6_191	24.510	204	131	6	468	669	13	195	1.22e-04	39.7
3_446	6_268	28.814	177	108	5	497	659	40	212	3.49e-04	37.4
3_446	6_248	25.126	199	105	10	499	666	32	217	5.41e-04	37.4
3_447	6_427	97.808	593	13	0	1	593	218	810	0.0	1169
3_447	6_464	43.546	581	294	13	2	577	236	787	5.88e-131	397
3_447	6_492	31.707	615	311	22	3	563	220	779	9.12e-52	185
3_448	6_426	97.938	194	4	0	1	194	1	194	6.74e-139	380
3_449	6_425	99.360	469	3	0	1	469	1	469	0.0	929
3_450	6_291	100.000	256	0	0	1	256	1	256	0.0	510
3_451	6_424	99.416	514	3	0	1	514	1	514	0.0	1034
3_451	6_455	26.490	151	100	3	2	141	50	200	1.63e-09	54.7
3_451	6_455	34.426	61	35	2	294	349	574	634	2.67e-05	41.2
3_451	6_263	34.444	90	58	1	3	91	29	118	4.50e-08	50.1
3_451	6_263	33.000	100	59	3	264	355	513	612	1.12e-07	48.9
3_451	6_441	24.084	191	113	4	3	161	32	222	8.48e-08	49.3
3_452	6_292	100.000	289	0	0	1	289	1	289	0.0	558
3_453	6_18	99.823	564	1	0	1	564	1	564	0.0	1103
3_453	6_520	31.347	453	261	10	98	533	10	429	4.33e-52	179
3_453	6_372	31.020	461	254	11	95	533	214	632	3.56e-51	181
3_453	6_558	32.267	375	205	10	178	533	14	358	9.21e-46	160
3_453	6_529	30.024	423	248	9	118	533	232	613	1.62e-44	161
3_453	6_371	30.496	423	234	11	131	540	144	519	7.09e-44	159
3_454	6_423	98.750	240	3	0	1	240	1	240	0.0	498
3_455	6_20	99.661	295	1	0	1	295	1	295	0.0	592
3_455	6_180	27.241	290	173	9	21	293	10	278	2.66e-21	86.7
3_455	6_213	26.502	283	175	9	19	293	3	260	4.97e-16	71.2
3_455	6_306	26.894	264	165	9	21	275	5	249	1.08e-13	64.7
3_456	6_21	99.412	170	1	0	1	170	1	170	2.74e-122	337
3_457	6_422	99.700	666	2	0	1	666	1	666	0.0	1341
3_457	6_476	62.963	81	30	0	232	312	200	280	2.51e-25	105
3_458	6_315	99.837	615	1	0	1	615	1	615	0.0	1266
3_459	6_420	98.936	188	2	0	1	188	1	188	6.47e-138	377
3_460	6_419	99.769	865	2	0	1	865	1	865	0.0	1714
3_461	6_418	99.766	428	1	0	1	428	1	428	0.0	853
3_462	6_243	99.753	1216	3	0	1	1216	1	1216	0.0	2392
3_463	6_538	98.896	634	7	0	63	696	1	634	0.0	1248
3_464	6_193	99.029	103	1	0	1	103	1	103	2.64e-69	197
3_465	6_414	98.913	184	2	0	1	184	1	184	6.11e-134	367
3_466	6_307	99.855	690	1	0	1	690	1	690	0.0	1370
3_467	6_413	99.426	871	5	0	1	871	1	871	0.0	1702
3_468	6_293	100.000	145	0	0	1	145	1	145	1.94e-102	284
3_469	6_294	100.000	270	0	0	1	270	1	270	0.0	546
3_470	6_545	99.203	251	2	0	2	252	1	251	0.0	493
3_470	6_469	29.252	147	97	3	111	252	82	226	1.29e-08	48.5
3_471	6_429	99.723	361	1	0	1	361	1	361	0.0	733
3_472	6_295	100.000	720	0	0	1	720	1	720	0.0	1484
3_473	6_436	99.368	475	3	0	1	475	1	475	0.0	917
3_474	6_437	99.043	627	6	0	1	627	1	627	0.0	1236
3_475	6_311	99.492	197	1	0	1	197	1	197	1.32e-133	367
3_476	6_427	76.847	812	176	6	1	803	1	809	0.0	1235
3_476	6_464	45.929	786	391	12	27	802	45	806	0.0	617
3_476	6_492	33.374	815	465	26	1	774	1	778	5.66e-99	320
3_476	6_59	78.689	61	13	0	8	68	3	63	1.48e-28	103
3_477	6_482	100.000	1458	0	0	3	1460	1	1458	0.0	2882
3_478	6_296	100.000	380	0	0	1	380	1	380	0.0	775
3_479	6_479	98.925	186	2	0	1	186	1	186	9.60e-139	379
3_480	6_478	99.553	447	2	0	1	447	1	447	0.0	881
3_480	6_213	31.878	229	138	9	1	221	1	219	7.99e-17	75.1
3_480	6_409	27.306	271	162	14	3	254	4	258	1.12e-07	47.4
3_480	6_180	22.305	269	160	7	8	246	12	261	2.70e-06	43.5
3_481	6_477	99.536	647	3	0	1	647	1	647	0.0	1273
3_482	6_487	99.771	873	2	0	1	873	1	873	0.0	1736
3_482	6_457	25.306	245	154	5	1	221	10	249	2.27e-14	72.0
3_482	6_335	24.427	393	235	13	7	361	26	394	1.38e-12	65.9
3_482	6_308	27.083	240	153	8	1	220	18	255	2.37e-10	58.5
3_482	6_331	25.659	569	340	24	30	560	62	585	1.84e-08	52.4
3_482	6_509	27.004	237	148	7	3	224	13	239	4.69e-08	51.2
3_483	6_1	99.830	589	1	0	1	589	1	589	0.0	1145
3_483	6_125	26.087	460	272	17	51	492	10	419	1.34e-21	92.8
3_484	6_489	99.516	620	3	0	1	620	1	620	0.0	1242
3_485	6_490	99.223	386	3	0	1	386	1	386	0.0	755
3_485	6_224	30.725	345	183	9	5	304	8	341	3.53e-38	137
3_485	6_497	40.146	137	82	0	166	302	481	617	1.73e-31	120
3_485	6_497	30.088	113	70	2	7	110	38	150	1.72e-11	60.1
3_485	6_358	37.363	91	57	0	194	284	619	709	1.57e-15	72.8
3_485	6_268	25.714	280	163	5	6	283	8	244	4.97e-15	68.9
3_485	6_391	33.333	90	60	0	194	283	282	371	7.14e-15	70.1
3_485	6_55	24.779	226	119	3	27	252	84	258	7.55e-14	66.2
3_485	6_171	33.571	140	82	4	143	279	90	221	3.35e-12	60.5
3_485	6_203	23.404	141	104	2	164	303	251	388	1.35e-11	60.1
3_485	6_31	25.723	311	162	12	27	307	27	298	1.78e-11	58.9
3_485	6_246	24.221	289	161	9	8	292	2	236	5.02e-11	57.4
3_485	6_52	27.778	126	87	2	176	297	142	267	1.11e-10	57.0
3_485	6_462	29.333	150	99	3	129	273	60	207	5.10e-10	55.5
3_485	6_462	43.636	55	31	0	8	62	2	56	6.63e-06	42.4
3_485	6_303	23.420	269	153	9	30	296	29	246	6.37e-10	55.1
3_485	6_303	32.609	92	57	2	184	271	399	489	7.05e-07	45.4
3_485	6_461	30.986	142	89	5	128	263	59	197	8.59e-10	54.7
3_485	6_461	52.778	36	17	0	27	62	21	56	2.62e-05	40.4
3_485	6_191	34.483	87	53	2	183	268	119	202	1.01e-08	51.6
3_485	6_191	31.579	95	58	3	8	95	2	96	8.15e-04	35.8
3_485	6_67	28.030	132	86	4	146	271	356	484	2.02e-07	47.0
3_485	6_300	29.412	85	52	2	172	251	441	522	3.05e-06	43.5
3_485	6_474	38.000	100	46	5	1	95	327	415	9.47e-05	38.5
3_485	6_248	27.174	92	64	1	188	276	443	534	2.47e-04	37.4
3_485	6_408	45.588	68	27	4	4	69	465	524	2.84e-04	37.4
3_485	6_516	50.000	46	23	0	8	53	325	370	3.91e-04	36.6
3_486	6_498	98.387	62	1	0	4	65	1	62	1.54e-41	124
3_487	6_499	99.678	931	3	0	1	931	1	931	0.0	1837
3_487	6_334	26.941	219	124	7	9	225	17	201	6.28e-08	50.8
3_487	6_458	22.680	388	252	14	2	352	7	383	1.38e-05	43.1
3_487	6_508	30.864	162	92	7	60	208	55	209	1.92e-05	42.7
3_488	6_496	99.689	322	1	0	1	322	1	322	0.0	649
3_489	6_495	98.789	743	2	1	1	743	1	736	0.0	1458
3_489	6_218	25.878	769	431	26	6	727	16	692	2.46e-44	164
3_490	6_308	99.607	1018	4	0	1	1018	1	1018	0.0	1973
3_490	6_335	27.281	1052	661	31	6	991	1	1014	3.55e-81	281
3_490	6_457	33.566	286	180	5	11	289	3	285	2.44e-35	140
3_490	6_457	31.724	290	137	11	545	783	743	1022	3.71e-23	100
3_490	6_457	32.231	121	72	5	361	474	477	594	1.77e-05	43.1
3_490	6_487	27.083	240	153	8	18	255	1	220	5.56e-10	57.8
3_490	6_509	21.973	801	471	31	11	699	2	760	6.50e-09	54.3
3_490	6_331	25.112	446	278	14	14	436	18	430	1.69e-07	49.7
3_491	6_33	99.631	271	1	0	1	271	1	271	0.0	534
3_492	6_560	92.593	162	12	0	1	162	305	466	4.64e-103	298
3_492	6_522	84.375	160	25	0	3	162	323	482	3.15e-83	248
3_492	6_501	81.481	162	29	1	5	166	257	417	4.84e-83	246
3_492	6_463	50.000	138	67	2	1	138	392	527	4.44e-39	134
3_492	6_564	71.930	57	16	0	5	61	225	281	5.35e-25	92.4
3_492	6_561	71.186	59	16	1	3	61	305	362	1.68e-22	87.0
3_492	6_562	75.472	53	12	1	5	57	268	319	4.11e-22	85.5
3_493	6_559	99.757	411	1	0	249	659	1	411	0.0	837
3_493	6_543	100.000	238	0	0	1	238	1	238	5.53e-167	472
3_494	6_272	98.347	121	2	0	1	121	1	121	1.25e-78	222
3_495	6_494	99.836	1217	2	0	1	1217	1	1217	0.0	2487
3_496	6_72	98.561	139	2	0	1	139	1	139	3.17e-98	273
3_497	6_558	99.420	345	2	0	200	544	16	360	0.0	699
3_497	6_520	68.337	439	129	5	108	544	1	431	0.0	582
3_497	6_519	99.020	204	2	0	1	204	1	204	3.66e-140	398
3_497	6_371	32.545	550	296	17	17	544	18	514	6.70e-74	239
3_497	6_372	34.989	463	244	11	107	544	204	634	7.41e-73	239
3_497	6_529	30.373	563	310	18	26	543	89	614	1.03e-51	181
3_497	6_18	31.183	465	254	14	116	542	97	533	9.24e-50	175
3_498	6_486	99.427	524	3	0	1	524	1	524	0.0	1009
3_498	6_336	24.301	465	302	18	4	429	9	462	2.06e-13	67.0
3_499	6_58	99.646	565	2	0	1	565	1	565	0.0	1096
3_500	6_59	97.333	75	2	0	1	75	1	75	2.53e-50	147
3_500	6_427	71.667	60	17	0	3	62	8	67	6.62e-25	90.5
3_500	6_464	70.732	41	12	0	22	62	45	85	4.50e-16	65.5
3_500	6_492	50.909	55	20	2	21	75	26	73	4.42e-09	45.8
3_501	6_562	96.284	296	11	0	1	296	24	319	0.0	580
3_501	6_501	51.733	404	146	9	1	402	58	414	7.80e-108	319
3_501	6_560	51.345	409	148	15	1	401	101	466	8.48e-102	305
3_501	6_522	48.193	415	151	10	1	401	118	482	9.64e-96	290
3_501	6_463	33.911	404	207	11	1	397	203	553	7.89e-50	171
3_501	6_564	31.366	322	146	12	1	300	13	281	4.32e-32	117
3_501	6_561	75.000	56	14	0	245	300	307	362	1.13e-23	95.9
3_501	6_561	50.000	42	21	0	1	42	77	118	2.75e-07	46.6
3_502	6_427	98.206	223	4	0	1	223	1	223	5.63e-153	439
3_502	6_464	52.479	242	94	3	1	223	1	240	1.01e-76	241
3_502	6_492	37.333	225	137	4	1	223	1	223	2.19e-39	138
3_502	6_59	70.492	61	18	0	8	68	3	63	2.46e-26	92.4
3_503	6_502	100.000	55	0	0	1	55	1	55	5.49e-35	107
3_504	6_503	100.000	288	0	0	1	288	1	288	0.0	563
3_505	6_518	100.000	396	0	0	1	396	1	396	0.0	807
3_506	6_521	100.000	516	0	0	1	516	1	516	0.0	1031
3_507	6_510	98.285	583	3	1	1	576	1	583	0.0	1121
3_507	6_459	28.000	400	244	15	181	568	122	489	4.96e-23	97.1
3_508	6_509	98.192	1825	28	4	1	1823	1	1822	0.0	3594
3_508	6_335	24.729	554	306	21	4	509	6	496	1.52e-13	70.5
3_508	6_457	26.556	241	150	8	1	221	1	234	6.89e-11	62.0
3_508	6_457	27.778	144	84	6	851	983	974	1108	0.001	38.5
3_508	6_308	22.057	807	464	33	2	761	11	699	1.72e-09	57.0
3_508	6_487	27.426	237	147	7	13	239	3	224	1.71e-08	53.9
3_508	6_331	22.944	462	296	16	5	453	16	430	2.33e-04	40.4
3_509	6_508	95.455	1386	30	4	1	1354	1	1385	0.0	2630
3_509	6_334	29.677	155	101	3	10	162	13	161	1.39e-12	66.6
3_509	6_458	28.931	159	100	4	2	150	6	161	1.02e-10	60.8
3_509	6_412	26.923	156	100	7	7	156	12	159	4.34e-07	48.9
3_509	6_499	30.864	162	92	7	55	209	60	208	2.88e-05	42.7
3_510	6_534	99.275	138	1	0	1	138	319	456	1.23e-92	270
3_511	6_506	99.127	229	2	0	1	229	1	229	2.35e-166	453
3_512	6_505	99.031	413	4	0	1	413	1	413	0.0	790
3_513	6_334	98.414	1072	14	3	1	1069	1	1072	0.0	2110
3_513	6_412	28.820	1093	649	30	13	1067	17	1018	3.13e-113	370
3_513	6_458	29.947	374	210	11	5	335	7	371	1.41e-29	121
3_513	6_458	24.265	408	219	16	445	777	584	976	2.24e-10	59.3
3_513	6_508	29.677	155	101	3	13	161	10	162	3.30e-13	68.6
3_513	6_499	27.523	218	124	7	17	201	9	225	3.44e-08	52.0
3_514	6_504	99.620	263	1	0	1	263	1	263	0.0	511
3_514	6_149	33.846	65	33	4	113	171	5	65	1.70e-04	37.0
3_514	6_135	35.000	60	27	2	113	164	159	214	3.39e-04	35.8
3_514	6_382	29.524	105	66	3	113	212	9	110	3.68e-04	35.8
3_515	6_142	99.396	331	2	0	1	331	1	331	0.0	663
3_516	6_516	99.437	533	3	0	1	533	1	533	0.0	1032
3_516	6_300	29.175	521	347	9	16	520	19	533	1.86e-48	171
3_516	6_456	29.468	526	315	21	20	520	27	521	3.58e-25	103
3_516	6_474	35.407	209	123	6	319	520	328	531	9.07e-24	99.4
3_516	6_246	32.057	209	122	8	324	517	1	204	9.83e-14	66.2
3_516	6_462	28.365	208	110	6	324	512	1	188	5.60e-11	59.3
3_516	6_248	28.342	187	110	5	324	486	1	187	1.89e-10	57.4
3_516	6_303	29.545	220	114	7	320	513	2	206	2.41e-10	57.0
3_516	6_191	27.570	214	128	8	324	525	1	199	2.20e-09	54.3
3_516	6_171	28.646	192	103	6	340	513	22	197	3.83e-09	52.0
3_516	6_461	28.866	194	127	6	324	512	1	188	6.09e-09	53.1
3_516	6_408	28.042	189	107	7	317	489	462	637	6.55e-09	52.8
3_516	6_224	36.232	69	44	0	324	392	10	78	2.25e-07	47.8
3_516	6_224	32.710	107	55	3	419	514	193	293	9.22e-06	42.4
3_516	6_55	25.405	185	120	5	339	510	79	258	3.30e-07	46.6
3_516	6_497	34.247	73	48	0	322	394	36	108	4.87e-07	47.0
3_516	6_497	28.788	132	78	6	393	515	448	572	5.07e-05	40.4
3_516	6_391	29.412	85	53	2	308	388	30	111	1.34e-04	38.9
3_516	6_490	50.000	46	23	0	325	370	8	53	6.82e-04	36.6
3_516	6_67	43.182	44	25	0	343	386	26	69	7.03e-04	36.6
3_516	6_52	26.341	205	122	8	339	519	29	228	7.26e-04	36.2
3_516	6_358	37.313	67	38	2	449	511	612	678	8.73e-04	36.2
3_517	6_517	99.313	582	4	0	1	582	1	582	0.0	1153
3_517	6_348	35.264	397	210	11	37	417	60	425	2.97e-54	194
3_517	6_549	30.151	398	207	11	37	409	23	374	7.22e-40	150
3_518	6_541	87.500	120	13	1	1	118	3	122	5.36e-64	205
3_519	6_511	96.435	589	21	0	1	589	1	589	0.0	1127
3_520	6_19	99.664	298	1	0	1	298	1	298	0.0	602
3_521	6_513	99.296	284	2	0	1	284	1	284	0.0	571
3_521	6_415	37.143	105	61	3	37	141	22	121	3.38e-14	65.9
3_522	6_520	93.735	431	21	1	86	510	1	431	0.0	809
3_522	6_558	65.789	342	108	4	176	510	21	360	3.83e-154	439
3_522	6_372	39.362	470	235	15	64	508	188	632	2.32e-80	258
3_522	6_371	35.785	503	257	20	36	508	46	512	3.48e-74	239
3_522	6_529	36.294	394	222	9	125	509	241	614	4.78e-60	203
3_522	6_519	56.497	177	67	3	1	171	27	199	1.84e-55	179
3_522	6_18	31.614	446	261	9	96	508	99	533	1.17e-51	179
3_523	6_561	98.876	89	1	0	16	104	1	89	1.79e-58	178
3_523	6_522	74.510	102	24	1	3	104	31	130	9.28e-50	159
3_523	6_560	76.596	94	20	1	11	104	22	113	3.36e-47	152
3_523	6_463	81.250	96	18	0	9	104	120	215	2.37e-44	145
3_523	6_501	80.597	67	13	0	37	103	3	69	1.83e-33	114
3_523	6_562	100.000	36	0	0	69	104	1	36	6.49e-19	74.3
3_523	6_564	100.000	25	0	0	80	104	1	25	1.38e-11	53.9
3_524	6_556	99.639	277	1	0	1	277	1	277	0.0	542
3_525	6_524	100.000	86	0	0	1	86	1	86	1.32e-59	171
3_526	6_526	100.000	278	0	0	1	278	1	278	0.0	536
3_526	6_500	24.364	275	181	13	5	260	32	298	1.88e-09	52.0
3_527	6_530	99.677	620	2	0	1	620	1	620	0.0	1246
3_528	6_527	100.000	40	0	0	1	40	1	40	7.77e-22	73.2
3_529	6_220	97.917	48	1	0	19	66	1	48	4.39e-28	96.3
3_530	6_533	99.164	359	3	0	1	359	1	359	0.0	716
3_531	6_536	100.000	139	0	0	4	142	15	153	5.45e-99	276
3_531	6_355	31.111	135	91	1	4	136	167	301	3.10e-17	71.6
3_532	6_525	99.745	392	1	0	1	392	1	392	0.0	790
3_533	6_540	99.351	154	1	0	1	154	1	154	2.75e-107	297
3_534	6_560	55.200	125	49	4	1	122	347	467	3.03e-34	118
3_534	6_463	49.593	123	56	2	4	121	436	557	2.32e-32	114
3_534	6_501	50.820	122	57	2	1	121	294	413	7.08e-32	111
3_534	6_522	64.865	74	26	0	1	74	363	436	1.18e-29	105
3_534	6_564	68.421	19	6	0	1	19	263	281	5.03e-04	33.1
3_534	6_561	68.421	19	6	0	1	19	344	362	6.71e-04	32.7
3_535	6_523	99.639	277	1	0	1	277	1	277	0.0	538
3_536	6_535	98.907	183	2	0	1	183	1	183	3.75e-124	342
3_537	6_528	100.000	591	0	0	1	591	1	591	0.0	1170
3_538	6_532	98.821	509	6	0	68	576	1	509	0.0	983
3_538	6_191	26.722	363	209	17	40	382	252	577	1.34e-09	55.1
3_539	6_220	100.000	154	0	0	1	154	110	263	6.27e-110	308
3_540	6_529	96.830	631	3	3	1	628	1	617	0.0	1202
3_540	6_371	39.794	485	270	6	148	625	44	513	8.20e-108	331
3_540	6_372	43.155	431	226	5	212	625	205	633	1.41e-106	331
3_540	6_520	36.476	403	226	10	244	625	37	430	2.13e-60	202
3_540	6_18	30.260	423	247	9	243	624	118	533	7.14e-47	168
3_540	6_558	33.429	350	190	9	306	625	23	359	7.60e-44	155
3_541	6_552	96.804	219	7	0	2	220	121	339	2.85e-158	436
3_541	6_355	29.717	212	145	4	9	220	402	609	1.96e-28	107
3_542	6_56	99.296	284	2	0	1	284	40	323	0.0	553
3_543	6_542	99.353	309	2	0	1	309	6	314	0.0	584
3_543	6_273	21.818	220	157	6	100	304	1	220	1.66e-05	39.7
3_544	6_549	99.466	936	5	0	1	936	1	936	0.0	1810
3_544	6_348	30.460	870	556	19	8	858	45	884	5.41e-89	306
3_544	6_517	30.402	398	206	11	23	374	37	409	6.53e-40	151
3_545	6_381	80.000	180	3	1	1	180	34	180	8.74e-97	273
3_546	6_551	98.039	255	5	0	1	255	1	255	4.13e-176	480
3_547	6_552	96.491	114	2	1	1	114	1	112	7.73e-72	213
3_548	6_27	98.202	723	10	1	1	720	3	725	0.0	1401
3_548	6_313	42.857	56	28	1	13	64	8	63	2.87e-07	47.4
3_548	6_29	32.381	105	65	3	74	174	37	139	2.25e-05	41.2
3_549	6_553	99.894	945	1	0	1	945	1	945	0.0	1895
3_550	6_89	99.005	201	2	0	1	201	1	201	1.32e-140	385
3_551	6_300	62.434	189	71	0	3	191	351	539	1.68e-75	231
3_551	6_516	37.017	181	111	3	6	185	342	520	1.11e-25	97.8
3_551	6_456	33.511	188	119	4	5	190	343	526	1.68e-25	97.4
3_551	6_474	37.500	192	112	3	3	190	349	536	1.54e-22	89.0
3_551	6_171	30.286	175	111	5	6	174	24	193	6.09e-14	62.8
3_551	6_55	26.882	186	117	6	2	174	78	257	1.99e-12	59.3
3_551	6_246	33.333	192	102	8	12	188	28	208	4.99e-12	57.8
3_551	6_191	30.481	187	104	8	3	177	16	188	2.07e-11	56.6
3_551	6_408	30.636	173	105	6	19	182	499	665	3.82e-11	55.8
3_551	6_67	30.337	178	108	4	9	174	28	201	1.60e-10	53.9
3_551	6_303	24.479	192	130	7	4	182	22	211	5.25e-10	52.4
3_551	6_303	38.158	76	39	4	99	170	396	467	2.28e-04	35.8
3_551	6_462	28.889	180	116	5	3	177	16	188	9.60e-10	51.6
3_551	6_461	27.684	177	117	5	3	175	16	185	6.73e-08	46.2
3_551	6_224	35.652	115	65	5	66	177	185	293	1.09e-07	45.4
3_551	6_358	38.983	59	33	1	119	174	618	676	1.47e-06	42.4
3_551	6_497	38.298	47	29	0	104	150	493	539	3.04e-06	41.6
3_551	6_248	24.771	218	128	8	3	191	16	226	4.20e-06	40.8
3_551	6_490	30.952	84	50	2	94	174	173	251	1.23e-05	39.3
3_551	6_391	37.288	59	34	1	119	174	281	339	5.98e-05	37.4
3_552	6_557	99.735	378	1	0	1	378	1	378	0.0	731
3_553	6_547	98.971	486	5	0	1	486	1	486	0.0	958
3_554	6_290	100.000	210	0	0	37	246	1	210	7.52e-154	421
3_554	6_92	25.654	191	131	5	54	237	28	214	5.37e-10	52.4
3_555	6_412	99.544	658	3	0	1	658	1	658	0.0	1291
3_555	6_334	28.882	689	436	14	1	644	1	680	2.05e-67	234
3_555	6_458	32.258	248	151	8	13	248	10	252	4.80e-24	102
3_555	6_508	26.923	156	100	7	12	159	7	156	4.98e-07	47.4
3_556	6_484	99.604	505	2	0	1	505	6	510	0.0	1031
3_557	6_560	95.122	123	6	0	1	123	1	123	7.27e-77	230
3_557	6_522	95.455	110	5	0	14	123	31	140	3.66e-72	218
3_557	6_561	67.619	105	32	1	27	129	1	105	2.93e-45	145
3_557	6_463	68.142	113	34	1	20	130	120	232	1.78e-42	142
3_557	6_501	82.278	79	14	0	44	122	1	79	1.13e-41	137
3_557	6_562	76.000	50	11	1	78	127	1	49	1.51e-19	77.0
3_557	6_564	72.500	40	10	1	89	128	1	39	1.75e-13	60.1
3_558	6_563	100.000	169	0	0	1	169	1	169	6.86e-126	346
3_559	6_561	99.329	298	2	0	1	298	65	362	0.0	598
3_559	6_501	40.728	302	140	6	1	298	46	312	9.25e-56	181
3_559	6_564	36.909	317	145	15	1	298	1	281	4.71e-41	139
3_559	6_463	36.013	311	136	10	1	298	191	451	2.86e-37	134
3_559	6_522	33.538	325	140	13	1	298	106	381	5.22e-33	121
3_559	6_560	64.384	73	22	2	227	298	296	365	1.78e-22	91.7
3_559	6_560	54.386	57	23	1	1	54	89	145	1.86e-11	58.9
3_559	6_562	57.333	75	30	1	220	294	247	319	5.75e-22	88.6
3_559	6_562	60.784	51	20	0	1	51	12	62	3.52e-14	66.2
3_560	6_564	99.644	281	1	0	1	281	1	281	0.0	573
3_560	6_522	51.064	282	131	4	1	281	106	381	4.28e-93	278
3_560	6_560	48.754	281	140	3	1	281	89	365	2.54e-86	260
3_560	6_463	41.724	290	131	12	1	281	191	451	4.68e-48	162
3_560	6_561	37.224	317	144	15	1	281	65	362	1.28e-41	142
3_560	6_562	34.169	319	157	10	1	277	12	319	1.68e-37	130
3_560	6_501	34.615	286	163	10	1	281	46	312	5.13e-32	117
3_561	6_390	99.387	489	3	0	2	490	1	489	0.0	978
3_561	6_417	27.500	160	109	3	146	301	110	266	7.74e-12	61.6
3_561	6_417	46.809	47	22	1	440	483	489	535	3.77e-08	50.1
3_561	6_435	23.176	466	288	19	52	484	14	442	1.35e-10	57.8
3_562	6_565	99.346	153	1	0	1	153	65	217	2.18e-112	313
3_564	6_566	99.410	339	2	0	1	339	1	339	0.0	696
