30_0	32_0	100.000	220	0	0	1	220	1	220	1.17e-157	430
30_1	32_4	100.000	160	0	0	1	160	1	160	2.99e-112	311
30_2	32_110	100.000	227	0	0	1	227	1	227	5.26e-165	449
30_3	32_49	99.438	356	2	0	1	356	1	356	0.0	719
30_4	32_130	99.705	679	2	0	1	679	1	679	0.0	1337
30_4	32_377	28.522	291	174	7	357	633	225	495	2.60e-14	70.5
30_4	32_374	30.368	326	180	16	349	653	217	516	4.21e-13	66.6
30_4	32_214	29.193	161	93	4	500	652	38	185	1.38e-10	57.0
30_4	32_329	31.548	168	92	7	501	659	369	522	1.64e-10	58.5
30_4	32_528	31.214	173	96	8	499	663	32	189	2.61e-09	54.7
30_4	32_253	29.861	144	87	6	501	637	98	234	7.84e-09	52.4
30_4	32_375	31.176	170	93	7	499	659	365	519	8.64e-09	53.1
30_4	32_500	25.243	206	129	8	470	660	2	197	2.45e-07	47.4
30_4	32_552	31.707	164	100	5	499	660	32	185	3.83e-07	47.8
30_4	32_527	25.137	183	123	5	499	677	32	204	9.81e-07	46.6
30_4	32_519	25.000	172	102	5	499	660	32	186	1.48e-06	45.8
30_4	32_509	30.769	117	65	3	571	671	80	196	1.04e-05	42.0
30_4	32_152	26.341	205	116	8	470	660	2	185	1.11e-05	43.1
30_4	32_418	44.000	50	24	1	602	647	127	176	5.87e-05	40.8
30_4	32_265	22.941	170	118	5	499	659	37	202	8.13e-05	40.0
30_4	32_417	38.095	63	31	2	602	660	127	185	9.12e-05	40.0
30_4	32_133	25.114	219	139	9	470	666	2	217	1.13e-04	39.7
30_4	32_357	37.931	58	32	1	594	647	119	176	1.23e-04	39.7
30_4	32_16	24.870	193	103	9	497	659	36	216	1.33e-04	38.9
30_4	32_69	25.568	176	113	6	499	660	42	213	2.72e-04	37.7
30_4	32_520	33.898	59	39	0	602	660	127	185	5.80e-04	37.7
30_5	32_223	99.600	250	1	0	1	250	1	250	0.0	504
30_5	32_395	30.049	203	131	4	3	203	121	314	7.32e-17	73.6
30_6	32_516	99.600	250	1	0	1	250	1	250	4.09e-177	482
30_7	32_632	97.601	542	13	0	1	542	1	542	0.0	1063
30_8	32_395	98.261	345	6	0	1	345	1	345	0.0	696
30_8	32_223	30.542	203	130	4	121	314	3	203	3.28e-17	75.1
30_9	32_186	100.000	197	0	0	1	197	1	197	6.67e-140	384
30_10	32_475	99.860	715	1	0	1	715	1	715	0.0	1436
30_11	32_378	97.603	584	13	1	1	583	1	584	0.0	1153
30_12	32_522	98.025	1975	39	0	1	1975	1	1975	0.0	3867
30_13	32_64	98.291	117	2	0	1	117	1	117	1.45e-80	227
30_14	32_445	93.939	693	42	0	1	693	1	693	0.0	1303
30_14	32_580	33.784	666	384	13	28	689	43	655	3.60e-87	282
30_14	32_366	95.455	110	5	0	584	693	106	215	4.64e-65	209
30_14	32_366	91.892	111	9	0	1	111	1	111	7.74e-61	198
30_15	32_564	94.454	559	20	3	1	554	1	553	0.0	1063
30_15	32_305	50.351	570	214	12	1	552	1	519	3.52e-176	503
30_15	32_603	28.526	631	348	17	1	554	1	605	1.38e-70	233
30_15	32_427	32.432	518	299	16	54	550	128	615	4.62e-68	226
30_15	32_585	31.148	427	241	12	163	554	130	538	3.71e-51	179
30_16	32_327	99.129	459	4	0	1	459	1	459	0.0	936
30_17	32_639	99.835	607	1	0	1	607	1	607	0.0	1219
30_18	32_215	99.770	870	2	0	1	870	1	870	0.0	1749
30_19	32_665	99.756	818	2	0	1	818	1	818	0.0	1670
30_19	32_372	26.248	621	341	22	251	808	244	810	5.07e-40	153
30_20	32_372	98.905	822	9	0	1	822	1	822	0.0	1664
30_20	32_665	25.926	621	343	21	244	810	251	808	1.09e-32	130
30_21	32_580	48.052	77	37	2	55	130	581	655	1.02e-15	67.4
30_21	32_445	41.667	84	43	3	52	131	609	690	3.61e-14	62.8
30_21	32_366	41.667	84	43	3	52	131	131	212	6.06e-14	60.8
30_23	32_336	100.000	175	0	0	1	175	1	175	2.34e-124	342
30_24	32_603	95.462	617	23	2	1	612	1	617	0.0	1170
30_24	32_427	38.215	437	249	5	163	597	199	616	7.99e-100	312
30_24	32_564	29.677	620	336	19	8	600	7	553	4.29e-72	237
30_24	32_305	29.614	466	258	10	165	596	88	517	3.91e-58	199
30_24	32_585	29.148	446	250	11	198	600	116	538	5.48e-48	171
30_25	32_342	100.000	86	0	0	1	86	1	86	1.00e-59	172
30_26	32_462	99.792	962	2	0	14	975	4	965	0.0	1921
