4_0	5_1	100.000	96	0	0	1	96	1	96	8.89e-66	188
4_1	5_487	99.091	110	1	0	1	110	1	110	3.00e-79	223
4_2	5_4	100.000	290	0	0	1	290	1	290	0.0	578
4_2	5_389	32.707	266	148	14	23	264	25	283	1.72e-24	95.1
4_3	5_461	98.008	251	5	0	1	251	1	251	1.82e-177	483
4_4	5_460	99.851	673	1	0	1	673	1	673	0.0	1347
4_4	5_43	22.437	517	375	10	6	512	10	510	4.94e-32	127
4_5	5_7	100.000	189	0	0	1	189	1	189	2.87e-140	384
4_6	5_191	100.000	101	0	0	1	101	235	335	1.76e-68	203
4_6	5_8	44.737	76	41	1	13	87	245	320	1.24e-13	59.7
4_7	5_9	100.000	152	0	0	1	152	1	152	1.18e-110	306
4_8	5_10	100.000	619	0	0	1	619	1	619	0.0	1249
4_9	5_11	100.000	378	0	0	1	378	1	378	0.0	754
4_10	5_459	99.784	463	1	0	1	463	1	463	0.0	922
4_11	5_12	100.000	47	0	0	1	47	1	47	3.57e-30	94.7
4_12	5_16	100.000	50	0	0	1	50	1	50	3.78e-32	99.8
4_12	5_180	35.556	45	26	1	6	50	5	46	1.46e-04	30.0
4_13	5_17	100.000	146	0	0	1	146	1	146	2.30e-105	292
4_14	5_18	100.000	295	0	0	1	295	1	295	0.0	590
4_15	5_20	100.000	289	0	0	1	289	1	289	0.0	559
4_16	5_21	100.000	225	0	0	1	225	1	225	3.09e-168	457
4_17	5_309	99.823	564	1	0	1	564	1	564	0.0	1103
4_17	5_384	32.104	461	249	12	95	533	216	634	1.07e-53	188
4_17	5_398	31.614	446	261	9	99	533	122	534	2.01e-51	179
4_17	5_399	31.183	465	254	14	97	533	116	542	9.88e-50	175
4_17	5_528	30.496	423	246	10	118	533	229	610	1.73e-47	170
4_17	5_383	30.496	423	234	11	131	540	144	519	2.27e-44	160
4_18	5_24	100.000	408	0	0	1	408	1	408	0.0	825
4_19	5_310	99.468	188	1	0	1	188	1	188	3.29e-138	378
4_20	5_29	100.000	413	0	0	1	413	1	413	0.0	841
4_21	5_30	100.000	177	0	0	1	177	1	177	2.07e-130	358
4_22	5_32	100.000	111	0	0	1	111	1	111	2.61e-77	218
4_23	5_34	100.000	211	0	0	1	211	1	211	2.47e-155	424
4_24	5_318	98.462	65	1	0	1	65	1	65	3.20e-44	131
4_25	5_40	100.000	280	0	0	1	280	1	280	0.0	562
4_26	5_41	100.000	269	0	0	1	269	1	269	0.0	537
4_26	5_396	26.568	271	164	13	4	258	3	254	5.56e-07	44.7
4_26	5_137	24.074	270	159	9	1	246	1	248	2.79e-06	42.0
4_26	5_224	32.203	59	40	0	188	246	183	241	1.09e-04	37.4
4_26	5_376	32.877	73	43	1	180	246	186	258	1.61e-04	37.0
4_26	5_433	25.368	272	165	12	1	246	15	274	1.63e-04	36.6
4_27	5_44	100.000	114	0	0	1	114	1	114	6.37e-84	235
4_28	5_45	100.000	169	0	0	1	169	1	169	2.19e-121	334
4_29	5_46	100.000	163	0	0	1	163	1	163	1.66e-119	329
4_30	5_295	98.864	88	1	0	1	88	1	88	3.01e-59	171
4_31	5_47	100.000	639	0	0	1	639	1	639	0.0	1304
4_31	5_331	44.131	639	334	9	5	635	3	626	1.06e-169	494
4_32	5_49	100.000	171	0	0	1	171	1	171	3.85e-123	339
4_33	5_51	100.000	334	0	0	1	334	1	334	0.0	680
4_34	5_53	100.000	494	0	0	1	494	1	494	0.0	963
4_35	5_54	100.000	231	0	0	1	231	1	231	6.65e-170	462
4_36	5_531	98.551	138	2	0	222	359	1	138	6.97e-95	277
4_37	5_57	100.000	236	0	0	1	236	1	236	8.68e-176	477
4_38	5_58	100.000	186	0	0	1	186	1	186	1.35e-132	364
4_39	5_61	100.000	204	0	0	1	204	1	204	2.13e-151	413
4_40	5_62	100.000	872	0	0	1	872	1	872	0.0	1763
4_41	5_63	100.000	402	0	0	1	402	1	402	0.0	818
4_41	5_167	27.083	288	181	10	20	301	8	272	2.93e-16	75.1
4_41	5_270	32.099	162	90	3	21	182	116	257	1.78e-13	66.2
4_41	5_169	34.091	132	84	3	16	145	8	138	2.91e-13	65.9
4_42	5_65	100.000	316	0	0	1	316	1	316	0.0	632
4_43	5_363	99.751	402	1	0	1	402	1	402	0.0	804
4_44	5_365	99.673	306	1	0	1	306	1	306	0.0	607
4_45	5_291	99.740	385	1	0	1	385	1	385	0.0	767
4_45	5_139	32.877	219	139	5	160	377	106	317	2.00e-21	88.6
4_45	5_427	24.000	225	145	7	175	384	151	364	4.50e-04	36.2
4_46	5_368	99.742	775	2	0	1	775	1	775	0.0	1527
4_46	5_140	37.751	249	137	4	530	775	204	437	2.40e-43	157
4_46	5_140	39.175	97	55	2	22	115	61	156	1.70e-12	64.7
4_46	5_214	44.737	114	63	0	614	727	273	386	5.85e-30	119
4_46	5_214	31.250	96	61	2	33	123	152	247	6.61e-07	47.0
4_46	5_367	36.646	161	82	3	570	722	118	266	1.91e-24	100
4_46	5_240	32.117	137	92	1	584	720	199	334	4.66e-20	88.2
4_46	5_290	26.761	142	97	3	584	725	480	614	2.38e-17	80.9
4_46	5_290	28.049	164	100	5	12	158	42	204	2.36e-07	48.5
4_46	5_37	39.091	110	66	1	599	708	140	248	2.59e-16	75.1
4_46	5_485	37.363	91	57	0	619	709	194	284	2.85e-15	72.8
4_46	5_267	36.275	102	64	1	607	708	127	227	6.62e-15	70.5
4_46	5_267	33.333	75	43	3	27	100	23	91	7.68e-04	36.6
4_46	5_286	30.508	118	73	2	597	706	134	250	1.50e-13	65.9
4_46	5_283	31.000	100	68	1	607	706	188	286	3.65e-13	65.5
4_46	5_186	30.108	93	64	1	615	707	133	224	1.91e-11	59.3
4_46	5_186	40.426	47	28	0	23	69	21	67	6.28e-07	45.8
4_46	5_300	34.940	83	52	1	616	698	127	207	6.24e-09	53.5
4_46	5_246	30.097	103	62	3	601	699	129	225	7.08e-08	50.1
4_46	5_246	27.723	101	72	1	616	716	410	509	2.13e-05	42.0
4_46	5_486	30.476	105	65	2	618	722	129	225	5.26e-07	47.4
4_46	5_299	27.957	93	65	1	597	689	108	198	6.82e-07	47.0
4_46	5_480	38.983	59	33	1	618	676	467	522	7.06e-07	47.0
4_46	5_80	25.532	94	63	2	609	699	398	487	8.11e-06	43.5
4_46	5_481	36.508	63	34	2	38	96	364	424	1.05e-04	39.7
4_46	5_346	33.333	102	63	3	601	700	476	574	1.39e-04	39.7
4_46	5_545	36.765	68	39	2	612	679	137	200	7.00e-04	36.2
4_46	5_268	28.169	71	47	1	619	689	449	515	0.001	36.6
4_47	5_388	99.567	231	1	0	1	231	1	231	4.53e-170	462
4_48	5_66	100.000	73	0	0	1	73	1	73	5.46e-53	154
4_49	5_68	100.000	271	0	0	1	271	1	271	0.0	552
4_50	5_69	100.000	110	0	0	1	110	1	110	2.07e-78	221
4_51	5_403	99.646	565	2	0	1	565	1	565	0.0	1096
4_52	5_70	100.000	220	0	0	1	220	1	220	9.70e-158	430
4_53	5_327	99.740	384	1	0	1	384	1	384	0.0	766
4_54	5_328	99.275	276	2	0	1	276	1	276	0.0	546
4_54	5_5	35.857	251	126	6	1	233	1	234	5.36e-31	112
4_55	5_72	100.000	205	0	0	1	205	1	205	1.12e-153	419
4_56	5_73	100.000	144	0	0	1	144	1	144	6.23e-107	296
4_57	5_444	99.635	274	1	0	1	274	1	274	0.0	558
4_58	5_445	99.556	225	1	0	1	225	1	225	1.05e-162	443
4_59	5_446	99.659	293	1	0	1	293	1	293	0.0	577
4_60	5_76	100.000	118	0	0	1	118	1	118	4.07e-79	223
4_61	5_78	100.000	97	0	0	1	97	1	97	1.98e-67	192
4_62	5_452	99.802	505	1	0	1	505	1	505	0.0	1028
4_63	5_79	100.000	184	0	0	1	184	1	184	1.24e-136	374
4_64	5_80	100.000	508	0	0	1	508	1	508	0.0	1011
4_64	5_246	30.469	512	327	14	12	505	11	511	2.24e-54	186
4_64	5_186	35.349	215	114	6	26	231	25	223	1.20e-23	94.4
4_64	5_186	32.051	78	53	0	407	484	136	213	7.16e-07	45.1
4_64	5_299	32.673	202	122	5	12	211	6	195	8.64e-16	74.7
4_64	5_486	29.630	216	130	6	8	217	2	201	1.74e-13	67.4
4_64	5_37	29.464	224	131	5	22	224	22	239	2.48e-13	65.1
4_64	5_37	21.127	213	161	4	277	484	26	236	2.44e-04	37.4
4_64	5_300	29.524	210	134	5	12	221	10	205	1.12e-12	64.7
4_64	5_300	28.326	233	135	9	261	487	2	208	4.82e-09	53.1
4_64	5_267	32.143	196	124	6	31	223	28	217	9.99e-12	60.1
4_64	5_268	26.271	236	145	9	8	221	2	230	5.98e-10	55.8
4_64	5_268	32.432	74	47	2	149	222	453	523	3.13e-04	37.4
4_64	5_283	25.405	185	119	6	26	201	83	257	9.80e-09	51.2
4_64	5_283	23.387	248	159	10	244	487	59	279	1.11e-05	41.6
4_64	5_214	28.444	225	127	11	23	224	145	358	1.79e-08	50.8
4_64	5_214	25.106	235	140	8	278	493	147	364	1.20e-05	42.0
4_64	5_290	30.476	105	70	1	7	111	38	139	3.49e-08	50.4
4_64	5_290	25.974	77	56	1	407	482	508	584	4.58e-04	37.0
4_64	5_480	31.148	183	104	8	26	201	355	522	3.63e-08	50.1
4_64	5_485	28.788	132	85	4	356	484	146	271	1.09e-07	48.1
4_64	5_240	30.488	82	54	2	407	486	232	312	3.88e-07	46.6
4_64	5_240	28.333	60	43	0	8	67	11	70	4.21e-04	37.0
4_64	5_286	23.148	216	153	7	14	220	20	231	1.88e-06	43.9
4_64	5_286	24.180	244	146	10	277	503	30	251	2.55e-04	37.4
4_64	5_368	25.532	94	63	2	398	487	609	699	5.79e-06	43.1
4_64	5_481	26.136	176	110	6	36	205	363	524	1.22e-05	42.0
4_64	5_140	25.954	131	94	2	357	484	229	359	1.30e-05	42.0
4_64	5_367	25.000	236	148	10	273	493	28	249	3.27e-04	37.4
4_64	5_545	28.492	179	117	6	26	203	31	199	3.97e-04	36.6
4_65	5_454	99.670	303	1	0	1	303	1	303	0.0	575
4_65	5_307	31.050	219	119	5	18	216	79	285	1.56e-11	59.3
4_66	5_81	100.000	184	0	0	1	184	1	184	6.02e-138	377
4_67	5_82	100.000	89	0	0	1	89	1	89	2.32e-60	174
4_68	5_83	100.000	165	0	0	1	165	1	165	6.27e-118	325
4_69	5_84	100.000	1411	0	0	1	1411	1	1411	0.0	2888
4_70	5_85	100.000	139	0	0	1	139	1	139	1.61e-99	276
4_72	5_87	100.000	214	0	0	1	214	1	214	2.67e-154	421
4_73	5_329	99.842	632	1	0	1	632	1	632	0.0	1285
4_74	5_88	100.000	120	0	0	1	120	1	120	5.66e-85	238
4_75	5_89	100.000	227	0	0	1	227	1	227	1.90e-169	461
4_76	5_90	100.000	87	0	0	1	87	1	87	1.75e-62	179
4_77	5_408	99.688	321	1	0	1	321	1	321	0.0	641
4_77	5_543	41.379	58	30	1	8	65	13	66	1.36e-07	47.4
4_78	5_91	100.000	753	0	0	1	753	1	753	0.0	1524
4_79	5_527	100.000	154	0	0	58	211	1	154	6.86e-107	299
4_80	5_92	100.000	109	0	0	1	109	1	109	1.13e-79	224
4_81	5_93	100.000	155	0	0	1	155	1	155	7.97e-113	311
4_82	5_94	100.000	64	0	0	1	64	1	64	6.69e-43	127
4_83	5_95	100.000	116	0	0	1	116	1	116	4.00e-83	233
4_84	5_96	100.000	478	0	0	1	478	1	478	0.0	968
4_85	5_412	97.802	91	2	0	1	91	1	91	1.12e-61	177
4_86	5_97	100.000	356	0	0	1	356	1	356	0.0	721
4_87	5_413	98.990	99	1	0	1	99	1	99	3.01e-68	194
4_88	5_98	100.000	84	0	0	1	84	1	84	2.15e-57	166
4_89	5_100	100.000	369	0	0	1	369	1	369	0.0	745
4_90	5_414	99.683	315	1	0	1	315	1	315	0.0	625
4_90	5_379	21.908	283	199	6	36	309	31	300	2.07e-12	61.2
4_91	5_102	100.000	361	0	0	1	361	1	361	0.0	734
4_92	5_415	99.587	242	1	0	1	242	1	242	5.04e-175	476
4_92	5_106	26.772	127	68	4	81	203	46	151	2.74e-04	35.4
4_93	5_417	99.074	216	2	0	1	216	1	216	1.92e-145	399
4_94	5_104	100.000	216	0	0	1	216	1	216	1.03e-156	427
4_94	5_147	25.654	191	131	5	28	214	18	201	4.44e-10	52.0
4_95	5_105	100.000	193	0	0	1	193	1	193	2.81e-139	381
4_96	5_106	100.000	186	0	0	1	186	1	186	6.72e-137	375
4_96	5_415	26.772	127	68	4	46	151	81	203	2.33e-04	35.0
4_97	5_109	100.000	131	0	0	1	131	1	131	2.92e-94	263
4_98	5_110	100.000	150	0	0	1	150	1	150	1.58e-109	303
4_99	5_111	100.000	680	0	0	1	680	1	680	0.0	1347
4_99	5_481	28.070	285	183	6	358	634	225	495	1.02e-14	71.6
4_99	5_300	31.285	179	100	8	500	670	32	195	5.15e-10	57.0
4_99	5_480	31.138	167	94	7	502	660	369	522	5.52e-10	56.6
4_99	5_186	29.630	189	109	7	501	679	38	212	6.79e-10	54.7
4_99	5_545	27.717	184	120	5	464	642	6	181	8.84e-09	50.8
4_99	5_283	29.167	168	103	8	502	660	97	257	4.03e-08	50.1
4_99	5_299	24.479	192	131	5	491	678	23	204	2.42e-07	48.1
4_99	5_267	25.359	209	123	8	464	661	11	197	3.55e-07	46.6
4_99	5_246	22.353	170	119	4	500	660	37	202	4.70e-05	40.8
4_99	5_499	42.857	42	23	1	502	542	22	63	9.25e-05	36.2
4_99	5_486	24.510	204	131	6	469	670	13	195	9.26e-05	40.0
4_99	5_286	28.814	177	108	5	498	660	40	212	3.40e-04	37.4
4_99	5_485	45.588	68	27	4	466	525	4	69	4.82e-04	37.4
4_99	5_268	25.126	199	105	10	500	667	32	217	5.85e-04	37.4
4_100	5_302	99.749	398	1	0	1	398	1	398	0.0	810
4_101	5_113	100.000	332	0	0	1	332	1	332	0.0	667
4_102	5_114	100.000	134	0	0	1	134	1	134	3.25e-97	270
4_103	5_115	100.000	137	0	0	1	137	1	137	1.85e-97	271
4_104	5_116	100.000	37	0	0	1	37	1	37	1.06e-20	70.1
4_105	5_117	100.000	75	0	0	1	75	1	75	3.22e-53	154
4_106	5_118	100.000	250	0	0	1	250	1	250	0.0	511
4_106	5_470	27.451	204	135	5	3	203	121	314	1.52e-15	69.7
4_107	5_420	99.320	147	1	0	1	147	1	147	2.34e-106	295
4_108	5_324	99.174	121	1	0	1	121	1	121	8.53e-87	243
4_109	5_119	100.000	179	0	0	1	179	1	179	4.08e-130	357
4_110	5_120	100.000	131	0	0	1	131	1	131	2.17e-94	263
4_111	5_121	100.000	61	0	0	1	61	1	61	5.46e-42	125
4_112	5_122	100.000	181	0	0	1	181	1	181	5.08e-135	370
4_113	5_123	100.000	122	0	0	1	122	1	122	1.01e-84	238
4_114	5_124	100.000	121	0	0	1	121	1	121	1.54e-81	229
4_115	5_125	100.000	136	0	0	1	136	1	136	8.92e-100	277
4_116	5_126	100.000	227	0	0	1	227	1	227	2.08e-167	455
4_117	5_127	100.000	173	0	0	1	173	1	173	1.72e-125	345
4_118	5_128	100.000	90	0	0	1	90	1	90	1.41e-65	187
4_119	5_130	100.000	163	0	0	1	163	1	163	1.55e-116	322
4_120	5_132	100.000	233	0	0	1	233	1	233	3.93e-170	462
4_121	5_133	100.000	106	0	0	1	106	1	106	6.62e-75	212
4_122	5_135	100.000	184	0	0	1	184	1	184	1.64e-136	374
4_123	5_137	100.000	276	0	0	1	276	1	276	0.0	566
4_123	5_433	26.792	265	164	10	5	249	21	275	2.33e-13	63.5
4_123	5_224	23.529	272	197	8	2	272	4	265	4.39e-11	56.6
4_123	5_41	24.074	270	159	9	1	248	1	246	2.86e-06	42.0
4_123	5_376	27.397	73	51	1	2	72	7	79	4.69e-05	38.5
4_123	5_396	25.877	228	143	10	7	224	8	219	4.63e-04	35.8
4_124	5_138	100.000	442	0	0	1	442	1	442	0.0	874
4_124	5_166	35.897	156	83	4	218	368	172	315	3.54e-20	87.0
4_124	5_166	29.032	124	83	4	220	341	6	126	3.72e-06	43.1
4_124	5_108	37.705	61	35	1	218	275	5	65	5.97e-05	39.3
4_125	5_534	100.000	37	0	0	1	37	1	37	2.28e-22	75.9
4_126	5_304	99.709	344	1	0	1	344	1	344	0.0	679
4_126	5_14	24.308	325	166	12	64	333	46	345	9.16e-06	41.2
4_127	5_427	99.727	366	1	0	1	366	1	366	0.0	722
4_127	5_292	27.358	318	207	7	61	361	6	316	8.60e-23	92.8
4_128	5_139	100.000	321	0	0	1	321	1	321	0.0	634
4_128	5_291	32.877	219	139	5	106	317	160	377	2.24e-20	85.5
4_129	5_305	99.296	142	1	0	1	142	1	142	4.74e-103	286
4_130	5_141	100.000	361	0	0	1	361	1	361	0.0	718
4_131	5_142	100.000	259	0	0	1	259	1	259	0.0	515
4_132	5_144	100.000	91	0	0	1	91	1	91	6.57e-61	175
4_132	5_1	28.571	91	61	3	1	88	3	92	8.64e-07	38.5
4_133	5_145	100.000	98	0	0	1	98	1	98	9.50e-67	191
4_134	5_146	100.000	207	0	0	1	207	1	207	5.22e-147	402
4_135	5_154	100.000	240	0	0	1	240	1	240	3.03e-178	484
4_136	5_155	100.000	419	0	0	1	419	1	419	0.0	828
4_136	5_392	35.433	127	57	2	160	261	6	132	1.38e-14	69.3
4_136	5_166	25.112	223	154	7	159	375	173	388	1.91e-04	37.7
4_136	5_506	35.000	60	27	2	159	214	113	164	6.34e-04	35.8
4_137	5_156	100.000	141	0	0	1	141	1	141	1.19e-99	277
4_138	5_157	100.000	242	0	0	1	242	1	242	8.36e-173	470
4_139	5_158	100.000	102	0	0	1	102	1	102	1.53e-71	203
4_140	5_334	98.883	179	2	0	1	179	1	179	5.47e-126	347
4_141	5_159	100.000	187	0	0	1	187	1	187	4.32e-132	363
4_142	5_335	99.606	507	2	0	1	507	1	507	0.0	1010
4_142	5_320	43.385	325	173	6	125	444	105	423	2.55e-74	238
4_142	5_161	27.027	370	259	7	58	421	44	408	2.90e-26	106
4_142	5_190	21.988	332	249	6	37	363	15	341	7.91e-08	48.9
4_143	5_160	100.000	276	0	0	1	276	1	276	0.0	544
4_144	5_161	100.000	471	0	0	1	471	1	471	0.0	953
4_144	5_190	37.168	452	279	4	7	456	2	450	2.96e-104	313
4_144	5_335	26.757	370	260	7	44	408	58	421	1.42e-25	103
4_144	5_320	22.712	295	216	6	63	348	49	340	5.08e-08	49.3
4_145	5_162	100.000	257	0	0	1	257	1	257	0.0	518
4_146	5_341	99.758	414	1	0	1	414	1	414	0.0	827
4_147	5_163	100.000	102	0	0	1	102	1	102	4.85e-70	199
4_148	5_167	100.000	598	0	0	1	598	1	598	0.0	1210
4_148	5_169	36.898	187	106	4	2	183	6	185	1.15e-24	103
4_148	5_169	23.009	226	143	9	165	370	266	480	7.14e-07	46.6
4_148	5_169	22.599	177	118	5	322	480	509	684	3.21e-06	44.3
4_148	5_270	30.093	216	126	7	10	217	117	315	7.02e-17	78.6
4_148	5_63	27.083	288	181	10	8	272	20	301	4.35e-16	75.1
4_148	5_166	28.108	185	98	8	10	176	174	341	6.09e-05	40.0
4_149	5_168	100.000	323	0	0	1	323	1	323	0.0	657
4_150	5_169	100.000	694	0	0	1	694	1	694	0.0	1425
4_150	5_167	36.898	187	106	4	6	185	2	183	1.34e-24	103
4_150	5_167	23.009	226	143	9	266	480	165	370	8.29e-07	46.6
4_150	5_167	22.599	177	118	5	509	684	322	480	3.72e-06	44.3
4_150	5_270	37.008	127	62	2	13	139	116	224	8.93e-14	68.9
4_150	5_63	34.091	132	84	3	8	138	16	145	5.03e-13	65.9
4_151	5_170	100.000	141	0	0	1	141	1	141	5.84e-104	288
4_152	5_172	100.000	427	0	0	1	427	1	427	0.0	847
4_153	5_296	99.569	232	1	0	1	232	1	232	2.97e-173	471
4_154	5_173	100.000	93	0	0	1	93	1	93	4.68e-68	193
4_155	5_174	100.000	259	0	0	1	259	1	259	0.0	514
4_156	5_175	100.000	144	0	0	1	144	1	144	8.09e-108	298
4_157	5_176	100.000	132	0	0	1	132	1	132	6.62e-95	264
4_158	5_177	100.000	145	0	0	1	145	1	145	1.35e-102	285
4_159	5_178	100.000	229	0	0	1	229	1	229	5.00e-169	459
4_159	5_416	29.932	147	96	3	82	226	111	252	5.57e-09	49.7
4_160	5_179	100.000	181	0	0	1	181	1	181	1.17e-134	369
4_161	5_180	100.000	46	0	0	1	46	1	46	2.27e-29	92.4
4_162	5_181	100.000	195	0	0	1	195	1	195	2.39e-144	394
4_163	5_183	100.000	245	0	0	1	245	1	245	7.55e-177	481
4_164	5_184	100.000	457	0	0	1	457	1	457	0.0	937
4_165	5_382	99.005	201	2	0	1	201	1	201	4.33e-148	404
4_166	5_185	100.000	316	0	0	1	316	1	316	0.0	625
4_167	5_379	99.013	304	3	0	1	304	1	304	0.0	589
4_167	5_414	21.908	283	199	6	31	300	36	309	1.22e-12	62.0
4_168	5_378	99.827	578	1	0	1	578	1	578	0.0	1160
4_171	5_372	99.753	405	1	0	1	405	1	405	0.0	808
4_172	5_187	100.000	202	0	0	1	202	1	202	1.47e-145	398
4_173	5_189	100.000	231	0	0	1	231	1	231	1.43e-161	441
4_174	5_320	99.804	511	1	0	1	511	1	511	0.0	1045
4_174	5_335	43.077	325	174	6	105	423	125	444	4.50e-74	238
4_174	5_161	22.712	295	216	6	49	340	63	348	4.84e-08	49.7
4_174	5_190	22.819	298	203	11	116	400	119	402	3.96e-06	43.5
4_175	5_190	100.000	457	0	0	1	457	1	457	0.0	926
4_175	5_161	37.168	452	279	4	2	450	7	456	2.87e-104	313
4_175	5_335	21.687	332	250	6	15	341	37	363	3.00e-07	47.0
4_175	5_320	22.819	298	203	11	119	402	116	400	3.30e-06	43.5
4_176	5_376	99.346	306	2	0	1	306	1	306	0.0	627
4_176	5_433	26.897	290	174	9	10	278	21	293	8.24e-21	85.1
4_176	5_224	22.939	279	185	10	9	277	5	263	2.22e-08	48.9
4_176	5_396	23.019	265	163	8	12	261	8	246	2.43e-06	43.1
4_176	5_137	27.397	73	51	1	7	79	2	72	3.90e-05	38.9
4_176	5_41	32.877	73	43	1	186	258	180	246	2.55e-04	36.2
4_177	5_377	99.446	361	2	0	1	361	1	361	0.0	731
4_179	5_393	31.008	129	74	5	2	119	1	125	9.71e-09	47.4
4_182	5_311	26.254	339	239	6	1	337	5	334	8.76e-28	113
4_184	5_193	100.000	77	0	0	1	77	1	77	1.91e-49	145
4_185	5_194	100.000	90	0	0	1	90	1	90	1.23e-61	177
4_186	5_195	100.000	156	0	0	1	156	1	156	1.32e-117	323
4_187	5_196	100.000	126	0	0	1	126	1	126	2.38e-88	247
4_188	5_197	100.000	174	0	0	1	174	1	174	6.26e-126	346
4_189	5_199	100.000	147	0	0	1	147	1	147	2.95e-106	294
4_190	5_200	100.000	87	0	0	1	87	1	87	2.00e-61	176
4_191	5_400	99.427	524	3	0	1	524	1	524	0.0	1009
4_191	5_239	24.301	465	302	18	4	429	9	462	1.85e-13	67.0
4_192	5_201	100.000	321	0	0	1	321	1	321	0.0	642
4_192	5_522	22.892	249	168	11	57	298	29	260	2.28e-05	39.7
4_193	5_203	100.000	103	0	0	1	103	1	103	4.28e-70	199
4_194	5_204	100.000	93	0	0	1	93	1	93	6.58e-61	175
4_195	5_206	100.000	64	0	0	1	64	1	64	8.13e-41	122
4_196	5_207	100.000	216	0	0	1	216	1	216	3.66e-157	429
4_197	5_208	100.000	136	0	0	1	136	1	136	5.48e-92	257
4_198	5_210	100.000	146	0	0	1	146	1	146	2.53e-102	284
4_199	5_213	100.000	143	0	0	1	143	1	143	1.79e-100	279
4_200	5_423	100.000	145	0	0	1	145	1	145	9.95e-107	295
4_201	5_214	100.000	469	0	0	1	469	1	469	0.0	967
4_201	5_367	39.940	333	194	3	116	447	5	332	2.66e-73	230
4_201	5_368	44.737	114	63	0	273	386	614	727	2.45e-30	119
4_201	5_368	31.250	96	61	2	152	247	33	123	2.51e-07	47.4
4_201	5_140	45.082	122	66	1	269	389	273	394	1.34e-28	112
4_201	5_140	35.185	108	53	4	139	239	59	156	1.57e-11	60.5
4_201	5_267	26.800	250	159	8	122	370	3	229	1.75e-18	80.1
4_201	5_186	28.444	225	136	8	143	365	22	223	3.07e-16	72.8
4_201	5_240	32.520	123	71	3	247	357	190	312	7.15e-15	70.9
4_201	5_290	32.432	111	74	1	274	384	505	614	7.32e-15	71.2
4_201	5_283	30.769	195	114	7	146	336	81	258	3.05e-14	67.8
4_201	5_37	27.350	234	147	5	146	367	26	248	6.79e-14	66.6
4_201	5_485	23.404	141	104	2	251	388	164	303	1.89e-11	60.1
4_201	5_246	25.424	236	134	10	143	363	22	230	1.64e-09	54.3
4_201	5_246	25.194	258	149	8	115	355	259	489	5.61e-08	49.3
4_201	5_286	26.033	242	156	9	122	354	4	231	3.22e-09	52.0
4_201	5_300	25.688	218	138	7	142	359	16	209	1.17e-08	51.6
4_201	5_80	28.444	225	127	11	145	358	23	224	2.32e-08	50.4
4_201	5_80	24.483	290	175	11	99	364	224	493	1.24e-05	42.0
4_201	5_486	25.561	223	120	8	141	356	15	198	4.87e-08	49.7
4_201	5_299	25.592	211	123	8	142	347	16	197	4.56e-06	43.5
4_201	5_268	23.913	184	111	6	142	308	16	187	1.05e-04	38.9
4_201	5_346	29.897	97	57	4	277	364	834	928	1.81e-04	38.5
4_202	5_215	100.000	151	0	0	1	151	1	151	1.06e-108	301
4_202	5_289	32.500	120	78	2	15	132	22	140	6.41e-11	52.4
4_203	5_448	99.115	113	1	0	1	113	1	113	3.89e-81	228
4_204	5_449	97.917	96	2	0	1	96	1	96	2.32e-67	192
4_205	5_216	100.000	285	0	0	1	285	1	285	0.0	558
4_206	5_218	100.000	190	0	0	1	190	1	190	3.84e-143	391
4_207	5_475	99.752	404	1	0	1	404	1	404	0.0	813
4_208	5_220	100.000	331	0	0	1	331	1	331	0.0	660
4_209	5_222	100.000	149	0	0	1	149	1	149	1.70e-111	308
4_210	5_223	100.000	112	0	0	1	112	1	112	2.62e-78	221
4_211	5_64	100.000	138	0	0	1	138	319	456	3.61e-94	274
4_212	5_224	100.000	267	0	0	1	267	1	267	0.0	541
4_212	5_433	26.148	283	176	9	3	260	19	293	1.16e-15	70.1
4_212	5_396	32.895	228	137	8	1	219	1	221	3.43e-15	69.3
4_212	5_137	23.529	272	197	8	4	265	2	272	4.25e-11	56.6
4_212	5_376	22.615	283	188	11	2	263	5	277	8.77e-08	46.6
4_212	5_41	32.203	59	40	0	183	241	188	246	1.08e-04	37.4
4_213	5_225	100.000	90	0	0	1	90	1	90	1.85e-57	166
4_214	5_226	100.000	221	0	0	1	221	1	221	2.63e-164	447
4_215	5_227	100.000	219	0	0	1	219	1	219	3.19e-160	436
4_216	5_228	100.000	70	0	0	1	70	1	70	2.99e-44	131
4_219	5_229	100.000	692	0	0	1	692	1	692	0.0	1372
4_220	5_230	100.000	95	0	0	1	95	1	95	2.36e-67	192
4_221	5_231	100.000	699	0	0	1	699	1	699	0.0	1417
4_221	5_492	26.260	754	440	25	16	692	6	720	6.95e-45	166
4_222	5_232	100.000	181	0	0	1	181	1	181	7.86e-131	359
4_223	5_233	100.000	90	0	0	1	90	1	90	9.14e-62	177
4_224	5_234	100.000	51	0	0	1	51	1	51	8.17e-34	103
4_225	5_425	96.296	54	2	0	3	56	1	54	5.90e-33	103
4_226	5_235	100.000	232	0	0	1	232	1	232	5.63e-171	465
4_227	5_346	99.789	947	2	0	1	947	1	947	0.0	1932
4_227	5_267	29.801	151	85	7	783	928	90	224	3.64e-07	47.4
4_227	5_299	39.130	92	47	4	820	908	115	200	6.46e-07	47.4
4_227	5_299	28.571	147	88	6	416	562	64	193	1.51e-04	39.7
4_227	5_37	32.051	78	50	1	820	897	145	219	1.32e-06	45.8
4_227	5_37	30.000	80	54	1	479	558	145	222	5.76e-06	43.5
4_227	5_486	36.585	82	43	4	834	912	129	204	1.96e-05	42.7
4_227	5_300	36.905	84	44	4	826	906	121	198	1.72e-04	39.7
4_227	5_368	33.333	102	63	3	476	574	601	700	1.86e-04	39.7
4_227	5_140	25.168	298	194	12	628	907	63	349	2.22e-04	38.9
4_227	5_240	38.667	75	43	2	485	558	224	296	2.24e-04	38.9
4_227	5_214	29.897	97	57	4	834	928	277	364	4.02e-04	38.1
4_227	5_246	24.737	190	120	8	481	655	129	310	4.68e-04	38.1
4_227	5_367	29.825	114	68	5	833	943	161	265	4.76e-04	37.7
4_227	5_499	51.724	29	14	0	628	656	5	33	5.92e-04	34.3
4_228	5_43	99.878	821	1	0	1	821	1	821	0.0	1660
4_228	5_460	22.437	517	375	10	10	510	6	512	1.14e-31	126
4_229	5_347	82.609	483	64	4	1	468	1	478	0.0	736
4_230	5_348	99.693	326	1	0	1	326	1	326	0.0	650
4_231	5_236	100.000	305	0	0	1	305	1	305	0.0	620
4_231	5_544	26.582	158	97	6	150	298	56	203	2.64e-05	39.7
4_231	5_364	24.277	346	195	13	2	298	155	482	2.51e-04	37.0
4_232	5_349	99.908	1086	1	0	1	1086	1	1086	0.0	2136
4_232	5_351	24.222	450	279	15	23	431	12	440	1.93e-08	52.8
4_232	5_490	24.947	469	294	15	18	451	14	459	1.06e-07	50.4
4_232	5_473	22.624	221	146	6	31	226	14	234	7.27e-05	41.2
4_232	5_515	26.667	255	162	9	25	260	29	277	1.04e-04	40.4
4_232	5_510	22.707	458	302	16	16	430	5	453	1.71e-04	40.0
4_233	5_350	99.689	965	3	0	1	965	1	965	0.0	1902
4_233	5_472	23.247	271	155	11	65	297	63	318	4.23e-08	51.6
4_233	5_507	26.136	176	109	6	24	191	12	174	2.61e-04	39.3
4_234	5_237	100.000	242	0	0	1	242	1	242	1.62e-178	484
4_235	5_238	100.000	142	0	0	1	142	1	142	9.55e-99	275
4_236	5_351	95.334	1093	20	4	1	1071	1	1084	0.0	2047
4_236	5_490	26.854	1106	667	34	1	1060	6	1015	6.09e-81	280
4_236	5_473	28.680	394	227	7	4	351	1	386	1.89e-43	166
4_236	5_473	26.599	297	175	10	521	777	720	1013	1.64e-14	72.8
4_236	5_473	35.088	114	70	4	357	468	472	583	3.87e-10	58.5
4_236	5_510	24.593	553	308	20	6	496	4	509	2.24e-14	72.4
4_236	5_515	24.257	404	242	14	15	394	31	394	1.46e-13	69.3
4_236	5_349	24.222	450	279	15	12	440	23	431	2.01e-08	52.8
4_237	5_48	99.379	322	2	0	1	322	1	322	0.0	650
4_238	5_239	100.000	524	0	0	1	524	1	524	0.0	1021
4_238	5_400	24.915	293	190	10	9	294	4	273	1.54e-13	67.4
4_239	5_50	99.198	374	3	0	1	374	1	374	0.0	768
4_240	5_352	99.492	1379	4	1	1	1379	1	1376	0.0	2692
4_240	5_360	67.885	1395	416	7	1	1379	1	1379	0.0	1834
4_241	5_353	99.718	355	1	0	1	355	1	355	0.0	684
4_242	5_240	100.000	444	0	0	1	444	1	444	0.0	887
4_242	5_485	32.059	340	185	10	8	341	5	304	1.98e-38	138
4_242	5_290	38.624	189	111	4	205	390	481	667	3.75e-35	133
4_242	5_290	47.423	97	51	0	11	107	39	135	6.83e-23	96.3
4_242	5_140	26.786	392	248	11	10	379	43	417	3.64e-23	95.9
4_242	5_368	32.117	137	92	1	199	334	584	720	2.77e-20	88.2
4_242	5_368	40.541	37	22	0	20	56	18	54	5.98e-04	36.6
4_242	5_37	35.616	146	81	5	214	355	140	276	2.36e-17	77.0
4_242	5_37	25.962	104	55	3	24	106	21	123	8.80e-05	38.5
4_242	5_214	32.520	123	71	3	190	312	247	357	5.47e-15	71.2
4_242	5_267	34.545	110	71	1	212	321	118	226	4.39e-13	63.9
4_242	5_267	26.050	119	79	3	22	137	16	128	1.77e-05	40.8
4_242	5_283	36.170	94	54	2	24	111	78	171	8.92e-12	60.5
4_242	5_283	36.585	82	51	1	230	311	197	277	4.80e-10	55.1
4_242	5_246	30.147	136	88	4	202	333	112	244	6.83e-11	58.5
4_242	5_246	28.431	102	68	3	10	106	6	107	3.01e-08	50.1
4_242	5_246	25.287	87	64	1	224	310	404	489	3.77e-05	40.0
4_242	5_499	39.189	74	39	1	24	91	3	76	2.11e-10	51.6
4_242	5_186	31.313	99	67	1	232	330	136	233	3.32e-10	54.7
4_242	5_486	32.990	97	63	1	10	106	1	95	7.31e-10	55.5
4_242	5_367	30.357	112	75	1	204	312	131	242	1.50e-09	53.5
4_242	5_286	31.313	99	68	0	211	309	133	231	4.95e-09	51.6
4_242	5_299	32.394	142	92	3	211	351	107	245	9.28e-09	52.0
4_242	5_299	32.955	88	57	1	16	103	7	92	1.01e-08	52.0
4_242	5_300	31.915	94	62	1	10	103	1	92	1.11e-08	51.6
4_242	5_300	39.535	86	46	3	229	312	126	207	2.21e-08	50.4
4_242	5_545	36.232	69	44	0	10	78	12	80	5.67e-08	47.8
4_242	5_545	33.645	107	54	3	193	293	107	202	1.42e-06	43.5
4_242	5_80	30.488	82	54	2	232	312	407	486	3.39e-07	46.6
4_242	5_80	28.333	60	43	0	11	70	8	67	3.68e-04	37.0
4_242	5_480	30.769	78	53	1	1	77	327	404	6.36e-06	42.7
4_242	5_480	35.294	68	41	1	229	296	464	528	4.89e-05	40.0
4_242	5_268	31.765	85	54	1	226	310	150	230	1.58e-05	41.6
4_242	5_268	27.586	58	42	0	10	67	1	58	2.03e-05	41.2
4_242	5_346	38.667	75	43	2	224	296	485	558	1.12e-04	38.9
4_243	5_241	100.000	286	0	0	1	286	1	286	0.0	555
4_243	5_242	25.150	167	115	4	75	237	73	233	1.14e-04	37.4
4_244	5_242	100.000	274	0	0	1	274	1	274	0.0	538
4_244	5_241	25.150	167	115	4	73	233	75	237	5.40e-05	38.1
4_245	5_354	99.825	571	1	0	1	571	1	571	0.0	1147
4_246	5_55	99.281	278	2	0	1	278	1	278	0.0	537
4_246	5_273	27.350	117	73	3	110	226	48	152	1.54e-06	42.7
4_246	5_273	31.092	119	70	4	121	239	35	141	2.81e-05	38.9
4_247	5_56	98.857	175	2	0	1	175	1	175	1.90e-124	342
4_248	5_243	100.000	308	0	0	1	308	1	308	0.0	581
4_249	5_356	99.184	1470	11	1	1	1469	1	1470	0.0	2952
4_249	5_447	22.222	720	356	26	788	1425	188	785	1.76e-17	82.8
4_250	5_294	99.534	429	2	0	1	429	1	429	0.0	860
4_251	5_357	96.330	109	4	0	1	109	1	109	3.78e-72	205
4_251	5_151	34.375	64	41	1	38	100	79	142	2.52e-06	38.5
4_252	5_59	99.306	144	1	0	1	144	1	144	5.34e-107	296
4_253	5_244	100.000	856	0	0	1	856	1	856	0.0	1721
4_253	5_466	31.535	593	378	12	166	746	1	577	5.20e-77	260
4_253	5_466	25.000	132	88	5	727	854	461	585	3.81e-04	38.1
4_253	5_538	56.780	118	51	0	50	167	6	123	5.66e-44	149
4_254	5_60	99.548	221	1	0	1	221	1	221	6.80e-161	438
4_255	5_358	98.707	232	3	0	1	232	1	232	2.73e-162	443
4_256	5_359	99.647	1982	7	0	1	1982	1	1982	0.0	3864
4_256	5_541	30.460	870	556	19	45	884	8	858	8.75e-95	325
4_256	5_514	35.768	397	208	11	60	425	37	417	3.69e-55	198
4_257	5_360	99.278	1386	4	1	1	1386	1	1380	0.0	2716
4_257	5_352	67.960	1392	423	6	1	1385	1	1376	0.0	1814
4_258	5_293	99.835	607	1	0	1	607	1	607	0.0	1219
4_259	5_64	100.000	108	0	0	1	108	1	108	3.25e-74	223
4_260	5_245	100.000	297	0	0	1	297	1	297	0.0	599
4_261	5_361	99.512	205	1	0	1	205	1	205	5.13e-144	394
4_262	5_362	99.760	416	1	0	1	416	1	416	0.0	796
4_263	5_246	100.000	512	0	0	1	512	1	512	0.0	1017
4_263	5_80	30.469	512	327	14	11	511	12	505	2.26e-54	186
4_263	5_486	23.938	259	169	9	6	263	1	232	1.35e-14	70.9
4_263	5_486	23.301	206	140	4	282	487	16	203	1.36e-06	45.4
4_263	5_283	25.108	231	157	8	6	228	60	282	5.76e-14	67.4
4_263	5_283	30.263	76	53	0	412	487	199	274	1.89e-04	37.7
4_263	5_299	25.592	211	143	5	6	215	1	198	8.48e-14	68.6
4_263	5_299	26.531	196	126	5	277	472	11	188	9.14e-11	58.5
4_263	5_186	25.676	222	145	6	6	221	5	212	9.74e-14	65.5
4_263	5_186	25.446	224	142	7	283	501	22	225	6.85e-09	51.2
4_263	5_300	28.194	227	133	7	282	505	16	215	2.30e-13	67.0
4_263	5_300	25.688	218	140	7	20	235	15	212	2.53e-13	66.6
4_263	5_37	24.576	236	141	7	13	223	14	237	3.34e-12	62.0
4_263	5_37	27.027	222	133	8	286	489	26	236	4.27e-12	61.6
4_263	5_267	27.273	220	125	10	21	225	19	218	3.88e-12	61.2
4_263	5_267	25.541	231	157	8	264	492	1	218	6.28e-06	42.4
4_263	5_545	29.954	217	111	7	5	206	11	201	1.30e-11	58.9
4_263	5_286	24.464	233	160	7	22	245	27	252	1.50e-11	59.3
4_263	5_286	21.875	224	167	5	267	487	12	230	1.31e-07	47.4
4_263	5_240	30.147	136	88	4	112	244	202	333	7.87e-11	58.5
4_263	5_240	28.431	102	68	3	6	107	10	106	3.47e-08	50.1
4_263	5_240	25.287	87	64	1	404	489	224	310	4.34e-05	40.0
4_263	5_140	36.634	101	54	3	129	223	264	360	8.73e-11	58.2
4_263	5_140	35.443	79	50	1	412	489	281	359	3.95e-07	46.6
4_263	5_140	41.071	56	29	1	6	57	43	98	5.98e-06	43.1
4_263	5_290	34.409	93	54	2	402	490	498	587	1.51e-10	58.2
4_263	5_290	29.213	89	58	2	133	220	500	584	8.30e-08	49.3
4_263	5_290	29.348	92	54	4	16	104	48	131	7.74e-07	46.2
4_263	5_214	25.424	236	134	10	22	230	143	363	1.15e-09	54.7
4_263	5_214	25.296	253	145	8	262	487	118	353	4.63e-08	49.7
4_263	5_485	22.963	270	155	9	28	246	29	296	9.53e-09	51.6
4_263	5_485	32.609	92	57	2	399	489	184	271	1.03e-06	45.4
4_263	5_368	30.097	103	62	3	129	225	601	699	4.56e-08	50.1
4_263	5_368	27.723	101	72	1	410	509	616	716	1.42e-05	42.0
4_263	5_268	24.599	187	125	4	6	176	1	187	4.74e-07	46.6
4_263	5_367	26.267	217	134	9	32	230	40	248	4.91e-06	43.1
4_263	5_367	33.333	81	53	1	410	489	160	240	6.04e-05	39.7
4_263	5_111	22.353	170	119	4	37	202	500	660	2.62e-05	41.2
4_263	5_499	41.176	34	20	0	22	55	5	38	9.78e-05	35.8
4_263	5_481	26.230	183	118	8	37	215	365	534	6.20e-04	36.6
4_263	5_346	27.184	103	72	1	373	472	795	897	7.02e-04	36.6
4_263	5_480	23.037	191	123	6	22	205	352	525	0.001	36.2
4_264	5_247	100.000	419	0	0	1	419	1	419	0.0	848
4_265	5_364	99.673	611	2	0	1	611	1	611	0.0	1223
4_265	5_544	29.483	329	224	5	285	609	15	339	6.41e-46	160
4_265	5_526	31.343	134	90	1	167	300	4	135	1.36e-16	71.6
4_265	5_236	24.566	346	194	13	155	482	2	298	4.21e-08	49.7
4_265	5_171	26.351	148	100	5	335	477	159	302	1.16e-04	39.3
4_266	5_492	35.227	88	39	4	124	201	190	269	5.62e-04	37.4
4_268	5_366	100.000	75	0	0	1	75	1	75	4.92e-47	154
4_269	5_319	99.787	939	2	0	1	939	1	939	0.0	1901
4_270	5_292	99.715	351	1	0	1	351	1	351	0.0	684
4_270	5_427	27.358	318	207	7	6	316	61	361	8.01e-23	92.8
4_271	5_367	99.427	349	2	0	1	349	1	349	0.0	711
4_271	5_214	40.240	333	193	3	5	332	116	447	4.27e-79	244
4_271	5_368	37.037	162	82	3	118	267	570	723	8.49e-31	117
4_271	5_140	37.500	136	83	1	131	266	252	385	1.01e-27	107
4_271	5_140	29.630	135	70	5	7	125	32	157	3.75e-09	52.0
4_271	5_267	31.330	233	127	7	29	252	19	227	3.45e-23	92.0
4_271	5_283	28.972	214	133	6	14	221	58	258	1.01e-18	80.1
4_271	5_186	24.783	230	150	7	30	257	22	230	1.13e-13	64.3
4_271	5_240	28.125	128	89	1	131	258	204	328	1.49e-13	65.9
4_271	5_37	33.043	115	74	2	140	254	139	250	2.30e-13	64.3
4_271	5_290	29.358	109	76	1	159	267	505	612	9.38e-13	63.5
4_271	5_290	25.899	139	83	6	4	139	30	151	2.39e-04	37.4
4_271	5_485	27.778	126	87	2	142	267	176	297	1.12e-12	62.8
4_271	5_286	38.462	78	48	0	162	239	154	231	2.22e-12	60.8
4_271	5_480	29.126	206	116	11	29	228	351	532	1.91e-08	50.1
4_271	5_246	26.267	217	134	9	40	248	32	230	3.98e-08	48.9
4_271	5_246	33.333	81	53	1	160	240	410	489	5.76e-07	45.4
4_271	5_545	26.190	210	116	9	29	228	27	207	1.41e-07	46.2
4_271	5_300	32.941	85	55	1	160	244	127	209	1.68e-07	47.4
4_271	5_486	24.880	209	125	7	29	232	16	197	2.07e-07	47.0
4_271	5_346	30.702	114	67	5	161	265	833	943	3.64e-07	46.2
4_271	5_299	30.682	88	57	2	145	232	114	197	9.78e-07	45.1
4_271	5_80	25.000	236	148	10	28	249	273	493	4.74e-06	42.4
4_271	5_268	27.143	70	47	2	163	232	449	514	3.27e-04	36.6
4_272	5_369	99.323	443	3	0	1	443	1	443	0.0	882
4_273	5_370	99.579	1425	6	0	1	1425	1	1425	0.0	2862
4_274	5_371	98.361	305	5	0	1	305	1	305	0.0	604
4_276	5_188	99.795	487	1	0	1	487	1	487	0.0	967
4_277	5_374	99.810	527	1	0	1	527	1	527	0.0	1024
4_278	5_248	100.000	184	0	0	1	184	1	184	4.54e-136	372
4_279	5_198	99.359	156	1	0	1	156	1	156	3.78e-112	310
4_280	5_375	99.460	741	3	1	1	740	1	741	0.0	1483
4_281	5_249	100.000	218	0	0	1	218	1	218	5.82e-162	441
4_282	5_250	100.000	241	0	0	1	241	1	241	0.0	490
4_283	5_251	100.000	246	0	0	1	246	1	246	0.0	499
4_284	5_186	99.580	238	1	0	1	238	1	238	6.40e-175	475
4_284	5_80	34.498	229	125	6	25	237	26	245	5.00e-24	94.7
4_284	5_80	32.051	78	53	0	136	213	407	484	3.68e-07	44.7
4_284	5_37	40.000	85	51	0	133	217	156	240	7.57e-17	72.8
4_284	5_214	28.444	225	136	8	22	223	143	365	1.38e-16	72.8
4_284	5_267	27.805	205	136	6	22	218	20	220	2.27e-15	68.2
4_284	5_246	25.676	222	145	6	5	212	6	221	4.65e-14	65.5
4_284	5_246	25.446	224	142	7	22	225	283	501	3.65e-09	50.8
4_284	5_140	32.353	102	68	1	133	233	278	379	1.80e-12	60.8
4_284	5_485	32.143	140	84	3	90	221	143	279	5.40e-12	59.3
4_284	5_368	32.258	93	62	1	133	224	615	707	6.56e-12	59.3
4_284	5_368	40.426	47	28	0	21	67	23	69	2.29e-07	45.4
4_284	5_290	32.292	96	63	2	127	221	500	594	1.83e-11	57.8
4_284	5_290	30.556	72	46	3	21	89	53	123	3.79e-04	35.8
4_284	5_300	28.814	236	143	8	8	235	4	222	3.62e-11	57.0
4_284	5_111	29.630	189	109	7	38	212	501	679	1.64e-10	55.1
4_284	5_240	31.313	99	67	1	136	233	232	330	1.91e-10	54.7
4_284	5_367	24.783	230	150	7	22	230	30	257	2.07e-10	54.3
4_284	5_545	27.604	192	105	6	22	197	28	201	1.15e-09	51.6
4_284	5_480	31.522	184	108	8	24	198	354	528	1.27e-09	52.4
4_284	5_283	24.272	206	141	6	25	220	83	283	1.63e-09	51.6
4_284	5_486	27.000	200	123	7	22	211	17	203	1.02e-08	49.7
4_284	5_268	21.397	229	162	8	5	226	319	536	6.06e-07	44.3
4_284	5_268	22.363	237	149	6	5	213	1	230	1.04e-05	40.4
4_284	5_299	27.174	184	109	7	24	196	19	188	7.06e-07	44.3
4_284	5_481	27.273	209	130	9	8	205	336	533	9.20e-07	43.5
4_284	5_286	26.582	79	57	1	135	212	153	231	3.07e-06	41.6
4_285	5_380	99.291	705	5	0	1	705	1	705	0.0	1375
4_286	5_381	91.212	330	4	4	1	312	1	323	0.0	548
4_286	5_509	34.615	104	53	7	125	228	466	554	1.59e-04	37.7
4_287	5_383	98.723	548	7	0	1	548	1	548	0.0	1111
4_287	5_384	66.239	468	135	6	83	533	194	655	0.0	602
4_287	5_384	78.947	38	8	0	4	41	1	38	3.40e-13	66.6
4_287	5_528	39.381	485	272	6	44	513	134	611	1.33e-106	327
4_287	5_398	35.110	544	278	22	18	512	17	534	9.72e-75	241
4_287	5_399	32.364	550	297	17	18	514	17	544	6.90e-74	239
4_287	5_309	30.496	423	234	11	144	519	131	540	7.18e-44	159
4_288	5_384	97.885	662	12	1	1	660	1	662	0.0	1310
4_288	5_383	65.817	471	138	6	189	653	80	533	0.0	602
4_288	5_383	42.500	120	41	6	1	104	4	111	6.20e-14	69.3
4_288	5_528	43.560	427	222	5	209	633	202	611	1.20e-107	333
4_288	5_398	37.407	540	270	19	126	632	30	534	7.47e-80	258
4_288	5_399	34.773	463	245	11	204	634	107	544	3.32e-72	238
4_288	5_309	31.670	461	251	12	214	632	95	533	3.05e-52	184
4_289	5_385	99.432	176	1	0	1	176	1	176	8.53e-130	356
4_289	5_166	40.741	54	29	1	19	69	6	59	1.91e-06	41.6
4_289	5_166	28.415	183	118	5	5	175	157	338	2.81e-06	40.8
4_289	5_108	39.344	61	33	3	19	76	10	69	1.56e-04	35.8
4_290	5_512	94.273	2811	149	9	1	2805	1	2805	0.0	5217
4_290	5_386	89.702	738	68	5	2830	3561	1	736	0.0	1292
4_290	5_387	24.335	263	144	12	496	739	346	572	2.15e-05	45.1
4_291	5_387	96.568	2739	89	3	1	2736	1	2737	0.0	5259
4_292	5_389	99.000	300	3	0	1	300	1	300	0.0	600
4_292	5_4	31.481	270	146	14	25	283	23	264	3.87e-23	91.7
4_292	5_278	33.824	136	63	8	16	150	4	113	4.30e-06	41.6
4_293	5_390	98.621	145	2	0	1	145	1	145	4.92e-104	288
4_294	5_67	99.502	201	1	0	1	201	1	201	1.27e-147	403
4_294	5_321	37.888	161	95	3	3	162	4	160	1.85e-27	98.2
4_295	5_321	98.969	194	2	0	1	194	1	194	3.72e-142	389
4_295	5_67	38.509	161	94	3	4	160	3	162	9.52e-28	99.0
4_296	5_345	99.160	238	2	0	1	238	1	238	5.11e-172	468
4_297	5_344	99.800	999	2	0	1	999	1	999	0.0	2016
4_298	5_171	99.781	457	1	0	1	457	1	457	0.0	935
4_298	5_544	23.986	296	195	11	106	396	16	286	3.11e-08	49.7
4_298	5_364	26.351	148	100	5	159	302	335	477	1.05e-04	38.9
4_299	5_297	99.779	452	1	0	1	452	1	452	0.0	883
4_300	5_252	100.000	166	0	0	1	166	1	166	3.58e-117	323
4_301	5_253	100.000	76	0	0	1	76	1	76	2.69e-50	147
4_302	5_166	99.771	437	1	0	1	437	1	437	0.0	875
4_302	5_138	35.897	156	83	4	172	315	218	368	3.60e-20	87.0
4_302	5_138	30.337	89	60	2	6	93	220	307	1.27e-05	41.6
4_302	5_108	29.530	149	90	6	5	143	9	152	4.21e-09	52.0
4_302	5_108	26.220	164	110	4	173	335	9	162	3.93e-06	42.7
4_302	5_385	40.741	54	29	1	6	59	19	69	5.89e-06	41.2
4_302	5_385	28.415	183	118	5	157	338	5	175	7.17e-06	40.8
4_302	5_167	28.108	185	98	8	174	341	10	176	4.45e-05	40.0
4_302	5_506	33.846	65	33	4	5	65	113	171	2.49e-04	37.0
4_303	5_165	99.559	227	1	0	1	227	1	227	3.48e-169	460
4_304	5_164	99.734	376	1	0	1	376	1	376	0.0	773
4_305	5_254	100.000	600	0	0	1	600	1	600	0.0	1198
4_306	5_343	99.807	517	1	0	1	517	1	517	0.0	1006
4_307	5_342	99.369	1585	10	0	1	1585	1	1585	0.0	3120
4_307	5_451	26.625	323	183	13	917	1223	622	906	5.67e-14	71.6
4_307	5_451	37.383	107	59	3	281	385	296	396	1.17e-05	44.3
4_308	5_340	99.275	276	2	0	1	276	1	276	0.0	562
4_309	5_255	100.000	691	0	0	1	691	1	691	0.0	1391
4_310	5_339	99.560	455	2	0	1	455	1	455	0.0	926
4_311	5_338	99.545	440	2	0	1	440	1	440	0.0	875
4_311	5_6	35.751	193	111	4	101	283	125	314	4.06e-26	102
4_312	5_337	100.000	305	0	0	1	305	1	305	0.0	606
4_313	5_336	99.379	161	1	0	1	161	1	161	1.04e-117	324
4_314	5_333	97.143	385	11	0	1	385	1	385	0.0	731
4_315	5_332	99.502	402	2	0	1	402	1	402	0.0	795
4_316	5_256	100.000	120	0	0	1	120	1	120	4.16e-85	238
4_317	5_153	99.703	337	1	0	1	337	1	337	0.0	671
4_318	5_257	100.000	694	0	0	1	694	1	694	0.0	1392
4_319	5_152	99.702	336	1	0	1	336	1	336	0.0	685
4_320	5_331	99.688	641	2	0	1	641	1	641	0.0	1284
4_320	5_47	44.131	639	334	9	3	626	5	635	7.26e-168	489
4_321	5_466	99.314	729	5	0	122	850	1	729	0.0	1426
4_321	5_244	35.261	709	431	12	6	698	50	746	9.28e-128	399
4_321	5_244	25.000	132	88	5	582	706	727	854	4.15e-04	38.1
4_321	5_538	100.000	123	0	0	1	123	1	123	4.13e-85	262
4_322	5_465	99.774	886	2	0	1	886	1	886	0.0	1800
4_322	5_457	24.212	698	427	16	34	711	18	633	1.91e-47	176
4_322	5_474	22.647	340	206	10	440	753	393	701	4.75e-14	70.5
4_322	5_474	23.563	174	120	3	27	199	8	169	6.36e-09	53.9
4_322	5_431	26.490	151	100	3	50	200	2	141	2.76e-09	54.7
4_322	5_431	34.426	61	35	2	574	634	294	349	4.28e-05	41.2
4_323	5_298	99.510	204	1	0	1	204	1	204	1.28e-142	391
4_324	5_151	98.667	150	2	0	1	150	1	150	4.99e-104	289
4_324	5_357	36.364	77	48	1	67	143	26	101	2.61e-10	49.7
4_325	5_464	97.770	269	6	0	65	333	1	269	0.0	521
4_326	5_463	99.097	443	4	0	1	443	1	443	0.0	866
4_327	5_192	98.333	120	2	0	1	120	1	120	9.62e-84	235
4_328	5_315	99.570	465	2	0	1	465	1	465	0.0	926
4_329	5_150	99.317	439	3	0	1	439	1	439	0.0	868
4_330	5_149	98.969	97	1	0	1	97	1	97	3.26e-66	189
4_331	5_5	99.303	287	2	0	1	287	1	287	0.0	573
4_331	5_328	36.220	254	121	7	1	234	1	233	1.35e-33	119
4_332	5_258	100.000	81	0	0	1	81	1	81	1.02e-57	166
4_333	5_462	99.813	534	1	0	1	534	1	534	0.0	1057
4_334	5_259	100.000	335	0	0	1	335	1	335	0.0	663
4_335	5_6	99.700	333	1	0	1	333	1	333	0.0	662
4_335	5_338	34.375	192	115	3	125	314	101	283	5.39e-25	99.4
4_336	5_8	99.691	324	1	0	1	324	1	324	0.0	663
4_336	5_191	41.846	325	176	7	7	324	7	325	6.91e-57	182
4_336	5_219	22.941	340	195	13	1	296	321	637	2.15e-09	52.8
4_337	5_13	99.836	609	1	0	1	609	1	609	0.0	1216
4_338	5_458	99.489	783	4	0	1	783	1	783	0.0	1557
4_339	5_14	99.433	353	2	0	1	353	1	353	0.0	696
4_339	5_304	27.129	317	167	15	46	345	64	333	5.51e-07	45.1
4_340	5_457	99.757	823	2	0	1	823	1	823	0.0	1653
4_340	5_465	24.291	741	451	18	18	668	34	754	5.45e-49	181
4_340	5_474	22.781	338	192	11	393	679	398	717	1.11e-13	69.3
4_340	5_474	27.174	184	113	4	6	186	3	168	5.97e-09	53.9
4_340	5_431	24.084	191	113	4	32	222	3	161	9.27e-08	49.7
4_341	5_260	100.000	638	0	0	1	638	1	638	0.0	1250
4_342	5_15	99.688	321	1	0	1	321	1	321	0.0	622
4_343	5_456	99.615	520	2	0	1	520	1	520	0.0	1012
4_344	5_261	100.000	160	0	0	1	160	1	160	9.53e-114	314
4_345	5_262	100.000	212	0	0	1	212	1	212	1.02e-148	407
4_346	5_481	31.445	512	325	9	31	526	35	536	1.01e-54	187
4_346	5_480	31.604	212	135	3	321	526	331	538	1.22e-30	120
4_346	5_545	35.922	206	121	5	322	521	8	208	5.40e-24	95.1
4_346	5_267	32.353	204	117	11	327	514	2	200	7.47e-13	63.5
4_346	5_299	30.882	204	134	4	327	527	2	201	2.32e-11	60.8
4_346	5_111	32.184	174	95	8	352	510	495	660	1.01e-10	58.5
4_346	5_486	29.167	216	128	8	327	530	2	204	6.58e-09	52.8
4_346	5_300	29.167	216	137	9	327	534	2	209	3.28e-08	50.4
4_346	5_283	29.570	186	108	8	341	510	79	257	1.81e-07	47.4
4_346	5_268	35.185	54	35	0	335	388	10	63	8.78e-06	42.7
4_346	5_186	25.414	181	122	5	342	514	22	197	1.46e-05	41.2
4_346	5_240	32.787	61	41	0	327	387	11	71	4.69e-05	40.0
4_346	5_290	25.301	83	59	1	324	406	36	115	2.95e-04	37.7
4_346	5_80	25.532	188	118	5	346	517	27	208	6.08e-04	36.6
4_346	5_499	31.169	77	46	2	341	415	4	75	8.99e-04	33.1
4_348	5_473	98.435	1214	17	2	1	1213	1	1213	0.0	2379
4_348	5_351	31.988	322	208	5	1	314	4	322	3.75e-43	166
4_348	5_351	26.224	286	169	7	720	1002	521	767	2.37e-16	79.0
4_348	5_351	37.069	116	65	5	472	583	357	468	2.67e-10	59.3
4_348	5_490	33.217	286	181	5	3	285	11	289	4.03e-35	139
4_348	5_490	30.822	292	137	10	737	1016	545	783	2.75e-23	101
4_348	5_490	32.231	121	72	5	477	594	361	474	1.84e-05	43.1
4_348	5_515	24.498	249	164	5	6	249	25	254	2.77e-14	72.0
4_348	5_510	26.556	241	150	8	1	234	1	221	4.76e-11	61.6
4_348	5_510	28.966	145	80	7	968	1101	850	982	5.92e-05	41.6
4_348	5_349	22.624	221	146	6	14	234	31	226	5.99e-05	41.6
4_349	5_472	98.384	1176	16	1	1	1176	1	1173	0.0	2315
4_349	5_507	32.576	264	156	5	7	261	5	255	5.64e-29	119
4_349	5_507	25.123	406	212	19	584	972	445	775	1.06e-12	67.0
4_349	5_489	32.661	248	150	8	10	252	13	248	6.94e-25	105
4_349	5_509	29.560	159	99	4	6	161	2	150	4.26e-11	61.6
4_349	5_493	22.680	388	252	14	7	383	2	352	1.85e-05	43.1
4_349	5_350	39.474	38	23	0	281	318	260	297	4.43e-04	38.5
4_350	5_471	99.194	496	4	0	1	496	1	496	0.0	966
4_350	5_511	27.750	400	245	15	122	489	180	567	9.39e-23	95.9
4_351	5_470	98.837	344	4	0	1	344	1	344	0.0	697
4_351	5_118	27.451	204	135	5	121	314	3	203	2.15e-15	69.7
4_352	5_317	99.267	273	2	0	1	273	1	273	0.0	560
4_353	5_299	99.611	772	3	0	1	772	1	772	0.0	1502
4_353	5_300	48.402	438	198	9	1	416	1	432	5.17e-108	339
4_353	5_300	45.736	129	70	0	644	772	518	646	1.23e-22	97.4
4_353	5_486	30.273	806	484	18	1	772	1	762	4.95e-87	286
4_353	5_283	29.442	197	127	5	16	202	79	273	5.59e-19	83.2
4_353	5_80	32.673	202	122	5	6	195	12	211	1.43e-15	74.7
4_353	5_246	25.592	211	143	5	1	198	6	215	1.27e-13	68.6
4_353	5_246	26.531	196	126	5	11	188	277	472	1.44e-10	58.5
4_353	5_37	25.000	208	129	5	17	198	23	229	1.46e-13	66.6
4_353	5_480	26.415	212	137	7	1	201	336	539	8.07e-12	62.8
4_353	5_286	27.451	204	119	8	18	198	28	225	9.94e-12	60.5
4_353	5_481	31.373	204	111	9	13	200	346	536	2.70e-11	60.8
4_353	5_268	22.993	274	175	5	1	240	1	272	9.15e-11	59.3
4_353	5_268	24.762	210	137	8	1	200	319	517	8.56e-06	43.5
4_353	5_485	31.818	132	85	4	69	197	134	263	9.70e-10	55.5
4_353	5_485	52.778	36	17	0	21	56	27	62	4.75e-05	40.8
4_353	5_290	31.897	116	70	2	102	208	474	589	1.55e-09	55.5
4_353	5_290	32.673	101	60	2	2	97	39	136	2.76e-07	48.1
4_353	5_240	32.394	142	92	3	107	245	211	351	1.70e-08	52.0
4_353	5_240	32.955	88	57	1	7	92	16	103	1.81e-08	51.6
4_353	5_545	28.351	194	128	6	1	188	12	200	3.94e-08	49.3
4_353	5_267	23.618	199	141	6	13	202	16	212	8.24e-08	48.9
4_353	5_140	25.191	131	91	3	72	197	223	351	1.48e-07	48.9
4_353	5_111	24.479	192	131	5	23	204	491	678	2.94e-07	48.1
4_353	5_346	39.130	92	47	4	115	200	820	908	5.83e-07	47.4
4_353	5_346	28.571	147	88	6	64	193	416	562	1.38e-04	39.7
4_353	5_368	27.957	93	65	1	108	198	597	689	6.91e-07	47.0
4_353	5_186	27.174	184	109	7	19	188	24	196	2.23e-06	44.3
4_353	5_214	25.592	211	123	8	16	197	142	347	5.45e-06	43.9
4_353	5_499	29.730	74	44	2	16	81	4	77	2.72e-05	37.7
4_353	5_367	26.549	113	77	3	114	222	145	255	1.63e-04	38.9
4_354	5_300	99.846	650	1	0	1	650	1	650	0.0	1263
4_354	5_299	48.402	438	198	9	1	432	1	416	6.29e-108	338
4_354	5_299	39.344	183	105	1	470	646	590	772	7.40e-31	123
4_354	5_486	39.602	452	247	10	1	438	1	440	2.58e-89	289
4_354	5_486	29.348	184	126	2	467	646	579	762	2.84e-16	77.0
4_354	5_283	30.244	205	123	6	16	206	79	277	3.32e-20	86.3
4_354	5_481	32.558	215	117	9	2	200	334	536	2.82e-15	73.2
4_354	5_480	29.717	212	130	8	1	201	336	539	3.62e-15	73.2
4_354	5_37	28.169	213	128	6	18	205	24	236	2.41e-14	68.9
4_354	5_267	31.081	222	129	11	1	205	1	215	1.26e-13	66.2
4_354	5_246	28.194	227	133	7	16	215	282	505	3.51e-13	66.6
4_354	5_246	25.688	218	140	7	15	212	20	235	3.54e-13	66.6
4_354	5_80	29.524	210	134	5	10	205	12	221	1.33e-12	64.7
4_354	5_80	28.755	233	134	9	2	208	261	487	4.40e-09	53.5
4_354	5_268	25.214	234	142	6	1	205	1	230	2.54e-12	63.9
4_354	5_268	28.095	210	134	8	1	202	319	519	2.77e-09	54.3
4_354	5_186	29.596	223	136	8	4	214	8	221	9.02e-11	57.0
4_354	5_545	27.885	208	111	6	1	188	12	200	1.99e-10	55.8
4_354	5_111	30.726	179	101	8	32	195	500	670	7.76e-10	56.2
4_354	5_290	32.967	91	59	1	119	207	498	588	9.65e-10	55.8
4_354	5_290	33.333	99	58	3	2	95	39	134	6.84e-07	46.6
4_354	5_485	29.104	134	92	2	76	207	141	273	4.93e-09	53.1
4_354	5_485	43.636	55	31	0	2	56	8	62	1.10e-05	42.4
4_354	5_368	34.940	83	52	1	127	207	616	698	5.28e-09	53.5
4_354	5_286	26.407	231	131	10	14	214	24	245	5.98e-09	52.0
4_354	5_214	25.688	218	138	7	16	209	142	359	1.04e-08	52.4
4_354	5_240	31.915	94	62	1	1	92	10	103	1.95e-08	51.2
4_354	5_240	39.535	86	46	3	126	207	229	312	3.15e-08	50.8
4_354	5_140	32.692	104	64	3	115	215	267	367	5.88e-08	49.7
4_354	5_499	28.378	74	45	2	16	81	4	77	1.25e-05	38.5
4_354	5_367	32.941	85	55	1	127	209	160	244	2.71e-05	41.2
4_354	5_346	36.905	84	44	4	121	198	826	906	1.25e-04	39.3
4_355	5_469	97.518	564	8	1	1	564	1	558	0.0	1111
4_355	5_517	80.000	105	18	1	117	221	1	102	2.75e-53	171
4_355	5_549	40.909	286	131	12	197	453	1	277	1.11e-44	154
4_355	5_548	35.831	307	134	13	197	453	1	294	1.08e-32	122
4_356	5_468	96.287	808	27	1	1	808	1	805	0.0	1558
4_356	5_406	46.018	791	386	14	45	808	27	803	0.0	611
4_356	5_428	42.333	600	284	14	236	784	2	590	4.37e-128	390
4_356	5_497	52.340	235	91	3	1	233	1	216	5.10e-73	233
4_356	5_405	68.293	41	13	0	45	85	22	62	1.19e-14	64.3
4_357	5_301	99.898	979	1	0	1	979	1	979	0.0	1929
4_358	5_429	98.454	194	3	0	1	194	1	194	3.57e-140	384
4_359	5_430	99.787	469	1	0	1	469	1	469	0.0	937
4_360	5_19	99.703	337	1	0	1	337	1	337	0.0	685
4_361	5_308	99.609	256	1	0	1	256	1	256	0.0	509
4_362	5_431	99.416	514	3	0	1	514	1	514	0.0	1036
4_362	5_465	26.490	151	100	3	2	141	50	200	1.76e-09	54.7
4_362	5_465	34.426	61	35	2	294	349	574	634	2.61e-05	41.2
4_362	5_474	34.444	90	58	1	3	91	29	118	4.02e-08	50.1
4_362	5_474	33.000	100	59	3	264	355	513	612	9.43e-08	48.9
4_362	5_457	24.084	191	113	4	3	161	32	222	1.22e-07	48.5
4_363	5_263	100.000	222	0	0	1	222	1	222	5.69e-163	444
4_364	5_432	98.750	240	3	0	1	240	1	240	0.0	498
4_365	5_433	99.322	295	2	0	1	295	1	295	0.0	591
4_365	5_376	26.207	290	176	9	21	293	10	278	1.82e-19	81.3
4_365	5_224	26.502	283	175	9	19	293	3	260	8.40e-16	70.5
4_365	5_137	27.170	265	163	10	21	275	5	249	1.28e-13	64.3
4_365	5_41	25.368	272	165	12	15	274	1	246	5.80e-05	38.1
4_366	5_264	100.000	170	0	0	1	170	1	170	3.99e-122	336
4_367	5_434	99.550	666	3	0	1	666	1	666	0.0	1339
4_367	5_483	62.963	81	30	0	232	312	200	280	8.62e-25	104
4_368	5_25	99.462	372	2	0	1	372	1	372	0.0	760
4_369	5_435	99.837	615	1	0	1	615	1	615	0.0	1265
4_370	5_436	99.653	865	3	0	1	865	1	865	0.0	1710
4_371	5_27	99.766	428	1	0	1	428	1	428	0.0	852
4_372	5_28	99.824	567	1	0	1	567	1	567	0.0	1142
4_372	5_410	28.049	246	157	9	14	247	18	255	1.22e-12	64.3
4_372	5_410	46.154	39	21	0	503	541	409	447	1.40e-05	42.0
4_372	5_136	27.338	139	98	2	110	245	145	283	2.48e-10	57.4
4_372	5_136	46.809	47	22	1	489	535	439	482	4.54e-08	50.1
4_373	5_265	100.000	1216	0	0	1	1216	1	1216	0.0	2397
4_374	5_437	99.886	880	1	0	1	880	1	880	0.0	1779
4_375	5_438	99.228	259	2	0	1	259	1	259	0.0	525
4_376	5_439	99.779	452	1	0	1	452	1	452	0.0	919
4_377	5_266	100.000	266	0	0	1	266	1	266	0.0	526
4_377	5_99	37.143	105	61	3	22	121	37	141	3.91e-14	65.5
4_378	5_31	99.699	332	1	0	1	332	1	332	0.0	661
4_379	5_33	98.370	184	3	0	1	184	1	184	2.83e-131	360
4_380	5_35	98.969	291	3	0	1	291	1	291	0.0	554
4_380	5_543	32.381	105	65	3	37	139	74	174	5.90e-06	42.0
4_381	5_36	99.582	239	1	0	1	239	1	239	3.87e-174	473
4_382	5_267	100.000	272	0	0	1	272	1	272	0.0	542
4_382	5_37	34.188	234	133	6	19	232	22	254	2.67e-34	120
4_382	5_480	34.694	196	110	5	16	205	348	531	3.37e-19	81.6
4_382	5_214	26.800	250	159	8	3	229	122	370	7.15e-19	80.5
4_382	5_367	31.330	233	127	7	19	227	29	252	8.97e-19	79.3
4_382	5_283	28.636	220	132	4	19	225	79	286	1.53e-18	78.2
4_382	5_545	32.536	209	121	9	1	204	12	205	1.32e-16	71.6
4_382	5_186	27.805	205	136	6	20	220	22	218	2.35e-15	68.6
4_382	5_368	36.275	102	64	1	127	227	607	708	2.46e-15	70.1
4_382	5_368	33.333	75	43	3	23	91	27	100	2.74e-04	36.6
4_382	5_481	30.189	212	132	8	2	208	334	534	1.30e-14	67.8
4_382	5_300	31.081	222	129	11	1	215	1	205	8.74e-14	65.5
4_382	5_240	34.545	110	71	1	118	226	212	321	2.69e-13	63.9
4_382	5_240	26.050	119	79	3	16	128	22	137	1.09e-05	40.8
4_382	5_290	31.776	107	72	1	116	221	486	592	3.30e-13	63.9
4_382	5_290	31.915	94	55	3	16	106	50	137	3.84e-06	42.4
4_382	5_268	27.778	198	108	5	16	185	13	203	1.08e-12	62.0
4_382	5_246	27.273	220	125	10	19	218	21	225	2.06e-12	61.2
4_382	5_246	25.541	231	157	8	1	218	264	492	3.34e-06	42.4
4_382	5_140	32.500	120	77	3	104	219	244	363	2.42e-12	60.8
4_382	5_80	32.143	196	124	6	28	217	31	223	5.35e-12	60.1
4_382	5_485	24.221	289	161	9	2	236	8	292	2.61e-11	57.8
4_382	5_286	26.848	257	156	9	1	240	9	250	1.70e-08	48.5
4_382	5_299	23.618	199	141	6	16	212	13	202	3.20e-08	48.9
4_382	5_486	27.149	221	125	10	1	208	1	198	6.68e-08	47.8
4_382	5_346	29.801	151	85	7	90	224	783	928	1.25e-07	47.0
4_382	5_111	24.757	206	130	7	2	197	471	661	1.51e-07	46.6
4_382	5_499	34.722	72	43	2	19	86	4	75	2.38e-06	39.7
4_383	5_37	99.333	300	2	0	1	300	1	300	0.0	598
4_383	5_267	34.615	234	132	6	22	254	19	232	7.15e-36	125
4_383	5_240	35.897	156	87	5	130	276	204	355	2.61e-19	82.4
4_383	5_240	26.923	104	54	3	21	123	24	106	1.16e-05	40.8
4_383	5_186	27.854	219	136	3	22	240	21	217	2.19e-18	77.4
4_383	5_368	39.091	110	66	1	140	248	599	708	7.88e-17	75.5
4_383	5_368	38.462	39	23	1	10	48	12	49	6.47e-04	35.4
4_383	5_486	28.169	213	122	8	23	232	17	201	1.57e-16	74.3
4_383	5_300	28.638	213	127	6	24	236	18	205	4.41e-16	73.2
4_383	5_140	36.641	131	75	3	136	260	258	386	5.47e-16	72.4
4_383	5_214	26.695	236	138	7	32	250	152	369	7.96e-16	72.0
4_383	5_80	29.464	224	131	5	22	239	22	224	1.63e-15	71.2
4_383	5_80	21.596	213	160	4	26	236	277	484	2.55e-06	43.1
4_383	5_299	26.190	210	124	6	23	229	17	198	2.06e-15	71.2
4_383	5_246	24.576	236	141	7	14	237	13	223	7.28e-14	66.2
4_383	5_246	27.602	221	131	8	27	236	287	489	3.21e-13	64.3
4_383	5_283	29.327	208	109	8	21	217	78	258	4.20e-13	63.2
4_383	5_290	25.806	155	88	3	152	279	501	655	8.85e-13	63.2
4_383	5_290	32.143	84	38	3	22	105	53	117	1.02e-06	44.3
4_383	5_485	25.723	311	162	12	27	298	27	307	1.09e-12	62.4
4_383	5_367	27.197	239	155	8	20	250	27	254	2.03e-11	58.2
4_383	5_286	31.646	79	53	1	158	235	153	231	2.45e-10	54.3
4_383	5_268	24.762	210	126	6	26	219	20	213	3.66e-08	48.9
4_383	5_346	32.051	78	50	1	145	219	820	897	4.21e-07	45.8
4_383	5_346	28.090	89	62	1	136	222	470	558	1.16e-06	44.3
4_383	5_545	24.878	205	116	6	22	219	27	200	8.85e-06	40.4
4_383	5_481	21.827	197	131	4	22	218	349	522	1.53e-05	40.4
4_383	5_111	23.497	183	101	8	20	193	486	638	0.001	35.0
4_384	5_38	99.688	320	1	0	1	320	1	320	0.0	626
4_385	5_440	99.710	690	2	0	1	690	1	690	0.0	1372
4_386	5_441	99.369	317	2	0	1	317	1	317	0.0	640
4_387	5_442	99.656	871	3	0	1	871	1	871	0.0	1711
4_388	5_312	99.310	145	1	0	1	145	1	145	4.68e-102	283
4_389	5_268	100.000	538	0	0	1	538	1	538	0.0	1101
4_389	5_300	25.641	234	141	6	1	230	1	205	1.09e-12	64.7
4_389	5_300	28.571	210	133	8	319	519	1	202	1.12e-09	55.1
4_389	5_267	27.778	198	108	5	13	203	16	185	2.13e-12	62.0
4_389	5_299	22.993	274	175	5	1	272	1	240	5.75e-11	59.3
4_389	5_299	24.645	211	138	8	319	518	1	201	5.25e-06	43.5
4_389	5_545	27.041	196	101	5	1	187	12	174	9.68e-11	56.6
4_389	5_80	26.271	236	145	9	2	230	8	221	6.33e-10	55.8
4_389	5_80	32.432	74	47	2	453	523	149	222	3.32e-04	37.4
4_389	5_480	23.853	218	133	6	1	213	336	525	7.43e-09	52.4
4_389	5_481	44.898	49	27	0	13	61	346	394	8.93e-08	48.9
4_389	5_246	24.599	187	125	4	1	187	6	176	4.98e-07	46.6
4_389	5_290	35.088	57	37	0	2	58	39	95	6.60e-07	46.2
4_389	5_290	23.810	84	60	1	152	231	504	587	3.39e-05	40.8
4_389	5_37	24.286	210	127	6	20	213	26	219	8.87e-07	45.1
4_389	5_186	21.397	229	162	8	319	536	5	226	1.51e-06	43.9
4_389	5_186	22.363	237	149	6	1	230	5	213	2.40e-05	40.4
4_389	5_486	26.027	219	131	9	319	521	1	204	8.68e-06	42.7
4_389	5_486	20.851	235	133	6	1	219	1	198	8.83e-06	42.7
4_389	5_240	31.765	85	54	1	150	230	226	310	1.92e-05	41.6
4_389	5_240	27.586	58	42	0	1	58	10	67	2.47e-05	41.2
4_389	5_286	22.511	231	149	6	320	525	10	235	4.39e-05	39.7
4_389	5_286	21.577	241	139	6	14	233	24	235	2.02e-04	37.7
4_389	5_214	23.913	184	111	6	16	187	142	308	1.05e-04	39.3
4_389	5_485	27.174	92	64	1	443	534	188	276	3.29e-04	37.4
4_389	5_111	25.126	199	105	10	32	217	500	667	4.59e-04	37.4
4_389	5_368	28.169	71	47	1	449	515	619	689	6.37e-04	37.0
4_390	5_269	100.000	695	0	0	1	695	1	695	0.0	1379
4_391	5_140	99.774	443	1	0	1	443	1	443	0.0	890
4_391	5_368	37.751	249	137	4	204	437	530	775	1.17e-43	157
4_391	5_368	39.175	97	55	2	61	156	22	115	8.92e-13	64.7
4_391	5_214	45.082	122	66	1	273	394	269	389	1.38e-28	112
4_391	5_214	35.185	108	53	4	59	156	139	239	1.72e-11	60.1
4_391	5_367	37.500	136	83	1	252	385	131	266	1.29e-23	96.3
4_391	5_367	29.630	135	70	5	32	157	7	125	4.80e-09	52.0
4_391	5_240	26.786	392	248	11	43	417	10	379	4.02e-23	95.9
4_391	5_290	38.298	94	57	1	274	366	501	594	5.64e-17	77.8
4_391	5_290	29.688	128	75	3	38	165	33	145	4.46e-10	56.2
4_391	5_286	34.711	121	77	2	251	371	126	244	5.35e-16	72.4
4_391	5_37	36.719	128	73	3	261	386	139	260	2.10e-15	71.2
4_391	5_485	33.333	90	60	0	282	371	194	283	8.48e-15	70.1
4_391	5_283	42.857	84	47	1	276	359	194	276	1.09e-14	68.9
4_391	5_283	31.481	108	69	2	42	147	59	163	1.27e-06	44.3
4_391	5_186	32.353	102	68	1	278	379	133	233	3.41e-12	60.8
4_391	5_267	32.500	120	77	3	244	363	104	219	3.94e-12	60.8
4_391	5_246	36.634	101	54	3	264	360	129	223	7.23e-11	58.2
4_391	5_246	35.443	79	50	1	281	359	412	489	3.36e-07	46.6
4_391	5_246	41.071	56	29	1	43	98	6	57	5.22e-06	42.7
4_391	5_300	32.692	104	64	3	267	367	115	215	3.87e-08	49.7
4_391	5_299	25.191	131	91	3	223	351	72	197	7.47e-08	48.9
4_391	5_486	29.600	125	78	5	267	390	115	230	2.29e-07	47.4
4_391	5_80	25.954	131	94	2	229	359	357	484	1.14e-05	42.0
4_391	5_545	28.689	122	83	1	37	158	6	123	3.60e-05	39.3
4_391	5_480	38.983	59	33	1	281	339	467	522	4.43e-05	40.0
4_391	5_499	36.000	75	45	1	61	135	3	74	5.44e-05	36.2
4_391	5_481	27.132	129	76	4	23	138	302	425	4.56e-04	36.6
4_392	5_426	99.852	2033	3	0	1	2033	1	2033	0.0	4083
4_393	5_326	99.776	892	2	0	1	892	1	892	0.0	1799
4_397	5_394	59.846	259	102	1	18	274	2	260	2.85e-108	309
4_401	5_437	43.587	881	486	8	4	881	2	874	0.0	729
4_402	5_306	100.000	472	0	0	1	472	1	472	0.0	926
4_403	5_143	99.603	504	2	0	1	504	1	504	0.0	974
4_403	5_2	25.901	444	264	16	10	403	51	479	5.18e-21	90.9
4_404	5_147	98.558	208	3	0	1	208	1	208	2.46e-150	410
4_404	5_104	25.654	191	131	5	18	201	28	214	2.68e-10	52.8
4_405	5_443	99.158	594	5	0	1	594	1	594	0.0	1180
4_405	5_272	28.413	630	325	21	34	582	29	613	6.67e-44	162
4_405	5_498	43.056	72	34	3	309	379	18	83	8.18e-09	47.8
4_406	5_71	99.606	254	1	0	1	254	1	254	0.0	522
4_407	5_74	98.674	377	5	0	1	377	1	377	0.0	747
4_408	5_447	99.492	984	2	2	1	984	1	981	0.0	1965
4_408	5_356	22.809	719	353	27	188	785	789	1426	1.46e-17	82.4
4_409	5_270	100.000	599	0	0	1	599	1	599	0.0	1221
4_409	5_167	30.093	216	126	7	117	315	10	217	5.96e-17	78.6
4_409	5_169	37.008	127	62	2	116	224	13	139	7.85e-14	68.9
4_409	5_63	32.099	162	90	3	116	257	21	182	2.43e-13	66.6
4_410	5_75	99.838	617	1	0	1	617	1	617	0.0	1241
4_411	5_450	99.700	666	2	0	1	666	1	666	0.0	1346
4_412	5_316	99.655	579	2	0	1	579	1	579	0.0	1174
4_412	5_488	24.129	373	214	16	197	551	38	359	7.78e-04	36.6
4_413	5_271	100.000	327	0	0	1	327	1	327	0.0	660
4_414	5_451	99.812	1065	1	1	1	1065	1	1064	0.0	2128
4_414	5_342	26.006	323	185	12	623	907	917	1223	1.54e-14	72.8
4_414	5_342	37.383	107	59	3	297	397	281	385	5.28e-10	58.2
4_415	5_77	99.593	246	1	0	1	246	1	246	4.60e-179	486
4_416	5_217	99.623	265	1	0	3	267	2	266	0.0	506
4_417	5_453	99.351	462	3	0	1	462	1	462	0.0	926
4_418	5_307	99.824	569	1	0	1	569	1	569	0.0	1100
4_418	5_454	30.556	216	124	4	79	285	18	216	9.69e-12	60.8
4_419	5_272	100.000	826	0	0	1	826	1	826	0.0	1676
4_419	5_443	28.413	630	325	21	29	613	34	582	2.30e-49	179
4_419	5_498	50.943	53	26	0	381	433	31	83	4.94e-12	57.4
4_420	5_455	98.655	818	8	1	1	818	1	815	0.0	1657
4_420	5_482	28.247	616	328	22	252	805	246	809	1.01e-43	164
4_421	5_535	99.694	653	2	0	18	670	1	653	0.0	1308
4_421	5_366	37.911	699	360	20	3	645	63	743	8.03e-129	394
4_421	5_483	30.838	334	202	9	223	529	309	640	1.35e-34	134
4_422	5_265	26.623	154	99	6	7	151	1054	1202	1.43e-04	35.8
4_423	5_86	99.813	534	1	0	1	534	1	534	0.0	1087
4_424	5_330	98.985	197	2	0	1	197	1	197	1.51e-133	367
4_425	5_407	99.043	627	6	0	1	627	1	627	0.0	1235
4_426	5_409	99.579	475	2	0	1	475	1	475	0.0	918
4_427	5_410	98.886	449	5	0	1	449	1	449	0.0	916
4_427	5_28	28.163	245	158	8	18	255	14	247	1.21e-12	63.9
4_427	5_28	46.154	39	21	0	409	447	503	541	1.15e-05	42.0
4_427	5_136	23.176	466	288	19	14	442	51	483	1.72e-09	53.9
4_428	5_411	99.761	418	1	0	1	418	1	418	0.0	851
4_429	5_314	99.722	720	2	0	1	720	1	720	0.0	1481
4_430	5_273	100.000	263	0	0	1	263	1	263	0.0	506
4_430	5_55	27.350	117	73	3	48	152	110	226	1.49e-06	42.7
4_430	5_55	34.127	126	50	5	24	118	139	262	2.30e-06	42.4
4_430	5_55	33.333	93	52	3	35	117	121	213	2.93e-05	38.9
4_431	5_101	99.796	489	1	0	1	489	1	489	0.0	964
4_432	5_274	100.000	467	0	0	1	467	1	467	0.0	955
4_433	5_209	99.425	174	1	0	1	174	1	174	7.08e-130	356
4_434	5_313	99.259	270	2	0	1	270	1	270	0.0	543
4_435	5_424	99.577	709	3	0	1	709	1	709	0.0	1422
4_436	5_303	99.327	297	2	0	1	297	1	297	0.0	574
4_437	5_325	99.660	883	3	0	1	883	1	883	0.0	1781
4_438	5_422	99.119	227	2	0	1	227	1	227	1.21e-166	453
4_439	5_134	99.512	205	1	0	1	205	1	205	3.99e-150	410
4_440	5_131	99.533	214	1	0	1	214	1	214	1.31e-156	427
4_441	5_129	99.645	282	1	0	1	282	1	282	0.0	564
4_442	5_275	100.000	107	0	0	1	107	1	107	2.27e-72	205
4_443	5_421	99.228	259	2	0	1	259	1	259	0.0	516
4_444	5_419	99.154	473	4	0	1	473	1	473	0.0	918
4_445	5_276	100.000	212	0	0	1	212	1	212	9.19e-157	427
4_446	5_277	100.000	120	0	0	1	120	1	120	5.09e-88	246
4_447	5_278	100.000	236	0	0	1	236	1	236	1.72e-172	469
4_447	5_389	33.088	136	64	8	4	113	16	150	8.13e-06	40.4
4_448	5_279	100.000	381	0	0	1	381	1	381	0.0	754
4_449	5_112	99.582	239	1	0	1	239	1	239	3.32e-175	476
4_450	5_212	99.346	153	1	0	1	153	1	153	1.93e-106	295
4_451	5_108	98.976	293	3	0	1	293	1	293	0.0	579
4_451	5_166	28.571	147	96	5	8	152	4	143	5.56e-09	51.2
4_451	5_166	27.711	166	105	5	9	162	173	335	1.15e-06	43.9
4_451	5_138	37.705	61	35	1	5	65	218	275	3.89e-05	39.3
4_451	5_385	39.344	61	33	3	10	69	19	76	2.64e-04	35.8
4_452	5_280	100.000	285	0	0	1	285	1	285	0.0	573
4_453	5_103	99.556	450	2	0	1	450	1	450	0.0	894
4_454	5_418	99.504	403	2	0	1	403	9	411	0.0	802
4_455	5_221	99.507	203	1	0	1	203	1	203	1.07e-146	401
4_456	5_467	99.020	408	4	0	1	408	1	408	0.0	816
4_457	5_322	99.698	662	2	0	1	662	1	662	0.0	1328
4_458	5_474	99.747	790	2	0	1	790	1	790	0.0	1606
4_458	5_465	22.941	340	205	10	393	701	440	753	1.32e-14	72.0
4_458	5_465	23.563	174	120	3	8	169	27	199	6.18e-09	53.9
4_458	5_457	24.103	195	101	6	398	592	393	540	4.80e-12	63.9
4_458	5_457	27.174	184	113	4	3	168	6	186	1.19e-08	52.8
4_458	5_431	34.444	90	58	1	29	118	3	91	6.62e-08	50.1
4_458	5_431	33.000	100	59	3	513	612	264	355	1.44e-07	48.9
4_459	5_219	99.850	665	1	0	1	665	1	665	0.0	1345
4_459	5_8	22.941	340	195	13	321	637	1	296	5.77e-09	52.8
4_459	5_191	28.452	239	134	10	325	557	9	216	1.32e-08	51.6
4_460	5_323	99.568	463	2	0	1	463	1	463	0.0	934
4_461	5_281	100.000	410	0	0	1	410	1	410	0.0	811
4_462	5_282	100.000	227	0	0	1	227	1	227	8.34e-164	446
4_463	5_476	99.074	324	3	0	1	324	1	324	0.0	635
4_464	5_477	99.683	946	3	0	1	946	1	946	0.0	1860
4_465	5_182	99.598	249	1	0	1	249	1	249	0.0	499
4_466	5_478	99.714	700	2	0	1	700	1	700	0.0	1417
4_467	5_479	99.313	582	4	0	1	582	1	582	0.0	1174
4_468	5_480	99.629	539	2	0	1	539	1	539	0.0	1045
4_468	5_545	39.130	207	123	3	328	533	4	208	2.15e-36	129
4_468	5_481	38.914	221	127	7	322	538	320	536	5.19e-30	118
4_468	5_267	34.694	196	110	5	348	531	16	205	8.30e-19	81.3
4_468	5_300	29.717	212	130	8	336	539	1	201	4.81e-15	72.4
4_468	5_486	29.897	194	126	6	336	525	1	188	4.03e-13	66.2
4_468	5_299	26.415	212	137	7	336	539	1	201	6.20e-12	62.4
4_468	5_111	31.138	167	94	7	369	522	502	660	5.07e-10	56.2
4_468	5_186	31.522	184	108	8	354	528	24	198	2.77e-09	52.4
4_468	5_268	23.853	218	133	6	336	525	1	213	8.33e-09	52.4
4_468	5_80	31.148	183	104	8	355	522	26	201	4.82e-08	49.7
4_468	5_283	25.510	196	125	7	351	532	79	267	1.20e-07	48.1
4_468	5_368	38.983	59	33	1	467	522	618	676	5.93e-07	46.6
4_468	5_290	27.778	90	61	2	452	538	493	581	1.46e-06	45.4
4_468	5_485	29.412	85	52	2	441	522	172	251	5.11e-06	43.1
4_468	5_367	29.126	206	116	11	351	532	29	228	6.40e-06	42.7
4_468	5_240	30.769	78	53	1	327	404	1	77	9.85e-06	42.4
4_468	5_240	35.294	68	41	1	464	528	229	296	6.82e-05	39.7
4_468	5_286	26.699	206	131	7	336	523	9	212	3.10e-05	40.0
4_468	5_140	38.983	59	33	1	467	522	281	339	5.49e-05	40.0
4_468	5_499	31.915	47	32	0	351	397	4	50	6.32e-05	36.6
4_469	5_481	99.813	536	1	0	1	536	1	536	0.0	1018
4_469	5_480	38.914	221	127	7	320	536	322	538	6.21e-30	118
4_469	5_545	34.928	209	124	6	328	531	7	208	2.99e-23	92.8
4_469	5_300	32.558	215	117	9	334	536	2	200	2.72e-15	73.2
4_469	5_111	31.551	187	110	5	319	495	456	634	4.85e-14	69.3
4_469	5_267	30.189	212	132	8	334	534	2	208	4.99e-14	67.0
4_469	5_299	31.373	204	111	9	346	536	13	200	2.47e-11	60.5
4_469	5_283	31.527	203	114	11	349	536	79	271	2.37e-08	50.1
4_469	5_268	44.898	49	27	0	346	394	13	61	8.52e-08	48.9
4_469	5_486	28.505	214	123	10	334	534	2	198	6.44e-07	46.6
4_469	5_186	27.273	209	130	9	336	533	8	205	2.90e-06	43.1
4_469	5_80	26.136	176	110	6	363	524	36	205	1.60e-05	41.6
4_469	5_290	33.333	66	43	1	331	396	36	100	2.47e-05	41.2
4_469	5_368	36.508	63	34	2	364	424	38	96	7.74e-05	39.7
4_469	5_485	38.000	100	46	5	327	415	1	95	1.41e-04	38.5
4_469	5_499	39.583	48	27	2	349	395	4	50	3.05e-04	34.7
4_469	5_140	27.132	129	76	4	302	425	23	138	6.12e-04	36.6
4_469	5_37	22.527	182	118	4	364	522	37	218	7.20e-04	36.2
4_469	5_246	26.230	183	118	8	365	534	37	215	8.27e-04	36.2
4_470	5_482	99.638	828	3	0	1	828	1	828	0.0	1670
4_470	5_455	28.734	616	325	23	246	809	249	802	1.91e-45	170
4_471	5_483	99.079	760	7	0	57	816	1	760	0.0	1530
4_471	5_535	30.838	334	202	9	365	696	206	512	4.78e-34	133
4_471	5_535	53.012	83	12	3	57	120	1	75	3.98e-12	63.9
4_471	5_366	29.429	333	190	13	366	684	301	602	9.48e-27	111
4_471	5_366	34.351	131	58	7	20	124	42	170	3.01e-06	45.1
4_471	5_434	64.198	81	29	0	256	336	232	312	8.53e-26	107
4_472	5_391	99.795	1462	3	0	1	1462	1191	2652	0.0	2887
4_473	5_283	100.000	307	0	0	1	307	1	307	0.0	616
4_473	5_499	92.208	77	6	0	76	152	1	77	3.49e-46	145
4_473	5_486	32.735	223	133	7	60	279	1	209	1.17e-24	98.6
4_473	5_300	30.732	205	122	6	79	277	16	206	9.57e-21	87.0
4_473	5_299	29.442	197	127	5	79	273	16	202	2.37e-19	83.2
4_473	5_267	28.636	220	132	4	79	286	19	225	1.93e-18	78.2
4_473	5_367	28.972	214	133	6	58	258	14	221	1.33e-15	70.9
4_473	5_140	42.857	84	47	1	194	276	276	359	5.82e-15	69.3
4_473	5_140	31.481	108	69	2	59	163	42	147	9.66e-07	44.3
4_473	5_214	31.282	195	113	8	81	258	146	336	1.81e-14	68.2
4_473	5_246	25.108	231	157	8	60	282	6	228	3.55e-14	67.4
4_473	5_246	30.263	76	53	0	199	274	412	487	1.03e-04	38.1
4_473	5_485	24.779	226	119	3	84	258	27	252	4.63e-14	66.6
4_473	5_368	31.000	100	68	1	188	286	607	706	1.09e-13	65.9
4_473	5_286	25.472	212	146	4	56	258	5	213	4.35e-13	62.8
4_473	5_37	27.885	208	112	7	78	258	21	217	3.68e-12	60.5
4_473	5_240	36.170	94	54	2	78	171	24	111	4.87e-12	60.5
4_473	5_240	36.585	82	51	1	197	277	230	311	3.70e-10	54.7
4_473	5_290	34.146	82	53	1	194	274	503	584	8.06e-10	53.9
4_473	5_290	31.707	82	46	2	84	163	58	131	6.38e-08	48.1
4_473	5_186	24.272	206	141	6	83	283	25	220	2.15e-09	51.6
4_473	5_545	25.683	183	122	4	79	258	27	198	4.75e-09	50.4
4_473	5_80	25.405	185	119	6	83	257	26	201	6.25e-09	51.2
4_473	5_80	23.387	248	159	10	59	279	244	487	8.22e-06	41.6
4_473	5_481	31.527	203	114	11	79	271	349	536	1.42e-08	50.1
4_473	5_111	29.167	168	103	8	97	257	502	660	1.66e-08	50.1
4_473	5_480	25.510	196	125	7	79	267	351	532	7.89e-08	47.8
4_474	5_284	100.000	380	0	0	1	380	1	380	0.0	774
4_475	5_392	99.455	367	2	0	1	367	1	367	0.0	743
4_475	5_155	35.433	127	57	2	6	132	160	261	9.01e-15	69.7
4_476	5_393	98.387	186	3	0	1	186	1	186	2.20e-137	376
4_477	5_285	100.000	163	0	0	1	163	1	163	7.07e-119	327
4_478	5_394	98.462	260	4	0	1	260	1	260	0.0	514
4_479	5_395	99.071	323	3	0	1	323	1	323	0.0	632
4_480	5_396	99.553	447	2	0	1	447	1	447	0.0	879
4_480	5_224	31.878	229	138	9	1	221	1	219	7.13e-17	75.1
4_480	5_41	27.239	268	166	13	3	254	4	258	1.32e-08	50.4
4_480	5_376	22.305	269	160	7	8	246	12	261	1.74e-06	43.9
4_481	5_397	99.537	648	3	0	1	648	1	648	0.0	1272
4_482	5_401	99.197	249	2	0	1	249	1	249	3.96e-177	482
4_483	5_402	99.608	510	2	0	1	510	1	510	0.0	1043
4_484	5_286	100.000	256	0	0	1	256	1	256	0.0	509
4_484	5_140	34.711	121	77	2	126	244	251	371	2.20e-16	72.8
4_484	5_283	27.358	212	142	4	5	213	56	258	1.19e-15	69.7
4_484	5_485	25.714	280	163	5	8	244	6	283	1.62e-15	70.1
4_484	5_368	30.508	118	73	2	134	250	597	706	3.45e-14	66.6
4_484	5_299	27.136	199	126	4	28	225	18	198	2.84e-13	63.9
4_484	5_246	24.138	232	162	10	27	252	22	245	3.08e-12	60.5
4_484	5_246	22.566	226	163	6	12	230	267	487	6.32e-09	50.4
4_484	5_214	25.203	246	153	8	4	231	122	354	1.87e-11	58.2
4_484	5_267	27.237	257	155	9	9	250	1	240	6.65e-11	55.8
4_484	5_37	25.806	217	145	9	27	231	23	235	8.44e-11	55.5
4_484	5_300	25.664	226	139	7	24	245	14	214	1.99e-10	55.1
4_484	5_290	33.766	77	51	0	154	230	508	584	2.66e-09	51.6
4_484	5_290	29.885	87	55	2	27	112	54	135	1.77e-04	37.0
4_484	5_240	31.313	99	68	0	133	231	211	309	2.73e-09	51.6
4_484	5_367	27.801	241	145	11	6	231	13	239	1.12e-08	49.3
4_484	5_486	23.188	207	138	6	23	227	13	200	3.66e-08	48.1
4_484	5_80	24.074	216	151	7	20	231	14	220	4.88e-08	47.8
4_484	5_80	24.180	244	146	10	30	251	277	503	1.73e-05	40.0
4_484	5_480	26.699	206	131	7	9	212	336	523	5.87e-08	47.8
4_484	5_186	22.831	219	137	7	22	231	17	212	2.16e-06	42.0
4_484	5_268	22.271	229	152	6	10	235	320	525	2.96e-06	42.4
4_484	5_268	21.992	241	138	8	24	235	14	233	2.71e-05	39.3
4_484	5_111	28.333	180	105	7	40	212	498	660	3.05e-05	39.3
4_484	5_545	20.856	187	128	6	10	193	13	182	4.27e-05	38.1
4_484	5_481	24.312	218	127	10	8	214	332	522	2.26e-04	36.6
4_484	5_346	28.889	90	53	4	136	218	815	900	3.43e-04	36.2
4_485	5_287	100.000	158	0	0	1	158	1	158	9.94e-116	319
4_486	5_404	98.382	309	5	0	1	309	1	309	0.0	591
4_487	5_405	97.333	75	2	0	1	75	1	75	4.20e-50	147
4_487	5_406	78.689	61	13	0	3	63	8	68	1.34e-29	103
4_487	5_497	70.492	61	18	0	3	63	8	68	6.36e-27	92.4
4_487	5_468	68.293	41	13	0	22	62	45	85	8.16e-16	64.7
4_488	5_488	100.000	312	0	0	1	312	168	479	0.0	627
4_488	5_316	28.571	126	73	4	73	192	437	551	5.86e-04	35.8
4_489	5_486	99.347	766	1	1	1	766	1	762	0.0	1495
4_489	5_299	30.788	812	476	21	1	766	1	772	2.44e-92	300
4_489	5_300	39.823	452	246	10	1	440	1	438	1.39e-89	290
4_489	5_300	33.588	131	87	0	636	766	516	646	1.64e-15	74.7
4_489	5_283	32.735	223	133	7	1	209	60	279	3.28e-24	98.6
4_489	5_37	27.488	211	126	7	17	201	23	232	5.44e-15	70.9
4_489	5_246	23.938	259	169	9	1	232	6	263	2.24e-14	70.9
4_489	5_246	23.301	206	140	4	16	203	282	487	2.74e-06	45.1
4_489	5_80	29.630	216	130	6	2	201	8	217	3.65e-13	67.0
4_489	5_480	29.897	194	126	6	1	188	336	525	4.87e-13	66.6
4_489	5_240	32.990	97	63	1	1	95	10	106	1.26e-09	55.5
4_489	5_545	27.230	213	130	7	1	199	12	213	4.16e-09	52.0
4_489	5_530	26.076	395	235	18	302	659	19	393	8.53e-09	52.8
4_489	5_485	34.483	87	53	2	119	202	183	268	1.97e-08	51.6
4_489	5_290	30.357	112	75	2	2	111	39	149	3.30e-08	51.2
4_489	5_290	31.081	74	49	1	129	200	508	581	1.66e-05	42.4
4_489	5_186	27.000	200	123	7	17	203	22	211	3.79e-08	49.7
4_489	5_214	25.561	223	120	8	15	198	141	356	1.09e-07	49.3
4_489	5_267	27.149	221	125	10	1	198	1	208	1.97e-07	47.8
4_489	5_286	29.545	88	59	2	115	200	141	227	4.29e-07	46.6
4_489	5_140	29.600	125	78	5	115	230	267	390	4.64e-07	47.4
4_489	5_368	30.476	105	65	2	129	225	618	722	4.99e-07	47.4
4_489	5_481	28.505	214	123	10	2	198	334	534	6.59e-07	47.0
4_489	5_268	26.027	219	131	9	1	204	319	521	1.38e-05	42.7
4_489	5_268	20.851	235	133	6	1	198	1	219	1.49e-05	42.4
4_489	5_367	24.880	209	125	7	16	197	29	232	1.44e-05	42.4
4_489	5_346	36.585	82	43	4	129	204	834	912	1.64e-05	42.7
4_489	5_346	31.068	103	61	4	93	190	460	557	0.001	37.0
4_489	5_499	28.378	74	45	1	16	81	4	77	5.70e-05	37.0
4_489	5_111	24.638	207	127	6	13	195	469	670	9.51e-05	40.0
4_490	5_3	98.936	188	2	0	1	188	1	188	1.98e-133	366
4_491	5_485	99.482	386	2	0	1	386	1	386	0.0	757
4_491	5_240	32.059	340	185	10	5	304	8	341	4.55e-38	137
4_491	5_290	40.146	137	82	0	166	302	481	617	1.94e-31	120
4_491	5_290	30.088	113	70	2	7	110	38	150	1.72e-11	60.1
4_491	5_368	37.363	91	57	0	194	284	619	709	1.47e-15	72.8
4_491	5_140	33.333	90	60	0	194	283	282	371	7.53e-15	70.1
4_491	5_286	25.357	280	164	5	6	283	8	244	3.01e-14	66.6
4_491	5_283	24.779	226	119	3	27	252	84	258	7.40e-14	66.2
4_491	5_186	32.143	140	84	3	143	279	90	221	8.28e-12	59.3
4_491	5_37	25.600	250	143	8	27	272	27	237	1.05e-11	59.7
4_491	5_214	23.404	141	104	2	164	303	251	388	1.31e-11	60.1
4_491	5_267	24.221	289	161	9	8	292	2	236	3.64e-11	57.8
4_491	5_246	23.333	270	154	9	29	296	28	246	8.00e-10	54.7
4_491	5_246	32.609	92	57	2	184	271	399	489	7.61e-07	45.4
4_491	5_299	30.986	142	89	5	128	263	59	197	9.96e-10	54.7
4_491	5_299	52.778	36	17	0	27	62	21	56	2.57e-05	40.4
4_491	5_300	29.333	150	99	3	129	273	60	207	1.34e-09	54.3
4_491	5_300	43.636	55	31	0	8	62	2	56	6.51e-06	42.4
4_491	5_367	26.984	126	88	2	176	297	142	267	1.53e-09	53.5
4_491	5_486	34.483	87	53	2	183	268	119	202	9.17e-09	51.6
4_491	5_80	28.788	132	85	4	146	271	356	484	7.96e-08	48.5
4_491	5_480	29.412	85	52	2	172	251	441	522	3.07e-06	43.5
4_491	5_481	38.000	100	46	5	1	95	327	415	1.06e-04	38.5
4_491	5_268	27.174	92	64	1	188	276	443	534	2.26e-04	37.4
4_491	5_545	50.000	46	23	0	8	53	13	58	2.77e-04	36.6
4_491	5_111	45.588	68	27	4	4	69	466	525	2.88e-04	37.4
4_492	5_484	99.677	620	2	0	1	620	1	620	0.0	1244
4_493	5_288	100.000	350	0	0	1	350	1	350	0.0	716
4_494	5_2	99.830	589	1	0	1	589	1	589	0.0	1145
4_494	5_143	26.087	460	272	17	51	492	10	419	2.15e-21	92.0
4_495	5_289	100.000	159	0	0	1	159	1	159	2.65e-117	323
4_495	5_215	32.500	120	78	2	22	140	15	132	6.74e-11	52.4
4_496	5_515	99.541	872	4	0	1	872	34	905	0.0	1732
4_496	5_473	25.714	245	153	5	1	221	10	249	2.58e-15	74.7
4_496	5_351	24.936	393	233	13	7	361	26	394	1.01e-13	69.7
4_496	5_490	26.667	240	154	7	1	220	18	255	6.87e-11	60.5
4_496	5_510	27.848	237	146	7	3	224	13	239	4.48e-09	54.7
4_496	5_349	25.578	606	359	26	2	560	25	585	6.90e-09	53.9
4_497	5_490	99.312	1018	7	0	1	1018	1	1018	0.0	1970
4_497	5_351	27.281	1074	662	33	6	1000	1	1034	8.68e-79	274
4_497	5_473	33.566	286	180	5	11	289	3	285	2.02e-35	140
4_497	5_473	31.271	291	136	10	545	783	737	1015	7.07e-24	103
4_497	5_473	32.231	121	72	5	361	474	477	594	1.83e-05	43.1
4_497	5_515	27.083	240	153	8	18	255	34	253	5.52e-10	57.8
4_497	5_510	21.258	795	484	31	11	699	2	760	9.65e-09	53.9
4_497	5_349	25.112	446	278	14	14	436	18	430	1.68e-07	49.7
4_498	5_39	99.558	226	1	0	1	226	1	226	1.25e-170	463
4_499	5_491	99.861	719	1	0	1	719	1	719	0.0	1429
4_500	5_205	99.281	278	2	0	1	278	1	278	0.0	549
4_501	5_42	99.262	271	2	0	1	271	1	271	0.0	532
4_502	5_494	97.521	121	3	0	1	121	1	121	6.13e-78	221
4_503	5_495	99.836	1217	2	0	1	1217	1	1217	0.0	2489
4_504	5_492	99.728	736	2	0	1	736	1	736	0.0	1465
4_504	5_231	26.260	754	440	25	6	720	16	692	8.34e-45	166
4_505	5_547	99.419	172	1	0	151	322	1	172	2.64e-123	346
4_505	5_536	98.507	134	2	0	1	134	1	134	2.18e-95	273
4_506	5_290	100.000	725	0	0	1	725	1	725	0.0	1470
4_506	5_240	38.624	189	111	4	481	667	205	390	6.12e-35	133
4_506	5_240	47.423	97	51	0	39	135	11	107	1.11e-22	96.3
4_506	5_485	40.146	137	82	0	481	617	166	302	3.78e-31	120
4_506	5_485	30.088	113	70	2	38	150	7	110	3.03e-11	60.1
4_506	5_368	25.735	136	99	2	481	614	590	725	2.35e-17	80.9
4_506	5_368	28.049	164	100	5	42	204	12	158	2.40e-07	48.5
4_506	5_140	38.298	94	57	1	501	594	274	366	9.23e-17	77.8
4_506	5_140	29.688	128	75	3	33	145	38	165	6.81e-10	56.2
4_506	5_214	32.432	111	74	1	505	614	274	384	1.69e-14	70.9
4_506	5_267	31.776	107	72	1	486	592	116	221	8.80e-13	63.9
4_506	5_267	31.915	94	55	3	50	137	16	106	1.02e-05	42.4
4_506	5_37	25.806	155	88	3	501	655	152	279	2.41e-12	62.8
4_506	5_37	30.952	84	39	3	53	117	22	105	1.16e-05	42.4
4_506	5_186	32.292	96	63	2	500	594	127	221	4.98e-11	58.2
4_506	5_186	30.556	72	46	3	53	123	21	89	0.001	35.8
4_506	5_246	34.409	93	54	2	498	587	402	490	2.14e-10	58.2
4_506	5_246	29.213	89	58	2	500	584	133	220	1.18e-07	49.3
4_506	5_246	29.348	92	54	4	48	131	16	104	1.10e-06	46.2
4_506	5_300	32.967	91	59	1	498	588	119	207	1.11e-09	55.8
4_506	5_300	33.333	99	58	3	39	134	2	95	5.85e-07	47.0
4_506	5_299	31.897	116	70	2	474	589	102	208	1.49e-09	55.5
4_506	5_299	32.673	101	60	2	39	136	2	97	2.44e-07	48.5
4_506	5_283	34.146	82	53	1	503	584	194	274	2.26e-09	53.9
4_506	5_283	31.707	82	46	2	58	131	84	163	2.11e-07	47.8
4_506	5_286	33.766	77	51	0	508	584	154	230	1.31e-08	51.2
4_506	5_486	30.357	112	75	2	39	149	2	111	2.91e-08	51.2
4_506	5_486	31.081	74	49	1	508	581	129	200	1.53e-05	42.7
4_506	5_80	30.476	105	70	1	38	139	7	111	4.98e-08	50.4
4_506	5_80	25.974	77	56	1	508	584	407	482	6.53e-04	37.0
4_506	5_367	28.440	109	77	1	505	612	159	267	1.60e-07	48.5
4_506	5_367	25.899	139	83	6	30	151	4	139	4.18e-04	37.4
4_506	5_545	32.877	73	49	0	36	108	10	82	7.42e-07	45.4
4_506	5_545	27.000	200	123	10	385	572	15	203	2.54e-05	40.8
4_506	5_268	35.088	57	37	0	39	95	2	58	8.90e-07	46.2
4_506	5_268	23.810	84	60	1	504	587	152	231	4.57e-05	40.8
4_506	5_499	38.028	71	32	3	58	119	9	76	1.23e-06	41.6
4_506	5_480	27.778	90	61	2	493	581	452	538	1.28e-06	45.8
4_506	5_481	33.333	66	43	1	36	100	331	396	2.56e-05	41.6
4_510	5_0	100.000	220	0	0	1	220	117	336	2.25e-156	431
4_510	5_523	21.364	220	158	6	1	220	100	304	2.22e-05	38.9
4_511	5_493	99.678	931	3	0	1	931	1	931	0.0	1839
4_511	5_507	28.959	221	117	9	9	225	17	201	4.36e-08	51.6
4_511	5_472	22.938	388	251	14	2	352	7	383	4.91e-06	44.7
4_511	5_509	30.864	162	92	7	60	208	55	209	1.88e-05	42.7
4_513	5_406	35.067	827	436	29	1	778	1	775	3.63e-108	345
4_513	5_468	35.216	832	419	31	1	776	1	768	9.75e-102	328
4_513	5_428	32.353	612	316	20	220	779	3	568	2.01e-57	201
4_513	5_497	36.239	218	135	4	1	216	1	216	2.05e-38	137
4_513	5_405	43.284	67	31	2	14	73	9	75	1.21e-08	47.4
4_514	5_496	98.995	398	4	0	1	398	1	398	0.0	796
4_515	5_548	99.660	294	1	0	97	390	1	294	0.0	592
4_515	5_469	43.717	382	152	10	26	394	120	451	7.02e-78	245
4_515	5_517	100.000	102	0	0	20	121	1	102	4.66e-68	205
4_515	5_549	36.102	313	145	15	97	390	1	277	1.19e-36	129
4_516	5_469	44.509	173	88	3	1	167	383	553	6.66e-42	142
4_516	5_548	74.510	51	13	0	15	65	243	293	3.91e-22	85.1
4_516	5_549	58.730	63	25	1	5	66	215	277	1.41e-19	78.2
4_517	5_469	44.633	177	90	3	1	171	383	557	2.04e-43	146
4_517	5_548	70.370	54	16	0	12	65	240	293	2.00e-22	85.9
4_517	5_549	66.667	54	17	1	13	65	223	276	2.03e-19	77.8
4_518	5_469	49.315	73	36	1	8	80	35	106	2.95e-17	69.7
4_519	5_501	100.000	55	0	0	1	55	1	55	5.38e-35	107
4_520	5_502	100.000	288	0	0	1	288	1	288	0.0	563
4_521	5_552	99.705	339	1	0	1	339	1	339	0.0	698
4_522	5_504	100.000	396	0	0	1	396	1	396	0.0	807
4_523	5_505	99.698	331	1	0	1	331	1	331	0.0	665
4_524	5_506	100.000	263	0	0	1	263	1	263	0.0	513
4_524	5_166	33.846	65	33	4	113	171	5	65	1.69e-04	37.0
4_524	5_155	35.000	60	27	2	113	164	159	214	3.30e-04	35.8
4_524	5_108	29.524	105	66	3	113	212	9	110	0.001	34.3
4_525	5_513	99.806	516	1	0	1	516	1	516	0.0	1029
4_526	5_507	98.059	1082	12	1	1	1073	1	1082	0.0	2127
4_526	5_489	28.895	706	447	15	1	696	1	661	1.17e-71	246
4_526	5_472	29.765	383	217	11	5	344	7	380	4.10e-30	123
4_526	5_472	25.490	408	214	19	445	778	584	975	1.13e-09	57.0
4_526	5_509	29.677	155	101	3	13	161	10	162	3.03e-13	68.6
4_526	5_493	27.523	218	124	7	17	201	9	225	2.70e-08	52.4
4_527	5_508	98.801	417	3	1	1	415	1	417	0.0	791
4_528	5_503	97.817	229	5	0	1	229	1	229	1.15e-164	449
4_529	5_509	97.164	1375	19	4	1	1365	1	1365	0.0	2656
4_529	5_507	29.677	155	101	3	10	162	13	161	3.80e-13	68.6
4_529	5_472	29.560	159	99	4	2	150	6	161	5.16e-11	61.6
4_529	5_489	27.500	160	102	7	3	156	8	159	1.38e-07	50.1
4_529	5_493	30.864	162	92	7	55	209	60	208	2.60e-05	43.1
4_530	5_510	98.847	1822	20	1	1	1821	1	1822	0.0	3619
4_530	5_351	23.870	553	312	18	4	509	6	496	6.75e-14	71.6
4_530	5_473	26.556	241	150	8	1	221	1	234	1.68e-10	60.5
4_530	5_473	28.082	146	81	7	850	982	967	1101	3.12e-04	40.0
4_530	5_515	27.572	243	151	7	7	239	30	257	9.72e-09	54.7
4_530	5_490	21.258	795	484	33	2	760	11	699	1.43e-08	54.3
4_530	5_349	22.707	458	302	16	5	453	16	430	2.75e-04	40.0
4_531	5_511	98.279	581	4	1	1	581	1	575	0.0	1114
4_531	5_471	28.000	400	244	15	186	573	122	489	4.98e-23	97.1
4_532	5_387	87.731	1027	97	5	1	1020	2759	3763	0.0	1747
4_533	5_545	98.643	221	3	0	313	533	1	221	9.39e-153	431
4_533	5_480	29.175	521	347	9	16	520	19	533	3.54e-49	172
4_533	5_481	35.922	206	126	5	319	520	328	531	5.62e-24	100
4_533	5_267	32.057	209	122	8	324	517	1	204	3.11e-14	67.8
4_533	5_246	30.909	220	111	7	320	513	2	206	1.01e-11	61.6
4_533	5_300	28.365	208	110	6	324	512	1	188	4.91e-11	59.7
4_533	5_268	28.877	187	109	5	324	486	1	187	7.42e-11	58.9
4_533	5_111	28.571	189	106	7	317	489	463	638	1.56e-09	54.7
4_533	5_486	27.570	214	128	8	324	525	1	199	2.15e-09	54.3
4_533	5_186	28.125	192	104	6	340	513	22	197	6.91e-09	51.2
4_533	5_299	28.351	194	128	6	324	512	1	188	7.94e-09	52.8
4_533	5_283	25.683	183	122	4	339	510	79	258	1.53e-07	47.8
4_533	5_240	36.232	69	44	0	324	392	10	78	2.32e-07	47.4
4_533	5_240	33.645	107	54	3	419	514	193	293	8.08e-06	42.7
4_533	5_290	34.247	73	48	0	322	394	36	108	6.08e-07	46.6
4_533	5_290	29.545	132	77	7	393	515	448	572	4.41e-05	40.4
4_533	5_499	38.000	50	31	0	339	388	4	53	2.89e-06	40.0
4_533	5_140	29.412	85	53	2	308	388	30	111	2.47e-04	37.7
4_533	5_367	26.667	210	115	10	339	519	29	228	4.81e-04	37.0
4_533	5_485	50.000	46	23	0	325	370	8	53	6.52e-04	36.6
4_533	5_80	43.182	44	25	0	343	386	26	69	6.95e-04	36.6
4_533	5_368	37.313	67	38	2	449	511	612	678	7.59e-04	36.6
4_534	5_23	99.664	298	1	0	1	298	1	298	0.0	602
4_535	5_507	30.072	276	143	14	25	260	815	1080	2.54e-20	84.7
4_537	5_99	99.648	284	1	0	1	284	1	284	0.0	572
4_537	5_266	37.143	105	61	3	37	141	22	121	3.54e-14	65.5
4_538	5_211	99.213	127	1	0	1	127	1	127	2.02e-87	245
4_539	5_514	99.787	470	1	0	1	470	1	470	0.0	933
4_539	5_359	35.516	397	209	11	37	417	60	425	8.53e-57	198
4_539	5_541	30.334	389	218	9	37	409	23	374	4.28e-40	148
4_540	5_399	98.529	204	3	0	1	204	1	204	2.66e-138	392
4_540	5_398	60.369	217	67	4	1	204	1	211	9.77e-79	240
4_540	5_383	30.542	203	110	9	6	199	8	188	9.24e-13	60.8
4_540	5_384	39.655	58	33	2	143	199	239	295	3.34e-07	44.7
4_540	5_528	42.857	42	23	1	144	185	230	270	3.44e-04	35.4
4_541	5_489	99.094	662	6	0	1	662	1	662	0.0	1295
4_541	5_507	29.178	706	445	15	1	661	1	696	1.13e-69	240
4_541	5_472	32.258	248	151	8	13	248	10	252	1.57e-24	103
4_541	5_509	27.564	156	99	7	12	159	7	156	7.24e-08	50.1
4_542	5_469	39.178	365	185	9	1	350	185	527	4.46e-69	222
4_542	5_548	40.268	298	139	6	7	269	1	294	1.72e-61	194
4_542	5_549	32.997	297	145	12	7	269	1	277	1.87e-35	126
4_542	5_517	90.000	30	3	0	1	30	72	101	4.75e-13	59.7
4_544	5_532	99.598	249	1	0	29	277	1	249	1.30e-180	492
4_545	5_518	100.000	277	0	0	1	277	1	277	0.0	544
4_546	5_539	99.588	486	2	0	1	486	1	486	0.0	963
4_547	5_520	100.000	86	0	0	1	86	1	86	1.29e-59	171
4_548	5_523	100.000	309	0	0	1	309	1	309	0.0	588
4_548	5_0	25.083	303	205	10	22	304	36	336	1.30e-09	52.8
4_549	5_524	100.000	40	0	0	1	40	1	40	7.62e-22	73.2
4_550	5_52	99.438	178	1	0	1	178	104	281	2.32e-130	362
4_551	5_52	98.485	66	1	0	1	66	1	66	1.43e-40	128
4_552	5_525	100.000	591	0	0	1	591	1	591	0.0	1170
4_554	5_526	100.000	142	0	0	1	142	1	142	1.17e-101	282
4_554	5_364	31.111	135	91	1	4	136	167	301	3.25e-17	71.6
4_555	5_265	33.221	596	339	15	198	776	186	739	9.48e-80	281
4_556	5_530	98.821	509	6	0	68	576	1	509	0.0	984
4_556	5_486	26.446	363	206	17	40	382	252	573	6.22e-09	53.1
4_557	5_355	99.549	443	2	0	1	443	4	446	0.0	883
4_559	5_529	99.677	620	2	0	1	620	1	620	0.0	1244
4_560	5_528	98.065	620	6	1	1	620	1	614	0.0	1206
4_560	5_383	39.794	485	270	6	140	617	44	513	1.51e-107	330
4_560	5_384	43.091	427	224	5	208	617	211	635	2.27e-105	328
4_560	5_398	36.802	394	220	9	244	617	151	535	6.26e-61	206
4_560	5_399	32.374	417	230	12	236	617	144	543	1.64e-51	181
4_560	5_309	30.260	423	247	9	235	616	118	533	2.57e-47	169
4_561	5_428	89.286	84	7	1	2	83	515	598	5.98e-46	149
4_561	5_406	81.707	82	14	1	2	82	723	804	1.12e-39	133
4_562	5_26	99.310	290	2	0	1	290	1	290	0.0	561
4_563	5_311	99.419	688	4	0	1	688	1	688	0.0	1365
4_565	5_519	98.907	183	2	0	1	183	1	183	2.45e-124	343
4_566	5_533	99.490	392	2	0	1	392	1	392	0.0	787
4_567	5_107	98.795	83	1	0	1	83	1	83	2.47e-56	167
4_568	5_399	100.000	342	0	0	20	361	203	544	0.0	698
4_568	5_398	65.789	342	108	4	22	361	202	536	4.89e-154	439
4_568	5_384	35.912	362	181	7	24	361	302	636	2.86e-61	202
4_568	5_383	34.104	346	185	7	29	361	199	514	5.82e-56	186
4_568	5_309	32.877	365	196	10	25	359	188	533	1.06e-45	159
4_568	5_528	33.429	350	190	9	24	360	292	611	5.07e-44	155
4_569	5_522	99.640	278	1	0	1	278	1	278	0.0	535
4_569	5_201	24.727	275	180	13	5	260	32	298	8.68e-10	53.1
4_570	5_540	99.471	378	2	0	1	378	1	378	0.0	728
4_572	5_366	99.420	690	4	0	1	690	88	777	0.0	1383
4_572	5_535	37.594	665	338	20	22	656	11	628	3.71e-123	376
4_572	5_483	28.829	333	192	12	214	515	310	628	1.77e-27	112
4_573	5_148	96.610	59	2	0	1	59	1	59	8.47e-37	113
4_573	5_550	95.652	23	1	0	63	85	1	23	4.19e-11	47.8
4_574	5_191	100.000	220	0	0	1	220	1	220	2.21e-162	447
4_574	5_8	42.991	214	116	3	7	218	7	216	1.92e-50	161
4_574	5_219	29.289	239	132	10	9	216	325	557	5.86e-13	62.0
4_575	5_514	100.000	137	0	0	1	137	446	582	6.02e-93	275
4_576	5_541	99.466	936	5	0	1	936	1	936	0.0	1810
4_576	5_359	30.460	870	556	19	8	858	45	884	2.11e-90	310
4_576	5_514	30.357	392	214	10	23	374	37	409	2.52e-39	149
4_577	5_406	77.095	716	158	5	1	713	1	713	0.0	1101
4_577	5_428	95.276	508	15	1	220	718	3	510	0.0	965
4_577	5_468	47.897	737	336	15	1	713	1	713	0.0	585
4_577	5_497	100.000	216	0	0	1	216	1	216	1.41e-151	434
4_577	5_405	71.667	60	17	0	8	67	3	62	7.03e-24	90.5
4_578	5_202	99.687	319	1	0	1	319	8	326	0.0	632
4_579	5_22	99.422	173	1	0	1	173	1	173	3.10e-126	347
4_580	5_543	98.617	723	10	0	1	723	1	723	0.0	1410
4_580	5_408	42.857	56	28	1	13	64	8	63	2.93e-07	47.4
4_580	5_35	32.381	105	65	3	74	174	37	139	2.07e-05	41.6
4_581	5_544	99.410	339	2	0	1	339	1	339	0.0	683
4_581	5_364	30.576	278	189	4	62	339	336	609	1.75e-39	142
4_581	5_236	26.582	158	97	6	56	203	150	298	3.54e-05	39.3
4_581	5_171	23.967	242	162	10	62	286	160	396	3.76e-04	36.6
4_582	5_542	99.894	945	1	0	27	971	1	945	0.0	1895
4_583	5_416	99.602	251	1	0	1	251	2	252	0.0	493
4_583	5_178	29.932	147	96	3	110	251	82	226	6.80e-09	49.3
4_584	5_537	99.502	201	1	0	1	201	1	201	5.82e-141	386
4_585	5_521	99.216	255	2	0	1	255	1	255	1.64e-179	488
4_586	5_546	98.701	77	1	0	1	77	1	77	5.62e-51	149
4_587	5_398	99.620	526	2	0	1	526	11	536	0.0	1052
4_587	5_399	62.778	540	181	8	1	526	11	544	0.0	644
4_587	5_384	39.362	470	235	15	80	524	190	634	1.99e-80	259
4_587	5_383	35.110	544	278	22	7	524	18	512	6.62e-75	242
4_587	5_528	36.181	398	217	10	141	525	238	611	5.56e-60	203
4_587	5_309	31.614	446	261	9	112	524	99	533	1.33e-51	179
4_588	5_488	99.401	167	1	0	1	167	1	167	7.55e-122	347
4_589	5_549	99.278	277	2	0	1	277	1	277	0.0	565
4_589	5_469	41.724	290	131	12	1	281	191	451	1.88e-48	164
4_589	5_548	36.422	313	144	15	1	277	1	294	1.72e-38	132
4_589	5_517	100.000	25	0	0	1	25	78	102	3.53e-11	53.9
4_590	5_517	73.958	96	23	1	12	105	1	96	2.15e-49	147
4_590	5_469	73.333	90	22	1	18	105	120	209	4.44e-42	139
4_590	5_549	94.737	19	1	0	87	105	1	19	1.40e-06	39.7
4_590	5_548	94.737	19	1	0	87	105	1	19	1.96e-06	39.3
4_591	5_517	97.647	85	2	0	1	85	18	102	1.55e-56	165
4_591	5_469	84.091	88	14	0	1	88	131	218	5.36e-47	152
4_591	5_549	85.294	34	5	0	61	94	1	34	4.83e-15	63.5
4_591	5_548	69.444	36	11	0	61	96	1	36	1.13e-11	54.3
4_592	5_136	99.591	489	2	0	2	490	1	489	0.0	979
4_592	5_28	27.500	160	109	3	146	301	110	266	7.79e-12	61.6
4_592	5_28	46.809	47	22	1	440	483	489	535	5.01e-08	49.7
4_592	5_410	23.176	466	288	19	52	484	14	442	1.33e-10	57.8
4_593	5_551	100.000	153	0	0	1	153	1	153	4.23e-113	312
