4_0	2_1	100.000	96	0	0	1	96	1	96	9.12e-66	188
4_1	2_4	100.000	110	0	0	1	110	1	110	1.59e-79	224
4_2	2_5	100.000	290	0	0	1	290	1	290	0.0	578
4_2	2_442	32.331	266	149	14	23	264	25	283	5.05e-24	94.0
4_3	2_412	98.805	251	3	0	1	251	1	251	5.69e-179	486
4_4	2_330	99.851	673	1	0	1	673	1	673	0.0	1348
4_4	2_314	22.437	517	375	10	6	512	10	510	6.67e-32	126
4_5	2_10	100.000	189	0	0	1	189	1	189	2.94e-140	384
4_6	2_332	100.000	101	0	0	1	101	235	335	1.91e-68	203
4_6	2_331	46.269	67	35	1	13	78	245	311	2.58e-13	58.5
4_7	2_11	100.000	152	0	0	1	152	1	152	1.21e-110	306
4_8	2_411	99.838	619	1	0	1	619	1	619	0.0	1248
4_9	2_333	99.735	378	1	0	1	378	1	378	0.0	751
4_10	2_12	100.000	463	0	0	1	463	1	463	0.0	923
4_11	2_13	100.000	47	0	0	1	47	1	47	3.67e-30	94.7
4_12	2_18	100.000	50	0	0	1	50	1	50	3.88e-32	99.8
4_12	2_162	35.556	45	26	1	6	50	5	46	1.50e-04	30.0
4_13	2_19	100.000	146	0	0	1	146	1	146	2.36e-105	292
4_14	2_20	100.000	295	0	0	1	295	1	295	0.0	590
4_15	2_381	99.654	289	1	0	1	289	1	289	0.0	554
4_16	2_22	100.000	225	0	0	1	225	1	225	3.17e-168	457
4_17	2_382	99.823	564	1	0	1	564	1	564	0.0	1103
4_17	2_439	31.670	461	251	12	95	533	214	632	1.23e-52	185
4_17	2_517	31.614	446	261	9	99	533	96	508	1.30e-51	179
4_17	2_544	30.260	423	247	9	118	533	247	628	5.50e-47	169
4_17	2_561	31.989	372	210	8	178	533	14	358	9.84e-46	159
4_17	2_284	30.496	423	234	11	131	540	144	519	7.21e-44	159
4_18	2_463	99.755	408	1	0	1	408	1	408	0.0	823
4_19	2_387	99.468	188	1	0	1	188	1	188	3.37e-138	378
4_20	2_26	100.000	413	0	0	1	413	1	413	0.0	841
4_21	2_27	100.000	177	0	0	1	177	1	177	2.12e-130	358
4_22	2_28	100.000	111	0	0	1	111	1	111	2.67e-77	218
4_23	2_29	100.000	211	0	0	1	211	1	211	2.53e-155	424
4_24	2_489	98.462	65	1	0	1	65	1	65	3.28e-44	131
4_25	2_33	100.000	280	0	0	1	280	1	280	0.0	562
4_26	2_34	100.000	269	0	0	1	269	1	269	0.0	537
4_26	2_484	26.937	271	163	13	4	258	3	254	4.28e-07	45.1
4_26	2_450	24.074	270	159	9	1	246	1	248	3.08e-06	42.0
4_26	2_207	32.203	59	40	0	188	246	183	241	1.12e-04	37.4
4_26	2_384	25.368	272	165	12	1	246	15	274	2.06e-04	36.6
4_26	2_174	32.877	73	43	1	180	246	186	258	2.68e-04	36.2
4_27	2_35	100.000	114	0	0	1	114	1	114	6.53e-84	235
4_28	2_36	100.000	169	0	0	1	169	1	169	2.24e-121	334
4_29	2_37	100.000	163	0	0	1	163	1	163	1.70e-119	329
4_30	2_310	98.864	88	1	0	1	88	1	88	3.09e-59	171
4_31	2_39	100.000	639	0	0	1	639	1	639	0.0	1304
4_31	2_416	44.288	639	333	9	5	635	3	626	2.08e-170	496
4_32	2_40	100.000	171	0	0	1	171	1	171	3.95e-123	339
4_33	2_307	99.701	334	1	0	1	334	1	334	0.0	679
4_34	2_41	100.000	494	0	0	1	494	1	494	0.0	963
4_35	2_42	100.000	231	0	0	1	231	1	231	6.82e-170	462
4_36	2_537	99.164	359	3	0	1	359	1	359	0.0	714
4_37	2_44	100.000	236	0	0	1	236	1	236	8.91e-176	477
4_38	2_45	100.000	186	0	0	1	186	1	186	1.39e-132	364
4_39	2_47	100.000	204	0	0	1	204	1	204	2.19e-151	413
4_40	2_48	100.000	872	0	0	1	872	1	872	0.0	1763
4_41	2_49	100.000	402	0	0	1	402	1	402	0.0	818
4_41	2_149	27.083	288	181	10	20	301	8	272	3.00e-16	75.1
4_41	2_255	32.099	162	90	3	21	182	116	257	1.83e-13	66.2
4_41	2_151	34.091	132	84	3	16	145	8	138	2.99e-13	65.9
4_42	2_51	100.000	316	0	0	1	316	1	316	0.0	632
4_43	2_52	100.000	402	0	0	1	402	1	402	0.0	806
4_44	2_53	100.000	306	0	0	1	306	1	306	0.0	610
4_45	2_295	99.740	385	1	0	1	385	1	385	0.0	767
4_45	2_126	32.877	219	139	5	160	377	106	317	2.05e-21	88.6
4_45	2_125	24.000	225	145	7	175	384	151	364	4.86e-04	36.2
4_46	2_294	97.938	776	15	1	1	775	1	776	0.0	1495
4_46	2_253	37.751	249	137	4	530	775	204	437	2.69e-43	157
4_46	2_253	39.175	97	55	2	22	115	61	156	1.78e-12	64.7
4_46	2_195	44.737	114	63	0	614	727	273	386	6.00e-30	119
4_46	2_195	31.250	96	61	2	33	123	152	247	6.78e-07	47.0
4_46	2_431	37.037	162	82	3	570	723	118	267	1.08e-25	103
4_46	2_223	32.117	137	92	1	584	720	199	334	4.78e-20	88.2
4_46	2_283	26.761	142	97	3	584	725	480	614	2.44e-17	80.9
4_46	2_283	28.049	164	100	5	12	158	42	204	2.42e-07	48.5
4_46	2_494	39.091	110	66	1	599	708	140	248	2.63e-16	75.1
4_46	2_401	37.363	91	57	0	619	709	194	284	2.92e-15	72.8
4_46	2_250	36.275	102	64	1	607	708	127	227	6.79e-15	70.5
4_46	2_250	33.333	75	43	3	27	100	23	91	7.87e-04	36.6
4_46	2_277	30.508	118	73	2	597	706	134	250	1.54e-13	65.9
4_46	2_274	31.000	100	68	1	607	706	188	286	3.74e-13	65.5
4_46	2_233	30.108	93	64	1	615	707	133	224	2.11e-11	59.3
4_46	2_233	40.426	47	28	0	23	69	21	67	7.79e-07	45.4
4_46	2_340	34.940	83	52	1	616	698	127	207	6.40e-09	53.5
4_46	2_429	30.097	103	62	3	601	699	129	225	7.39e-08	50.1
4_46	2_429	27.723	101	72	1	616	716	410	509	2.32e-05	42.0
4_46	2_280	30.476	105	65	2	618	722	129	225	5.09e-07	47.4
4_46	2_339	27.957	93	65	1	597	689	108	198	6.99e-07	47.0
4_46	2_482	38.983	59	33	1	618	676	467	522	7.31e-07	47.0
4_46	2_70	25.532	94	63	2	609	699	398	487	8.32e-06	43.5
4_46	2_350	36.508	63	34	2	38	96	364	424	1.08e-04	39.7
4_46	2_218	33.333	102	63	3	601	700	476	574	1.50e-04	39.7
4_46	2_513	37.313	67	38	2	612	678	449	511	0.001	36.6
4_46	2_252	28.169	71	47	1	619	689	449	515	0.001	36.6
4_47	2_54	100.000	231	0	0	1	231	1	231	1.06e-170	464
4_48	2_55	100.000	73	0	0	1	73	1	73	5.60e-53	154
4_49	2_57	100.000	271	0	0	1	271	1	271	0.0	552
4_50	2_58	100.000	110	0	0	1	110	1	110	2.12e-78	221
4_51	2_408	99.646	565	2	0	1	565	1	565	0.0	1096
4_52	2_60	100.000	220	0	0	1	220	1	220	9.94e-158	430
4_53	2_61	100.000	384	0	0	1	384	1	384	0.0	767
4_54	2_62	100.000	276	0	0	1	276	1	276	0.0	550
4_54	2_6	35.857	251	126	6	1	233	1	234	5.50e-31	112
4_55	2_369	99.512	205	1	0	1	205	1	205	3.27e-153	417
4_56	2_63	100.000	144	0	0	1	144	1	144	6.39e-107	296
4_57	2_370	99.635	274	1	0	1	274	1	274	0.0	559
4_58	2_64	100.000	225	0	0	1	225	1	225	1.67e-163	445
4_59	2_65	100.000	293	0	0	1	293	1	293	0.0	579
4_60	2_66	100.000	118	0	0	1	118	1	118	4.17e-79	223
4_61	2_67	100.000	97	0	0	1	97	1	97	2.03e-67	192
4_62	2_68	100.000	505	0	0	1	505	1	505	0.0	1029
4_63	2_69	100.000	184	0	0	1	184	1	184	1.28e-136	374
4_64	2_70	100.000	508	0	0	1	508	1	508	0.0	1011
4_64	2_429	30.469	512	327	14	12	505	11	511	2.55e-54	186
4_64	2_233	34.498	229	125	6	26	245	25	237	1.09e-23	94.7
4_64	2_233	32.051	78	53	0	407	484	136	213	8.05e-07	44.7
4_64	2_339	32.673	202	122	5	12	211	6	195	8.87e-16	74.7
4_64	2_280	29.630	216	130	6	8	217	2	201	1.71e-13	67.4
4_64	2_280	24.229	227	142	7	261	482	2	203	8.89e-04	36.2
4_64	2_494	29.018	224	132	5	22	224	22	239	9.08e-13	63.5
4_64	2_494	21.127	213	161	4	277	484	26	236	2.23e-04	37.7
4_64	2_340	29.524	210	134	5	12	221	10	205	1.15e-12	64.7
4_64	2_340	28.326	233	135	9	261	487	2	208	4.94e-09	53.1
4_64	2_250	32.143	196	124	6	31	223	28	217	1.02e-11	60.1
4_64	2_252	26.271	236	145	9	8	221	2	230	6.13e-10	55.8
4_64	2_252	32.432	74	47	2	149	222	453	523	3.22e-04	37.4
4_64	2_274	25.405	185	119	6	26	201	83	257	1.00e-08	51.2
4_64	2_274	23.387	248	159	10	244	487	59	279	1.14e-05	41.6
4_64	2_195	28.444	225	127	11	23	224	145	358	1.83e-08	50.8
4_64	2_195	25.106	235	140	8	278	493	147	364	1.23e-05	42.0
4_64	2_482	31.694	183	103	8	26	201	355	522	2.39e-08	50.8
4_64	2_283	30.476	105	70	1	7	111	38	139	3.58e-08	50.4
4_64	2_283	25.974	77	56	1	407	482	508	584	4.69e-04	37.0
4_64	2_401	28.030	132	86	4	356	484	146	271	2.68e-07	47.0
4_64	2_560	31.034	145	86	3	40	180	21	155	2.69e-07	45.8
4_64	2_223	30.488	82	54	2	407	486	232	312	3.98e-07	46.6
4_64	2_223	28.333	60	43	0	8	67	11	70	4.32e-04	37.0
4_64	2_277	23.148	216	153	7	14	220	20	231	1.93e-06	43.9
4_64	2_277	24.180	244	146	10	277	503	30	251	2.61e-04	37.4
4_64	2_294	25.532	94	63	2	398	487	610	700	6.10e-06	43.1
4_64	2_253	25.954	131	94	2	357	484	229	359	1.34e-05	42.0
4_64	2_350	25.568	176	111	6	36	205	363	524	3.61e-05	40.4
4_64	2_338	25.000	184	124	4	27	208	346	517	3.56e-04	37.4
4_64	2_431	25.000	236	148	10	273	493	28	249	4.10e-04	37.0
4_64	2_513	43.182	44	25	0	26	69	343	386	6.56e-04	36.6
4_65	2_71	100.000	303	0	0	1	303	1	303	0.0	577
4_65	2_374	31.050	219	119	5	18	216	79	285	1.60e-11	59.3
4_66	2_72	100.000	184	0	0	1	184	1	184	6.17e-138	377
4_67	2_73	100.000	89	0	0	1	89	1	89	2.38e-60	174
4_68	2_74	100.000	165	0	0	1	165	1	165	6.43e-118	325
4_69	2_75	100.000	1411	0	0	1	1411	1	1411	0.0	2888
4_70	2_407	98.561	139	2	0	1	139	1	139	3.19e-98	273
4_72	2_77	100.000	214	0	0	1	214	1	214	2.74e-154	421
4_73	2_78	100.000	632	0	0	1	632	1	632	0.0	1287
4_74	2_79	100.000	120	0	0	1	120	1	120	5.81e-85	238
4_75	2_80	100.000	227	0	0	1	227	1	227	1.95e-169	461
4_76	2_81	100.000	87	0	0	1	87	1	87	1.79e-62	179
4_77	2_82	100.000	321	0	0	1	321	1	321	0.0	642
4_77	2_556	41.379	58	30	1	8	65	13	66	1.42e-07	47.4
4_78	2_523	99.867	753	1	0	1	753	1	753	0.0	1524
4_79	2_541	100.000	154	0	0	58	211	1	154	7.03e-107	299
4_80	2_84	100.000	109	0	0	1	109	1	109	1.16e-79	224
4_81	2_85	100.000	155	0	0	1	155	1	155	8.18e-113	311
4_82	2_86	100.000	64	0	0	1	64	1	64	6.86e-43	127
4_83	2_87	100.000	116	0	0	1	116	1	116	4.11e-83	233
4_84	2_88	100.000	478	0	0	1	478	1	478	0.0	968
4_85	2_470	98.901	91	1	0	1	91	1	91	3.29e-62	178
4_86	2_89	100.000	356	0	0	1	356	1	356	0.0	721
4_87	2_90	100.000	99	0	0	1	99	1	99	6.01e-69	196
4_88	2_91	100.000	84	0	0	1	84	1	84	2.21e-57	166
4_89	2_93	100.000	369	0	0	1	369	1	369	0.0	745
4_90	2_95	100.000	315	0	0	1	315	1	315	0.0	627
4_90	2_168	21.908	283	199	6	36	309	31	300	1.23e-12	62.0
4_91	2_96	100.000	361	0	0	1	361	1	361	0.0	734
4_92	2_97	100.000	242	0	0	1	242	1	242	9.13e-176	478
4_92	2_354	26.772	127	68	4	81	203	46	151	3.05e-04	35.0
4_93	2_471	99.537	216	1	0	1	216	1	216	4.58e-146	400
4_94	2_98	100.000	216	0	0	1	216	1	216	1.05e-156	427
4_94	2_376	25.654	191	131	5	28	214	18	201	4.88e-10	52.0
4_95	2_99	100.000	193	0	0	1	193	1	193	2.88e-139	381
4_96	2_354	98.925	186	2	0	1	186	1	186	6.33e-136	372
4_96	2_97	26.772	127	68	4	46	151	81	203	2.16e-04	35.4
4_97	2_100	100.000	131	0	0	1	131	1	131	2.99e-94	263
4_98	2_101	100.000	150	0	0	1	150	1	150	1.62e-109	303
4_99	2_375	99.853	679	1	0	2	680	1	679	0.0	1342
4_99	2_350	27.719	285	184	6	358	634	225	495	3.49e-14	70.1
4_99	2_338	32.184	174	95	8	495	660	352	510	9.00e-11	59.3
4_99	2_340	31.285	179	100	8	500	670	32	195	5.28e-10	57.0
4_99	2_482	31.138	167	94	7	502	660	369	522	6.85e-10	56.2
4_99	2_233	29.630	189	109	7	501	679	38	212	7.37e-10	54.7
4_99	2_560	30.496	141	90	3	502	640	21	155	2.02e-09	52.4
4_99	2_513	28.042	189	107	7	463	638	317	489	7.33e-09	53.1
4_99	2_274	29.167	168	103	8	502	660	97	257	4.13e-08	50.1
4_99	2_339	24.479	192	131	5	491	678	23	204	2.48e-07	48.1
4_99	2_250	25.359	209	123	8	464	661	11	197	3.64e-07	46.6
4_99	2_429	22.353	170	119	4	500	660	37	202	4.74e-05	40.8
4_99	2_280	24.510	204	131	6	469	670	13	195	1.20e-04	39.7
4_99	2_277	28.814	177	108	5	498	660	40	212	3.49e-04	37.4
4_99	2_401	45.588	68	27	4	466	525	4	69	5.16e-04	37.4
4_99	2_252	25.126	199	105	10	500	667	32	217	6.00e-04	37.4
4_100	2_356	99.749	398	1	0	1	398	1	398	0.0	810
4_101	2_102	100.000	332	0	0	1	332	1	332	0.0	667
4_102	2_103	100.000	134	0	0	1	134	1	134	3.33e-97	270
4_103	2_104	100.000	137	0	0	1	137	1	137	1.89e-97	271
4_104	2_105	100.000	37	0	0	1	37	1	37	1.09e-20	70.1
4_105	2_106	100.000	75	0	0	1	75	1	75	3.30e-53	154
4_106	2_107	100.000	250	0	0	1	250	1	250	0.0	511
4_106	2_17	27.451	204	135	5	3	203	121	314	1.65e-15	69.7
4_107	2_108	100.000	147	0	0	1	147	1	147	7.26e-107	296
4_108	2_360	98.347	121	2	0	1	121	1	121	1.36e-86	243
4_109	2_109	100.000	179	0	0	1	179	1	179	4.19e-130	357
4_110	2_110	100.000	131	0	0	1	131	1	131	2.23e-94	263
4_111	2_111	100.000	61	0	0	1	61	1	61	5.60e-42	125
4_112	2_112	100.000	181	0	0	1	181	1	181	5.21e-135	370
4_113	2_113	100.000	122	0	0	1	122	1	122	1.03e-84	238
4_114	2_114	100.000	121	0	0	1	121	1	121	1.58e-81	229
4_115	2_448	99.265	136	1	0	1	136	1	136	4.69e-99	275
4_116	2_115	100.000	227	0	0	1	227	1	227	2.14e-167	455
4_117	2_116	100.000	173	0	0	1	173	1	173	1.76e-125	345
4_118	2_117	100.000	90	0	0	1	90	1	90	1.45e-65	187
4_119	2_119	100.000	163	0	0	1	163	1	163	1.59e-116	322
4_120	2_120	100.000	233	0	0	1	233	1	233	4.03e-170	462
4_121	2_121	100.000	106	0	0	1	106	1	106	6.79e-75	212
4_122	2_123	100.000	184	0	0	1	184	1	184	1.68e-136	374
4_123	2_450	99.638	276	1	0	1	276	1	276	0.0	565
4_123	2_384	26.894	264	165	9	5	249	21	275	8.57e-14	64.7
4_123	2_207	23.529	272	197	8	2	272	4	265	4.50e-11	56.6
4_123	2_34	24.074	270	159	9	1	248	1	246	2.94e-06	42.0
4_123	2_174	27.397	73	51	1	2	72	7	79	4.86e-05	38.5
4_123	2_484	26.316	228	142	10	7	224	8	219	3.58e-04	36.2
4_124	2_124	100.000	442	0	0	1	442	1	442	0.0	874
4_124	2_239	35.897	156	83	4	218	368	172	315	3.44e-20	87.0
4_124	2_239	30.337	89	60	2	220	307	6	93	1.49e-05	41.6
4_124	2_355	37.705	61	35	1	218	275	5	65	5.85e-05	39.3
4_126	2_453	99.419	344	2	0	1	344	1	344	0.0	678
4_126	2_335	24.606	317	175	11	64	333	46	345	1.72e-05	40.4
4_127	2_125	100.000	366	0	0	1	366	1	366	0.0	723
4_127	2_296	27.358	318	207	7	61	361	6	316	8.82e-23	92.8
4_128	2_126	100.000	321	0	0	1	321	1	321	0.0	634
4_128	2_295	32.877	219	139	5	106	317	160	377	2.29e-20	85.5
4_129	2_366	99.296	142	1	0	1	142	1	142	4.86e-103	286
4_130	2_367	99.723	361	1	0	1	361	1	361	0.0	717
4_131	2_127	100.000	259	0	0	1	259	1	259	0.0	515
4_132	2_128	100.000	91	0	0	1	91	1	91	6.74e-61	175
4_132	2_1	28.571	91	61	3	1	88	3	92	8.86e-07	38.5
4_133	2_129	100.000	98	0	0	1	98	1	98	9.74e-67	191
4_134	2_130	100.000	207	0	0	1	207	1	207	5.35e-147	402
4_135	2_136	100.000	240	0	0	1	240	1	240	3.10e-178	484
4_136	2_137	100.000	419	0	0	1	419	1	419	0.0	828
4_136	2_275	35.433	127	57	2	160	261	6	132	1.49e-14	69.3
4_136	2_239	25.112	223	154	7	159	375	173	388	1.90e-04	37.7
4_136	2_511	35.000	60	27	2	159	214	113	164	6.56e-04	35.8
4_137	2_138	100.000	141	0	0	1	141	1	141	1.22e-99	277
4_138	2_139	100.000	242	0	0	1	242	1	242	8.58e-173	470
4_139	2_140	100.000	102	0	0	1	102	1	102	1.57e-71	203
4_140	2_141	100.000	179	0	0	1	179	1	179	3.49e-127	350
4_141	2_142	100.000	187	0	0	1	187	1	187	4.43e-132	363
4_142	2_322	99.606	507	2	0	1	507	1	507	0.0	1010
4_142	2_287	43.385	325	173	6	125	444	105	423	1.35e-74	239
4_142	2_320	26.757	370	260	7	58	421	44	408	8.10e-26	104
4_142	2_173	21.988	332	249	6	37	363	15	341	8.11e-08	48.9
4_143	2_321	99.638	276	1	0	1	276	1	276	0.0	542
4_144	2_320	99.788	471	1	0	1	471	1	471	0.0	951
4_144	2_173	37.168	452	279	4	7	456	2	450	3.03e-104	313
4_144	2_322	27.027	370	259	7	44	408	58	421	1.35e-26	107
4_144	2_287	22.712	295	216	6	63	348	49	340	4.53e-08	49.7
4_145	2_146	100.000	257	0	0	1	257	1	257	0.0	518
4_146	2_318	99.758	414	1	0	1	414	1	414	0.0	828
4_147	2_317	99.020	102	1	0	1	102	1	102	5.33e-69	196
4_148	2_149	100.000	598	0	0	1	598	1	598	0.0	1210
4_148	2_151	36.898	187	106	4	2	183	6	185	1.18e-24	103
4_148	2_151	23.009	226	143	9	165	370	266	480	7.32e-07	46.6
4_148	2_151	22.599	177	118	5	322	480	509	684	3.29e-06	44.3
4_148	2_255	30.093	216	126	7	10	217	117	315	7.20e-17	78.6
4_148	2_49	27.083	288	181	10	8	272	20	301	4.46e-16	75.1
4_148	2_239	28.108	185	98	8	10	176	174	341	6.25e-05	40.0
4_149	2_150	100.000	323	0	0	1	323	1	323	0.0	657
4_150	2_151	100.000	694	0	0	1	694	1	694	0.0	1425
4_150	2_149	36.898	187	106	4	6	185	2	183	1.37e-24	103
4_150	2_149	23.009	226	143	9	266	480	165	370	8.50e-07	46.6
4_150	2_149	22.599	177	118	5	509	684	322	480	3.82e-06	44.3
4_150	2_255	37.008	127	62	2	13	139	116	224	9.16e-14	68.9
4_150	2_49	34.091	132	84	3	8	138	16	145	5.16e-13	65.9
4_151	2_152	100.000	141	0	0	1	141	1	141	5.99e-104	288
4_152	2_154	100.000	427	0	0	1	427	1	427	0.0	847
4_153	2_316	99.569	232	1	0	1	232	1	232	3.05e-173	471
4_154	2_155	100.000	93	0	0	1	93	1	93	4.80e-68	193
4_155	2_156	100.000	259	0	0	1	259	1	259	0.0	514
4_156	2_157	100.000	144	0	0	1	144	1	144	8.29e-108	298
4_157	2_158	100.000	132	0	0	1	132	1	132	6.79e-95	264
4_158	2_479	99.310	145	1	0	1	145	1	145	1.17e-101	282
4_159	2_160	100.000	229	0	0	1	229	1	229	5.13e-169	459
4_159	2_558	29.252	147	97	3	82	226	110	251	9.36e-09	48.9
4_160	2_161	100.000	181	0	0	1	181	1	181	1.20e-134	369
4_161	2_162	100.000	46	0	0	1	46	1	46	2.32e-29	92.4
4_162	2_163	100.000	195	0	0	1	195	1	195	2.45e-144	394
4_163	2_347	99.592	245	1	0	1	245	1	245	2.50e-176	479
4_164	2_166	100.000	457	0	0	1	457	1	457	0.0	937
4_165	2_438	99.502	201	1	0	1	201	1	201	3.30e-149	407
4_166	2_167	100.000	316	0	0	1	316	1	316	0.0	625
4_167	2_168	100.000	304	0	0	1	304	1	304	0.0	591
4_167	2_95	21.908	283	199	6	31	300	36	309	1.18e-12	62.0
4_168	2_286	99.827	578	1	0	1	578	1	578	0.0	1159
4_169	2_169	100.000	127	0	0	1	127	1	127	2.16e-88	248
4_170	2_170	100.000	285	0	0	1	285	1	285	0.0	552
4_170	2_171	42.748	262	132	5	26	281	1	250	4.92e-54	171
4_170	2_176	42.786	201	111	2	84	280	43	243	6.49e-48	155
4_171	2_172	100.000	411	0	0	1	411	1	411	0.0	820
4_172	2_434	99.505	202	1	0	1	202	1	202	7.07e-145	396
4_173	2_290	99.567	231	1	0	1	231	1	231	3.42e-161	440
4_174	2_287	99.804	511	1	0	1	511	1	511	0.0	1044
4_174	2_322	43.385	325	173	6	105	423	125	444	1.15e-74	239
4_174	2_320	22.712	295	216	6	49	340	63	348	3.85e-08	50.1
4_174	2_173	22.819	298	203	11	116	400	119	402	4.06e-06	43.5
4_175	2_173	100.000	457	0	0	1	457	1	457	0.0	926
4_175	2_320	37.168	452	279	4	2	450	7	456	1.83e-104	314
4_175	2_322	24.291	247	181	5	15	260	37	278	7.38e-08	48.9
4_175	2_287	22.819	298	203	11	119	402	116	400	3.36e-06	43.5
4_176	2_174	100.000	306	0	0	1	306	1	306	0.0	630
4_176	2_384	27.241	290	173	9	10	278	21	293	1.79e-21	87.0
4_176	2_207	22.939	279	185	10	9	277	5	263	2.28e-08	48.9
4_176	2_484	22.137	262	169	7	12	261	8	246	2.77e-06	42.7
4_176	2_450	27.397	73	51	1	7	79	2	72	3.90e-05	38.9
4_176	2_34	32.877	73	43	1	186	258	180	246	2.62e-04	36.2
4_177	2_175	100.000	361	0	0	1	361	1	361	0.0	736
4_179	2_399	31.008	129	74	5	2	119	1	125	9.11e-09	47.8
4_182	2_391	26.254	339	239	6	1	337	5	334	8.99e-28	113
4_184	2_178	100.000	77	0	0	1	77	1	77	1.96e-49	145
4_185	2_179	100.000	90	0	0	1	90	1	90	1.26e-61	177
4_186	2_180	100.000	156	0	0	1	156	1	156	1.35e-117	323
4_187	2_181	100.000	126	0	0	1	126	1	126	2.44e-88	247
4_188	2_182	100.000	174	0	0	1	174	1	174	6.42e-126	346
4_189	2_183	100.000	147	0	0	1	147	1	147	3.02e-106	294
4_190	2_184	100.000	87	0	0	1	87	1	87	2.05e-61	176
4_191	2_486	99.618	524	2	0	1	524	1	524	0.0	1013
4_191	2_309	24.301	465	302	18	4	429	9	462	1.05e-13	67.8
4_192	2_186	100.000	321	0	0	1	321	1	321	0.0	642
4_192	2_531	22.892	249	168	11	57	298	29	260	2.34e-05	39.7
4_193	2_392	99.029	103	1	0	1	103	1	103	2.66e-69	197
4_194	2_187	100.000	93	0	0	1	93	1	93	6.75e-61	175
4_195	2_189	100.000	64	0	0	1	64	1	64	8.34e-41	122
4_196	2_190	100.000	216	0	0	1	216	1	216	3.75e-157	429
4_197	2_191	100.000	136	0	0	1	136	1	136	5.62e-92	257
4_198	2_192	100.000	146	0	0	1	146	1	146	2.59e-102	284
4_199	2_194	100.000	143	0	0	1	143	1	143	1.84e-100	279
4_200	2_449	98.621	145	2	0	1	145	1	145	5.74e-105	291
4_201	2_195	100.000	469	0	0	1	469	1	469	0.0	967
4_201	2_431	40.361	332	194	3	116	447	5	332	1.47e-74	233
4_201	2_294	44.737	114	63	0	273	386	615	728	2.69e-30	119
4_201	2_294	31.579	95	60	2	153	247	34	123	2.78e-07	47.4
4_201	2_253	45.082	122	66	1	269	389	273	394	1.41e-28	112
4_201	2_253	35.185	108	53	4	139	239	59	156	1.62e-11	60.5
4_201	2_250	26.800	250	159	8	122	370	3	229	1.79e-18	80.1
4_201	2_233	28.444	225	136	8	143	365	22	223	3.88e-16	72.4
4_201	2_223	32.520	123	71	3	247	357	190	312	7.34e-15	70.9
4_201	2_283	32.432	111	74	1	274	384	505	614	7.51e-15	71.2
4_201	2_494	27.778	234	146	5	146	367	26	248	2.68e-14	68.2
4_201	2_274	30.769	195	114	7	146	336	81	258	3.13e-14	67.8
4_201	2_401	23.448	145	108	2	244	388	162	303	1.68e-11	60.1
4_201	2_429	25.424	236	134	10	143	363	22	230	1.68e-09	54.3
4_201	2_429	25.581	258	148	8	115	355	259	489	3.96e-08	49.7
4_201	2_277	26.033	242	156	9	122	354	4	231	3.30e-09	52.0
4_201	2_340	25.688	218	138	7	142	359	16	209	1.20e-08	51.6
4_201	2_70	28.444	225	127	11	145	358	23	224	2.38e-08	50.4
4_201	2_70	24.483	290	175	11	99	364	224	493	1.27e-05	42.0
4_201	2_280	25.561	223	120	8	141	356	15	198	4.80e-08	49.7
4_201	2_339	25.592	211	123	8	142	347	16	197	4.67e-06	43.5
4_201	2_252	23.913	184	111	6	142	308	16	187	1.08e-04	38.9
4_201	2_218	29.897	97	57	4	277	364	834	928	1.89e-04	38.1
4_202	2_196	100.000	151	0	0	1	151	1	151	1.09e-108	301
4_202	2_0	32.500	120	78	2	15	132	22	140	7.44e-11	52.0
4_203	2_197	100.000	113	0	0	1	113	1	113	7.11e-82	230
4_204	2_198	100.000	96	0	0	1	96	1	96	1.58e-68	195
4_205	2_200	100.000	285	0	0	1	285	1	285	0.0	558
4_206	2_202	100.000	190	0	0	1	190	1	190	3.93e-143	391
4_207	2_480	99.752	404	1	0	1	404	1	404	0.0	811
4_208	2_203	100.000	331	0	0	1	331	1	331	0.0	660
4_209	2_205	100.000	149	0	0	1	149	1	149	1.74e-111	308
4_210	2_206	100.000	112	0	0	1	112	1	112	2.69e-78	221
4_211	2_508	99.275	138	1	0	1	138	1	138	2.75e-96	268
4_212	2_207	100.000	267	0	0	1	267	1	267	0.0	541
4_212	2_384	26.502	283	175	9	3	260	19	293	4.52e-16	71.2
4_212	2_484	32.895	228	137	8	1	219	1	221	4.19e-15	69.3
4_212	2_450	23.897	272	196	8	4	265	2	272	2.25e-11	57.4
4_212	2_174	22.968	283	187	11	2	263	5	277	1.52e-08	48.9
4_212	2_34	32.203	59	40	0	183	241	188	246	1.11e-04	37.4
4_213	2_208	100.000	90	0	0	1	90	1	90	1.90e-57	166
4_214	2_209	100.000	221	0	0	1	221	1	221	2.70e-164	447
4_215	2_210	100.000	219	0	0	1	219	1	219	3.27e-160	436
4_216	2_211	100.000	70	0	0	1	70	1	70	3.07e-44	131
4_219	2_311	99.855	692	1	0	1	692	1	692	0.0	1370
4_220	2_213	100.000	95	0	0	1	95	1	95	2.42e-67	192
4_221	2_215	100.000	699	0	0	1	699	1	699	0.0	1417
4_221	2_496	25.878	769	431	26	16	692	6	727	1.35e-44	165
4_222	2_216	100.000	181	0	0	1	181	1	181	8.06e-131	359
4_223	2_214	98.718	78	1	0	13	90	1	78	1.40e-51	151
4_224	2_428	94.118	51	3	0	1	51	1	51	2.68e-31	97.8
4_225	2_452	98.214	56	1	0	1	56	1	56	1.58e-34	107
4_226	2_217	100.000	232	0	0	1	232	1	232	5.78e-171	465
4_227	2_218	100.000	947	0	0	1	947	1	947	0.0	1932
4_227	2_250	29.801	151	85	7	783	928	90	224	3.74e-07	47.4
4_227	2_339	39.130	92	47	4	820	908	115	200	6.62e-07	47.4
4_227	2_339	28.571	147	88	6	416	562	64	193	1.55e-04	39.7
4_227	2_494	32.051	78	50	1	820	897	145	219	1.34e-06	45.8
4_227	2_494	30.000	80	54	1	479	558	145	222	6.12e-06	43.5
4_227	2_280	36.585	82	43	4	834	912	129	204	1.80e-05	42.7
4_227	2_340	36.905	84	44	4	826	906	121	198	1.76e-04	39.7
4_227	2_253	25.168	298	194	12	628	907	63	349	1.89e-04	39.3
4_227	2_294	33.333	102	63	3	476	574	602	701	2.15e-04	39.3
4_227	2_223	38.667	75	43	2	485	558	224	296	2.30e-04	38.9
4_227	2_195	29.897	97	57	4	834	928	277	364	4.12e-04	38.1
4_227	2_431	29.825	114	68	5	833	943	161	265	4.80e-04	37.7
4_227	2_429	24.737	190	120	8	481	655	129	310	5.46e-04	37.7
4_228	2_314	99.756	821	2	0	1	821	1	821	0.0	1659
4_228	2_330	22.437	517	375	10	10	510	6	512	1.76e-31	125
4_229	2_313	83.333	480	60	4	4	468	7	481	0.0	736
4_230	2_38	99.387	326	2	0	1	326	1	326	0.0	648
4_231	2_219	100.000	305	0	0	1	305	1	305	0.0	620
4_231	2_298	24.419	344	193	13	4	298	157	482	1.41e-04	37.7
4_232	2_312	99.448	1086	6	0	1	1086	1	1086	0.0	2126
4_232	2_420	24.222	450	279	15	23	431	12	440	1.33e-08	53.5
4_232	2_490	24.947	469	294	15	18	451	14	459	1.15e-07	50.4
4_232	2_477	22.624	221	146	6	31	226	14	234	5.69e-05	41.6
4_232	2_525	26.667	255	162	9	25	260	29	277	1.19e-04	40.4
4_232	2_519	22.944	462	296	16	16	430	5	453	1.59e-04	40.0
4_233	2_419	99.171	965	8	0	1	965	1	965	0.0	1891
4_233	2_476	23.247	271	155	11	65	297	63	318	3.69e-08	51.6
4_233	2_518	26.286	175	110	5	24	191	12	174	1.75e-04	39.7
4_234	2_220	100.000	242	0	0	1	242	1	242	1.66e-178	484
4_235	2_221	100.000	142	0	0	1	142	1	142	9.80e-99	275
4_236	2_420	97.942	1069	12	1	1	1069	1	1059	0.0	2073
4_236	2_490	26.618	1097	681	32	1	1060	6	1015	1.03e-80	279
4_236	2_477	31.988	322	208	5	4	322	1	314	2.75e-43	166
4_236	2_477	25.926	297	177	9	521	777	723	1016	7.56e-15	73.9
4_236	2_477	35.088	114	70	4	357	468	472	583	3.84e-10	58.5
4_236	2_519	24.593	553	308	20	6	496	4	509	1.57e-14	72.8
4_236	2_525	24.010	404	243	14	15	394	31	394	5.33e-13	67.8
4_236	2_312	23.414	457	274	16	12	440	23	431	2.51e-08	52.4
4_237	2_222	100.000	322	0	0	1	322	1	322	0.0	652
4_238	2_309	99.809	524	1	0	1	524	1	524	0.0	1019
4_238	2_486	24.301	465	302	18	9	462	4	429	1.82e-13	67.0
4_239	2_308	99.733	374	1	0	1	374	1	374	0.0	774
4_240	2_421	99.420	1379	5	1	1	1379	1	1376	0.0	2691
4_240	2_301	67.814	1395	423	7	1	1379	1	1385	0.0	1833
4_241	2_422	98.873	355	4	0	1	355	26	380	0.0	681
4_242	2_223	100.000	444	0	0	1	444	1	444	0.0	887
4_242	2_401	30.725	345	183	9	8	341	5	304	4.08e-38	137
4_242	2_283	38.624	189	111	4	205	390	481	667	3.84e-35	133
4_242	2_283	47.423	97	51	0	11	107	39	135	7.00e-23	96.3
4_242	2_253	26.786	392	248	11	10	379	43	417	4.14e-23	95.9
4_242	2_294	32.117	137	92	1	199	334	585	721	2.89e-20	88.2
4_242	2_294	40.541	37	22	0	20	56	18	54	6.08e-04	36.6
4_242	2_494	35.616	146	81	5	214	355	140	276	2.31e-17	77.0
4_242	2_494	25.962	104	55	3	24	106	21	123	7.11e-05	38.9
4_242	2_195	32.520	123	71	3	190	312	247	357	5.61e-15	71.2
4_242	2_250	34.545	110	71	1	212	321	118	226	4.50e-13	63.9
4_242	2_250	26.050	119	79	3	22	137	16	128	1.82e-05	40.8
4_242	2_274	36.170	94	54	2	24	111	78	171	9.15e-12	60.5
4_242	2_274	36.585	82	51	1	230	311	197	277	4.93e-10	55.1
4_242	2_429	30.147	136	88	4	202	333	112	244	6.76e-11	58.5
4_242	2_429	28.431	102	68	3	10	106	6	107	3.11e-08	50.1
4_242	2_429	25.287	87	64	1	224	310	404	489	3.83e-05	40.0
4_242	2_233	31.313	99	67	1	232	330	136	233	3.66e-10	54.7
4_242	2_280	32.990	97	63	1	10	106	1	95	6.82e-10	55.5
4_242	2_431	28.030	132	92	1	204	332	131	262	8.94e-10	54.3
4_242	2_277	31.313	99	68	0	211	309	133	231	5.08e-09	51.6
4_242	2_339	32.394	142	92	3	211	351	107	245	9.51e-09	52.0
4_242	2_339	32.955	88	57	1	16	103	7	92	1.04e-08	52.0
4_242	2_340	31.915	94	62	1	10	103	1	92	1.14e-08	51.6
4_242	2_340	39.535	86	46	3	229	312	126	207	2.27e-08	50.4
4_242	2_513	36.232	69	44	0	10	78	324	392	1.59e-07	47.8
4_242	2_513	32.710	107	55	3	193	293	419	514	6.72e-06	42.7
4_242	2_70	30.488	82	54	2	232	312	407	486	3.48e-07	46.6
4_242	2_70	28.333	60	43	0	11	70	8	67	3.78e-04	37.0
4_242	2_482	30.769	78	53	1	1	77	327	404	5.58e-06	42.7
4_242	2_482	35.294	68	41	1	229	296	464	528	4.89e-05	40.0
4_242	2_252	31.765	85	54	1	226	310	150	230	1.62e-05	41.6
4_242	2_252	27.586	58	42	0	10	67	1	58	2.09e-05	41.2
4_242	2_338	32.787	61	41	0	11	71	327	387	3.27e-05	40.4
4_242	2_218	38.667	75	43	2	224	296	485	558	1.16e-04	38.9
4_242	2_560	36.471	85	48	3	185	263	66	150	1.18e-04	37.7
4_243	2_423	99.650	286	1	0	1	286	1	286	0.0	554
4_243	2_306	25.150	167	115	4	75	237	73	233	6.38e-05	38.1
4_244	2_306	99.270	274	2	0	1	274	1	274	0.0	536
4_244	2_423	24.551	167	116	4	73	233	75	237	1.34e-04	37.0
4_245	2_43	99.650	571	2	0	1	571	1	571	0.0	1145
4_246	2_305	99.640	278	1	0	1	278	1	278	0.0	539
4_246	2_261	27.350	117	73	3	110	226	48	152	1.58e-06	42.7
4_246	2_261	31.092	119	70	4	121	239	35	141	2.88e-05	38.9
4_247	2_304	99.429	175	1	0	1	175	1	175	4.38e-125	344
4_248	2_424	99.675	308	1	0	1	308	1	308	0.0	580
4_249	2_425	98.984	1477	7	2	1	1469	1	1477	0.0	2953
4_249	2_372	22.222	720	356	26	788	1425	188	785	2.29e-17	82.4
4_250	2_303	99.534	429	2	0	1	429	1	429	0.0	860
4_251	2_426	99.083	109	1	0	1	109	41	149	7.12e-74	211
4_251	2_328	34.375	64	41	1	38	100	79	142	2.53e-06	38.5
4_252	2_46	99.306	144	1	0	1	144	1	144	5.48e-107	296
4_253	2_225	100.000	856	0	0	1	856	1	856	0.0	1721
4_253	2_325	35.543	709	429	12	50	746	6	698	4.46e-130	405
4_253	2_325	25.000	132	88	5	727	854	582	706	3.71e-04	38.5
4_254	2_226	100.000	221	0	0	1	221	1	221	4.85e-162	441
4_255	2_427	99.569	232	1	0	1	232	1	232	3.93e-163	445
4_256	2_302	99.748	1982	5	0	1	1982	1	1982	0.0	3870
4_256	2_551	30.460	870	556	19	45	884	8	858	3.10e-94	323
4_256	2_514	35.516	397	209	11	60	425	37	417	1.32e-54	196
4_257	2_301	99.928	1386	1	0	1	1386	1	1386	0.0	2740
4_257	2_421	68.032	1392	422	6	1	1385	1	1376	0.0	1815
4_258	2_300	99.835	607	1	0	1	607	1	607	0.0	1219
4_259	2_227	100.000	132	0	0	1	132	1	132	3.01e-95	265
4_260	2_228	100.000	297	0	0	1	297	1	297	0.0	599
4_261	2_299	99.024	205	2	0	1	205	1	205	5.27e-143	392
4_262	2_229	100.000	416	0	0	1	416	1	416	0.0	798
4_263	2_429	99.805	512	1	0	1	512	1	512	0.0	1016
4_263	2_70	30.469	512	327	14	11	511	12	505	2.32e-54	186
4_263	2_280	23.938	259	169	9	6	263	1	232	1.40e-14	70.9
4_263	2_280	23.301	206	140	4	282	487	16	203	1.39e-06	45.4
4_263	2_274	25.108	231	157	8	6	228	60	282	5.90e-14	67.4
4_263	2_274	30.263	76	53	0	412	487	199	274	1.94e-04	37.7
4_263	2_339	25.592	211	143	5	6	215	1	198	8.70e-14	68.6
4_263	2_339	26.531	196	126	5	277	472	11	188	9.38e-11	58.5
4_263	2_233	25.676	222	145	6	6	221	5	212	1.03e-13	65.5
4_263	2_233	25.446	224	142	7	283	501	22	225	8.06e-09	50.8
4_263	2_340	28.194	227	133	7	282	505	16	215	2.36e-13	67.0
4_263	2_340	25.688	218	140	7	20	235	15	212	2.60e-13	66.6
4_263	2_250	27.273	220	125	10	21	225	19	218	3.98e-12	61.2
4_263	2_250	25.541	231	157	8	264	492	1	218	6.44e-06	42.4
4_263	2_494	27.027	222	133	8	286	489	26	236	4.34e-12	61.6
4_263	2_494	24.576	236	141	7	13	223	14	237	4.79e-12	61.2
4_263	2_277	24.464	233	160	7	22	245	27	252	1.53e-11	59.3
4_263	2_277	21.875	224	167	5	267	487	12	230	1.34e-07	47.4
4_263	2_223	30.147	136	88	4	112	244	202	333	8.08e-11	58.5
4_263	2_223	28.431	102	68	3	6	107	10	106	3.56e-08	50.1
4_263	2_223	25.287	87	64	1	404	489	224	310	4.45e-05	40.0
4_263	2_253	36.634	101	54	3	129	223	264	360	8.57e-11	58.2
4_263	2_253	35.443	79	50	1	412	489	281	359	3.98e-07	46.6
4_263	2_253	41.071	56	29	1	6	57	43	98	6.19e-06	42.7
4_263	2_283	34.409	93	54	2	402	490	498	587	1.55e-10	58.2
4_263	2_283	29.213	89	58	2	133	220	500	584	8.51e-08	49.3
4_263	2_283	29.348	92	54	4	16	104	48	131	7.94e-07	46.2
4_263	2_513	29.545	220	114	7	2	206	320	513	2.11e-10	57.4
4_263	2_401	23.333	270	154	9	28	246	29	296	9.79e-10	54.7
4_263	2_401	32.609	92	57	2	399	489	184	271	1.01e-06	45.4
4_263	2_195	25.424	236	134	10	22	230	143	363	1.18e-09	54.7
4_263	2_195	25.296	253	145	8	262	487	118	353	4.75e-08	49.7
4_263	2_294	30.097	103	62	3	129	225	602	700	4.80e-08	50.1
4_263	2_294	27.723	101	72	1	410	509	617	717	1.48e-05	42.0
4_263	2_252	24.599	187	125	4	6	176	1	187	4.86e-07	46.6
4_263	2_431	26.267	217	134	9	32	230	40	248	4.26e-06	43.1
4_263	2_431	33.333	81	53	1	410	489	160	240	6.25e-05	39.7
4_263	2_560	25.000	160	108	5	22	179	4	153	5.55e-06	42.0
4_263	2_375	22.353	170	119	4	37	202	499	659	2.80e-05	41.2
4_263	2_350	26.230	183	118	8	37	215	365	534	5.69e-04	36.6
4_263	2_218	27.184	103	72	1	373	472	795	897	7.32e-04	36.6
4_264	2_50	99.761	419	1	0	1	419	1	419	0.0	846
4_265	2_298	99.673	611	2	0	1	611	1	611	0.0	1223
4_265	2_547	30.625	160	108	3	402	558	11	170	3.40e-19	80.1
4_265	2_539	31.343	134	90	1	167	300	4	135	1.39e-16	71.6
4_265	2_555	28.571	98	62	2	291	385	21	113	2.36e-08	47.4
4_265	2_219	24.566	346	194	13	155	482	2	298	4.32e-08	49.7
4_265	2_212	27.778	72	51	1	539	609	13	84	1.06e-05	38.9
4_265	2_153	26.351	148	100	5	335	477	159	302	1.19e-04	39.3
4_266	2_457	93.638	613	39	0	6	618	6	618	0.0	1176
4_266	2_496	35.227	88	39	4	124	201	197	276	5.26e-04	37.4
4_267	2_522	94.828	232	12	0	1	232	1	232	3.96e-163	446
4_268	2_430	100.000	75	0	0	1	75	1	75	4.88e-47	154
4_269	2_297	99.894	939	1	0	1	939	1	939	0.0	1902
4_270	2_296	99.715	351	1	0	1	351	1	351	0.0	684
4_270	2_125	27.358	318	207	7	6	316	61	361	8.63e-23	92.8
4_271	2_431	99.713	349	1	0	1	349	1	349	0.0	713
4_271	2_195	40.240	333	193	3	5	332	116	447	4.38e-79	244
4_271	2_294	37.267	161	81	3	118	266	571	723	8.16e-31	118
4_271	2_253	37.500	136	83	1	131	266	252	385	1.04e-27	107
4_271	2_253	29.630	135	70	5	7	125	32	157	3.71e-09	52.4
4_271	2_250	31.330	233	127	7	29	252	19	227	3.53e-23	92.0
4_271	2_274	28.972	214	133	6	14	221	58	258	1.04e-18	80.1
4_271	2_233	24.783	230	150	7	30	257	22	230	1.03e-13	64.7
4_271	2_223	28.125	128	89	1	131	258	204	328	1.53e-13	65.9
4_271	2_494	33.043	115	74	2	140	254	139	250	2.21e-13	64.3
4_271	2_283	29.358	109	76	1	159	267	505	612	9.62e-13	63.5
4_271	2_283	25.899	139	83	6	4	139	30	151	2.45e-04	37.4
4_271	2_401	27.778	126	87	2	142	267	176	297	1.12e-12	62.8
4_271	2_277	38.462	78	48	0	162	239	154	231	2.27e-12	60.8
4_271	2_482	29.612	206	115	11	29	228	351	532	1.19e-08	50.8
4_271	2_429	26.267	217	134	9	40	248	32	230	4.01e-08	48.9
4_271	2_429	33.333	81	53	1	160	240	410	489	6.12e-07	45.4
4_271	2_340	32.941	85	55	1	160	244	127	209	1.73e-07	47.4
4_271	2_280	24.880	209	125	7	29	232	16	197	1.75e-07	47.4
4_271	2_218	30.702	114	67	5	161	265	833	943	3.64e-07	46.2
4_271	2_339	30.682	88	57	2	145	232	114	197	1.00e-06	45.1
4_271	2_513	26.341	205	122	8	29	228	339	519	2.10e-06	43.5
4_271	2_70	25.000	236	148	10	28	249	273	493	4.87e-06	42.4
4_271	2_252	27.143	70	47	2	163	232	449	514	3.35e-04	36.6
4_271	2_338	26.857	175	106	8	49	223	361	513	3.75e-04	36.6
4_272	2_293	99.323	443	3	0	1	443	1	443	0.0	879
4_273	2_432	99.228	1425	10	1	1	1425	1	1424	0.0	2849
4_274	2_292	99.016	305	3	0	1	305	1	305	0.0	602
4_276	2_291	99.589	487	2	0	1	487	1	487	0.0	967
4_277	2_289	99.241	527	4	0	1	527	1	527	0.0	1019
4_278	2_230	100.000	184	0	0	1	184	1	184	4.66e-136	372
4_279	2_231	100.000	156	0	0	1	156	1	156	2.61e-113	313
4_280	2_288	99.595	741	2	1	1	740	1	741	0.0	1484
4_281	2_435	99.541	218	1	0	1	218	1	218	3.57e-161	439
4_282	2_436	99.585	241	1	0	1	241	1	241	4.85e-180	488
4_283	2_232	100.000	246	0	0	1	246	1	246	0.0	499
4_284	2_233	100.000	238	0	0	1	238	1	238	6.41e-176	478
4_284	2_70	34.498	229	125	6	25	237	26	245	5.13e-24	94.7
4_284	2_70	32.051	78	53	0	136	213	407	484	3.77e-07	44.7
4_284	2_494	40.000	85	51	0	133	217	156	240	7.54e-17	72.8
4_284	2_195	28.444	225	136	8	22	223	143	365	1.41e-16	72.8
4_284	2_250	27.805	205	136	6	22	218	20	220	2.33e-15	68.2
4_284	2_429	25.676	222	145	6	5	212	6	221	4.69e-14	65.5
4_284	2_429	25.446	224	142	7	22	225	283	501	3.64e-09	50.8
4_284	2_253	32.353	102	68	1	133	233	278	379	1.71e-12	60.8
4_284	2_401	33.571	140	82	4	90	221	143	279	2.13e-12	60.5
4_284	2_294	32.258	93	62	1	133	224	616	708	7.32e-12	59.3
4_284	2_294	40.426	47	28	0	21	67	23	69	2.29e-07	45.8
4_284	2_283	32.292	96	63	2	127	221	500	594	1.87e-11	57.8
4_284	2_283	30.556	72	46	3	21	89	53	123	3.89e-04	35.8
4_284	2_340	28.814	236	143	8	8	235	4	222	3.71e-11	57.0
4_284	2_375	29.630	189	109	7	38	212	500	678	1.80e-10	55.1
4_284	2_223	31.313	99	67	1	136	233	232	330	1.96e-10	54.7
4_284	2_431	24.783	230	150	7	22	230	30	257	2.10e-10	54.3
4_284	2_560	31.544	149	93	4	24	167	6	150	3.85e-10	52.4
4_284	2_513	28.646	192	103	6	22	197	340	513	1.38e-09	52.4
4_284	2_274	24.272	206	141	6	25	220	83	283	1.68e-09	51.6
4_284	2_482	31.522	184	108	8	24	198	354	528	2.06e-09	51.6
4_284	2_280	27.000	200	123	7	22	211	17	203	9.42e-09	49.7
4_284	2_252	21.397	229	162	8	5	226	319	536	6.22e-07	44.3
4_284	2_252	22.363	237	149	6	5	213	1	230	1.07e-05	40.4
4_284	2_339	27.174	184	109	7	24	196	19	188	7.24e-07	44.3
4_284	2_350	25.943	212	129	9	8	205	336	533	8.16e-07	43.9
4_284	2_277	26.582	79	57	1	135	212	153	231	3.15e-06	41.6
4_284	2_338	25.414	181	122	5	22	197	342	514	3.85e-06	42.0
4_285	2_285	99.574	705	3	0	1	705	1	705	0.0	1379
4_286	2_437	92.073	328	3	4	1	312	1	321	0.0	577
4_287	2_284	98.905	548	6	0	1	548	1	548	0.0	1112
4_287	2_439	64.957	468	141	6	83	533	192	653	0.0	592
4_287	2_439	78.947	38	8	0	4	41	1	38	3.51e-13	66.6
4_287	2_544	39.381	485	272	6	44	513	152	629	1.35e-106	328
4_287	2_517	36.495	485	248	19	64	512	48	508	9.01e-75	241
4_287	2_561	34.104	346	185	7	199	514	28	360	1.25e-55	186
4_287	2_382	30.496	423	234	11	144	519	131	540	7.36e-44	159
4_287	2_524	30.000	210	116	9	8	195	6	206	3.06e-12	60.8
4_288	2_439	98.485	660	10	0	1	660	1	660	0.0	1316
4_288	2_284	65.605	471	139	6	189	653	80	533	0.0	600
4_288	2_284	42.500	120	41	6	1	104	4	111	7.13e-14	68.9
4_288	2_544	43.326	427	223	5	209	633	220	629	5.94e-107	332
4_288	2_517	37.407	540	270	19	126	632	4	508	6.70e-80	258
4_288	2_561	35.635	362	182	7	300	634	23	360	2.43e-60	201
4_288	2_382	31.670	461	251	12	214	632	95	533	3.13e-52	184
4_288	2_524	39.655	58	33	2	237	293	143	199	1.41e-05	41.2
4_289	2_165	99.432	176	1	0	1	176	1	176	2.59e-130	357
4_289	2_239	40.741	54	29	1	19	69	6	59	2.02e-06	41.6
4_289	2_239	28.415	183	118	5	5	175	157	338	2.90e-06	40.8
4_289	2_355	39.344	61	33	3	19	76	10	69	1.46e-04	35.8
4_290	2_440	93.300	3582	209	13	1	3561	1	3572	0.0	6455
4_290	2_441	25.660	265	138	13	496	739	346	572	3.96e-05	43.9
4_291	2_441	95.947	2739	106	2	1	2736	1	2737	0.0	5130
4_291	2_440	25.660	265	138	13	346	572	496	739	3.95e-05	43.5
4_292	2_442	99.000	300	3	0	1	300	1	300	0.0	600
4_292	2_5	31.481	270	146	14	25	283	23	264	3.97e-23	91.7
4_292	2_270	33.824	136	63	8	16	150	4	113	4.41e-06	41.6
4_293	2_234	100.000	145	0	0	1	145	1	145	4.04e-105	291
4_294	2_56	99.502	201	1	0	1	201	1	201	1.30e-147	403
4_294	2_443	38.509	161	94	3	3	162	4	160	6.67e-28	99.4
4_295	2_443	98.969	194	2	0	1	194	1	194	3.81e-142	389
4_295	2_56	38.509	161	94	3	4	160	3	162	9.76e-28	99.0
4_296	2_235	100.000	238	0	0	1	238	1	238	6.51e-173	470
4_297	2_315	99.800	999	0	1	1	999	1	997	0.0	2012
4_297	2_501	51.282	78	38	0	381	458	2	79	2.12e-22	87.0
4_298	2_153	99.781	457	1	0	1	457	1	457	0.0	935
4_298	2_298	26.351	148	100	5	159	302	335	477	1.21e-04	38.9
4_298	2_555	28.916	83	53	1	106	188	16	92	7.57e-04	34.3
4_299	2_236	100.000	452	0	0	1	452	1	452	0.0	885
4_300	2_237	100.000	166	0	0	1	166	1	166	3.68e-117	323
4_301	2_238	100.000	76	0	0	1	76	1	76	2.76e-50	147
4_302	2_239	100.000	437	0	0	1	437	1	437	0.0	877
4_302	2_124	35.897	156	83	4	172	315	218	368	3.69e-20	87.0
4_302	2_124	30.337	89	60	2	6	93	220	307	1.30e-05	41.6
4_302	2_355	29.530	149	90	6	5	143	9	152	4.52e-09	52.0
4_302	2_355	35.593	59	38	0	173	231	9	67	4.14e-06	42.7
4_302	2_165	40.741	54	29	1	6	59	19	69	5.10e-06	41.6
4_302	2_165	28.415	183	118	5	157	338	5	175	6.88e-06	41.2
4_302	2_149	28.108	185	98	8	174	341	10	176	4.57e-05	40.0
4_302	2_511	33.846	65	33	4	5	65	113	171	2.63e-04	37.0
4_303	2_148	99.559	227	1	0	1	227	1	227	3.57e-169	460
4_304	2_418	99.468	376	2	0	1	376	1	376	0.0	773
4_305	2_240	100.000	600	0	0	1	600	1	600	0.0	1198
4_306	2_241	100.000	517	0	0	1	517	1	517	0.0	1008
4_307	2_417	99.369	1585	10	0	1	1585	1	1585	0.0	3114
4_307	2_199	26.625	323	183	13	917	1223	623	907	5.67e-14	71.6
4_307	2_199	37.383	107	59	3	281	385	297	397	1.20e-05	44.3
4_308	2_147	99.638	276	1	0	1	276	1	276	0.0	564
4_309	2_319	99.855	691	1	0	1	691	1	691	0.0	1389
4_310	2_145	99.780	455	1	0	1	455	1	455	0.0	929
4_311	2_144	99.318	440	3	0	1	440	1	440	0.0	874
4_311	2_9	35.751	193	111	4	101	283	125	314	4.16e-26	102
4_312	2_242	100.000	306	0	0	1	306	1	306	0.0	608
4_313	2_143	98.758	161	2	0	1	161	1	161	5.61e-117	322
4_314	2_323	98.701	385	5	0	1	385	1	385	0.0	739
4_315	2_324	99.502	402	2	0	1	402	1	402	0.0	796
4_316	2_243	100.000	120	0	0	1	120	1	120	4.27e-85	238
4_317	2_135	99.703	337	1	0	1	337	1	337	0.0	671
4_318	2_134	99.856	694	1	0	1	694	1	694	0.0	1389
4_319	2_133	99.702	336	1	0	1	336	1	336	0.0	685
4_320	2_416	99.532	641	3	0	1	641	1	641	0.0	1281
4_320	2_39	44.131	639	334	9	3	626	5	635	7.45e-168	489
4_321	2_325	99.294	850	6	0	1	850	1	850	0.0	1682
4_321	2_225	35.261	709	431	12	6	698	50	746	9.52e-128	399
4_321	2_225	25.000	132	88	5	582	706	727	854	4.26e-04	38.1
4_322	2_326	99.887	886	1	0	1	886	1	886	0.0	1800
4_322	2_336	24.069	698	428	16	34	711	18	633	1.11e-46	174
4_322	2_343	22.941	340	205	10	440	753	393	701	9.91e-15	72.8
4_322	2_343	23.563	174	120	3	27	199	8	169	6.99e-09	53.9
4_322	2_380	26.490	151	100	3	50	200	2	141	2.73e-09	54.7
4_322	2_380	34.426	61	35	2	574	634	294	349	4.62e-05	41.2
4_323	2_327	99.510	204	1	0	1	204	1	204	1.31e-142	391
4_324	2_328	99.333	150	1	0	1	150	1	150	1.69e-104	290
4_324	2_426	31.507	146	92	5	1	143	1	141	1.15e-11	53.9
4_325	2_415	99.099	333	3	0	1	333	1	333	0.0	651
4_326	2_414	99.774	443	1	0	1	443	1	443	0.0	873
4_327	2_177	98.333	120	2	0	1	120	1	120	9.86e-84	235
4_328	2_413	99.570	465	2	0	1	465	1	465	0.0	926
4_329	2_132	99.317	439	3	0	1	439	1	439	0.0	868
4_330	2_131	98.969	97	1	0	1	97	1	97	3.34e-66	189
4_331	2_6	99.303	287	2	0	1	287	1	287	0.0	573
4_331	2_62	35.827	254	122	7	1	234	1	233	2.92e-33	118
4_332	2_7	98.765	81	1	0	1	81	1	81	4.73e-57	165
4_333	2_329	99.813	534	1	0	1	534	1	534	0.0	1058
4_334	2_8	99.701	335	1	0	1	335	1	335	0.0	662
4_335	2_9	99.700	333	1	0	1	333	1	333	0.0	662
4_335	2_144	34.375	192	115	3	125	314	101	283	3.65e-25	99.8
4_336	2_331	99.383	324	2	0	1	324	1	324	0.0	662
4_336	2_332	41.846	325	176	7	7	324	7	325	7.08e-57	182
4_336	2_272	22.941	340	195	13	1	296	321	637	2.15e-09	53.1
4_337	2_14	99.836	609	1	0	1	609	1	609	0.0	1216
4_338	2_334	99.872	783	1	0	1	783	1	783	0.0	1563
4_339	2_335	99.150	353	3	0	1	353	1	353	0.0	694
4_339	2_453	27.129	317	167	15	46	345	64	333	4.64e-07	45.4
4_340	2_336	99.392	823	5	0	1	823	1	823	0.0	1650
4_340	2_326	24.291	741	451	18	18	668	34	754	4.88e-49	181
4_340	2_343	22.781	338	192	11	393	679	398	717	6.14e-14	70.1
4_340	2_343	27.174	184	113	4	6	186	3	168	6.34e-09	53.9
4_340	2_380	24.084	191	113	4	32	222	3	161	9.51e-08	49.7
4_341	2_15	99.843	638	1	0	1	638	1	638	0.0	1249
4_342	2_16	99.688	321	1	0	1	321	1	321	0.0	622
4_343	2_410	99.038	520	5	0	1	520	1	520	0.0	1007
4_344	2_244	100.000	160	0	0	1	160	1	160	9.78e-114	314
4_345	2_337	99.528	212	1	0	1	212	1	212	5.58e-148	405
4_346	2_338	99.813	535	1	0	1	535	1	535	0.0	1039
4_346	2_350	31.445	512	325	9	31	526	35	536	1.57e-54	187
4_346	2_482	31.132	212	136	3	321	526	331	538	1.97e-30	119
4_346	2_513	31.807	393	218	17	153	521	154	520	7.46e-25	102
4_346	2_560	32.086	187	123	2	343	526	5	190	3.86e-16	71.6
4_346	2_250	32.353	204	117	11	327	514	2	200	7.66e-13	63.5
4_346	2_339	30.882	204	134	4	327	527	2	201	2.38e-11	60.8
4_346	2_375	32.184	174	95	8	352	510	494	659	1.12e-10	58.5
4_346	2_280	29.167	216	128	8	327	530	2	204	7.06e-09	52.8
4_346	2_340	29.167	216	137	9	327	534	2	209	3.36e-08	50.4
4_346	2_274	29.570	186	108	8	341	510	79	257	1.85e-07	47.4
4_346	2_252	35.185	54	35	0	335	388	10	63	9.01e-06	42.7
4_346	2_233	25.414	181	122	5	342	514	22	197	1.53e-05	41.2
4_346	2_223	32.787	61	41	0	327	387	11	71	4.81e-05	40.0
4_346	2_283	25.301	83	59	1	324	406	36	115	3.03e-04	37.7
4_346	2_70	25.532	188	118	5	346	517	27	208	6.24e-04	36.6
4_347	2_478	97.391	115	3	0	1	115	19	133	8.31e-78	220
4_348	2_477	98.603	1217	12	3	1	1213	1	1216	0.0	2385
4_348	2_420	31.988	322	208	5	1	314	4	322	5.17e-43	165
4_348	2_420	26.923	286	167	8	720	1002	521	767	4.12e-16	78.2
4_348	2_420	38.542	96	56	3	472	566	357	450	1.30e-10	60.1
4_348	2_490	32.867	286	182	5	3	285	11	289	1.76e-34	137
4_348	2_490	30.822	292	137	10	737	1016	545	783	2.82e-23	101
4_348	2_490	32.231	121	72	5	477	594	361	474	1.86e-05	43.1
4_348	2_525	24.096	249	165	5	6	249	25	254	6.95e-14	70.9
4_348	2_519	26.556	241	150	8	1	234	1	221	4.56e-11	62.0
4_348	2_519	28.276	145	81	7	968	1101	851	983	8.08e-05	41.2
4_348	2_312	22.134	253	167	8	14	265	31	254	5.69e-05	41.6
4_349	2_476	98.639	1176	15	1	1	1176	1	1175	0.0	2322
4_349	2_518	32.197	264	157	5	7	261	5	255	3.16e-28	117
4_349	2_518	24.694	409	209	17	584	972	445	774	7.26e-11	60.8
4_349	2_491	32.258	248	151	8	10	252	13	248	3.30e-24	103
4_349	2_552	30.526	95	59	2	70	161	6	96	7.95e-06	44.7
4_349	2_402	22.680	388	252	14	7	383	2	352	2.33e-05	42.7
4_349	2_419	39.474	38	23	0	281	318	260	297	4.25e-04	38.9
4_350	2_475	98.992	496	5	0	1	496	1	496	0.0	964
4_350	2_520	27.750	400	245	15	122	489	186	573	1.15e-22	95.9
4_351	2_17	99.128	344	3	0	1	344	1	344	0.0	699
4_351	2_107	27.451	204	135	5	121	314	3	203	2.21e-15	69.7
4_352	2_474	99.267	273	2	0	1	273	1	273	0.0	560
4_353	2_339	99.611	772	3	0	1	772	1	772	0.0	1502
4_353	2_340	48.402	438	198	9	1	416	1	432	5.30e-108	339
4_353	2_340	45.736	129	70	0	644	772	518	646	1.26e-22	97.4
4_353	2_280	30.370	810	482	20	1	772	1	766	2.11e-86	285
4_353	2_274	29.442	197	127	5	16	202	79	273	5.74e-19	83.2
4_353	2_70	32.673	202	122	5	6	195	12	211	1.47e-15	74.7
4_353	2_429	25.592	211	143	5	1	198	6	215	1.32e-13	68.6
4_353	2_429	26.531	196	126	5	11	188	277	472	1.46e-10	58.5
4_353	2_494	24.519	208	130	5	17	198	23	229	4.71e-13	65.1
4_353	2_482	26.415	212	137	7	1	201	336	539	6.96e-12	62.8
4_353	2_277	27.451	204	119	8	18	198	28	225	1.02e-11	60.5
4_353	2_350	31.373	204	111	9	13	200	346	536	3.20e-11	60.8
4_353	2_338	30.882	204	134	4	2	201	327	527	3.46e-11	60.8
4_353	2_252	22.993	274	175	5	1	240	1	272	9.38e-11	59.3
4_353	2_252	24.762	210	137	8	1	200	319	517	8.78e-06	43.5
4_353	2_283	31.897	116	70	2	102	208	474	589	1.58e-09	55.5
4_353	2_283	32.673	101	60	2	2	97	39	136	2.83e-07	48.1
4_353	2_401	30.986	142	89	5	59	197	128	263	1.79e-09	54.7
4_353	2_401	52.778	36	17	0	21	56	27	62	5.36e-05	40.4
4_353	2_513	28.866	194	127	6	1	188	324	512	8.72e-09	53.1
4_353	2_223	32.394	142	92	3	107	245	211	351	1.74e-08	52.0
4_353	2_223	32.955	88	57	1	7	92	16	103	1.85e-08	51.6
4_353	2_250	23.618	199	141	6	13	202	16	212	8.45e-08	48.9
4_353	2_253	25.191	131	91	3	72	197	223	351	1.60e-07	48.9
4_353	2_375	24.479	192	131	5	23	204	490	677	2.50e-07	48.5
4_353	2_218	38.144	97	51	4	110	200	815	908	5.93e-07	47.4
4_353	2_218	28.571	147	88	6	64	193	416	562	1.44e-04	39.7
4_353	2_294	27.957	93	65	1	108	198	598	690	7.59e-07	47.0
4_353	2_233	27.174	184	109	7	19	188	24	196	2.29e-06	44.3
4_353	2_195	25.592	211	123	8	16	197	142	347	5.59e-06	43.9
4_353	2_560	27.684	177	117	5	16	185	3	175	1.58e-05	41.2
4_353	2_431	30.682	88	57	2	114	197	145	232	2.28e-04	38.5
4_354	2_340	99.846	650	1	0	1	650	1	650	0.0	1263
4_354	2_339	48.402	438	198	9	1	432	1	416	6.45e-108	338
4_354	2_339	39.344	183	105	1	470	646	590	772	7.59e-31	123
4_354	2_280	39.602	452	247	10	1	438	1	440	3.22e-89	289
4_354	2_280	29.348	184	126	2	467	646	583	766	2.70e-16	77.0
4_354	2_274	30.244	205	123	6	16	206	79	277	3.40e-20	86.3
4_354	2_482	29.717	212	130	8	1	201	336	539	3.43e-15	73.2
4_354	2_350	32.558	215	117	9	2	200	334	536	3.82e-15	72.8
4_354	2_494	27.700	213	129	6	18	205	24	236	8.77e-14	67.0
4_354	2_250	31.081	222	129	11	1	205	1	215	1.29e-13	66.2
4_354	2_429	28.194	227	133	7	16	215	282	505	3.39e-13	66.6
4_354	2_429	25.688	218	140	7	15	212	20	235	3.66e-13	66.6
4_354	2_70	29.524	210	134	5	10	205	12	221	1.37e-12	64.7
4_354	2_70	28.755	233	134	9	2	208	261	487	4.51e-09	53.5
4_354	2_252	25.214	234	142	6	1	205	1	230	2.61e-12	63.9
4_354	2_252	28.095	210	134	8	1	202	319	519	2.84e-09	54.3
4_354	2_233	28.814	236	143	8	4	222	8	235	8.12e-11	57.4
4_354	2_513	27.885	208	111	6	1	188	324	512	1.04e-10	58.9
4_354	2_375	30.726	179	101	8	32	195	499	669	7.76e-10	56.2
4_354	2_283	32.967	91	59	1	119	207	498	588	9.90e-10	55.8
4_354	2_283	33.333	99	58	3	2	95	39	134	7.02e-07	46.6
4_354	2_401	28.667	150	100	3	60	207	129	273	2.25e-09	54.3
4_354	2_401	43.636	55	31	0	2	56	8	62	1.26e-05	42.4
4_354	2_277	26.407	231	131	10	14	214	24	245	6.14e-09	52.0
4_354	2_294	34.940	83	52	1	127	207	617	699	6.38e-09	53.5
4_354	2_195	25.688	218	138	7	16	209	142	359	1.07e-08	52.4
4_354	2_223	31.915	94	62	1	1	92	10	103	2.00e-08	51.2
4_354	2_223	39.535	86	46	3	126	207	229	312	3.23e-08	50.8
4_354	2_338	29.167	216	137	9	2	209	327	534	4.12e-08	50.4
4_354	2_253	32.692	104	64	3	115	215	267	367	6.09e-08	49.7
4_354	2_560	29.677	155	98	4	16	163	3	153	3.44e-06	42.7
4_354	2_431	32.941	85	55	1	127	209	160	244	2.66e-05	41.2
4_354	2_218	36.905	84	44	4	121	198	826	906	1.25e-04	39.7
4_355	2_503	98.387	434	7	0	131	564	1	434	0.0	877
4_355	2_473	98.333	120	2	0	1	120	1	120	3.68e-75	229
4_355	2_527	43.144	299	132	12	188	457	1	290	3.80e-53	177
4_355	2_563	71.774	124	34	1	126	249	26	148	3.48e-52	181
4_355	2_563	49.306	144	66	3	381	522	331	469	8.47e-38	140
4_355	2_526	39.577	331	137	12	177	457	1	318	1.87e-47	163
4_355	2_500	59.375	96	37	2	398	491	1	96	2.09e-33	117
4_355	2_543	45.217	115	56	3	7	114	1	115	7.22e-23	89.0
4_356	2_341	94.802	808	36	2	1	808	1	802	0.0	1522
4_356	2_462	45.238	840	396	17	1	808	1	808	0.0	623
4_356	2_467	45.891	791	386	14	45	808	27	802	0.0	611
4_356	2_495	35.210	835	418	31	1	771	1	776	1.07e-106	341
4_356	2_409	70.732	41	12	0	45	85	22	62	4.92e-15	65.5
4_357	2_342	99.898	979	1	0	1	979	1	979	0.0	1929
4_358	2_377	97.423	194	5	0	1	194	1	194	2.79e-138	379
4_359	2_378	99.147	469	4	0	1	469	1	469	0.0	929
4_360	2_21	99.703	337	1	0	1	337	1	337	0.0	685
4_361	2_379	99.609	256	1	0	1	256	1	256	0.0	509
4_362	2_380	99.416	514	3	0	1	514	1	514	0.0	1034
4_362	2_326	26.490	151	100	3	2	141	50	200	1.82e-09	54.7
4_362	2_326	34.426	61	35	2	294	349	574	634	2.68e-05	41.2
4_362	2_343	34.444	90	58	1	3	91	29	118	4.12e-08	50.1
4_362	2_343	33.000	100	59	3	264	355	513	612	9.92e-08	48.9
4_362	2_336	24.084	191	113	4	3	161	32	222	1.42e-07	48.5
4_362	2_336	21.053	304	175	13	128	396	321	594	6.11e-04	37.0
4_363	2_245	100.000	222	0	0	1	222	1	222	5.83e-163	444
4_364	2_383	98.750	240	3	0	1	240	1	240	0.0	498
4_365	2_384	99.322	295	2	0	1	295	1	295	0.0	590
4_365	2_174	26.552	290	175	9	21	293	10	278	3.67e-20	83.6
4_365	2_207	26.502	283	175	9	19	293	3	260	8.61e-16	70.5
4_365	2_450	27.547	265	162	10	21	275	5	249	8.25e-14	64.7
4_365	2_34	25.368	272	165	12	15	274	1	246	5.95e-05	38.1
4_366	2_385	98.824	170	2	0	1	170	1	170	3.72e-121	334
4_367	2_386	99.399	666	4	0	1	666	1	666	0.0	1336
4_367	2_483	62.963	81	30	0	232	312	211	291	3.32e-25	105
4_368	2_464	99.194	372	3	0	1	372	1	372	0.0	759
4_369	2_465	99.837	615	1	0	1	615	1	615	0.0	1265
4_370	2_388	99.884	865	1	0	1	865	1	865	0.0	1716
4_371	2_389	99.766	428	1	0	1	428	1	428	0.0	852
4_372	2_246	100.000	567	0	0	1	567	1	567	0.0	1147
4_372	2_260	28.163	245	158	8	14	247	18	255	1.27e-12	64.3
4_372	2_260	46.154	39	21	0	503	541	409	447	1.44e-05	42.0
4_372	2_566	27.338	139	98	2	110	245	146	284	2.78e-10	57.0
4_372	2_566	46.809	47	22	1	489	535	440	483	4.51e-08	50.1
4_373	2_390	99.753	1216	3	0	1	1216	1	1216	0.0	2392
4_374	2_247	100.000	880	0	0	1	880	1	880	0.0	1780
4_375	2_25	99.614	259	1	0	1	259	1	259	0.0	525
4_376	2_466	99.779	452	1	0	1	452	1	452	0.0	919
4_377	2_248	100.000	266	0	0	1	266	1	266	0.0	526
4_377	2_92	37.143	105	61	3	22	121	37	141	4.01e-14	65.5
4_378	2_249	100.000	332	0	0	1	332	1	332	0.0	662
4_379	2_393	96.739	184	6	0	1	184	1	184	1.90e-129	356
4_380	2_556	32.381	105	65	3	37	139	74	174	6.43e-06	42.0
4_381	2_30	99.582	239	1	0	1	239	1	239	3.97e-174	473
4_382	2_250	100.000	272	0	0	1	272	1	272	0.0	542
4_382	2_494	34.188	234	133	6	19	232	22	254	9.10e-35	122
4_382	2_482	35.204	196	109	5	16	205	348	531	2.29e-19	82.0
4_382	2_195	26.800	250	159	8	3	229	122	370	7.34e-19	80.5
4_382	2_431	31.330	233	127	7	19	227	29	252	1.10e-18	79.3
4_382	2_274	28.636	220	132	4	19	225	79	286	1.57e-18	78.2
4_382	2_233	27.805	205	136	6	20	220	22	218	2.66e-15	68.2
4_382	2_294	36.275	102	64	1	127	227	608	709	2.66e-15	70.1
4_382	2_294	33.333	75	43	3	23	91	27	100	2.55e-04	36.6
4_382	2_350	30.189	212	132	8	2	208	334	534	2.16e-14	67.4
4_382	2_513	32.057	209	122	8	1	204	324	517	3.52e-14	66.6
4_382	2_340	31.081	222	129	11	1	215	1	205	8.96e-14	65.5
4_382	2_223	34.545	110	71	1	118	226	212	321	2.76e-13	63.9
4_382	2_223	26.050	119	79	3	16	128	22	137	1.12e-05	40.8
4_382	2_338	32.353	204	117	11	2	200	327	514	2.90e-13	63.9
4_382	2_283	31.776	107	72	1	116	221	486	592	3.38e-13	63.9
4_382	2_283	31.915	94	55	3	16	106	50	137	3.94e-06	42.4
4_382	2_252	27.778	198	108	5	16	185	13	203	1.11e-12	62.0
4_382	2_429	27.273	220	125	10	19	218	21	225	1.98e-12	61.2
4_382	2_429	25.541	231	157	8	1	218	264	492	3.36e-06	42.4
4_382	2_253	32.500	120	77	3	104	219	244	363	2.48e-12	60.8
4_382	2_70	32.143	196	124	6	28	217	31	223	5.49e-12	60.1
4_382	2_401	24.221	289	161	9	2	236	8	292	3.56e-11	57.4
4_382	2_277	26.848	257	156	9	1	240	9	250	1.75e-08	48.5
4_382	2_339	23.618	199	141	6	16	212	13	202	3.29e-08	48.9
4_382	2_280	27.149	221	125	10	1	208	1	198	7.44e-08	47.8
4_382	2_218	29.801	151	85	7	90	224	783	928	1.16e-07	47.0
4_382	2_375	24.757	206	130	7	2	197	470	660	1.35e-07	47.0
4_382	2_560	32.867	143	73	7	37	169	21	150	1.42e-06	42.4
4_383	2_494	99.000	300	3	0	1	300	1	300	0.0	597
4_383	2_250	34.615	234	132	6	22	254	19	232	7.34e-36	125
4_383	2_223	35.897	156	87	5	130	276	204	355	2.67e-19	82.4
4_383	2_223	26.923	104	54	3	21	123	24	106	1.19e-05	40.8
4_383	2_233	27.854	219	136	3	22	240	21	217	2.16e-18	77.4
4_383	2_294	39.091	110	66	1	140	248	600	709	8.63e-17	75.1
4_383	2_294	38.462	39	23	1	10	48	12	49	6.94e-04	35.4
4_383	2_280	28.169	213	122	8	23	232	17	201	1.41e-16	74.7
4_383	2_340	28.638	213	127	6	24	236	18	205	4.52e-16	73.2
4_383	2_253	36.641	131	75	3	136	260	258	386	5.98e-16	72.4
4_383	2_195	26.695	236	138	7	32	250	152	369	8.17e-16	72.0
4_383	2_70	29.464	224	131	5	22	239	22	224	1.67e-15	71.2
4_383	2_70	21.596	213	160	4	26	236	277	484	2.62e-06	43.1
4_383	2_339	26.190	210	124	6	23	229	17	198	2.11e-15	71.2
4_383	2_429	24.576	236	141	7	14	237	13	223	6.63e-14	66.2
4_383	2_429	27.602	221	131	8	27	236	287	489	3.03e-13	64.3
4_383	2_401	26.045	311	161	12	27	298	27	307	3.37e-13	63.9
4_383	2_274	29.327	208	109	8	21	217	78	258	4.31e-13	63.2
4_383	2_283	25.806	155	88	3	152	279	501	655	9.07e-13	63.2
4_383	2_283	32.143	84	38	3	22	105	53	117	1.04e-06	44.3
4_383	2_431	25.726	241	156	7	20	250	27	254	3.81e-11	57.4
4_383	2_277	31.646	79	53	1	158	235	153	231	2.51e-10	54.3
4_383	2_252	24.762	210	126	6	26	219	20	213	3.75e-08	48.9
4_383	2_218	32.051	78	50	1	145	219	820	897	4.20e-07	45.8
4_383	2_218	28.090	89	62	1	136	222	470	558	1.20e-06	44.3
4_383	2_513	24.878	205	116	6	22	219	339	512	1.02e-05	41.2
4_383	2_350	21.827	197	131	4	22	218	349	522	1.77e-05	40.4
4_383	2_375	23.497	183	101	8	20	193	485	637	0.001	35.0
4_384	2_251	100.000	320	0	0	1	320	1	320	0.0	627
4_385	2_394	99.855	690	1	0	1	690	1	690	0.0	1373
4_386	2_31	99.685	317	1	0	1	317	1	317	0.0	641
4_387	2_493	99.426	871	5	0	1	871	1	871	0.0	1704
4_388	2_492	99.310	145	1	0	1	145	1	145	2.11e-102	284
4_389	2_252	100.000	538	0	0	1	538	1	538	0.0	1101
4_389	2_340	25.641	234	141	6	1	230	1	205	1.11e-12	64.7
4_389	2_340	28.571	210	133	8	319	519	1	202	1.15e-09	55.1
4_389	2_250	27.778	198	108	5	13	203	16	185	2.19e-12	62.0
4_389	2_339	22.993	274	175	5	1	272	1	240	5.89e-11	59.3
4_389	2_339	24.645	211	138	8	319	518	1	201	5.38e-06	43.5
4_389	2_513	28.342	187	110	5	1	187	324	486	1.90e-10	57.4
4_389	2_70	26.271	236	145	9	2	230	8	221	6.49e-10	55.8
4_389	2_70	32.432	74	47	2	453	523	149	222	3.41e-04	37.4
4_389	2_482	23.853	218	133	6	1	213	336	525	6.08e-09	52.8
4_389	2_350	44.898	49	27	0	13	61	346	394	9.15e-08	48.9
4_389	2_429	24.599	187	125	4	1	187	6	176	5.52e-07	46.6
4_389	2_283	35.088	57	37	0	2	58	39	95	6.77e-07	46.2
4_389	2_283	23.810	84	60	1	152	231	504	587	3.48e-05	40.8
4_389	2_494	24.286	210	127	6	20	213	26	219	7.96e-07	45.4
4_389	2_233	21.397	229	162	8	319	536	5	226	1.41e-06	44.3
4_389	2_233	22.363	237	149	6	1	230	5	213	2.42e-05	40.4
4_389	2_280	26.027	219	131	9	319	521	1	204	6.60e-06	43.1
4_389	2_280	20.851	235	133	6	1	219	1	198	8.39e-06	42.7
4_389	2_338	35.185	54	35	0	10	63	335	388	7.89e-06	42.7
4_389	2_223	31.765	85	54	1	150	230	226	310	1.97e-05	41.6
4_389	2_223	27.586	58	42	0	1	58	10	67	2.53e-05	41.2
4_389	2_277	22.511	231	149	6	320	525	10	235	4.50e-05	39.7
4_389	2_277	21.577	241	139	6	14	233	24	235	2.07e-04	37.7
4_389	2_195	23.913	184	111	6	16	187	142	308	1.07e-04	39.3
4_389	2_401	27.174	92	64	1	443	534	188	276	3.46e-04	37.4
4_389	2_375	25.126	199	105	10	32	217	499	666	4.87e-04	37.0
4_389	2_294	28.169	71	47	1	449	515	620	690	6.47e-04	37.0
4_390	2_364	99.856	695	1	0	1	695	1	695	0.0	1375
4_391	2_253	100.000	443	0	0	1	443	1	443	0.0	892
4_391	2_294	37.349	249	138	4	204	437	531	776	5.07e-43	156
4_391	2_294	39.175	97	55	2	61	156	22	115	8.68e-13	64.7
4_391	2_195	45.082	122	66	1	273	394	269	389	1.42e-28	112
4_391	2_195	35.185	108	53	4	59	156	139	239	1.77e-11	60.1
4_391	2_431	37.500	136	83	1	252	385	131	266	1.96e-23	95.5
4_391	2_431	29.630	135	70	5	32	157	7	125	5.06e-09	52.0
4_391	2_223	26.786	392	248	11	43	417	10	379	4.13e-23	95.9
4_391	2_283	38.298	94	57	1	274	366	501	594	5.78e-17	77.8
4_391	2_283	29.688	128	75	3	38	165	33	145	4.58e-10	56.2
4_391	2_277	34.711	121	77	2	251	371	126	244	5.48e-16	72.4
4_391	2_494	36.719	128	73	3	261	386	139	260	2.19e-15	71.2
4_391	2_401	33.333	90	60	0	282	371	194	283	8.86e-15	70.1
4_391	2_274	42.857	84	47	1	276	359	194	276	1.11e-14	68.9
4_391	2_274	31.481	108	69	2	42	147	59	163	1.31e-06	44.3
4_391	2_233	32.353	102	68	1	278	379	133	233	3.18e-12	60.8
4_391	2_250	32.500	120	77	3	244	363	104	219	4.04e-12	60.8
4_391	2_429	36.634	101	54	3	264	360	129	223	8.17e-11	58.2
4_391	2_429	35.443	79	50	1	281	359	412	489	3.86e-07	46.6
4_391	2_429	41.071	56	29	1	43	98	6	57	5.54e-06	42.7
4_391	2_340	32.692	104	64	3	267	367	115	215	3.97e-08	49.7
4_391	2_339	25.191	131	91	3	223	351	72	197	7.66e-08	48.9
4_391	2_280	29.600	125	78	5	267	390	115	230	2.03e-07	47.8
4_391	2_70	25.954	131	94	2	229	359	357	484	1.17e-05	42.0
4_391	2_482	38.983	59	33	1	281	339	467	522	4.67e-05	40.0
4_391	2_513	29.412	85	53	2	30	111	308	388	1.49e-04	38.5
4_391	2_350	27.132	129	76	4	23	138	302	425	5.10e-04	36.6
4_391	2_218	26.984	189	115	7	240	424	450	619	6.06e-04	36.6
4_392	2_454	99.852	2033	3	0	1	2033	1	2033	0.0	4085
4_393	2_365	99.776	892	2	0	1	892	1	892	0.0	1799
4_397	2_276	60.618	259	100	1	18	274	2	260	1.63e-109	312
4_401	2_247	43.700	881	485	8	4	881	2	874	0.0	731
4_402	2_455	99.788	472	1	0	1	472	1	472	0.0	924
4_403	2_368	99.008	504	5	0	1	504	1	504	0.0	969
4_403	2_2	25.901	444	264	16	10	403	51	479	5.32e-21	90.9
4_403	2_565	33.333	78	43	3	331	403	1	74	0.001	33.1
4_404	2_376	99.524	210	1	0	1	210	1	210	3.17e-153	418
4_404	2_98	25.654	191	131	5	18	201	28	214	2.75e-10	52.8
4_405	2_458	99.158	594	5	0	1	594	1	594	0.0	1179
4_405	2_259	28.413	630	325	21	34	582	29	613	6.84e-44	162
4_406	2_254	100.000	254	0	0	1	254	1	254	0.0	523
4_407	2_371	98.939	377	4	0	1	377	1	377	0.0	750
4_408	2_372	99.390	984	6	0	1	984	1	984	0.0	1973
4_408	2_425	22.809	719	353	27	188	785	796	1433	1.51e-17	82.4
4_409	2_255	100.000	599	0	0	1	599	1	599	0.0	1221
4_409	2_149	30.093	216	126	7	117	315	10	217	6.11e-17	78.6
4_409	2_151	37.008	127	62	2	116	224	13	139	8.05e-14	68.9
4_409	2_49	32.099	162	90	3	116	257	21	182	2.50e-13	66.6
4_410	2_256	100.000	617	0	0	1	617	1	617	0.0	1244
4_411	2_373	99.850	666	1	0	1	666	1	666	0.0	1348
4_412	2_459	99.655	579	2	0	1	579	1	579	0.0	1174
4_413	2_257	100.000	327	0	0	1	327	1	327	0.0	660
4_414	2_199	99.906	1065	1	0	1	1065	1	1065	0.0	2135
4_414	2_417	26.625	323	183	13	623	907	917	1223	3.81e-14	71.6
4_414	2_417	37.383	107	59	3	297	397	281	385	5.23e-10	58.2
4_415	2_258	100.000	246	0	0	1	246	1	246	2.52e-179	487
4_416	2_201	99.623	265	1	0	3	267	2	266	0.0	506
4_417	2_460	98.701	462	6	0	1	462	1	462	0.0	921
4_418	2_374	99.824	569	1	0	1	569	1	569	0.0	1100
4_418	2_71	30.556	216	124	4	79	285	18	216	9.76e-12	60.8
4_419	2_259	100.000	826	0	0	1	826	1	826	0.0	1676
4_419	2_458	28.571	630	324	21	29	613	34	582	1.02e-49	179
4_420	2_461	99.027	822	8	0	1	822	1	822	0.0	1673
4_420	2_352	28.247	616	328	22	252	805	246	809	8.95e-44	164
4_421	2_548	98.946	664	7	0	7	670	1	664	0.0	1321
4_421	2_430	38.316	689	354	22	3	645	63	726	1.61e-128	392
4_421	2_483	30.539	334	203	9	223	529	320	651	1.96e-34	134
4_421	2_483	63.218	87	19	3	7	92	1	75	3.75e-06	44.3
4_422	2_390	26.623	154	99	6	7	151	1054	1202	1.51e-04	35.8
4_423	2_76	99.813	534	1	0	1	534	1	534	0.0	1087
4_424	2_397	98.477	197	3	0	1	197	1	197	8.97e-133	365
4_425	2_468	99.522	627	3	0	1	627	1	627	0.0	1242
4_426	2_396	99.789	475	1	0	1	475	1	475	0.0	919
4_427	2_260	100.000	449	0	0	1	449	1	449	0.0	922
4_427	2_246	28.163	245	158	8	18	255	14	247	1.00e-12	64.3
4_427	2_246	46.154	39	21	0	409	447	503	541	1.14e-05	42.0
4_427	2_566	23.176	466	288	19	14	442	52	484	1.88e-09	53.9
4_428	2_83	99.761	418	1	0	1	418	1	418	0.0	849
4_429	2_469	99.722	720	2	0	1	720	1	720	0.0	1479
4_430	2_261	100.000	263	0	0	1	263	1	263	0.0	506
4_430	2_305	27.350	117	73	3	48	152	110	226	1.50e-06	42.7
4_430	2_305	31.092	119	70	4	35	141	121	239	2.75e-05	38.9
4_431	2_94	99.796	489	1	0	1	489	1	489	0.0	964
4_432	2_262	100.000	467	0	0	1	467	1	467	0.0	955
4_433	2_263	100.000	174	0	0	1	174	1	174	1.37e-130	358
4_434	2_395	99.259	270	2	0	1	270	1	270	0.0	543
4_435	2_363	99.859	709	1	0	1	709	1	709	0.0	1424
4_436	2_362	99.327	297	2	0	1	297	1	297	0.0	574
4_437	2_361	99.887	883	1	0	1	883	1	883	0.0	1783
4_438	2_122	99.559	227	1	0	1	227	1	227	7.80e-167	454
4_439	2_264	100.000	205	0	0	1	205	1	205	8.07e-151	412
4_440	2_265	100.000	214	0	0	1	214	1	214	1.59e-157	429
4_441	2_118	99.645	282	1	0	1	282	1	282	0.0	564
4_442	2_266	100.000	107	0	0	1	107	1	107	2.33e-72	205
4_443	2_267	100.000	259	0	0	1	259	1	259	0.0	522
4_444	2_359	99.154	473	4	0	1	473	1	473	0.0	921
4_445	2_268	100.000	212	0	0	1	212	1	212	9.43e-157	427
4_446	2_269	100.000	120	0	0	1	120	1	120	5.22e-88	246
4_447	2_270	100.000	236	0	0	1	236	1	236	1.77e-172	469
4_447	2_442	33.824	136	63	8	4	113	16	150	3.40e-06	41.6
4_448	2_358	99.738	381	1	0	1	381	1	381	0.0	752
4_449	2_271	100.000	239	0	0	1	239	1	239	6.07e-176	478
4_450	2_357	98.693	153	2	0	1	153	1	153	8.59e-106	293
4_451	2_355	98.976	293	3	0	1	293	1	293	0.0	581
4_451	2_239	28.571	147	96	5	8	152	4	143	5.86e-09	50.8
4_451	2_239	27.711	166	105	5	9	162	173	335	1.17e-06	43.9
4_451	2_124	37.705	61	35	1	5	65	218	275	3.99e-05	39.3
4_451	2_165	39.344	61	33	3	10	69	19	76	2.38e-04	35.8
4_452	2_353	99.298	285	2	0	1	285	1	285	0.0	566
4_453	2_447	99.556	450	2	0	1	450	1	450	0.0	896
4_454	2_446	100.000	403	0	0	1	403	4	406	0.0	804
4_455	2_204	99.507	203	1	0	1	203	1	203	1.09e-146	401
4_456	2_472	99.020	408	4	0	1	408	1	408	0.0	814
4_457	2_159	99.849	662	1	0	1	662	1	662	0.0	1329
4_458	2_343	99.747	790	2	0	1	790	1	790	0.0	1605
4_458	2_326	22.941	340	205	10	393	701	440	753	1.28e-14	72.4
4_458	2_326	23.563	174	120	3	8	169	27	199	6.23e-09	53.9
4_458	2_336	24.103	195	101	6	398	592	393	540	4.60e-12	63.9
4_458	2_336	27.174	184	113	4	3	168	6	186	1.38e-08	52.8
4_458	2_380	34.444	90	58	1	29	118	3	91	6.96e-08	50.1
4_458	2_380	33.000	100	59	3	513	612	264	355	1.74e-07	48.9
4_459	2_272	100.000	665	0	0	1	665	1	665	0.0	1345
4_459	2_331	23.235	340	194	13	321	637	1	296	1.41e-09	54.7
4_459	2_332	28.452	239	134	10	325	557	9	216	1.56e-08	51.2
4_460	2_344	99.784	463	1	0	1	463	1	463	0.0	935
4_461	2_273	100.000	410	0	0	1	410	1	410	0.0	811
4_462	2_345	99.559	227	1	0	1	227	1	227	4.90e-163	444
4_463	2_346	99.383	324	2	0	1	324	1	324	0.0	638
4_464	2_481	99.683	946	3	0	1	946	1	946	0.0	1859
4_465	2_164	99.598	249	1	0	1	249	1	249	0.0	499
4_466	2_348	99.571	700	3	0	1	700	1	700	0.0	1417
4_467	2_349	98.797	582	7	0	1	582	1	582	0.0	1164
4_468	2_482	99.629	539	2	0	1	539	1	539	0.0	1045
4_468	2_560	61.905	189	72	0	351	539	3	191	4.26e-63	200
4_468	2_513	28.705	533	354	10	7	533	8	520	7.66e-49	172
4_468	2_338	31.604	212	135	3	331	538	321	526	1.20e-30	120
4_468	2_350	38.462	221	128	7	322	538	320	536	1.83e-29	116
4_468	2_250	34.694	196	110	5	348	531	16	205	8.51e-19	81.3
4_468	2_340	29.717	212	130	8	336	539	1	201	4.93e-15	72.4
4_468	2_280	29.897	194	126	6	336	525	1	188	5.23e-13	65.9
4_468	2_339	26.415	212	137	7	336	539	1	201	6.36e-12	62.4
4_468	2_375	31.138	167	94	7	369	522	501	659	5.24e-10	56.2
4_468	2_233	31.522	184	108	8	354	528	24	198	3.11e-09	52.4
4_468	2_252	23.853	218	133	6	336	525	1	213	8.55e-09	52.4
4_468	2_70	31.148	183	104	8	355	522	26	201	4.95e-08	49.7
4_468	2_274	25.510	196	125	7	351	532	79	267	1.23e-07	48.1
4_468	2_294	38.983	59	33	1	467	522	619	677	6.30e-07	46.6
4_468	2_283	27.778	90	61	2	452	538	493	581	1.50e-06	45.4
4_468	2_401	29.412	85	52	2	441	522	172	251	4.67e-06	43.1
4_468	2_223	30.769	78	53	1	327	404	1	77	1.01e-05	42.4
4_468	2_223	35.294	68	41	1	464	528	229	296	7.00e-05	39.7
4_468	2_431	28.641	206	117	11	351	532	29	228	1.63e-05	41.6
4_468	2_277	26.699	206	131	7	336	523	9	212	3.18e-05	40.0
4_468	2_253	38.983	59	33	1	467	522	281	339	5.73e-05	40.0
4_469	2_350	99.440	536	3	0	1	536	1	536	0.0	1016
4_469	2_338	31.445	512	325	9	35	536	31	526	1.56e-54	187
4_469	2_482	38.914	221	127	7	320	536	322	538	5.54e-30	118
4_469	2_513	35.407	209	123	6	328	531	319	520	1.08e-23	99.0
4_469	2_560	37.500	192	112	3	349	536	3	190	3.76e-16	71.6
4_469	2_340	32.558	215	117	9	334	536	2	200	2.79e-15	73.2
4_469	2_375	31.551	187	110	5	319	495	455	633	4.56e-14	69.3
4_469	2_250	30.189	212	132	8	334	534	2	208	5.12e-14	67.0
4_469	2_339	31.373	204	111	9	346	536	13	200	2.53e-11	60.5
4_469	2_274	31.527	203	114	11	349	536	79	271	2.43e-08	50.1
4_469	2_252	44.898	49	27	0	346	394	13	61	8.73e-08	48.9
4_469	2_280	28.505	214	123	10	334	534	2	198	6.34e-07	46.6
4_469	2_233	27.273	209	130	9	336	533	8	205	3.23e-06	43.1
4_469	2_70	26.136	176	110	6	363	524	36	205	1.64e-05	41.6
4_469	2_283	33.333	66	43	1	331	396	36	100	2.54e-05	41.2
4_469	2_294	36.508	63	34	2	364	424	38	96	8.88e-05	39.7
4_469	2_401	38.000	100	46	5	327	415	1	95	1.49e-04	38.5
4_469	2_494	22.527	182	118	4	364	522	37	218	5.02e-04	36.6
4_469	2_253	27.132	129	76	4	302	425	23	138	6.11e-04	36.6
4_469	2_429	26.230	183	118	8	365	534	37	215	7.92e-04	36.2
4_470	2_352	99.638	828	3	0	1	828	1	828	0.0	1674
4_470	2_461	28.571	616	326	23	246	809	252	805	4.21e-45	169
4_471	2_483	98.962	771	8	0	46	816	1	771	0.0	1549
4_471	2_548	30.539	334	203	9	365	696	217	523	1.61e-33	132
4_471	2_548	58.511	94	12	3	46	120	1	86	6.41e-20	89.0
4_471	2_430	29.429	333	190	13	366	684	284	585	1.04e-26	110
4_471	2_430	37.719	114	60	6	20	124	42	153	2.74e-06	45.1
4_471	2_386	64.198	81	29	0	256	336	232	312	8.98e-26	107
4_472	2_444	99.726	1462	4	0	1	1462	1191	2652	0.0	2884
4_472	2_528	36.620	71	39	2	1073	1137	6	76	2.46e-06	41.6
4_473	2_274	100.000	307	0	0	1	307	1	307	0.0	616
4_473	2_280	32.735	223	133	7	60	279	1	209	1.15e-24	99.0
4_473	2_340	30.732	205	122	6	79	277	16	206	9.81e-21	87.0
4_473	2_339	29.442	197	127	5	79	273	16	202	2.43e-19	83.2
4_473	2_250	28.636	220	132	4	79	286	19	225	1.98e-18	78.2
4_473	2_431	28.972	214	133	6	58	258	14	221	1.18e-15	71.2
4_473	2_253	42.857	84	47	1	194	276	276	359	6.14e-15	69.3
4_473	2_253	31.481	108	69	2	59	163	42	147	1.05e-06	44.3
4_473	2_195	31.282	195	113	8	81	258	146	336	1.85e-14	68.2
4_473	2_429	25.108	231	157	8	60	282	6	228	3.57e-14	67.4
4_473	2_429	30.263	76	53	0	199	274	412	487	1.04e-04	38.1
4_473	2_401	24.779	226	119	3	84	258	27	252	7.20e-14	65.9
4_473	2_294	31.000	100	68	1	188	286	608	707	1.34e-13	65.9
4_473	2_277	25.472	212	146	4	56	258	5	213	4.46e-13	62.8
4_473	2_494	28.079	203	108	7	83	258	26	217	2.96e-12	60.8
4_473	2_223	36.170	94	54	2	78	171	24	111	4.99e-12	60.5
4_473	2_223	36.585	82	51	1	197	277	230	311	3.80e-10	54.7
4_473	2_283	34.146	82	53	1	194	274	503	584	8.26e-10	53.9
4_473	2_283	31.707	82	46	2	84	163	58	131	6.54e-08	48.1
4_473	2_233	24.272	206	141	6	83	283	25	220	2.26e-09	51.6
4_473	2_560	26.708	161	104	4	78	233	2	153	2.49e-09	50.8
4_473	2_70	25.405	185	119	6	83	257	26	201	6.41e-09	51.2
4_473	2_70	23.387	248	159	10	59	279	244	487	8.43e-06	41.6
4_473	2_375	29.167	168	103	8	97	257	501	659	1.69e-08	50.1
4_473	2_350	31.527	203	114	11	79	271	349	536	2.38e-08	49.3
4_473	2_482	25.510	196	125	7	79	267	351	532	6.96e-08	48.1
4_473	2_338	29.570	186	108	8	79	257	341	510	8.29e-08	47.8
4_473	2_513	25.405	185	120	5	79	258	339	510	2.00e-07	46.6
4_474	2_398	99.737	380	1	0	1	380	1	380	0.0	773
4_475	2_275	100.000	367	0	0	1	367	1	367	0.0	745
4_475	2_137	35.433	127	57	2	6	132	160	261	9.24e-15	69.7
4_476	2_399	98.925	186	2	0	1	186	1	186	4.20e-138	378
4_477	2_445	98.773	163	2	0	1	163	1	163	2.62e-117	323
4_478	2_276	100.000	260	0	0	1	260	1	260	0.0	521
4_479	2_400	99.690	323	1	0	1	323	1	323	0.0	635
4_480	2_484	99.553	447	2	0	1	447	1	447	0.0	880
4_480	2_207	31.878	229	138	9	1	221	1	219	7.31e-17	75.1
4_480	2_34	27.239	268	166	13	3	254	4	258	1.35e-08	50.4
4_480	2_174	22.305	269	160	7	8	246	12	261	1.63e-06	44.3
4_481	2_485	99.846	648	1	0	1	648	1	648	0.0	1274
4_482	2_59	99.197	249	2	0	1	249	1	249	3.64e-177	482
4_483	2_185	99.804	510	1	0	1	510	1	510	0.0	1044
4_484	2_277	100.000	256	0	0	1	256	1	256	0.0	509
4_484	2_253	34.711	121	77	2	126	244	251	371	2.26e-16	72.8
4_484	2_401	26.071	280	162	5	8	244	6	283	3.79e-16	72.0
4_484	2_274	27.358	212	142	4	5	213	56	258	1.22e-15	69.7
4_484	2_294	30.508	118	73	2	134	250	598	707	3.50e-14	66.6
4_484	2_339	27.136	199	126	4	28	225	18	198	2.91e-13	63.9
4_484	2_429	24.138	232	162	10	27	252	22	245	3.19e-12	60.5
4_484	2_429	22.566	226	163	6	12	230	267	487	5.97e-09	50.4
4_484	2_195	25.203	246	153	8	4	231	122	354	1.92e-11	58.2
4_484	2_250	27.237	257	155	9	9	250	1	240	6.82e-11	55.8
4_484	2_494	31.646	79	53	1	153	231	158	235	1.86e-10	54.7
4_484	2_340	25.664	226	139	7	24	245	14	214	2.04e-10	55.1
4_484	2_283	33.766	77	51	0	154	230	508	584	2.73e-09	51.6
4_484	2_283	29.885	87	55	2	27	112	54	135	1.81e-04	37.0
4_484	2_223	31.313	99	68	0	133	231	211	309	2.80e-09	51.6
4_484	2_431	27.083	240	148	10	6	231	13	239	1.47e-08	49.3
4_484	2_280	23.188	207	138	6	23	227	13	200	3.40e-08	48.5
4_484	2_70	24.074	216	151	7	20	231	14	220	5.00e-08	47.8
4_484	2_70	24.180	244	146	10	30	251	277	503	1.78e-05	40.0
4_484	2_482	26.699	206	131	7	9	212	336	523	7.42e-08	47.4
4_484	2_233	22.831	219	137	7	22	231	17	212	2.43e-06	42.0
4_484	2_252	22.271	229	152	6	10	235	320	525	3.03e-06	42.4
4_484	2_252	21.992	241	138	8	24	235	14	233	2.78e-05	39.3
4_484	2_375	28.333	180	105	7	40	212	497	659	3.19e-05	39.3
4_484	2_513	21.053	209	141	7	9	214	324	511	2.72e-04	36.2
4_484	2_218	28.889	90	53	4	136	218	815	900	3.45e-04	36.2
4_484	2_350	24.312	218	127	10	8	214	332	522	3.75e-04	35.8
4_485	2_278	100.000	158	0	0	1	158	1	158	1.02e-115	319
4_486	2_279	100.000	309	0	0	1	309	1	309	0.0	598
4_487	2_409	97.333	75	2	0	1	75	1	75	2.54e-50	147
4_487	2_467	78.689	61	13	0	3	63	8	68	1.30e-29	103
4_487	2_462	71.667	60	17	0	3	62	8	67	4.34e-25	91.3
4_487	2_341	68.293	41	13	0	22	62	45	85	9.05e-16	64.7
4_487	2_495	46.269	67	29	2	9	75	14	73	1.35e-10	50.1
4_488	2_488	100.000	311	0	0	2	312	1	311	0.0	627
4_488	2_459	28.571	126	73	4	73	192	437	551	6.01e-04	35.8
4_489	2_280	100.000	766	0	0	1	766	1	766	0.0	1509
4_489	2_339	30.788	812	476	21	1	766	1	772	2.50e-92	300
4_489	2_340	39.823	452	246	10	1	440	1	438	1.43e-89	290
4_489	2_340	33.588	131	87	0	636	766	516	646	1.69e-15	74.7
4_489	2_274	32.735	223	133	7	1	209	60	279	3.37e-24	98.6
4_489	2_429	24.324	259	168	9	1	232	6	263	1.77e-14	71.2
4_489	2_429	23.301	206	140	4	16	203	282	487	3.01e-06	44.7
4_489	2_494	27.014	211	127	7	17	201	23	232	1.91e-14	69.3
4_489	2_482	30.412	194	125	6	1	188	336	525	3.69e-13	67.0
4_489	2_70	29.630	216	130	6	2	201	8	217	3.74e-13	67.0
4_489	2_223	32.990	97	63	1	1	95	10	106	1.30e-09	55.5
4_489	2_513	27.230	213	130	7	1	199	324	525	2.89e-09	54.7
4_489	2_536	26.076	395	235	18	302	659	86	460	5.16e-09	53.9
4_489	2_338	28.708	209	138	6	2	204	327	530	8.08e-09	53.1
4_489	2_401	34.483	87	53	2	119	202	183	268	1.97e-08	51.6
4_489	2_560	33.557	149	76	7	34	171	21	157	2.91e-08	49.3
4_489	2_283	30.357	112	75	2	2	111	39	149	3.39e-08	51.2
4_489	2_283	31.081	74	49	1	129	200	508	581	1.71e-05	42.4
4_489	2_233	27.000	200	123	7	17	203	22	211	3.54e-08	49.7
4_489	2_195	25.561	223	120	8	15	198	141	356	1.12e-07	49.3
4_489	2_250	27.149	221	125	10	1	198	1	208	2.02e-07	47.8
4_489	2_277	29.545	88	59	2	115	200	141	227	4.40e-07	46.6
4_489	2_253	29.600	125	78	5	115	230	267	390	4.60e-07	47.4
4_489	2_294	30.476	105	65	2	129	225	619	723	6.17e-07	47.4
4_489	2_350	28.505	214	123	10	2	198	334	534	8.98e-07	46.6
4_489	2_252	26.027	219	131	9	1	204	319	521	1.42e-05	42.7
4_489	2_252	20.851	235	133	6	1	198	1	219	1.53e-05	42.4
4_489	2_431	32.051	78	51	1	122	197	155	232	1.43e-05	42.4
4_489	2_218	36.585	82	43	4	129	204	834	912	1.68e-05	42.7
4_489	2_218	31.068	103	61	4	93	190	460	557	0.001	37.0
4_489	2_375	24.638	207	127	6	13	195	468	669	9.34e-05	40.0
4_490	2_281	100.000	188	0	0	1	188	1	188	1.47e-134	369
4_491	2_401	99.482	386	2	0	1	386	1	386	0.0	759
4_491	2_223	32.059	340	185	10	5	304	8	341	4.66e-38	137
4_491	2_283	40.146	137	82	0	166	302	481	617	1.99e-31	120
4_491	2_283	30.088	113	70	2	7	110	38	150	1.76e-11	60.1
4_491	2_294	37.363	91	57	0	194	284	620	710	1.50e-15	72.8
4_491	2_253	33.333	90	60	0	194	283	282	371	7.86e-15	70.1
4_491	2_277	25.357	280	164	5	6	283	8	244	3.08e-14	66.6
4_491	2_274	24.779	226	119	3	27	252	84	258	7.59e-14	66.2
4_491	2_494	25.600	250	143	8	27	272	27	237	7.60e-12	60.1
4_491	2_233	32.143	140	84	3	143	279	90	221	8.03e-12	59.3
4_491	2_195	23.404	141	104	2	164	303	251	388	1.34e-11	60.1
4_491	2_250	24.221	289	161	9	8	292	2	236	3.73e-11	57.8
4_491	2_431	27.778	126	87	2	176	297	142	267	1.08e-10	57.0
4_491	2_429	23.333	270	154	9	29	296	28	246	7.78e-10	54.7
4_491	2_429	32.609	92	57	2	184	271	399	489	7.74e-07	45.4
4_491	2_339	30.986	142	89	5	128	263	59	197	1.02e-09	54.7
4_491	2_339	52.778	36	17	0	27	62	21	56	2.63e-05	40.4
4_491	2_340	29.333	150	99	3	129	273	60	207	1.37e-09	54.3
4_491	2_340	43.636	55	31	0	8	62	2	56	6.67e-06	42.4
4_491	2_280	34.483	87	53	2	183	268	119	202	1.00e-08	51.6
4_491	2_280	31.579	95	58	3	8	95	2	96	8.19e-04	35.8
4_491	2_70	28.788	132	85	4	146	271	356	484	8.17e-08	48.5
4_491	2_482	29.412	85	52	2	172	251	441	522	3.04e-06	43.5
4_491	2_350	38.000	100	46	5	1	95	327	415	9.95e-05	38.5
4_491	2_252	27.174	92	64	1	188	276	443	534	2.32e-04	37.4
4_491	2_375	45.588	68	27	4	4	69	465	524	2.95e-04	37.4
4_491	2_513	50.000	46	23	0	8	53	325	370	4.33e-04	36.6
4_492	2_487	99.677	620	2	0	1	620	1	620	0.0	1244
4_493	2_3	99.714	350	1	0	1	350	1	350	0.0	715
4_494	2_2	99.830	589	1	0	1	589	1	589	0.0	1145
4_494	2_565	93.671	79	5	0	406	484	1	79	2.00e-42	142
4_494	2_368	26.087	460	272	17	51	492	10	419	1.09e-21	93.2
4_495	2_0	99.371	159	1	0	1	159	1	159	1.38e-116	321
4_495	2_196	32.500	120	78	2	22	140	15	132	6.92e-11	52.4
4_496	2_525	99.427	872	5	0	1	872	34	905	0.0	1731
4_496	2_477	25.714	245	153	5	1	221	10	249	6.14e-15	73.6
4_496	2_420	24.936	393	233	13	7	361	26	394	7.67e-14	70.1
4_496	2_490	26.250	240	155	7	1	220	18	255	2.52e-10	58.5
4_496	2_312	25.578	606	359	26	2	560	25	585	3.32e-09	55.1
4_496	2_519	27.848	237	146	7	3	224	13	239	4.91e-09	54.7
4_497	2_490	99.509	1018	5	0	1	1018	1	1018	0.0	1972
4_497	2_420	26.764	1091	677	33	6	1015	1	1050	3.69e-80	278
4_497	2_477	33.566	286	180	5	11	289	3	285	2.55e-35	140
4_497	2_477	31.271	291	136	10	545	783	740	1018	8.54e-24	102
4_497	2_477	32.231	121	72	5	361	474	477	594	1.78e-05	43.1
4_497	2_525	27.500	240	152	8	18	255	34	253	9.17e-11	60.5
4_497	2_519	22.311	753	436	31	11	657	2	711	3.56e-09	55.5
4_497	2_312	25.112	446	278	14	14	436	18	430	1.22e-07	50.1
4_498	2_32	99.558	226	1	0	1	226	1	226	1.28e-170	463
4_499	2_282	100.000	719	0	0	1	719	1	719	0.0	1432
4_500	2_188	99.281	278	2	0	1	278	1	278	0.0	549
4_501	2_403	99.631	271	1	0	1	271	1	271	0.0	532
4_502	2_405	98.347	121	2	0	1	121	1	121	1.25e-78	222
4_503	2_406	99.918	1217	1	0	1	1217	1	1217	0.0	2490
4_504	2_496	98.789	743	2	1	1	736	1	743	0.0	1459
4_504	2_215	26.260	754	440	25	6	720	16	692	8.55e-45	166
4_504	2_457	37.179	78	31	4	190	259	124	191	8.44e-04	37.0
4_505	2_497	99.689	322	1	0	1	322	1	322	0.0	650
4_506	2_283	100.000	725	0	0	1	725	1	725	0.0	1470
4_506	2_223	38.624	189	111	4	481	667	205	390	6.28e-35	133
4_506	2_223	47.423	97	51	0	39	135	11	107	1.14e-22	96.3
4_506	2_401	40.146	137	82	0	481	617	166	302	3.80e-31	120
4_506	2_401	30.088	113	70	2	38	150	7	110	3.49e-11	60.1
4_506	2_294	25.735	136	99	2	481	614	591	726	2.72e-17	80.5
4_506	2_294	28.049	164	100	5	42	204	12	158	2.62e-07	48.5
4_506	2_253	38.298	94	57	1	501	594	274	366	9.46e-17	77.8
4_506	2_253	29.688	128	75	3	33	145	38	165	7.49e-10	56.2
4_506	2_195	32.432	111	74	1	505	614	274	384	1.74e-14	70.9
4_506	2_250	31.776	107	72	1	486	592	116	221	9.02e-13	63.9
4_506	2_250	31.915	94	55	3	50	137	16	106	1.05e-05	42.4
4_506	2_494	25.806	155	88	3	501	655	152	279	2.42e-12	62.8
4_506	2_494	30.952	84	39	3	53	117	22	105	1.33e-05	42.0
4_506	2_233	32.292	96	63	2	500	594	127	221	5.71e-11	57.8
4_506	2_429	34.409	93	54	2	498	587	402	490	2.12e-10	58.2
4_506	2_429	29.213	89	58	2	500	584	133	220	1.22e-07	49.3
4_506	2_429	29.348	92	54	4	48	131	16	104	1.14e-06	46.2
4_506	2_340	32.967	91	59	1	498	588	119	207	1.14e-09	55.8
4_506	2_340	33.333	99	58	3	39	134	2	95	6.00e-07	47.0
4_506	2_339	31.897	116	70	2	474	589	102	208	1.53e-09	55.5
4_506	2_339	32.673	101	60	2	39	136	2	97	2.50e-07	48.5
4_506	2_274	34.146	82	53	1	503	584	194	274	2.31e-09	53.9
4_506	2_274	31.707	82	46	2	58	131	84	163	2.17e-07	47.8
4_506	2_431	29.358	109	76	1	505	612	159	267	1.05e-08	52.0
4_506	2_431	25.899	139	83	6	30	151	4	139	4.44e-04	37.4
4_506	2_277	33.766	77	51	0	508	584	154	230	1.35e-08	51.2
4_506	2_280	30.357	112	75	2	39	149	2	111	3.05e-08	51.2
4_506	2_280	31.081	74	49	1	508	581	129	200	1.50e-05	42.7
4_506	2_70	30.476	105	70	1	38	139	7	111	5.11e-08	50.4
4_506	2_70	25.974	77	56	1	508	584	407	482	6.70e-04	37.0
4_506	2_513	34.247	73	48	0	36	108	322	394	4.97e-07	47.4
4_506	2_513	28.788	132	78	6	448	572	393	515	5.84e-05	40.4
4_506	2_252	35.088	57	37	0	39	95	2	58	9.13e-07	46.2
4_506	2_252	23.810	84	60	1	504	587	152	231	4.68e-05	40.8
4_506	2_482	27.778	90	61	2	493	581	452	538	1.45e-06	45.8
4_506	2_560	38.298	47	29	0	493	539	104	150	1.15e-05	41.6
4_506	2_350	33.333	66	43	1	36	100	331	396	2.70e-05	41.6
4_506	2_338	25.301	83	59	1	36	115	324	406	2.63e-04	38.5
4_507	2_404	99.545	659	3	0	1	659	1	659	0.0	1325
4_508	2_176	94.694	245	13	0	1	245	1	245	2.80e-167	457
4_508	2_171	39.689	257	133	7	1	243	1	249	4.02e-47	152
4_508	2_170	41.791	201	113	2	43	243	84	280	3.08e-46	150
4_509	2_171	96.198	263	10	0	1	263	1	263	0.0	500
4_509	2_170	42.748	262	132	5	1	250	26	281	1.90e-53	170
4_509	2_176	38.583	254	140	5	1	249	1	243	2.08e-47	153
4_510	2_499	100.000	217	0	0	4	220	1	217	1.82e-156	427
4_510	2_542	21.818	220	157	6	1	220	105	309	5.35e-06	40.8
4_511	2_402	99.785	931	2	0	1	931	1	931	0.0	1841
4_511	2_518	27.523	218	124	7	9	225	17	201	3.05e-08	52.0
4_511	2_476	22.938	388	251	14	2	352	7	383	5.87e-06	44.7
4_511	2_552	30.864	162	92	7	60	208	1	155	1.69e-05	43.1
4_512	2_498	100.000	59	0	0	1	59	4	62	3.59e-40	120
4_513	2_495	98.025	810	16	0	1	810	1	810	0.0	1588
4_513	2_467	34.634	820	448	28	1	778	1	774	8.66e-107	341
4_513	2_341	35.187	827	426	29	1	776	1	768	1.96e-105	337
4_513	2_462	33.454	831	450	27	1	779	1	780	9.60e-100	322
4_513	2_409	44.776	67	30	2	14	73	9	75	6.21e-09	48.1
4_514	2_456	98.241	398	7	0	1	398	1	398	0.0	791
4_515	2_526	99.371	318	2	0	77	394	1	318	0.0	636
4_515	2_563	85.714	147	21	0	1	147	1	147	1.97e-74	235
4_515	2_563	58.228	79	31	1	316	394	332	408	7.61e-23	94.7
4_515	2_503	43.236	377	151	11	31	394	1	327	2.63e-66	212
4_515	2_527	38.650	326	145	15	88	394	1	290	7.59e-46	154
4_515	2_500	71.186	59	16	1	337	394	3	61	3.06e-22	85.5
4_516	2_563	98.837	172	2	0	1	172	339	510	8.55e-120	343
4_516	2_500	76.087	92	21	1	15	105	5	96	8.61e-47	143
4_516	2_503	49.660	147	72	2	1	147	259	403	7.18e-42	140
4_516	2_526	73.214	56	15	0	15	70	263	318	2.12e-24	91.7
4_516	2_527	59.701	67	26	1	5	70	224	290	6.63e-22	84.7
4_517	2_563	92.398	171	13	0	1	171	339	509	4.98e-103	300
4_517	2_500	75.000	92	22	1	15	105	5	96	4.13e-47	144
4_517	2_503	44.633	177	90	3	1	171	259	433	1.64e-43	144
4_517	2_526	69.492	59	18	0	12	70	260	318	9.56e-25	92.8
4_517	2_527	66.102	59	19	1	13	70	232	290	8.68e-22	84.3
4_518	2_543	100.000	88	0	0	1	88	28	115	1.43e-60	175
4_518	2_473	49.315	73	36	1	8	80	35	106	6.92e-19	70.5
4_519	2_504	100.000	55	0	0	1	55	1	55	5.52e-35	107
4_520	2_505	100.000	288	0	0	1	288	1	288	0.0	563
4_521	2_569	99.705	339	1	0	1	339	1	339	0.0	698
4_522	2_506	100.000	396	0	0	1	396	1	396	0.0	807
4_523	2_512	100.000	331	0	0	1	331	1	331	0.0	665
4_524	2_511	99.620	263	1	0	1	263	1	263	0.0	511
4_524	2_239	33.846	65	33	4	113	171	5	65	1.71e-04	37.0
4_524	2_137	35.000	60	27	2	113	164	159	214	3.38e-04	35.8
4_525	2_507	99.806	516	1	0	1	516	1	516	0.0	1030
4_526	2_518	97.965	1081	13	2	1	1073	1	1080	0.0	2122
4_526	2_491	28.773	709	450	15	1	699	1	664	4.39e-71	245
4_526	2_476	29.504	383	218	11	5	344	7	380	4.00e-30	123
4_526	2_476	27.854	219	126	11	579	778	769	974	1.16e-06	47.0
4_526	2_552	32.407	108	67	2	60	161	1	108	6.74e-09	54.3
4_526	2_402	27.523	218	124	7	17	201	9	225	3.09e-08	52.0
4_527	2_510	97.590	415	8	1	1	415	1	413	0.0	779
4_528	2_509	98.690	229	3	0	1	229	1	229	1.52e-166	453
4_529	2_552	97.123	1321	23	3	55	1365	1	1316	0.0	2555
4_529	2_433	86.000	50	7	0	1	50	1	50	4.80e-22	85.1
4_529	2_518	29.677	155	101	3	10	162	13	161	9.02e-13	67.4
4_529	2_476	28.931	159	100	4	2	150	6	161	8.35e-11	61.2
4_529	2_491	26.923	156	100	7	7	156	12	159	9.15e-07	47.8
4_529	2_402	30.864	162	92	7	55	209	60	208	3.11e-05	42.7
4_530	2_519	98.903	1823	18	2	1	1821	1	1823	0.0	3624
4_530	2_420	24.231	553	310	18	4	509	6	496	4.14e-14	72.4
4_530	2_477	26.556	241	150	8	1	221	1	234	5.94e-11	62.0
4_530	2_490	21.303	798	480	33	2	760	11	699	7.66e-09	55.1
4_530	2_525	27.160	243	152	7	7	239	30	257	5.33e-08	52.4
4_530	2_312	22.707	458	302	16	5	453	16	430	3.37e-04	39.7
4_531	2_520	98.967	581	6	0	1	581	1	581	0.0	1131
4_531	2_475	28.000	400	244	15	186	573	122	489	9.08e-23	96.3
4_532	2_441	88.104	1034	93	9	1	1020	2759	3776	0.0	1751
4_533	2_513	98.874	533	6	0	1	533	1	533	0.0	1028
4_533	2_482	29.367	521	346	9	16	520	19	533	8.63e-49	171
4_533	2_338	29.924	528	310	22	20	520	27	521	4.66e-26	106
4_533	2_350	35.437	206	127	5	319	520	328	531	1.55e-23	98.6
4_533	2_560	36.567	134	83	2	357	489	21	153	5.05e-17	74.3
4_533	2_250	32.057	209	122	8	324	517	1	204	3.19e-14	67.8
4_533	2_429	30.909	220	111	7	320	513	2	206	1.06e-11	61.6
4_533	2_340	28.365	208	110	6	324	512	1	188	5.03e-11	59.7
4_533	2_252	28.877	187	109	5	324	486	1	187	7.61e-11	58.9
4_533	2_375	28.571	189	106	7	317	489	462	637	1.61e-09	54.7
4_533	2_280	27.103	214	129	7	324	525	1	199	2.29e-09	54.3
4_533	2_339	28.351	194	128	6	324	512	1	188	8.14e-09	52.8
4_533	2_233	28.125	192	104	6	340	513	22	197	8.43e-09	50.8
4_533	2_274	25.683	183	122	4	339	510	79	258	1.57e-07	47.8
4_533	2_223	36.232	69	44	0	324	392	10	78	2.38e-07	47.4
4_533	2_223	33.645	107	54	3	419	514	193	293	8.29e-06	42.7
4_533	2_283	34.247	73	48	0	322	394	36	108	6.24e-07	46.6
4_533	2_283	29.545	132	77	7	393	515	448	572	4.52e-05	40.4
4_533	2_253	29.412	85	53	2	308	388	30	111	2.55e-04	37.7
4_533	2_401	50.000	46	23	0	325	370	8	53	6.75e-04	36.6
4_533	2_70	43.182	44	25	0	343	386	26	69	7.13e-04	36.6
4_533	2_294	38.806	67	37	3	449	511	613	679	8.27e-04	36.6
4_534	2_516	99.329	298	2	0	1	298	1	298	0.0	600
4_535	2_518	29.562	274	147	12	25	260	813	1078	3.98e-21	87.4
4_537	2_92	99.648	284	1	0	1	284	1	284	0.0	572
4_537	2_248	37.143	105	61	3	37	141	22	121	3.63e-14	65.5
4_538	2_193	99.213	127	1	0	1	127	1	127	2.07e-87	245
4_539	2_514	99.149	470	4	0	1	470	1	470	0.0	927
4_539	2_302	35.516	397	209	11	37	417	60	425	7.88e-57	198
4_539	2_551	30.591	389	217	9	37	409	23	374	2.80e-40	149
4_540	2_524	99.024	205	2	0	1	205	1	205	2.77e-146	400
4_540	2_517	54.974	191	67	4	27	204	1	185	3.37e-58	186
4_540	2_284	31.034	203	109	9	6	199	8	188	1.92e-13	63.2
4_540	2_439	39.655	58	33	2	143	199	237	293	3.32e-07	44.7
4_540	2_544	42.857	42	23	1	144	185	248	288	3.82e-04	35.4
4_541	2_491	99.547	662	3	0	1	662	1	662	0.0	1303
4_541	2_518	29.462	706	443	15	1	661	1	696	7.21e-71	244
4_541	2_476	32.258	248	151	8	13	248	10	252	1.13e-24	104
4_541	2_552	29.897	97	62	3	69	159	6	102	4.15e-06	44.3
4_542	2_563	53.791	422	146	9	1	375	91	510	1.33e-115	341
4_542	2_503	39.178	365	185	9	1	350	61	403	1.10e-69	220
4_542	2_526	41.558	308	141	6	1	273	15	318	5.02e-68	212
4_542	2_527	36.301	292	162	10	1	273	4	290	1.89e-42	145
4_542	2_500	75.000	92	22	1	218	308	5	96	7.93e-42	137
4_544	2_545	99.639	277	1	0	1	277	1	277	0.0	538
4_545	2_550	99.639	277	1	0	1	277	1	277	0.0	543
4_546	2_549	99.588	486	2	0	1	486	1	486	0.0	963
4_547	2_529	100.000	86	0	0	1	86	1	86	1.32e-59	171
4_548	2_542	99.353	309	2	0	1	309	6	314	0.0	584
4_548	2_499	21.659	217	155	6	103	304	1	217	6.67e-05	37.7
4_549	2_533	100.000	40	0	0	1	40	1	40	7.81e-22	73.2
4_550	2_534	100.000	178	0	0	1	178	1	178	5.27e-130	357
4_551	2_535	100.000	66	0	0	1	66	1	66	1.18e-42	127
4_552	2_538	100.000	591	0	0	1	591	1	591	0.0	1170
4_554	2_539	100.000	142	0	0	1	142	1	142	1.20e-101	282
4_554	2_298	31.111	135	91	1	4	136	167	301	3.21e-17	71.6
4_555	2_390	33.221	596	339	15	198	776	186	739	1.58e-79	280
4_556	2_536	99.132	576	5	0	1	576	1	576	0.0	1114
4_556	2_280	26.997	363	208	17	40	382	252	577	8.46e-10	55.8
4_557	2_224	100.000	443	0	0	1	443	4	446	0.0	887
4_559	2_532	99.677	620	2	0	1	620	1	620	0.0	1246
4_560	2_544	97.627	632	3	1	1	620	1	632	0.0	1225
4_560	2_284	38.969	485	274	6	140	617	44	513	1.06e-107	330
4_560	2_439	43.326	427	223	5	208	617	209	633	1.30e-105	328
4_560	2_517	36.802	394	220	9	244	617	125	509	4.12e-61	206
4_560	2_382	30.260	423	247	9	235	616	118	533	2.64e-47	169
4_560	2_561	33.429	350	190	9	298	617	23	359	6.46e-44	155
4_561	2_462	85.882	85	10	1	1	83	726	810	6.52e-44	145
4_561	2_467	80.488	82	15	1	2	82	722	803	4.84e-40	134
4_561	2_341	32.941	85	46	4	3	81	723	802	6.38e-05	34.3
4_562	2_24	99.310	290	2	0	1	290	1	290	0.0	561
4_563	2_391	99.419	688	4	0	1	688	1	688	0.0	1365
4_565	2_546	99.454	183	1	0	1	183	1	183	2.25e-125	345
4_566	2_540	99.745	392	1	0	1	392	1	392	0.0	789
4_567	2_553	98.000	50	1	0	34	83	1	50	3.42e-32	105
4_568	2_561	99.446	361	1	1	1	361	1	360	0.0	718
4_568	2_517	65.789	342	108	4	22	361	176	510	4.28e-154	438
4_568	2_439	35.912	362	181	7	24	361	300	634	4.12e-61	202
4_568	2_284	34.104	346	185	7	29	361	199	514	1.54e-55	185
4_568	2_382	32.877	365	196	10	25	359	188	533	1.08e-45	159
4_568	2_544	33.429	350	190	9	24	360	310	629	4.48e-44	155
4_569	2_531	99.640	278	1	0	1	278	1	278	0.0	535
4_569	2_186	24.727	275	180	13	5	260	32	298	8.90e-10	53.1
4_570	2_562	100.000	378	0	0	1	378	1	378	0.0	733
4_572	2_430	97.388	689	16	1	4	690	72	760	0.0	1342
4_572	2_548	37.592	681	337	21	17	656	6	639	1.53e-121	372
4_572	2_483	28.829	333	192	12	214	515	321	639	9.88e-28	113
4_573	2_567	95.652	23	1	0	63	85	1	23	4.30e-11	47.8
4_574	2_332	99.545	220	1	0	1	220	1	220	7.48e-162	445
4_574	2_331	42.857	217	118	3	7	221	7	219	2.90e-50	161
4_574	2_272	29.289	239	132	10	9	216	325	557	6.79e-13	61.6
4_575	2_514	97.810	137	3	0	1	137	446	582	1.61e-90	268
4_576	2_551	99.359	936	6	0	1	936	1	936	0.0	1806
4_576	2_302	30.460	870	556	19	8	858	45	884	1.44e-90	311
4_576	2_514	30.402	398	206	11	23	374	37	409	9.38e-40	150
4_577	2_462	93.614	736	39	3	1	728	1	736	0.0	1359
4_577	2_467	77.063	715	159	4	1	713	1	712	0.0	1103
4_577	2_341	46.811	737	344	12	1	713	1	713	0.0	598
4_577	2_495	33.422	748	419	20	1	710	1	707	3.90e-99	318
4_577	2_409	71.667	60	17	0	8	67	3	62	8.42e-24	90.5
4_578	2_530	99.687	319	1	0	1	319	1	319	0.0	632
4_579	2_23	99.422	173	1	0	1	173	1	173	3.18e-126	347
4_580	2_556	98.202	723	10	1	1	723	1	720	0.0	1401
4_580	2_82	42.857	56	28	1	13	64	8	63	2.85e-07	47.4
4_581	2_547	94.012	167	10	0	121	287	4	170	1.46e-114	324
4_581	2_555	96.491	114	2	1	1	112	1	114	1.99e-71	213
4_581	2_212	98.810	84	1	0	256	339	1	84	8.87e-57	174
4_581	2_298	30.576	278	189	4	62	339	336	609	2.83e-39	141
4_581	2_219	26.582	158	97	6	56	203	150	298	3.63e-05	39.3
4_581	2_153	23.967	242	162	10	62	286	160	396	3.86e-04	36.6
4_582	2_557	100.000	945	0	0	27	971	1	945	0.0	1895
4_583	2_558	99.602	251	1	0	1	251	1	251	0.0	495
4_583	2_160	29.932	147	96	3	110	251	82	226	6.97e-09	49.3
4_584	2_559	99.502	201	1	0	1	201	1	201	5.97e-141	386
4_585	2_554	97.647	255	6	0	1	255	1	255	8.11e-176	479
4_586	2_351	96.053	76	3	0	2	77	474	549	1.56e-44	144
4_587	2_517	99.804	510	1	0	17	526	1	510	0.0	1018
4_587	2_561	65.789	342	108	4	192	526	21	360	4.43e-154	439
4_587	2_439	39.121	478	225	15	80	524	188	632	1.65e-80	259
4_587	2_284	36.082	485	250	18	64	524	64	512	7.84e-74	239
4_587	2_524	59.585	193	68	3	1	187	11	199	2.76e-68	213
4_587	2_544	36.548	394	221	9	141	525	256	629	2.46e-60	205
4_587	2_382	31.614	446	261	9	112	524	99	533	1.36e-51	179
4_588	2_564	100.000	167	0	0	1	167	1	167	1.26e-124	342
4_589	2_527	99.288	281	2	0	1	281	10	290	0.0	570
4_589	2_503	41.724	290	131	12	1	281	67	327	5.44e-49	163
4_589	2_526	37.224	317	144	15	1	281	21	318	4.12e-41	139
4_589	2_563	34.675	323	158	10	1	281	97	408	1.83e-38	136
4_589	2_500	73.684	57	15	0	225	281	5	61	5.80e-26	93.6
4_590	2_563	72.222	90	23	1	18	105	26	115	6.94e-42	138
4_590	2_503	74.118	85	20	1	23	105	1	85	1.77e-32	112
4_590	2_526	87.179	39	5	0	67	105	1	39	1.63e-17	70.5
4_590	2_527	89.286	28	3	0	78	105	1	28	6.50e-12	54.7
4_591	2_563	99.048	105	1	0	1	105	37	141	8.44e-70	211
4_591	2_503	84.091	88	14	0	1	88	7	94	3.02e-40	133
4_591	2_526	80.357	56	11	0	41	96	1	56	1.14e-25	92.4
4_591	2_527	88.372	43	5	0	52	94	1	43	1.61e-21	80.9
4_592	2_566	99.796	490	1	0	1	490	1	490	0.0	984
4_592	2_246	27.500	160	109	3	146	301	110	266	7.13e-12	62.0
4_592	2_246	46.809	47	22	1	440	483	489	535	5.66e-08	49.7
4_592	2_260	23.176	466	288	19	52	484	14	442	1.17e-10	57.8
4_593	2_568	99.346	153	1	0	1	153	65	217	2.19e-112	313
