3_0	4_510	100.000	220	0	0	117	336	1	220	3.59e-156	431
3_0	4_548	25.083	303	205	10	36	336	22	304	9.30e-14	65.5
3_1	4_495	99.371	159	1	0	1	159	1	159	1.41e-116	321
3_1	4_202	32.500	120	78	2	22	140	15	132	8.00e-11	52.0
3_2	4_0	100.000	96	0	0	1	96	1	96	9.32e-66	188
3_3	4_1	100.000	110	0	0	1	110	1	110	1.62e-79	224
3_4	4_2	100.000	290	0	0	1	290	1	290	0.0	578
3_4	4_292	31.481	270	146	14	23	264	25	283	3.92e-23	91.7
3_5	4_331	99.303	287	2	0	1	287	1	287	0.0	573
3_5	4_54	35.827	254	122	7	1	234	1	233	4.25e-33	117
3_6	4_332	98.765	81	1	0	1	81	1	81	4.83e-57	165
3_7	4_3	100.000	251	0	0	1	251	1	251	0.0	491
3_8	4_334	99.701	335	1	0	1	335	1	335	0.0	662
3_9	4_335	99.700	333	1	0	1	333	1	333	0.0	662
3_9	4_311	35.751	193	111	4	125	314	101	283	1.60e-28	109
3_10	4_5	100.000	189	0	0	1	189	1	189	3.01e-140	384
3_11	4_7	100.000	152	0	0	1	152	1	152	1.24e-110	306
3_12	4_10	100.000	463	0	0	1	463	1	463	0.0	923
3_13	4_11	100.000	47	0	0	1	47	1	47	3.74e-30	94.7
3_14	4_337	99.836	609	1	0	1	609	1	609	0.0	1216
3_15	4_341	99.843	638	1	0	1	638	1	638	0.0	1249
3_16	4_342	99.688	321	1	0	1	321	1	321	0.0	622
3_17	4_351	99.128	344	3	0	1	344	1	344	0.0	699
3_17	4_106	27.451	204	135	5	121	314	3	203	2.32e-15	69.7
3_18	4_12	100.000	50	0	0	1	50	1	50	3.96e-32	99.8
3_18	4_161	35.556	45	26	1	6	50	5	46	1.53e-04	30.0
3_19	4_352	99.634	273	1	0	1	273	1	273	0.0	560
3_20	4_13	100.000	146	0	0	1	146	1	146	2.41e-105	292
3_21	4_14	100.000	295	0	0	1	295	1	295	0.0	590
3_22	4_360	99.703	337	1	0	1	337	1	337	0.0	685
3_23	4_16	100.000	225	0	0	1	225	1	225	3.23e-168	457
3_24	4_579	99.422	173	1	0	1	173	1	173	3.25e-126	347
3_25	4_18	100.000	408	0	0	1	408	1	408	0.0	825
3_26	4_368	99.462	372	2	0	1	372	1	372	0.0	760
3_27	4_562	99.310	290	2	0	1	290	1	290	0.0	561
3_28	4_375	99.614	259	1	0	1	259	1	259	0.0	525
3_29	4_20	100.000	413	0	0	1	413	1	413	0.0	841
3_30	4_21	100.000	177	0	0	1	177	1	177	2.17e-130	358
3_31	4_22	100.000	111	0	0	1	111	1	111	2.73e-77	218
3_32	4_23	100.000	211	0	0	1	211	1	211	2.59e-155	424
3_33	4_380	98.969	291	3	0	1	291	1	291	0.0	554
3_33	4_580	32.381	105	65	3	37	139	74	174	5.96e-06	42.0
3_34	4_381	99.582	239	1	0	1	239	1	239	4.06e-174	473
3_35	4_383	99.333	300	2	0	1	300	1	300	0.0	598
3_35	4_382	34.188	234	133	6	22	254	19	232	3.48e-35	123
3_35	4_242	35.897	156	87	5	130	276	204	355	2.46e-19	82.4
3_35	4_242	25.962	104	55	3	21	123	24	106	4.99e-05	38.9
3_35	4_284	27.854	219	136	3	22	240	21	217	1.23e-18	78.2
3_35	4_489	28.638	213	121	8	23	232	17	201	3.48e-17	76.6
3_35	4_46	39.091	110	66	1	140	248	599	708	1.12e-16	75.1
3_35	4_46	38.462	39	23	1	10	48	12	49	0.001	35.0
3_35	4_201	26.778	239	140	7	27	248	147	367	3.40e-16	73.2
3_35	4_391	36.641	131	75	3	136	260	258	386	6.05e-16	72.4
3_35	4_354	28.169	213	128	6	24	236	18	205	1.17e-15	71.6
3_35	4_64	29.464	224	131	5	22	239	22	224	2.86e-15	70.5
3_35	4_64	21.127	213	161	4	26	236	277	484	1.22e-05	40.8
3_35	4_353	25.714	210	125	6	23	229	17	198	8.87e-15	69.3
3_35	4_263	25.000	236	140	7	14	237	13	223	2.23e-14	67.8
3_35	4_263	28.054	221	130	8	27	236	287	489	1.05e-13	65.9
3_35	4_473	29.327	208	109	8	21	217	78	258	4.36e-13	63.2
3_35	4_491	25.600	250	143	8	27	237	27	272	7.53e-13	62.8
3_35	4_506	25.806	155	88	3	152	279	501	655	9.70e-13	63.2
3_35	4_506	30.952	84	39	3	22	105	53	117	4.74e-06	42.4
3_35	4_271	27.197	239	155	8	20	250	27	254	8.94e-11	56.6
3_35	4_484	31.646	79	53	1	158	235	153	231	2.52e-10	54.7
3_35	4_389	25.714	210	124	7	26	219	20	213	6.79e-08	48.1
3_35	4_227	32.051	78	50	1	145	219	820	897	4.18e-07	45.8
3_35	4_227	28.090	89	62	1	136	222	470	558	1.26e-06	44.3
3_35	4_469	22.527	182	118	4	37	218	364	522	1.47e-05	40.8
3_35	4_533	24.390	205	117	6	22	219	339	512	7.30e-05	38.5
3_36	4_24	100.000	65	0	0	1	65	1	65	1.21e-44	132
3_37	4_25	100.000	280	0	0	1	280	1	280	0.0	562
3_38	4_26	100.000	269	0	0	1	269	1	269	0.0	537
3_38	4_480	25.000	284	152	12	4	258	3	254	9.56e-07	43.9
3_38	4_123	24.074	270	159	9	1	246	1	248	2.92e-06	42.0
3_38	4_365	25.368	272	165	12	1	246	15	274	5.54e-05	38.1
3_38	4_212	32.203	59	40	0	188	246	183	241	1.14e-04	37.4
3_38	4_176	32.877	73	43	1	180	246	186	258	2.74e-04	36.2
3_39	4_27	100.000	114	0	0	1	114	1	114	6.67e-84	235
3_40	4_28	100.000	169	0	0	1	169	1	169	2.29e-121	334
3_41	4_29	100.000	163	0	0	1	163	1	163	1.74e-119	329
3_42	4_31	100.000	639	0	0	1	639	1	639	0.0	1304
3_42	4_320	44.131	639	334	9	5	635	3	626	1.28e-169	493
3_43	4_32	100.000	171	0	0	1	171	1	171	4.03e-123	339
3_44	4_35	100.000	231	0	0	1	231	1	231	6.96e-170	462
3_45	4_245	99.650	571	2	0	1	571	1	571	0.0	1145
3_46	4_37	100.000	236	0	0	1	236	1	236	9.10e-176	477
3_47	4_38	100.000	186	0	0	1	186	1	186	1.42e-132	364
3_48	4_252	99.306	144	1	0	1	144	1	144	5.60e-107	296
3_49	4_39	100.000	204	0	0	1	204	1	204	2.23e-151	413
3_50	4_40	100.000	872	0	0	1	872	1	872	0.0	1763
3_51	4_41	100.000	402	0	0	1	402	1	402	0.0	818
3_51	4_148	27.083	288	181	10	20	301	8	272	3.07e-16	75.1
3_51	4_409	32.099	162	90	3	21	182	116	257	1.87e-13	66.2
3_51	4_150	34.091	132	84	3	16	145	8	138	3.05e-13	65.9
3_52	4_264	99.761	419	1	0	1	419	1	419	0.0	846
3_53	4_42	100.000	316	0	0	1	316	1	316	0.0	632
3_54	4_43	100.000	402	0	0	1	402	1	402	0.0	806
3_55	4_44	100.000	306	0	0	1	306	1	306	0.0	610
3_56	4_47	100.000	231	0	0	1	231	1	231	1.08e-170	464
3_57	4_48	100.000	73	0	0	1	73	1	73	5.72e-53	154
3_58	4_294	99.502	201	1	0	1	201	1	201	1.33e-147	403
3_58	4_295	38.509	161	94	3	3	162	4	160	1.03e-27	99.0
3_59	4_49	100.000	271	0	0	1	271	1	271	0.0	552
3_60	4_477	99.387	163	1	0	1	163	1	163	3.05e-118	326
3_61	4_50	100.000	110	0	0	1	110	1	110	2.17e-78	221
3_62	4_482	99.197	249	2	0	1	249	1	249	3.71e-177	482
3_63	4_52	100.000	220	0	0	1	220	1	220	1.02e-157	430
3_64	4_53	100.000	384	0	0	1	384	1	384	0.0	767
3_65	4_54	100.000	276	0	0	1	276	1	276	0.0	550
3_65	4_331	35.857	251	126	6	1	233	1	234	4.11e-31	112
3_66	4_56	100.000	144	0	0	1	144	1	144	6.53e-107	296
3_67	4_58	100.000	225	0	0	1	225	1	225	1.71e-163	445
3_68	4_59	100.000	293	0	0	1	293	1	293	0.0	579
3_69	4_60	100.000	118	0	0	1	118	1	118	4.26e-79	223
3_70	4_61	100.000	97	0	0	1	97	1	97	2.08e-67	192
3_71	4_62	100.000	505	0	0	1	505	1	505	0.0	1029
3_72	4_63	100.000	184	0	0	1	184	1	184	1.30e-136	374
3_73	4_64	100.000	508	0	0	1	508	1	508	0.0	1011
3_73	4_263	30.469	512	327	14	12	505	11	511	2.35e-54	186
3_73	4_284	34.498	229	125	6	26	245	25	237	1.12e-23	94.7
3_73	4_284	32.051	78	53	0	407	484	136	213	8.22e-07	44.7
3_73	4_353	32.673	202	122	5	12	211	6	195	9.88e-16	74.7
3_73	4_383	29.464	224	131	5	22	224	22	239	2.89e-15	71.2
3_73	4_383	21.596	213	160	4	277	484	26	236	4.52e-06	43.1
3_73	4_489	29.630	216	130	6	8	217	2	201	1.75e-13	67.4
3_73	4_489	24.229	227	142	7	261	482	2	203	0.001	36.2
3_73	4_354	29.524	210	134	5	12	221	10	205	1.04e-12	64.7
3_73	4_354	28.755	233	134	9	261	487	2	208	3.28e-09	53.5
3_73	4_382	32.143	196	124	6	31	223	28	217	1.05e-11	60.1
3_73	4_389	26.271	236	145	9	8	221	2	230	6.26e-10	55.8
3_73	4_389	32.432	74	47	2	149	222	453	523	3.28e-04	37.4
3_73	4_473	25.405	185	119	6	26	201	83	257	1.03e-08	51.2
3_73	4_473	23.387	248	159	10	244	487	59	279	1.16e-05	41.6
3_73	4_201	28.444	225	127	11	23	224	145	358	1.87e-08	50.8
3_73	4_201	25.106	235	140	8	278	493	147	364	1.26e-05	42.0
3_73	4_506	30.476	105	70	1	7	111	38	139	3.65e-08	50.4
3_73	4_506	25.974	77	56	1	407	482	508	584	4.79e-04	37.0
3_73	4_468	31.148	183	104	8	26	201	355	522	3.87e-08	50.1
3_73	4_491	28.788	132	85	4	356	484	146	271	1.10e-07	48.5
3_73	4_242	30.488	82	54	2	407	486	232	312	4.06e-07	46.6
3_73	4_242	28.333	60	43	0	8	67	11	70	4.41e-04	37.0
3_73	4_484	23.148	216	153	7	14	220	20	231	1.97e-06	43.9
3_73	4_484	24.180	244	146	10	277	503	30	251	2.67e-04	37.4
3_73	4_46	25.532	94	63	2	398	487	609	699	5.57e-06	43.5
3_73	4_469	26.136	176	110	6	36	205	363	524	1.29e-05	42.0
3_73	4_391	25.954	131	94	2	357	484	229	359	1.37e-05	42.0
3_73	4_346	25.532	188	118	5	27	208	346	517	3.76e-04	37.4
3_73	4_271	25.000	236	148	10	273	493	28	249	4.08e-04	37.0
3_73	4_533	43.182	44	25	0	26	69	343	386	6.82e-04	36.6
3_74	4_65	100.000	303	0	0	1	303	1	303	0.0	577
3_74	4_418	31.050	219	119	5	18	216	79	285	1.70e-11	59.3
3_75	4_66	100.000	184	0	0	1	184	1	184	6.30e-138	377
3_76	4_67	100.000	89	0	0	1	89	1	89	2.43e-60	174
3_77	4_68	100.000	165	0	0	1	165	1	165	6.57e-118	325
3_78	4_69	100.000	1411	0	0	1	1411	1	1411	0.0	2888
3_79	4_423	99.813	534	1	0	1	534	1	534	0.0	1087
3_80	4_72	100.000	214	0	0	1	214	1	214	2.80e-154	421
3_81	4_73	100.000	632	0	0	1	632	1	632	0.0	1287
3_82	4_74	100.000	120	0	0	1	120	1	120	5.93e-85	238
3_83	4_75	100.000	227	0	0	1	227	1	227	1.99e-169	461
3_84	4_76	100.000	87	0	0	1	87	1	87	1.83e-62	179
3_85	4_77	100.000	321	0	0	1	321	1	321	0.0	642
3_85	4_580	41.379	58	30	1	8	65	13	66	1.39e-07	47.4
3_86	4_78	100.000	753	0	0	1	753	1	753	0.0	1524
3_87	4_428	99.761	418	1	0	1	418	1	418	0.0	849
3_88	4_80	100.000	109	0	0	1	109	1	109	1.19e-79	224
3_89	4_81	100.000	155	0	0	1	155	1	155	8.35e-113	311
3_90	4_82	100.000	64	0	0	1	64	1	64	7.01e-43	127
3_91	4_83	100.000	116	0	0	1	116	1	116	4.20e-83	233
3_92	4_84	100.000	478	0	0	1	478	1	478	0.0	968
3_93	4_430	99.620	263	1	0	1	263	1	263	0.0	503
3_93	4_246	27.350	117	73	3	48	152	110	226	1.63e-06	42.7
3_93	4_246	33.333	93	52	3	35	117	121	213	3.07e-05	38.9
3_94	4_85	100.000	91	0	0	1	91	1	91	4.97e-63	181
3_95	4_86	100.000	356	0	0	1	356	1	356	0.0	721
3_96	4_87	100.000	99	0	0	1	99	1	99	6.14e-69	196
3_97	4_88	100.000	84	0	0	1	84	1	84	2.25e-57	166
3_98	4_89	100.000	369	0	0	1	369	1	369	0.0	745
3_99	4_431	99.796	489	1	0	1	489	1	489	0.0	964
3_100	4_90	100.000	315	0	0	1	315	1	315	0.0	627
3_100	4_167	21.908	283	199	6	36	309	31	300	1.25e-12	62.0
3_101	4_92	100.000	242	0	0	1	242	1	242	9.32e-176	478
3_101	4_96	26.772	127	68	4	81	203	46	151	2.87e-04	35.4
3_102	4_93	100.000	216	0	0	1	216	1	216	3.08e-147	404
3_103	4_94	100.000	216	0	0	1	216	1	216	1.07e-156	427
3_103	4_404	25.654	191	131	5	28	214	18	201	2.89e-10	52.8
3_104	4_95	100.000	193	0	0	1	193	1	193	2.94e-139	381
3_105	4_97	100.000	131	0	0	1	131	1	131	3.06e-94	263
3_106	4_98	100.000	150	0	0	1	150	1	150	1.65e-109	303
3_107	4_101	100.000	332	0	0	1	332	1	332	0.0	667
3_108	4_102	100.000	134	0	0	1	134	1	134	3.40e-97	270
3_109	4_103	100.000	137	0	0	1	137	1	137	1.93e-97	271
3_110	4_104	100.000	37	0	0	1	37	1	37	1.11e-20	70.1
3_111	4_105	100.000	75	0	0	1	75	1	75	3.38e-53	154
3_112	4_106	100.000	250	0	0	1	250	1	250	0.0	511
3_112	4_351	27.451	204	135	5	3	203	121	314	1.64e-15	69.7
3_113	4_107	100.000	147	0	0	1	147	1	147	7.41e-107	296
3_114	4_110	100.000	131	0	0	1	131	1	131	2.27e-94	263
3_115	4_111	100.000	61	0	0	1	61	1	61	5.72e-42	125
3_116	4_112	100.000	181	0	0	1	181	1	181	5.33e-135	370
3_117	4_113	100.000	122	0	0	1	122	1	122	1.06e-84	238
3_118	4_114	100.000	121	0	0	1	121	1	121	1.62e-81	229
3_119	4_115	100.000	136	0	0	1	136	1	136	9.34e-100	277
3_120	4_116	100.000	227	0	0	1	227	1	227	2.18e-167	455
3_121	4_117	100.000	173	0	0	1	173	1	173	1.80e-125	345
3_122	4_118	100.000	90	0	0	1	90	1	90	1.48e-65	187
3_123	4_441	99.645	282	1	0	1	282	1	282	0.0	564
3_124	4_119	100.000	163	0	0	1	163	1	163	1.62e-116	322
3_125	4_120	100.000	233	0	0	1	233	1	233	4.12e-170	462
3_126	4_121	100.000	106	0	0	1	106	1	106	6.94e-75	212
3_127	4_438	99.559	227	1	0	1	227	1	227	7.97e-167	454
3_128	4_122	100.000	184	0	0	1	184	1	184	1.71e-136	374
3_129	4_123	100.000	276	0	0	1	276	1	276	0.0	566
3_129	4_365	27.170	265	163	10	5	249	21	275	1.26e-13	64.3
3_129	4_212	23.529	272	197	8	2	272	4	265	4.60e-11	56.6
3_129	4_26	24.074	270	159	9	1	248	1	246	3.00e-06	42.0
3_129	4_176	27.397	73	51	1	2	72	7	79	4.96e-05	38.5
3_130	4_124	100.000	442	0	0	1	442	1	442	0.0	874
3_130	4_302	35.897	156	83	4	218	368	172	315	3.51e-20	87.0
3_130	4_302	30.337	89	60	2	220	307	6	93	1.52e-05	41.6
3_130	4_451	37.705	61	35	1	218	275	5	65	6.03e-05	39.3
3_131	4_125	100.000	70	0	0	1	70	1	70	2.83e-47	139
3_132	4_127	100.000	366	0	0	1	366	1	366	0.0	723
3_132	4_270	27.358	318	207	7	61	361	6	316	9.19e-23	92.8
3_133	4_128	100.000	321	0	0	1	321	1	321	0.0	634
3_133	4_45	32.877	219	139	5	106	317	160	377	2.15e-20	85.5
3_134	4_131	100.000	259	0	0	1	259	1	259	0.0	515
3_135	4_132	100.000	91	0	0	1	91	1	91	6.88e-61	175
3_135	4_0	28.571	91	61	3	1	88	3	92	9.05e-07	38.5
3_136	4_133	100.000	98	0	0	1	98	1	98	9.95e-67	191
3_137	4_134	100.000	207	0	0	1	207	1	207	5.47e-147	402
3_138	4_573	96.610	59	2	0	1	59	1	59	6.47e-37	113
3_139	4_330	98.969	97	1	0	1	97	1	97	3.42e-66	189
3_140	4_329	99.317	439	3	0	1	439	1	439	0.0	868
3_141	4_319	99.702	336	1	0	1	336	1	336	0.0	685
3_142	4_318	99.856	694	1	0	1	694	1	694	0.0	1389
3_143	4_317	99.703	337	1	0	1	337	1	337	0.0	671
3_144	4_135	100.000	240	0	0	1	240	1	240	3.17e-178	484
3_145	4_136	100.000	419	0	0	1	419	1	419	0.0	828
3_145	4_475	35.433	127	57	2	160	261	6	132	1.52e-14	69.3
3_145	4_302	25.112	223	154	7	159	375	173	388	1.94e-04	37.7
3_145	4_524	35.000	60	27	2	159	214	113	164	6.64e-04	35.8
3_146	4_137	100.000	141	0	0	1	141	1	141	1.25e-99	277
3_147	4_138	100.000	242	0	0	1	242	1	242	8.76e-173	470
3_148	4_139	100.000	102	0	0	1	102	1	102	1.60e-71	203
3_149	4_140	100.000	179	0	0	1	179	1	179	3.57e-127	350
3_150	4_141	100.000	187	0	0	1	187	1	187	4.53e-132	363
3_151	4_313	98.758	161	2	0	1	161	1	161	5.73e-117	322
3_152	4_311	99.318	440	3	0	1	440	1	440	0.0	874
3_152	4_335	36.269	193	110	4	101	283	125	314	1.03e-26	104
3_153	4_310	99.780	455	1	0	1	455	1	455	0.0	929
3_154	4_304	99.734	376	1	0	1	376	1	376	0.0	773
3_155	4_303	99.559	227	1	0	1	227	1	227	3.65e-169	460
3_156	4_302	99.771	437	1	0	1	437	1	437	0.0	875
3_156	4_124	35.897	156	83	4	172	315	218	368	3.91e-20	86.7
3_156	4_124	29.032	124	83	4	6	126	220	341	3.53e-06	43.5
3_156	4_451	28.571	147	96	5	4	143	8	152	8.69e-09	51.2
3_156	4_451	27.711	166	105	5	173	335	9	162	1.80e-06	43.9
3_156	4_289	40.741	54	29	1	6	59	19	69	4.97e-06	41.6
3_156	4_289	28.415	183	118	5	157	338	5	175	7.30e-06	40.8
3_156	4_148	28.108	185	98	8	174	341	10	176	4.66e-05	40.0
3_156	4_524	33.846	65	33	4	5	65	113	171	2.68e-04	37.0
3_157	4_148	100.000	598	0	0	1	598	1	598	0.0	1210
3_157	4_150	36.898	187	106	4	2	183	6	185	1.21e-24	103
3_157	4_150	23.009	226	143	9	165	370	266	480	7.48e-07	46.6
3_157	4_150	22.599	177	118	5	322	480	509	684	3.36e-06	44.3
3_157	4_409	30.093	216	126	7	10	217	117	315	7.36e-17	78.6
3_157	4_41	27.083	288	181	10	8	272	20	301	4.56e-16	75.1
3_157	4_302	28.108	185	98	8	10	176	174	341	6.38e-05	40.0
3_158	4_150	100.000	694	0	0	1	694	1	694	0.0	1425
3_158	4_148	36.898	187	106	4	6	185	2	183	1.40e-24	103
3_158	4_148	23.009	226	143	9	266	480	165	370	8.68e-07	46.6
3_158	4_148	22.599	177	118	5	509	684	322	480	3.90e-06	44.3
3_158	4_409	37.008	127	62	2	13	139	116	224	9.36e-14	68.9
3_158	4_41	34.091	132	84	3	8	138	16	145	5.27e-13	65.9
3_159	4_151	100.000	141	0	0	1	141	1	141	6.11e-104	288
3_160	4_298	99.781	457	1	0	1	457	1	457	0.0	935
3_160	4_581	24.324	296	194	11	106	396	16	286	4.72e-09	52.4
3_160	4_265	26.351	148	100	5	159	302	335	477	1.24e-04	38.9
3_161	4_152	100.000	427	0	0	1	427	1	427	0.0	847
3_162	4_154	100.000	93	0	0	1	93	1	93	4.90e-68	193
3_163	4_155	100.000	259	0	0	1	259	1	259	0.0	514
3_164	4_156	100.000	144	0	0	1	144	1	144	8.47e-108	298
3_165	4_157	100.000	132	0	0	1	132	1	132	6.93e-95	264
3_166	4_457	99.849	662	1	0	1	662	1	662	0.0	1329
3_167	4_159	100.000	229	0	0	1	229	1	229	5.24e-169	459
3_167	4_583	29.932	147	96	3	82	226	110	251	6.50e-09	49.3
3_168	4_160	100.000	181	0	0	1	181	1	181	1.23e-134	369
3_169	4_161	100.000	46	0	0	1	46	1	46	2.37e-29	92.4
3_170	4_162	100.000	195	0	0	1	195	1	195	2.50e-144	394
3_171	4_465	99.598	249	1	0	1	249	1	249	0.0	499
3_172	4_289	99.432	176	1	0	1	176	1	176	2.64e-130	357
3_172	4_302	40.741	54	29	1	19	69	6	59	2.10e-06	41.6
3_172	4_302	28.415	183	118	5	5	175	157	338	2.83e-06	41.2
3_172	4_451	39.344	61	33	3	19	76	10	69	1.46e-04	35.8
3_173	4_164	100.000	457	0	0	1	457	1	457	0.0	937
3_174	4_165	100.000	201	0	0	1	201	1	201	7.01e-150	409
3_175	4_166	100.000	316	0	0	1	316	1	316	0.0	625
3_176	4_513	97.901	810	17	0	1	810	1	810	0.0	1588
3_176	4_577	34.263	753	406	22	1	707	1	710	9.58e-101	323
3_176	4_356	44.622	437	204	12	1	414	1	422	1.44e-96	314
3_176	4_487	46.269	67	29	2	14	73	9	75	1.43e-09	50.1
3_177	4_169	100.000	127	0	0	1	127	1	127	2.20e-88	248
3_178	4_170	100.000	285	0	0	1	285	1	285	0.0	552
3_178	4_509	42.748	262	132	5	26	281	1	250	2.10e-53	170
3_178	4_508	41.791	201	113	2	84	280	43	243	3.63e-46	150
3_179	4_509	96.198	263	10	0	1	263	1	263	0.0	500
3_179	4_170	42.748	262	132	5	1	250	26	281	4.64e-54	171
3_179	4_508	39.689	257	133	7	1	249	1	243	4.37e-47	152
3_180	4_171	100.000	411	0	0	1	411	1	411	0.0	820
3_181	4_172	100.000	202	0	0	1	202	1	202	1.54e-145	398
3_182	4_175	100.000	457	0	0	1	457	1	457	0.0	926
3_182	4_144	37.168	452	279	4	2	450	7	456	3.00e-104	313
3_182	4_142	21.988	332	249	6	15	341	37	363	7.47e-08	48.9
3_182	4_174	22.819	298	203	11	119	402	116	400	3.71e-06	43.5
3_183	4_176	100.000	306	0	0	1	306	1	306	0.0	630
3_183	4_365	26.552	290	175	9	10	278	21	293	2.78e-20	84.0
3_183	4_212	22.939	279	185	10	9	277	5	263	2.33e-08	48.9
3_183	4_480	28.846	104	69	2	158	261	148	246	2.20e-05	40.0
3_183	4_123	27.397	73	51	1	7	79	2	72	4.09e-05	38.9
3_183	4_26	32.877	73	43	1	186	258	180	246	2.67e-04	36.2
3_184	4_508	94.694	245	13	0	1	245	1	245	2.84e-167	457
3_184	4_170	42.786	201	111	2	43	243	84	280	5.70e-48	155
3_184	4_509	38.583	254	140	5	1	243	1	249	1.98e-47	153
3_185	4_327	98.333	120	2	0	1	120	1	120	1.01e-83	235
3_186	4_184	100.000	77	0	0	1	77	1	77	2.00e-49	145
3_187	4_185	100.000	90	0	0	1	90	1	90	1.29e-61	177
3_188	4_186	100.000	156	0	0	1	156	1	156	1.38e-117	323
3_189	4_187	100.000	126	0	0	1	126	1	126	2.49e-88	247
3_190	4_188	100.000	174	0	0	1	174	1	174	6.56e-126	346
3_191	4_189	100.000	147	0	0	1	147	1	147	3.09e-106	294
3_192	4_190	100.000	87	0	0	1	87	1	87	2.09e-61	176
3_193	4_192	100.000	321	0	0	1	321	1	321	0.0	642
3_193	4_569	23.293	249	167	11	57	298	29	260	1.16e-05	40.8
3_194	4_518	96.842	95	1	1	35	129	1	93	1.50e-61	179
3_194	4_355	44.444	108	53	3	7	114	6	106	5.00e-20	79.3
3_195	4_578	99.687	319	1	0	8	326	1	319	0.0	632
3_196	4_194	100.000	93	0	0	1	93	1	93	6.90e-61	175
3_197	4_500	99.281	278	2	0	1	278	1	278	0.0	549
3_198	4_195	100.000	64	0	0	1	64	1	64	8.52e-41	122
3_199	4_196	100.000	216	0	0	1	216	1	216	3.83e-157	429
3_200	4_197	100.000	136	0	0	1	136	1	136	5.74e-92	257
3_201	4_433	99.425	174	1	0	1	174	1	174	7.42e-130	356
3_202	4_198	100.000	146	0	0	1	146	1	146	2.65e-102	284
3_203	4_538	99.213	127	1	0	1	127	1	127	2.11e-87	245
3_204	4_199	100.000	143	0	0	1	143	1	143	1.88e-100	279
3_205	4_200	100.000	145	0	0	1	145	1	145	1.13e-106	295
3_206	4_201	100.000	469	0	0	1	469	1	469	0.0	967
3_206	4_271	40.240	333	193	3	116	447	5	332	1.51e-74	233
3_206	4_46	44.737	114	63	0	273	386	614	727	2.57e-30	119
3_206	4_46	31.579	95	60	2	153	247	34	123	2.82e-07	47.4
3_206	4_391	45.082	122	66	1	269	389	273	394	1.44e-28	112
3_206	4_391	35.185	108	53	4	139	239	59	156	1.66e-11	60.5
3_206	4_382	26.800	250	159	8	122	370	3	229	1.83e-18	80.1
3_206	4_284	28.444	225	136	8	143	365	22	223	3.96e-16	72.4
3_206	4_383	29.515	227	139	6	152	367	32	248	1.47e-15	72.0
3_206	4_242	32.520	123	71	3	247	357	190	312	7.49e-15	70.9
3_206	4_506	32.432	111	74	1	274	384	505	614	7.67e-15	71.2
3_206	4_473	30.769	195	114	7	146	336	81	258	3.20e-14	67.8
3_206	4_491	23.448	145	108	2	244	388	162	303	1.94e-11	60.1
3_206	4_263	25.424	236	134	10	143	363	22	230	1.72e-09	54.3
3_206	4_263	25.194	258	149	8	115	355	259	489	5.88e-08	49.3
3_206	4_484	26.033	242	156	9	122	354	4	231	3.37e-09	52.0
3_206	4_354	25.688	218	138	7	142	359	16	209	1.11e-08	51.6
3_206	4_64	28.444	225	127	11	145	358	23	224	2.43e-08	50.4
3_206	4_64	24.483	290	175	11	99	364	224	493	1.30e-05	42.0
3_206	4_489	25.561	223	120	8	141	356	15	198	4.90e-08	49.7
3_206	4_353	25.592	211	123	8	142	347	16	197	4.69e-06	43.5
3_206	4_389	23.913	184	111	6	142	308	16	187	1.10e-04	38.9
3_206	4_227	29.897	97	57	4	277	364	834	928	1.93e-04	38.1
3_207	4_202	100.000	151	0	0	1	151	1	151	1.11e-108	301
3_207	4_495	32.500	120	78	2	15	132	22	140	6.71e-11	52.4
3_208	4_203	100.000	113	0	0	1	113	1	113	7.26e-82	230
3_209	4_204	100.000	96	0	0	1	96	1	96	1.62e-68	195
3_210	4_414	99.906	1065	1	0	1	1065	1	1065	0.0	2135
3_210	4_307	26.625	323	183	13	623	907	917	1223	4.57e-14	71.2
3_210	4_307	37.383	107	59	3	297	397	281	385	5.87e-10	57.8
3_211	4_205	100.000	285	0	0	1	285	1	285	0.0	558
3_212	4_416	99.623	265	1	0	2	266	3	267	0.0	506
3_213	4_206	100.000	190	0	0	1	190	1	190	4.02e-143	391
3_214	4_207	100.000	404	0	0	1	404	1	404	0.0	814
3_215	4_208	100.000	331	0	0	1	331	1	331	0.0	660
3_216	4_455	99.507	203	1	0	1	203	1	203	1.12e-146	401
3_217	4_209	100.000	149	0	0	1	149	1	149	1.78e-111	308
3_218	4_210	100.000	112	0	0	1	112	1	112	2.74e-78	221
3_219	4_212	100.000	267	0	0	1	267	1	267	0.0	541
3_219	4_365	26.502	283	175	9	3	260	19	293	7.96e-16	70.5
3_219	4_480	31.579	228	140	8	1	219	1	221	2.95e-15	69.7
3_219	4_123	23.529	272	197	8	4	265	2	272	4.45e-11	56.6
3_219	4_176	22.968	283	187	11	2	263	5	277	1.56e-08	48.9
3_219	4_26	32.203	59	40	0	183	241	188	246	1.14e-04	37.4
3_220	4_213	100.000	90	0	0	1	90	1	90	1.94e-57	166
3_221	4_214	100.000	221	0	0	1	221	1	221	2.76e-164	447
3_222	4_215	100.000	219	0	0	1	219	1	219	3.34e-160	436
3_223	4_216	100.000	70	0	0	1	70	1	70	3.13e-44	131
3_224	4_220	100.000	95	0	0	1	95	1	95	2.47e-67	192
3_225	4_221	100.000	699	0	0	1	699	1	699	0.0	1417
3_225	4_504	26.260	754	440	25	16	692	6	720	8.30e-45	166
3_226	4_222	100.000	181	0	0	1	181	1	181	8.23e-131	359
3_227	4_223	100.000	90	0	0	1	90	1	90	9.58e-62	177
3_228	4_226	100.000	232	0	0	1	232	1	232	5.90e-171	465
3_229	4_227	100.000	947	0	0	1	947	1	947	0.0	1932
3_229	4_382	29.801	151	85	7	783	928	90	224	3.82e-07	47.4
3_229	4_353	39.130	92	47	4	820	908	115	200	7.00e-07	47.4
3_229	4_353	34.524	84	50	3	479	562	115	193	1.68e-04	39.7
3_229	4_383	32.051	78	50	1	820	897	145	219	1.22e-06	45.8
3_229	4_383	28.090	89	62	1	470	558	136	222	3.68e-06	44.3
3_229	4_489	36.585	82	43	4	834	912	129	204	1.84e-05	42.7
3_229	4_354	36.905	84	44	4	826	906	121	198	1.77e-04	39.7
3_229	4_46	33.333	102	63	3	476	574	601	700	1.91e-04	39.7
3_229	4_391	25.168	298	194	12	628	907	63	349	1.93e-04	39.3
3_229	4_242	38.667	75	43	2	485	558	224	296	2.35e-04	38.9
3_229	4_201	29.897	97	57	4	834	928	277	364	4.21e-04	38.1
3_229	4_263	24.737	190	120	8	481	655	129	310	4.90e-04	38.1
3_229	4_271	29.825	114	68	5	833	943	161	265	5.17e-04	37.7
3_230	4_231	100.000	305	0	0	1	305	1	305	0.0	620
3_230	4_581	26.582	158	97	6	150	298	56	203	3.34e-05	39.3
3_230	4_265	24.277	346	195	13	2	298	155	482	2.24e-04	37.0
3_231	4_234	100.000	242	0	0	1	242	1	242	1.70e-178	484
3_232	4_235	100.000	142	0	0	1	142	1	142	1.00e-98	275
3_233	4_242	100.000	444	0	0	1	444	1	444	0.0	887
3_233	4_491	32.059	340	185	10	8	341	5	304	5.48e-38	137
3_233	4_506	38.624	189	111	4	205	390	481	667	3.93e-35	133
3_233	4_506	47.423	97	51	0	11	107	39	135	7.15e-23	96.3
3_233	4_391	26.786	392	248	11	10	379	43	417	4.22e-23	95.9
3_233	4_46	32.117	137	92	1	199	334	584	720	2.63e-20	88.2
3_233	4_46	40.541	37	22	0	20	56	18	54	6.21e-04	36.6
3_233	4_383	35.897	156	87	5	204	355	130	276	4.04e-19	82.4
3_233	4_383	26.923	104	54	3	24	106	21	123	1.80e-05	40.8
3_233	4_201	32.520	123	71	3	190	312	247	357	5.73e-15	71.2
3_233	4_382	34.545	110	71	1	212	321	118	226	4.60e-13	63.9
3_233	4_382	26.050	119	79	3	22	137	16	128	1.86e-05	40.8
3_233	4_473	36.170	94	54	2	24	111	78	171	9.35e-12	60.5
3_233	4_473	36.585	82	51	1	230	311	197	277	5.03e-10	55.1
3_233	4_263	30.147	136	88	4	202	333	112	244	7.15e-11	58.5
3_233	4_263	28.431	102	68	3	10	106	6	107	3.15e-08	50.1
3_233	4_263	25.287	87	64	1	224	310	404	489	3.95e-05	40.0
3_233	4_284	31.313	99	67	1	232	330	136	233	3.74e-10	54.7
3_233	4_489	32.990	97	63	1	10	106	1	95	6.97e-10	55.5
3_233	4_271	28.030	132	92	1	204	332	131	262	8.50e-10	54.7
3_233	4_484	31.313	99	68	0	211	309	133	231	5.19e-09	51.6
3_233	4_353	32.394	142	92	3	211	351	107	245	1.02e-08	52.0
3_233	4_353	32.955	88	57	1	16	103	7	92	1.09e-08	51.6
3_233	4_354	31.915	94	62	1	10	103	1	92	1.34e-08	51.2
3_233	4_354	39.535	86	46	3	229	312	126	207	2.22e-08	50.8
3_233	4_533	36.232	69	44	0	10	78	324	392	1.81e-07	47.8
3_233	4_533	33.645	107	54	3	193	293	419	514	6.03e-06	42.7
3_233	4_64	30.488	82	54	2	232	312	407	486	3.55e-07	46.6
3_233	4_64	28.333	60	43	0	11	70	8	67	3.86e-04	37.0
3_233	4_468	30.769	78	53	1	1	77	327	404	6.90e-06	42.7
3_233	4_468	35.294	68	41	1	229	296	464	528	5.21e-05	39.7
3_233	4_389	31.765	85	54	1	226	310	150	230	1.66e-05	41.6
3_233	4_389	27.586	58	42	0	10	67	1	58	2.13e-05	41.2
3_233	4_346	32.787	61	41	0	11	71	327	387	3.37e-05	40.4
3_233	4_227	38.667	75	43	2	224	296	485	558	1.18e-04	38.9
3_234	4_243	100.000	286	0	0	1	286	1	286	0.0	555
3_234	4_244	25.150	167	115	4	75	237	73	233	1.19e-04	37.4
3_235	4_557	100.000	443	0	0	4	446	1	443	0.0	887
3_236	4_253	100.000	856	0	0	1	856	1	856	0.0	1721
3_236	4_321	35.261	709	431	12	50	746	6	698	7.37e-128	399
3_236	4_321	25.000	132	88	5	727	854	582	706	4.20e-04	38.1
3_237	4_254	100.000	221	0	0	1	221	1	221	4.95e-162	441
3_238	4_259	100.000	132	0	0	1	132	1	132	3.08e-95	265
3_239	4_260	100.000	297	0	0	1	297	1	297	0.0	599
3_240	4_262	100.000	416	0	0	1	416	1	416	0.0	798
3_241	4_278	100.000	184	0	0	1	184	1	184	4.76e-136	372
3_242	4_279	100.000	156	0	0	1	156	1	156	2.66e-113	313
3_243	4_281	100.000	218	0	0	1	218	1	218	6.09e-162	441
3_244	4_282	100.000	241	0	0	1	241	1	241	0.0	490
3_245	4_283	100.000	246	0	0	1	246	1	246	0.0	499
3_246	4_284	100.000	238	0	0	1	238	1	238	6.55e-176	478
3_246	4_64	34.498	229	125	6	25	237	26	245	5.24e-24	94.7
3_246	4_64	32.051	78	53	0	136	213	407	484	3.85e-07	44.7
3_246	4_383	27.854	219	136	3	21	217	22	240	1.75e-18	77.4
3_246	4_201	28.444	225	136	8	22	223	143	365	1.44e-16	72.8
3_246	4_382	27.805	205	136	6	22	218	20	220	2.38e-15	68.2
3_246	4_263	25.676	222	145	6	5	212	6	221	4.88e-14	65.5
3_246	4_263	25.446	224	142	7	22	225	283	501	3.83e-09	50.8
3_246	4_391	32.353	102	68	1	133	233	278	379	1.75e-12	60.8
3_246	4_491	32.143	140	84	3	90	221	143	279	5.06e-12	59.3
3_246	4_46	30.108	93	64	1	133	224	615	707	6.62e-12	59.3
3_246	4_46	40.426	47	28	0	21	67	23	69	2.36e-07	45.8
3_246	4_506	32.292	96	63	2	127	221	500	594	1.91e-11	57.8
3_246	4_506	30.556	72	46	3	21	89	53	123	3.97e-04	35.8
3_246	4_354	28.814	236	143	8	8	235	4	222	3.27e-11	57.4
3_246	4_99	29.630	189	109	7	38	212	501	679	1.72e-10	55.1
3_246	4_242	31.313	99	67	1	136	233	232	330	2.00e-10	54.7
3_246	4_271	24.783	230	150	7	22	230	30	257	2.54e-10	54.3
3_246	4_468	31.522	184	108	8	24	198	354	528	1.44e-09	52.4
3_246	4_473	24.272	206	141	6	25	220	83	283	1.71e-09	51.6
3_246	4_533	28.125	192	104	6	22	197	340	513	3.26e-09	51.2
3_246	4_489	27.000	200	123	7	22	211	17	203	9.63e-09	49.7
3_246	4_389	21.397	229	162	8	5	226	319	536	6.35e-07	44.3
3_246	4_389	22.363	237	149	6	5	213	1	230	1.09e-05	40.4
3_246	4_353	27.174	184	109	7	24	196	19	188	7.20e-07	44.3
3_246	4_469	27.273	209	130	9	8	205	336	533	1.12e-06	43.5
3_246	4_484	26.582	79	57	1	135	212	153	231	3.22e-06	41.6
3_246	4_346	25.414	181	122	5	22	197	342	514	3.86e-06	42.0
3_247	4_293	100.000	145	0	0	1	145	1	145	4.13e-105	291
3_248	4_295	100.000	194	0	0	1	194	1	194	2.59e-143	392
3_248	4_294	38.509	161	94	3	4	160	3	162	1.11e-27	98.6
3_249	4_296	100.000	238	0	0	1	238	1	238	6.65e-173	470
3_250	4_300	100.000	166	0	0	1	166	1	166	3.75e-117	323
3_251	4_301	100.000	76	0	0	1	76	1	76	2.82e-50	147
3_252	4_305	100.000	600	0	0	1	600	1	600	0.0	1198
3_253	4_306	100.000	517	0	0	1	517	1	517	0.0	1008
3_254	4_316	100.000	120	0	0	1	120	1	120	4.36e-85	238
3_255	4_326	100.000	443	0	0	1	443	1	443	0.0	875
3_256	4_344	100.000	160	0	0	1	160	1	160	9.98e-114	314
3_257	4_363	100.000	222	0	0	1	222	1	222	5.96e-163	444
3_258	4_372	100.000	567	0	0	1	567	1	567	0.0	1147
3_258	4_427	28.163	245	158	8	14	247	18	255	1.29e-12	64.3
3_258	4_427	46.154	39	21	0	503	541	409	447	1.47e-05	42.0
3_258	4_592	27.338	139	98	2	110	245	146	284	2.91e-10	57.0
3_258	4_592	46.809	47	22	1	489	535	440	483	6.24e-08	49.7
3_259	4_374	100.000	880	0	0	1	880	1	880	0.0	1780
3_259	4_401	43.700	881	485	8	2	874	4	881	0.0	731
3_260	4_376	100.000	452	0	0	1	452	1	452	0.0	920
3_261	4_377	100.000	266	0	0	1	266	1	266	0.0	526
3_261	4_537	37.143	105	61	3	22	121	37	141	3.48e-14	65.5
3_262	4_378	100.000	332	0	0	1	332	1	332	0.0	662
3_263	4_382	100.000	272	0	0	1	272	1	272	0.0	542
3_263	4_383	34.615	234	132	6	19	232	22	254	6.79e-36	125
3_263	4_468	34.694	196	110	5	16	205	348	531	3.34e-19	81.6
3_263	4_201	26.800	250	159	8	3	229	122	370	7.49e-19	80.5
3_263	4_271	31.330	233	127	7	19	227	29	252	1.11e-18	79.3
3_263	4_473	28.636	220	132	4	19	225	79	286	1.61e-18	78.2
3_263	4_46	36.275	102	64	1	127	227	607	708	2.46e-15	70.5
3_263	4_46	33.333	75	43	3	23	91	27	100	2.82e-04	36.6
3_263	4_284	27.805	205	136	6	20	220	22	218	2.72e-15	68.2
3_263	4_533	32.057	209	122	8	1	204	324	517	1.28e-14	68.2
3_263	4_469	30.189	212	132	8	2	208	334	534	1.34e-14	67.8
3_263	4_354	31.081	222	129	11	1	215	1	205	5.82e-14	66.2
3_263	4_242	34.545	110	71	1	118	226	212	321	2.82e-13	63.9
3_263	4_242	26.050	119	79	3	16	128	22	137	1.14e-05	40.8
3_263	4_346	32.353	204	117	11	2	200	327	514	3.28e-13	63.9
3_263	4_506	31.776	107	72	1	116	221	486	592	3.46e-13	63.9
3_263	4_506	31.915	94	55	3	16	106	50	137	4.02e-06	42.4
3_263	4_389	27.778	198	108	5	16	185	13	203	1.13e-12	62.0
3_263	4_263	27.273	220	125	10	19	218	21	225	2.16e-12	61.2
3_263	4_263	25.541	231	157	8	1	218	264	492	3.49e-06	42.4
3_263	4_391	32.500	120	77	3	104	219	244	363	2.53e-12	60.8
3_263	4_64	32.143	196	124	6	28	217	31	223	5.60e-12	60.1
3_263	4_491	24.221	289	161	9	2	236	8	292	2.68e-11	57.8
3_263	4_484	26.848	257	156	9	1	240	9	250	1.78e-08	48.5
3_263	4_353	23.618	199	141	6	16	212	13	202	3.04e-08	48.9
3_263	4_489	27.149	221	125	10	1	208	1	198	7.60e-08	47.8
3_263	4_227	29.801	151	85	7	90	224	783	928	1.19e-07	47.0
3_263	4_99	24.757	206	130	7	2	197	471	661	1.58e-07	46.6
3_264	4_384	100.000	320	0	0	1	320	1	320	0.0	627
3_265	4_386	100.000	317	0	0	1	317	1	317	0.0	643
3_266	4_389	100.000	538	0	0	1	538	1	538	0.0	1101
3_266	4_354	25.214	234	142	6	1	230	1	205	1.80e-12	64.3
3_266	4_354	28.095	210	134	8	319	519	1	202	1.80e-09	54.7
3_266	4_382	27.778	198	108	5	13	203	16	185	2.24e-12	62.0
3_266	4_353	22.993	274	175	5	1	272	1	240	6.68e-11	59.3
3_266	4_353	24.762	210	137	8	319	517	1	200	6.25e-06	43.5
3_266	4_533	28.877	187	109	5	1	187	324	486	7.38e-11	58.9
3_266	4_64	26.271	236	145	9	2	230	8	221	6.63e-10	55.8
3_266	4_64	32.432	74	47	2	453	523	149	222	3.48e-04	37.4
3_266	4_468	23.853	218	133	6	1	213	336	525	8.06e-09	52.4
3_266	4_383	24.762	210	126	6	20	213	26	219	6.87e-08	48.9
3_266	4_469	26.601	203	116	8	13	210	346	520	9.11e-08	48.9
3_266	4_263	24.599	187	125	4	1	187	6	176	5.22e-07	46.6
3_266	4_506	35.088	57	37	0	2	58	39	95	6.92e-07	46.2
3_266	4_506	23.810	84	60	1	152	231	504	587	3.55e-05	40.8
3_266	4_284	21.397	229	162	8	319	536	5	226	1.44e-06	44.3
3_266	4_284	22.363	237	149	6	1	230	5	213	2.47e-05	40.4
3_266	4_489	26.027	219	131	9	319	521	1	204	6.74e-06	43.1
3_266	4_489	20.851	235	133	6	1	219	1	198	8.57e-06	42.7
3_266	4_346	35.185	54	35	0	10	63	335	388	8.06e-06	42.7
3_266	4_242	31.765	85	54	1	150	230	226	310	2.01e-05	41.6
3_266	4_242	27.586	58	42	0	1	58	10	67	2.58e-05	41.2
3_266	4_484	22.511	231	149	6	320	525	10	235	4.60e-05	39.7
3_266	4_484	21.577	241	139	6	14	233	24	235	2.12e-04	37.7
3_266	4_201	23.913	184	111	6	16	187	142	308	1.10e-04	39.3
3_266	4_491	27.174	92	64	1	443	534	188	276	3.30e-04	37.4
3_266	4_99	25.126	199	105	10	32	217	500	667	4.80e-04	37.4
3_266	4_46	28.169	71	47	1	449	515	619	689	7.08e-04	36.6
3_267	4_391	100.000	443	0	0	1	443	1	443	0.0	892
3_267	4_46	37.751	249	137	4	204	437	530	775	1.27e-43	157
3_267	4_46	39.175	97	55	2	61	156	22	115	9.18e-13	64.7
3_267	4_201	45.082	122	66	1	273	394	269	389	1.45e-28	112
3_267	4_201	35.185	108	53	4	59	156	139	239	1.80e-11	60.1
3_267	4_271	37.500	136	83	1	252	385	131	266	1.93e-23	95.5
3_267	4_271	29.630	135	70	5	32	157	7	125	5.12e-09	52.0
3_267	4_242	26.786	392	248	11	43	417	10	379	4.21e-23	95.9
3_267	4_506	38.298	94	57	1	274	366	501	594	5.91e-17	77.8
3_267	4_506	29.688	128	75	3	38	165	33	145	4.68e-10	56.2
3_267	4_484	34.711	121	77	2	251	371	126	244	5.60e-16	72.4
3_267	4_383	36.641	131	75	3	258	386	136	260	9.02e-16	72.4
3_267	4_491	33.333	90	60	0	282	371	194	283	9.21e-15	70.1
3_267	4_473	42.857	84	47	1	276	359	194	276	1.14e-14	68.9
3_267	4_473	31.481	108	69	2	42	147	59	163	1.34e-06	44.3
3_267	4_284	32.353	102	68	1	278	379	133	233	3.25e-12	60.8
3_267	4_382	32.500	120	77	3	244	363	104	219	4.13e-12	60.8
3_267	4_263	36.634	101	54	3	264	360	129	223	7.57e-11	58.2
3_267	4_263	35.443	79	50	1	281	359	412	489	3.52e-07	46.6
3_267	4_263	41.071	56	29	1	43	98	6	57	5.47e-06	42.7
3_267	4_354	32.692	104	64	3	267	367	115	215	4.02e-08	49.7
3_267	4_353	25.191	131	91	3	223	351	72	197	9.39e-08	48.9
3_267	4_489	29.600	125	78	5	267	390	115	230	2.08e-07	47.8
3_267	4_64	25.954	131	94	2	229	359	357	484	1.19e-05	42.0
3_267	4_468	38.983	59	33	1	281	339	467	522	4.56e-05	40.0
3_267	4_533	29.412	85	53	2	30	111	308	388	1.95e-04	38.1
3_267	4_469	27.132	129	76	4	23	138	302	425	4.69e-04	37.0
3_267	4_227	26.984	189	115	7	240	424	450	619	6.19e-04	36.6
3_268	4_406	100.000	254	0	0	1	254	1	254	0.0	523
3_269	4_409	100.000	599	0	0	1	599	1	599	0.0	1221
3_269	4_148	30.093	216	126	7	117	315	10	217	6.24e-17	78.6
3_269	4_150	37.008	127	62	2	116	224	13	139	8.22e-14	68.9
3_269	4_41	32.099	162	90	3	116	257	21	182	2.55e-13	66.6
3_270	4_410	100.000	617	0	0	1	617	1	617	0.0	1244
3_271	4_413	100.000	327	0	0	1	327	1	327	0.0	660
3_272	4_415	100.000	246	0	0	1	246	1	246	2.58e-179	487
3_273	4_419	100.000	826	0	0	1	826	1	826	0.0	1676
3_273	4_405	28.413	630	325	21	29	613	34	582	9.30e-49	177
3_274	4_427	100.000	449	0	0	1	449	1	449	0.0	922
3_274	4_372	28.163	245	158	8	18	255	14	247	1.02e-12	64.3
3_274	4_372	46.154	39	21	0	409	447	503	541	1.16e-05	42.0
3_274	4_592	23.176	466	288	19	14	442	52	484	1.81e-09	53.9
3_275	4_432	100.000	467	0	0	1	467	1	467	0.0	955
3_276	4_439	100.000	205	0	0	1	205	1	205	8.25e-151	412
3_277	4_440	100.000	214	0	0	1	214	1	214	1.63e-157	429
3_278	4_442	100.000	107	0	0	1	107	1	107	2.38e-72	205
3_279	4_443	100.000	259	0	0	1	259	1	259	0.0	522
3_280	4_446	100.000	120	0	0	1	120	1	120	5.33e-88	246
3_281	4_447	100.000	236	0	0	1	236	1	236	1.80e-172	469
3_281	4_292	33.824	136	63	8	4	113	16	150	3.54e-06	41.6
3_282	4_449	100.000	239	0	0	1	239	1	239	6.20e-176	478
3_283	4_459	100.000	665	0	0	1	665	1	665	0.0	1345
3_283	4_574	28.452	239	134	10	325	557	9	216	4.10e-09	52.0
3_283	4_336	22.941	340	195	13	321	637	1	296	4.51e-09	53.1
3_284	4_461	100.000	410	0	0	1	410	1	410	0.0	811
3_285	4_473	100.000	307	0	0	1	307	1	307	0.0	616
3_285	4_489	32.735	223	133	7	60	279	1	209	1.17e-24	99.0
3_285	4_354	30.244	205	123	6	79	277	16	206	1.58e-20	86.7
3_285	4_353	29.442	197	127	5	79	273	16	202	2.53e-19	83.2
3_285	4_382	28.636	220	132	4	79	286	19	225	2.02e-18	78.2
3_285	4_271	28.972	214	133	6	58	258	14	221	1.34e-15	70.9
3_285	4_391	42.857	84	47	1	194	276	276	359	6.27e-15	69.3
3_285	4_391	31.481	108	69	2	59	163	42	147	1.08e-06	44.3
3_285	4_201	31.282	195	113	8	81	258	146	336	1.89e-14	68.2
3_285	4_263	25.108	231	157	8	60	282	6	228	3.72e-14	67.4
3_285	4_263	30.263	76	53	0	199	274	412	487	1.08e-04	38.1
3_285	4_491	24.779	226	119	3	84	258	27	252	7.70e-14	65.9
3_285	4_46	31.000	100	68	1	188	286	607	706	1.19e-13	65.9
3_285	4_484	25.472	212	146	4	56	258	5	213	4.56e-13	62.8
3_285	4_383	29.327	208	109	8	78	258	21	217	5.14e-13	62.8
3_285	4_242	36.170	94	54	2	78	171	24	111	5.10e-12	60.5
3_285	4_242	36.585	82	51	1	197	277	230	311	3.88e-10	54.7
3_285	4_506	34.146	82	53	1	194	274	503	584	8.44e-10	53.9
3_285	4_506	31.707	82	46	2	84	163	58	131	6.68e-08	48.1
3_285	4_284	24.272	206	141	6	83	283	25	220	2.31e-09	51.6
3_285	4_64	25.405	185	119	6	83	257	26	201	6.54e-09	51.2
3_285	4_64	23.387	248	159	10	59	279	244	487	8.61e-06	41.6
3_285	4_469	31.527	203	114	11	79	271	349	536	1.50e-08	50.1
3_285	4_99	29.167	168	103	8	97	257	502	660	1.74e-08	50.1
3_285	4_468	25.510	196	125	7	79	267	351	532	9.53e-08	47.8
3_285	4_346	29.570	186	108	8	79	257	341	510	1.00e-07	47.4
3_285	4_533	25.683	183	122	4	79	258	339	510	1.06e-07	47.4
3_286	4_475	100.000	367	0	0	1	367	1	367	0.0	745
3_286	4_136	35.433	127	57	2	6	132	160	261	9.44e-15	69.7
3_287	4_478	100.000	260	0	0	1	260	1	260	0.0	521
3_287	4_397	60.618	259	100	1	2	260	18	274	1.57e-109	312
3_288	4_484	100.000	256	0	0	1	256	1	256	0.0	509
3_288	4_391	34.711	121	77	2	126	244	251	371	2.31e-16	72.8
3_288	4_473	27.358	212	142	4	5	213	56	258	1.25e-15	69.7
3_288	4_491	25.714	280	163	5	8	244	6	283	2.50e-15	69.3
3_288	4_46	30.508	118	73	2	134	250	597	706	3.55e-14	66.6
3_288	4_353	27.136	199	126	4	28	225	18	198	3.11e-13	63.5
3_288	4_383	27.064	218	141	10	27	231	23	235	5.87e-13	62.0
3_288	4_263	24.138	232	162	10	27	252	22	245	3.22e-12	60.5
3_288	4_263	22.566	226	163	6	12	230	267	487	6.62e-09	50.4
3_288	4_201	25.203	246	153	8	4	231	122	354	1.96e-11	58.2
3_288	4_382	27.237	257	155	9	9	250	1	240	6.96e-11	55.8
3_288	4_354	25.221	226	140	7	24	245	14	214	2.75e-10	54.7
3_288	4_506	33.766	77	51	0	154	230	508	584	2.79e-09	51.6
3_288	4_506	29.885	87	55	2	27	112	54	135	1.85e-04	37.0
3_288	4_242	31.313	99	68	0	133	231	211	309	2.86e-09	51.6
3_288	4_271	27.801	241	145	11	6	231	13	239	1.27e-08	49.3
3_288	4_489	23.188	207	138	6	23	227	13	200	3.47e-08	48.5
3_288	4_64	24.074	216	151	7	20	231	14	220	5.11e-08	47.8
3_288	4_64	24.180	244	146	10	30	251	277	503	1.81e-05	40.0
3_288	4_468	26.699	206	131	7	9	212	336	523	5.88e-08	47.8
3_288	4_284	22.831	219	137	7	22	231	17	212	2.48e-06	42.0
3_288	4_389	22.271	229	152	6	10	235	320	525	3.10e-06	42.4
3_288	4_389	21.992	241	138	8	24	235	14	233	2.84e-05	39.3
3_288	4_99	28.333	180	105	7	40	212	498	660	3.20e-05	39.3
3_288	4_533	21.860	215	143	8	3	214	319	511	1.60e-04	37.0
3_288	4_469	24.312	218	127	10	8	214	332	522	2.52e-04	36.6
3_288	4_227	28.889	90	53	4	136	218	815	900	3.53e-04	36.2
3_289	4_485	100.000	158	0	0	1	158	1	158	1.04e-115	319
3_290	4_486	100.000	309	0	0	1	309	1	309	0.0	598
3_291	4_488	100.000	312	0	0	1	312	1	312	0.0	629
3_291	4_412	28.571	126	73	4	73	192	437	551	6.20e-04	35.8
3_292	4_489	100.000	766	0	0	1	766	1	766	0.0	1509
3_292	4_353	30.370	810	482	20	1	766	1	772	2.98e-91	298
3_292	4_354	39.602	452	247	10	1	440	1	438	2.36e-89	289
3_292	4_354	33.588	131	87	0	636	766	516	646	1.78e-15	74.7
3_292	4_473	32.735	223	133	7	1	209	60	279	3.44e-24	98.6
3_292	4_383	28.169	213	122	8	17	201	23	232	4.16e-16	74.3
3_292	4_263	23.938	259	169	9	1	232	6	263	2.34e-14	70.9
3_292	4_263	23.301	206	140	4	16	203	282	487	2.87e-06	45.1
3_292	4_64	29.630	216	130	6	2	201	8	217	3.82e-13	67.0
3_292	4_468	29.897	194	126	6	1	188	336	525	4.88e-13	66.6
3_292	4_242	32.990	97	63	1	1	95	10	106	1.32e-09	55.5
3_292	4_556	26.076	395	235	18	302	659	86	460	1.81e-09	55.5
3_292	4_533	27.230	213	130	7	1	199	324	525	3.00e-09	54.7
3_292	4_346	28.241	216	130	7	2	204	327	530	7.57e-09	53.1
3_292	4_491	34.483	87	53	2	119	202	183	268	1.96e-08	51.6
3_292	4_506	30.357	112	75	2	2	111	39	149	3.46e-08	51.2
3_292	4_506	31.081	74	49	1	129	200	508	581	1.74e-05	42.4
3_292	4_284	27.000	200	123	7	17	203	22	211	3.62e-08	49.7
3_292	4_201	25.561	223	120	8	15	198	141	356	1.14e-07	49.3
3_292	4_382	27.149	221	125	10	1	198	1	208	2.06e-07	47.8
3_292	4_484	29.545	88	59	2	115	200	141	227	4.50e-07	46.6
3_292	4_391	29.600	125	78	5	115	230	267	390	4.70e-07	47.4
3_292	4_46	30.476	105	65	2	129	225	618	722	5.50e-07	47.4
3_292	4_469	28.505	214	123	10	2	198	334	534	7.92e-07	46.6
3_292	4_389	26.027	219	131	9	1	204	319	521	1.45e-05	42.7
3_292	4_389	20.851	235	133	6	1	198	1	219	1.57e-05	42.4
3_292	4_271	32.051	78	51	1	122	197	155	232	1.48e-05	42.4
3_292	4_227	36.585	82	43	4	129	204	834	912	1.72e-05	42.7
3_292	4_99	24.638	207	127	6	13	195	469	670	9.96e-05	40.0
3_293	4_490	100.000	188	0	0	1	188	1	188	1.51e-134	369
3_294	4_493	100.000	350	0	0	1	350	1	350	0.0	716
3_295	4_498	100.000	226	0	0	1	226	1	226	3.80e-171	465
3_296	4_499	100.000	719	0	0	1	719	1	719	0.0	1432
3_297	4_506	100.000	725	0	0	1	725	1	725	0.0	1470
3_297	4_242	38.624	189	111	4	481	667	205	390	6.41e-35	133
3_297	4_242	47.423	97	51	0	39	135	11	107	1.17e-22	96.3
3_297	4_491	40.146	137	82	0	481	617	166	302	3.81e-31	120
3_297	4_491	30.088	113	70	2	38	150	7	110	3.38e-11	60.1
3_297	4_46	25.735	136	99	2	481	614	590	725	2.38e-17	80.9
3_297	4_46	28.049	164	100	5	42	204	12	158	2.60e-07	48.5
3_297	4_391	38.298	94	57	1	501	594	274	366	9.67e-17	77.8
3_297	4_391	29.688	128	75	3	33	145	38	165	7.65e-10	56.2
3_297	4_201	32.432	111	74	1	505	614	274	384	1.78e-14	70.9
3_297	4_382	31.776	107	72	1	486	592	116	221	9.22e-13	63.9
3_297	4_382	31.915	94	55	3	50	137	16	106	1.07e-05	42.4
3_297	4_383	25.806	155	88	3	501	655	152	279	2.24e-12	63.2
3_297	4_383	32.143	84	38	3	53	117	22	105	2.57e-06	44.3
3_297	4_284	32.292	96	63	2	500	594	127	221	5.83e-11	57.8
3_297	4_263	34.409	93	54	2	498	587	402	490	2.24e-10	58.2
3_297	4_263	29.213	89	58	2	500	584	133	220	1.23e-07	49.3
3_297	4_263	29.348	92	54	4	48	131	16	104	1.15e-06	46.2
3_297	4_354	32.967	91	59	1	498	588	119	207	1.21e-09	55.8
3_297	4_354	33.333	99	58	3	39	134	2	95	7.60e-07	46.6
3_297	4_353	31.897	116	70	2	474	589	102	208	1.52e-09	55.5
3_297	4_353	32.673	101	60	2	39	136	2	97	2.71e-07	48.1
3_297	4_473	34.146	82	53	1	503	584	194	274	2.36e-09	53.9
3_297	4_473	31.707	82	46	2	58	131	84	163	2.21e-07	47.8
3_297	4_271	29.358	109	76	1	505	612	159	267	1.00e-08	52.4
3_297	4_271	25.899	139	83	6	30	151	4	139	4.49e-04	37.4
3_297	4_484	33.766	77	51	0	508	584	154	230	1.38e-08	51.2
3_297	4_489	30.357	112	75	2	39	149	2	111	3.11e-08	51.2
3_297	4_489	31.081	74	49	1	508	581	129	200	1.53e-05	42.7
3_297	4_64	30.476	105	70	1	38	139	7	111	5.21e-08	50.4
3_297	4_64	25.974	77	56	1	508	584	407	482	6.84e-04	37.0
3_297	4_533	34.247	73	48	0	36	108	322	394	6.58e-07	47.0
3_297	4_533	29.545	132	77	7	448	572	393	515	5.96e-05	40.4
3_297	4_389	35.088	57	37	0	39	95	2	58	9.32e-07	46.2
3_297	4_389	23.810	84	60	1	504	587	152	231	4.78e-05	40.8
3_297	4_468	27.778	90	61	2	493	581	452	538	1.45e-06	45.8
3_297	4_469	33.333	66	43	1	36	100	331	396	2.69e-05	41.6
3_297	4_346	25.301	83	59	1	36	115	324	406	2.71e-04	38.5
3_298	4_292	99.000	300	3	0	1	300	1	300	0.0	600
3_298	4_2	31.955	266	150	14	25	283	23	264	2.00e-23	92.4
3_298	4_447	33.088	136	64	8	16	150	4	113	8.54e-06	40.8
3_299	4_291	96.311	2738	95	2	1	2734	1	2736	0.0	5258
3_299	4_532	90.146	1025	75	6	2756	3759	1	1020	0.0	1789
3_299	4_532	25.000	308	176	12	1357	1648	31	299	7.79e-04	39.7
3_299	4_290	24.335	263	144	12	346	572	496	739	1.55e-05	45.4
3_300	4_290	93.974	3568	201	11	1	3561	1	3561	0.0	6624
3_300	4_291	25.660	265	138	13	496	739	346	572	5.03e-05	43.9
3_301	4_288	99.091	660	6	0	1	660	1	660	0.0	1323
3_301	4_287	65.385	468	139	6	192	653	83	533	0.0	594
3_301	4_287	78.947	38	8	0	1	38	4	41	4.36e-13	66.6
3_301	4_560	43.091	427	224	5	209	633	208	617	5.63e-106	329
3_301	4_587	38.912	478	226	15	188	632	80	524	1.12e-79	257
3_301	4_568	35.635	362	182	7	300	634	24	361	1.54e-60	201
3_301	4_17	31.670	461	251	12	214	632	95	533	4.18e-52	184
3_301	4_540	39.655	58	33	2	237	293	143	199	1.05e-06	44.7
3_302	4_287	98.905	548	6	0	1	548	1	548	0.0	1112
3_302	4_288	65.605	471	139	6	80	533	189	653	0.0	599
3_302	4_288	42.500	120	41	6	4	111	1	104	5.94e-14	68.9
3_302	4_560	38.969	485	274	6	44	513	140	617	9.69e-108	330
3_302	4_587	36.082	485	250	18	64	512	64	524	8.41e-74	239
3_302	4_568	34.104	346	185	7	199	514	29	361	3.08e-55	185
3_302	4_17	30.496	423	234	11	144	519	131	540	7.22e-44	159
3_302	4_540	31.034	203	109	9	8	188	6	199	5.24e-13	63.2
3_303	4_286	97.476	317	2	2	1	316	1	312	0.0	607
3_303	4_529	29.630	108	67	3	125	232	466	564	7.36e-05	38.9
3_304	4_285	99.574	705	3	0	1	705	1	705	0.0	1379
3_305	4_167	99.671	304	1	0	1	304	1	304	0.0	590
3_305	4_90	22.261	283	198	6	31	300	36	309	2.99e-13	63.9
3_306	4_168	99.827	578	1	0	1	578	1	578	0.0	1159
3_307	4_177	99.723	361	1	0	1	361	1	361	0.0	734
3_308	4_174	99.804	511	1	0	1	511	1	511	0.0	1044
3_308	4_142	43.385	325	173	6	105	423	125	444	1.39e-74	239
3_308	4_144	22.712	295	216	6	49	340	63	348	5.03e-08	49.7
3_308	4_175	22.819	298	203	11	116	400	119	402	3.83e-06	43.5
3_309	4_280	99.595	741	2	1	1	741	1	740	0.0	1484
3_310	4_277	99.241	527	4	0	1	527	1	527	0.0	1019
3_311	4_173	99.567	231	1	0	1	231	1	231	3.49e-161	440
3_312	4_276	99.589	487	2	0	1	487	1	487	0.0	967
3_313	4_274	99.016	305	3	0	1	305	1	305	0.0	602
3_314	4_273	99.439	1425	7	1	1	1424	1	1425	0.0	2853
3_315	4_272	99.323	443	3	0	1	443	1	443	0.0	879
3_316	4_46	97.938	776	15	1	1	776	1	775	0.0	1495
3_316	4_391	37.349	249	138	4	531	776	204	437	1.03e-42	155
3_316	4_391	39.175	97	55	2	22	115	61	156	1.71e-12	64.7
3_316	4_201	44.737	114	63	0	615	728	273	386	6.09e-30	119
3_316	4_201	31.250	96	61	2	33	123	152	247	6.88e-07	47.0
3_316	4_271	37.037	162	82	3	571	724	118	267	1.04e-25	103
3_316	4_242	32.117	137	92	1	585	721	199	334	5.03e-20	88.2
3_316	4_506	26.761	142	97	3	585	726	480	614	2.34e-17	80.9
3_316	4_506	28.049	164	100	5	12	158	42	204	2.47e-07	48.5
3_316	4_383	39.091	110	66	1	600	709	140	248	2.34e-16	75.1
3_316	4_491	37.363	91	57	0	620	710	194	284	3.24e-15	72.8
3_316	4_382	36.275	102	64	1	608	709	127	227	7.07e-15	70.5
3_316	4_382	33.333	75	43	3	27	100	23	91	7.98e-04	36.6
3_316	4_484	30.508	118	73	2	598	707	134	250	1.53e-13	66.2
3_316	4_473	31.000	100	68	1	608	707	188	286	4.16e-13	65.5
3_316	4_284	32.258	93	62	1	616	708	133	224	2.58e-11	59.3
3_316	4_284	40.426	47	28	0	23	69	21	67	7.48e-07	45.8
3_316	4_354	34.940	83	52	1	617	699	127	207	6.90e-09	53.5
3_316	4_263	30.097	103	62	3	602	700	129	225	7.69e-08	50.1
3_316	4_263	27.723	101	72	1	617	717	410	509	2.34e-05	42.0
3_316	4_489	30.476	105	65	2	619	723	129	225	5.03e-07	47.8
3_316	4_468	38.983	59	33	1	619	677	467	522	7.60e-07	47.0
3_316	4_353	27.957	93	65	1	598	690	108	198	8.13e-07	47.0
3_316	4_64	25.532	94	63	2	610	700	398	487	9.51e-06	43.1
3_316	4_469	36.508	63	34	2	38	96	364	424	1.20e-04	39.7
3_316	4_227	33.333	102	63	3	602	701	476	574	1.64e-04	39.3
3_316	4_389	28.169	71	47	1	620	690	449	515	0.001	37.0
3_316	4_533	37.313	67	38	2	613	679	449	511	0.001	36.6
3_317	4_271	99.427	349	2	0	1	349	1	349	0.0	712
3_317	4_201	40.361	332	194	3	5	332	116	447	4.57e-79	244
3_317	4_46	37.037	162	82	3	118	267	570	723	7.87e-31	118
3_317	4_391	37.500	136	83	1	131	266	252	385	1.03e-27	107
3_317	4_391	29.630	135	70	5	7	125	32	157	3.56e-09	52.4
3_317	4_382	33.047	233	123	9	29	252	19	227	3.54e-23	92.0
3_317	4_473	28.972	214	133	6	14	221	58	258	1.05e-18	80.1
3_317	4_383	25.726	241	156	7	27	254	20	250	4.97e-15	69.3
3_317	4_284	24.783	230	150	7	30	257	22	230	9.54e-14	64.7
3_317	4_242	28.125	128	89	1	131	258	204	328	1.66e-13	65.9
3_317	4_491	27.778	126	87	2	142	267	176	297	1.05e-12	63.2
3_317	4_506	29.358	109	76	1	159	267	505	612	1.08e-12	63.5
3_317	4_506	25.899	139	83	6	4	139	30	151	2.38e-04	37.4
3_317	4_484	38.462	78	48	0	162	239	154	231	2.35e-12	60.8
3_317	4_263	26.267	217	134	9	40	248	32	230	2.98e-08	49.7
3_317	4_263	33.333	81	53	1	160	240	410	489	5.78e-07	45.4
3_317	4_468	28.641	206	117	11	29	228	351	532	4.83e-08	48.9
3_317	4_354	32.941	85	55	1	160	244	127	209	1.60e-07	47.4
3_317	4_489	24.880	209	125	7	29	232	16	197	2.00e-07	47.0
3_317	4_227	30.702	114	67	5	161	265	833	943	3.92e-07	46.2
3_317	4_353	30.682	88	57	2	145	232	114	197	1.02e-06	45.1
3_317	4_533	26.190	210	116	10	29	228	339	519	3.69e-06	43.1
3_317	4_64	25.000	236	148	10	28	249	273	493	5.19e-06	42.4
3_317	4_389	27.143	70	47	2	163	232	449	514	3.55e-04	36.6
3_318	4_45	99.740	385	1	0	1	385	1	385	0.0	767
3_318	4_128	32.877	219	139	5	160	377	106	317	2.18e-21	88.6
3_318	4_127	24.000	225	145	7	175	384	151	364	5.47e-04	36.2
3_319	4_270	99.715	351	1	0	1	351	1	351	0.0	684
3_319	4_127	27.358	318	207	7	6	316	61	361	8.64e-23	92.8
3_320	4_269	99.894	939	1	0	1	939	1	939	0.0	1902
3_321	4_572	98.990	693	4	1	88	780	1	690	0.0	1378
3_321	4_421	38.762	614	320	16	149	746	72	645	3.22e-122	377
3_321	4_268	100.000	75	0	0	1	75	1	75	7.57e-46	154
3_321	4_471	29.429	333	190	13	304	605	366	684	1.05e-26	110
3_322	4_265	99.673	611	2	0	1	611	1	611	0.0	1223
3_322	4_581	29.483	329	224	5	285	609	15	339	6.12e-45	157
3_322	4_554	31.343	134	90	1	167	300	4	135	1.58e-16	71.6
3_322	4_231	24.709	344	192	13	157	482	4	298	3.72e-08	49.7
3_322	4_298	26.351	148	100	5	335	477	159	302	1.27e-04	39.3
3_323	4_263	99.609	512	2	0	1	512	1	512	0.0	1015
3_323	4_64	30.469	512	327	14	11	511	12	505	4.66e-54	185
3_323	4_489	24.324	259	168	9	6	263	1	232	2.09e-14	70.5
3_323	4_489	23.301	206	140	4	282	487	16	203	1.44e-06	45.4
3_323	4_473	25.108	231	157	8	6	228	60	282	6.03e-14	67.4
3_323	4_473	30.263	76	53	0	412	487	199	274	1.93e-04	37.7
3_323	4_353	25.592	211	143	5	6	215	1	198	7.66e-14	68.6
3_323	4_353	26.531	196	126	5	277	472	11	188	8.71e-11	58.9
3_323	4_284	25.676	222	145	6	6	221	5	212	1.06e-13	65.5
3_323	4_284	25.446	224	142	7	283	501	22	225	7.51e-09	51.2
3_323	4_383	24.576	236	141	7	13	223	14	237	1.18e-13	66.2
3_323	4_383	27.602	221	131	8	287	489	27	236	5.38e-13	64.3
3_323	4_354	28.194	227	133	7	282	505	16	215	2.75e-13	66.6
3_323	4_354	26.190	210	138	7	20	227	15	209	3.60e-13	66.2
3_323	4_382	27.273	220	125	10	21	225	19	218	3.92e-12	61.2
3_323	4_382	25.541	231	157	8	264	492	1	218	6.35e-06	42.4
3_323	4_533	30.909	220	111	7	2	206	320	513	1.10e-11	61.2
3_323	4_484	24.681	235	157	8	22	245	27	252	1.85e-11	58.9
3_323	4_484	21.875	224	167	5	267	487	12	230	1.32e-07	47.4
3_323	4_242	30.147	136	88	4	112	244	202	333	2.45e-11	60.1
3_323	4_242	28.431	102	68	3	6	107	10	106	3.63e-08	50.1
3_323	4_242	25.287	87	64	1	404	489	224	310	4.47e-05	40.0
3_323	4_391	36.634	101	54	3	129	223	264	360	9.39e-11	58.2
3_323	4_391	35.443	79	50	1	412	489	281	359	4.40e-07	46.6
3_323	4_391	41.071	56	29	1	6	57	43	98	6.37e-06	42.7
3_323	4_506	34.409	93	54	2	402	490	498	587	1.70e-10	57.8
3_323	4_506	26.496	117	78	4	133	246	500	611	5.23e-08	50.1
3_323	4_506	29.348	92	54	4	16	104	48	131	8.69e-07	45.8
3_323	4_491	23.333	270	154	9	28	246	29	296	5.39e-10	55.8
3_323	4_491	32.609	92	57	2	399	489	184	271	9.95e-07	45.4
3_323	4_201	25.424	236	134	10	22	230	143	363	1.26e-09	54.7
3_323	4_201	25.692	253	144	8	262	487	118	353	3.52e-08	50.1
3_323	4_46	30.097	103	62	3	129	225	601	699	4.65e-08	50.1
3_323	4_46	27.723	101	72	1	410	509	616	716	1.39e-05	42.0
3_323	4_389	24.599	187	125	4	6	176	1	187	5.18e-07	46.6
3_323	4_271	26.267	217	134	9	32	230	40	248	5.92e-06	42.7
3_323	4_271	33.333	81	53	1	410	489	160	240	6.44e-05	39.7
3_323	4_99	22.353	170	119	4	37	202	500	660	2.94e-05	41.2
3_323	4_469	26.230	183	118	8	37	215	365	534	5.71e-04	37.0
3_323	4_227	27.184	103	72	1	373	472	795	897	7.48e-04	36.6
3_324	4_261	99.024	205	2	0	1	205	1	205	5.38e-143	392
3_325	4_258	99.835	607	1	0	1	607	1	607	0.0	1219
3_326	4_257	99.928	1386	1	0	1	1386	1	1386	0.0	2740
3_326	4_240	67.814	1395	423	7	1	1385	1	1379	0.0	1809
3_327	4_256	99.748	1982	5	0	1	1982	1	1982	0.0	3870
3_327	4_576	30.460	870	556	19	45	884	8	858	4.40e-95	325
3_327	4_539	35.516	397	209	11	60	425	37	417	3.27e-56	198
3_328	4_255	99.569	232	1	0	1	232	1	232	9.55e-164	446
3_329	4_251	99.083	109	1	0	1	109	1	109	5.65e-74	209
3_329	4_324	33.846	65	42	1	38	101	79	143	2.61e-06	38.5
3_330	4_250	99.534	429	2	0	1	429	1	429	0.0	860
3_331	4_249	99.120	1477	5	2	1	1477	1	1469	0.0	2960
3_331	4_408	22.222	720	356	26	796	1433	188	785	2.52e-17	82.4
3_332	4_248	99.351	308	2	0	1	308	1	308	0.0	578
3_333	4_247	99.429	175	1	0	1	175	1	175	4.47e-125	344
3_334	4_246	99.640	278	1	0	1	278	1	278	0.0	539
3_334	4_430	27.350	117	73	3	110	226	48	152	1.62e-06	42.7
3_334	4_430	31.092	119	70	4	121	239	35	141	2.97e-05	38.9
3_335	4_244	99.270	274	2	0	1	274	1	274	0.0	536
3_335	4_243	25.150	167	115	4	73	233	75	237	2.53e-05	39.3
3_336	4_34	99.798	494	1	0	1	494	1	494	0.0	962
3_337	4_241	99.437	355	2	0	1	355	1	355	0.0	683
3_338	4_240	99.420	1379	5	1	1	1376	1	1379	0.0	2691
3_338	4_257	68.103	1392	421	6	1	1376	1	1385	0.0	1841
3_339	4_33	99.701	334	1	0	1	334	1	334	0.0	679
3_340	4_239	99.733	374	1	0	1	374	1	374	0.0	774
3_341	4_238	99.809	524	1	0	1	524	1	524	0.0	1019
3_341	4_191	24.301	465	302	18	9	462	4	429	9.20e-14	68.2
3_342	4_237	99.689	322	1	0	1	322	1	322	0.0	649
3_343	4_236	98.036	1069	11	1	1	1059	1	1069	0.0	2077
3_343	4_497	26.764	1091	677	33	1	1050	6	1015	3.80e-81	280
3_343	4_348	31.988	322	208	5	4	322	1	314	4.17e-43	165
3_343	4_348	26.562	320	189	9	521	797	720	1036	3.76e-19	87.8
3_343	4_348	35.965	114	69	4	357	468	472	583	1.21e-10	60.1
3_343	4_530	24.231	553	310	18	6	496	4	509	1.38e-14	73.2
3_343	4_496	24.936	393	233	13	26	394	7	361	9.63e-14	70.1
3_343	4_232	24.444	450	278	15	12	440	23	431	1.20e-08	53.5
3_344	4_30	98.864	88	1	0	1	88	1	88	3.15e-59	171
3_345	4_219	99.855	692	1	0	1	692	1	692	0.0	1370
3_346	4_233	99.275	965	7	0	1	965	1	965	0.0	1892
3_346	4_349	23.247	271	155	11	65	297	63	318	6.16e-08	51.2
3_346	4_526	26.286	175	110	5	24	191	12	174	1.43e-04	40.0
3_347	4_232	99.448	1086	6	0	1	1086	1	1086	0.0	2126
3_347	4_236	23.725	451	280	15	23	431	12	440	2.45e-08	52.8
3_347	4_497	24.947	469	294	15	18	451	14	459	9.71e-08	50.4
3_347	4_348	22.134	253	167	8	31	254	14	265	5.07e-05	41.6
3_347	4_496	26.667	255	156	10	25	260	2	244	9.93e-05	40.8
3_347	4_530	22.707	458	302	16	16	430	5	453	1.89e-04	40.0
3_348	4_230	99.693	326	1	0	1	326	1	326	0.0	650
3_349	4_229	83.925	479	59	3	7	481	4	468	0.0	739
3_350	4_228	99.756	821	2	0	1	821	1	821	0.0	1659
3_350	4_4	22.437	517	375	10	10	510	6	512	1.18e-31	126
3_351	4_297	99.800	999	0	1	1	997	1	999	0.0	2012
3_352	4_153	99.569	232	1	0	1	232	1	232	3.11e-173	471
3_353	4_299	99.779	452	1	0	1	452	1	452	0.0	883
3_354	4_149	99.690	323	1	0	1	323	1	323	0.0	657
3_355	4_147	99.020	102	1	0	1	102	1	102	5.44e-69	196
3_356	4_307	99.432	1585	9	0	1	1585	1	1585	0.0	3116
3_356	4_414	26.625	323	183	13	917	1223	623	907	4.81e-14	72.0
3_356	4_414	37.383	107	59	3	281	385	297	397	1.18e-05	44.3
3_357	4_146	99.758	414	1	0	1	414	1	414	0.0	828
3_358	4_308	99.275	276	2	0	1	276	1	276	0.0	563
3_359	4_145	99.611	257	1	0	1	257	1	257	0.0	514
3_360	4_309	99.855	691	1	0	1	691	1	691	0.0	1389
3_361	4_312	99.346	306	2	0	1	306	1	306	0.0	603
3_362	4_144	99.788	471	1	0	1	471	1	471	0.0	951
3_362	4_175	37.168	452	279	4	7	456	2	450	1.93e-104	314
3_362	4_142	26.757	370	260	7	44	408	58	421	7.69e-26	104
3_362	4_174	22.712	295	216	6	63	348	49	340	3.63e-08	50.1
3_363	4_143	99.638	276	1	0	1	276	1	276	0.0	542
3_364	4_142	99.606	507	2	0	1	507	1	507	0.0	1010
3_364	4_174	43.385	325	173	6	125	444	105	423	1.16e-74	239
3_364	4_144	27.027	370	259	7	58	421	44	408	1.49e-26	107
3_364	4_175	24.291	247	181	5	37	278	15	260	8.36e-08	48.9
3_365	4_314	98.701	385	5	0	1	385	1	385	0.0	739
3_366	4_315	99.502	402	2	0	1	402	1	402	0.0	796
3_367	4_320	99.532	641	3	0	1	641	1	641	0.0	1281
3_367	4_31	44.288	639	333	9	3	626	5	635	9.12e-169	491
3_368	4_321	99.294	850	6	0	1	850	1	850	0.0	1682
3_368	4_253	35.543	709	429	12	6	698	50	746	4.38e-130	405
3_368	4_253	25.000	132	88	5	582	706	727	854	3.83e-04	38.5
3_369	4_322	99.887	886	1	0	1	886	1	886	0.0	1800
3_369	4_340	24.212	698	427	16	34	711	18	633	1.21e-47	177
3_369	4_458	22.941	340	205	10	440	753	393	701	1.46e-14	72.4
3_369	4_458	23.563	174	120	3	27	199	8	169	7.14e-09	53.9
3_369	4_362	26.490	151	100	3	50	200	2	141	3.20e-09	54.7
3_369	4_362	34.426	61	35	2	574	634	294	349	4.72e-05	41.2
3_370	4_323	99.510	204	1	0	1	204	1	204	1.34e-142	391
3_371	4_324	99.333	150	1	0	1	150	1	150	1.73e-104	290
3_371	4_251	38.158	76	46	1	67	142	26	100	2.08e-10	50.1
3_372	4_325	98.799	333	4	0	1	333	1	333	0.0	650
3_373	4_328	99.785	465	1	0	1	465	1	465	0.0	927
3_374	4_333	99.813	534	1	0	1	534	1	534	0.0	1058
3_375	4_4	99.851	673	1	0	1	673	1	673	0.0	1348
3_375	4_228	22.437	517	375	10	6	512	10	510	1.13e-31	126
3_376	4_336	99.383	324	2	0	1	324	1	324	0.0	662
3_376	4_574	42.991	214	116	3	7	216	7	218	1.36e-43	144
3_376	4_459	23.235	340	194	13	1	296	321	637	7.02e-10	54.7
3_376	4_6	46.269	67	35	1	245	311	13	78	6.88e-05	36.2
3_377	4_574	99.545	220	1	0	1	220	1	220	1.16e-161	445
3_377	4_336	41.846	325	176	7	7	325	7	324	2.27e-72	222
3_377	4_6	100.000	101	0	0	235	335	1	101	6.45e-68	203
3_377	4_459	27.195	353	208	16	9	326	325	663	5.95e-13	64.3
3_378	4_8	99.838	619	1	0	1	619	1	619	0.0	1247
3_379	4_9	99.735	378	1	0	1	378	1	378	0.0	751
3_380	4_338	99.872	783	1	0	1	783	1	783	0.0	1563
3_381	4_339	99.150	353	3	0	1	353	1	353	0.0	694
3_381	4_126	27.129	317	167	15	46	345	64	333	6.90e-07	45.1
3_382	4_340	99.392	823	5	0	1	823	1	823	0.0	1650
3_382	4_322	24.157	741	452	18	18	668	34	754	4.78e-48	178
3_382	4_458	21.557	334	201	9	393	679	398	717	6.66e-14	70.1
3_382	4_458	27.174	184	113	4	6	186	3	168	1.31e-08	52.8
3_382	4_362	24.084	191	113	4	32	222	3	161	1.97e-07	48.9
3_383	4_343	99.038	520	5	0	1	520	1	520	0.0	1006
3_384	4_345	99.528	212	1	0	1	212	1	212	5.70e-148	405
3_385	4_346	99.813	535	1	0	1	535	1	535	0.0	1039
3_385	4_469	31.445	512	325	9	31	526	35	536	8.96e-55	188
3_385	4_468	31.604	212	135	3	321	526	331	538	1.16e-30	120
3_385	4_533	31.807	393	215	17	155	521	155	520	6.10e-26	105
3_385	4_382	32.353	204	117	11	327	514	2	200	7.68e-13	63.5
3_385	4_353	30.882	204	134	4	327	527	2	201	2.74e-11	60.5
3_385	4_99	32.184	174	95	8	352	510	495	660	1.03e-10	58.5
3_385	4_489	29.167	216	128	8	327	530	2	204	7.72e-09	52.8
3_385	4_354	29.167	216	137	9	327	534	2	209	2.69e-08	50.8
3_385	4_473	29.570	186	108	8	341	510	79	257	1.86e-07	47.4
3_385	4_389	35.185	54	35	0	335	388	10	63	9.44e-06	42.7
3_385	4_284	25.414	181	122	5	342	514	22	197	1.56e-05	41.2
3_385	4_242	32.787	61	41	0	327	387	11	71	4.92e-05	40.0
3_385	4_506	25.301	83	59	1	324	406	36	115	3.10e-04	37.7
3_385	4_64	25.532	188	118	5	346	517	27	208	6.21e-04	36.6
3_386	4_347	98.261	115	2	0	1	115	1	115	3.95e-78	221
3_387	4_348	98.685	1217	11	3	1	1216	1	1213	0.0	2388
3_387	4_236	31.988	322	208	5	1	314	4	322	4.35e-43	165
3_387	4_236	26.923	286	166	8	723	1004	521	767	4.86e-16	77.8
3_387	4_236	36.207	116	66	5	472	583	357	468	4.77e-10	58.5
3_387	4_497	33.566	286	180	5	3	285	11	289	2.29e-35	140
3_387	4_497	31.271	291	136	10	740	1018	545	783	1.11e-23	102
3_387	4_497	32.231	121	72	5	477	594	361	474	1.67e-05	43.5
3_387	4_496	25.714	245	153	5	10	249	1	221	1.33e-14	73.2
3_387	4_530	26.556	241	150	8	1	234	1	221	4.67e-11	62.0
3_387	4_530	22.205	662	370	30	506	1104	403	982	1.48e-04	40.4
3_387	4_232	22.624	221	146	6	14	234	31	226	6.96e-05	41.6
3_388	4_349	98.724	1176	15	0	1	1176	1	1176	0.0	2328
3_388	4_526	32.197	264	157	5	7	261	5	255	4.46e-29	120
3_388	4_526	25.990	404	209	18	584	971	445	774	1.42e-13	69.7
3_388	4_541	32.258	248	151	8	10	252	13	248	2.68e-24	103
3_388	4_529	28.931	159	100	4	6	161	2	150	5.66e-11	61.2
3_388	4_511	22.938	388	251	14	7	383	2	352	1.28e-05	43.9
3_388	4_233	39.474	38	23	0	281	318	260	297	4.42e-04	38.9
3_389	4_350	98.992	496	5	0	1	496	1	496	0.0	964
3_389	4_531	27.500	400	246	14	122	489	186	573	4.87e-23	97.1
3_390	4_353	99.611	772	3	0	1	772	1	772	0.0	1502
3_390	4_354	48.402	438	198	9	1	416	1	432	5.19e-108	339
3_390	4_354	45.736	129	70	0	644	772	518	646	7.32e-23	98.2
3_390	4_489	30.788	812	476	21	1	772	1	766	4.05e-87	286
3_390	4_473	29.442	197	127	5	16	202	79	273	5.97e-19	83.2
3_390	4_64	32.673	202	122	5	6	195	12	211	1.38e-15	74.7
3_390	4_383	26.190	210	124	6	17	198	23	229	5.55e-15	71.2
3_390	4_263	25.592	211	143	5	1	198	6	215	1.34e-13	68.6
3_390	4_263	26.531	196	126	5	11	188	277	472	1.44e-10	58.5
3_390	4_468	26.415	212	137	7	1	201	336	539	9.06e-12	62.8
3_390	4_484	27.451	204	119	8	18	198	28	225	9.06e-12	60.8
3_390	4_469	31.373	204	111	9	13	200	346	536	2.80e-11	60.8
3_390	4_346	30.882	204	134	4	2	201	327	527	3.30e-11	60.8
3_390	4_389	22.993	274	175	5	1	240	1	272	8.64e-11	59.3
3_390	4_389	24.645	211	138	8	1	201	319	518	7.89e-06	43.5
3_390	4_506	31.897	116	70	2	102	208	474	589	1.66e-09	55.5
3_390	4_506	32.673	101	60	2	2	97	39	136	2.72e-07	48.5
3_390	4_491	30.986	142	89	5	59	197	128	263	2.09e-09	54.7
3_390	4_491	52.778	36	17	0	21	56	27	62	5.38e-05	40.4
3_390	4_533	28.351	194	128	6	1	188	324	512	1.37e-08	52.4
3_390	4_242	32.394	142	92	3	107	245	211	351	1.69e-08	52.0
3_390	4_242	32.955	88	57	1	7	92	16	103	1.84e-08	52.0
3_390	4_382	23.618	199	141	6	13	202	16	212	9.53e-08	48.9
3_390	4_391	25.191	131	91	3	72	197	223	351	1.36e-07	48.9
3_390	4_99	24.479	192	131	5	23	204	491	678	3.27e-07	48.1
3_390	4_227	38.144	97	51	4	110	200	815	908	6.43e-07	47.4
3_390	4_227	28.571	147	88	6	64	193	416	562	1.53e-04	39.7
3_390	4_46	27.957	93	65	1	108	198	597	689	7.12e-07	47.0
3_390	4_284	27.174	184	109	7	19	188	24	196	2.40e-06	44.3
3_390	4_201	25.592	211	123	8	16	197	142	347	5.76e-06	43.9
3_390	4_271	30.682	88	57	2	114	197	145	232	2.01e-04	38.5
3_391	4_354	99.846	650	1	0	1	650	1	650	0.0	1263
3_391	4_353	48.402	438	198	9	1	432	1	416	6.25e-108	338
3_391	4_353	39.344	183	105	1	470	646	590	772	1.38e-30	122
3_391	4_489	39.823	452	246	10	1	438	1	440	2.38e-89	289
3_391	4_489	29.348	184	126	2	467	646	583	766	2.78e-16	77.0
3_391	4_473	30.732	205	122	6	16	206	79	277	2.16e-20	87.0
3_391	4_383	28.638	213	127	6	18	205	24	236	7.52e-16	73.6
3_391	4_469	32.558	215	117	9	2	200	334	536	2.80e-15	73.6
3_391	4_468	29.717	212	130	8	1	201	336	539	4.76e-15	72.8
3_391	4_382	31.081	222	129	11	1	205	1	215	1.94e-13	65.9
3_391	4_263	25.688	218	140	7	15	212	20	235	3.04e-13	67.0
3_391	4_263	28.194	227	133	7	16	215	282	505	3.06e-13	67.0
3_391	4_64	29.524	210	134	5	10	205	12	221	1.62e-12	64.7
3_391	4_64	28.326	233	135	9	2	208	261	487	7.23e-09	52.8
3_391	4_389	25.641	234	141	6	1	205	1	230	1.77e-12	64.7
3_391	4_389	28.571	210	133	8	1	202	319	519	1.85e-09	54.7
3_391	4_284	28.814	236	143	8	4	222	8	235	8.85e-11	57.4
3_391	4_533	28.365	208	110	6	1	188	324	512	9.26e-11	58.9
3_391	4_99	31.285	179	100	8	32	195	500	670	5.72e-10	56.6
3_391	4_506	32.967	91	59	1	119	207	498	588	1.03e-09	55.8
3_391	4_506	33.333	99	58	3	2	95	39	134	5.89e-07	47.0
3_391	4_491	29.333	150	99	3	60	207	129	273	2.14e-09	54.3
3_391	4_491	43.636	55	31	0	2	56	8	62	1.24e-05	42.4
3_391	4_46	34.940	83	52	1	127	207	616	698	5.78e-09	53.5
3_391	4_484	26.407	231	131	10	14	214	24	245	5.88e-09	52.0
3_391	4_201	25.688	218	138	7	16	209	142	359	1.31e-08	52.0
3_391	4_242	31.915	94	62	1	1	92	10	103	1.71e-08	51.6
3_391	4_242	39.535	86	46	3	126	207	229	312	3.33e-08	50.8
3_391	4_346	29.167	216	137	9	2	209	327	534	5.54e-08	50.1
3_391	4_391	32.692	104	64	3	115	215	267	367	6.55e-08	49.7
3_391	4_271	32.941	85	55	1	127	209	160	244	2.75e-05	41.2
3_391	4_227	36.905	84	44	4	121	198	826	906	1.33e-04	39.3
3_392	4_355	98.227	564	6	1	1	560	1	564	0.0	1118
3_392	4_515	42.520	381	158	10	122	453	26	394	1.13e-71	229
3_392	4_542	39.489	352	175	9	187	518	1	334	2.86e-59	196
3_392	4_589	41.724	290	131	12	193	453	1	281	7.78e-48	163
3_392	4_591	84.091	88	14	0	133	220	1	88	3.00e-46	152
3_392	4_590	73.000	100	24	2	112	211	9	105	1.64e-44	148
3_392	4_516	51.471	136	59	3	385	518	1	131	3.96e-39	135
3_392	4_517	51.587	126	59	2	385	508	1	126	3.47e-38	133
3_392	4_518	51.852	81	38	1	35	114	8	88	1.98e-20	80.9
3_393	4_356	94.802	808	36	2	1	802	1	808	0.0	1495
3_393	4_577	46.811	737	344	12	1	713	1	713	0.0	598
3_393	4_513	35.187	827	426	29	1	768	1	776	1.98e-105	337
3_393	4_487	68.293	41	13	0	45	85	22	62	9.88e-15	64.7
3_393	4_561	32.941	85	46	4	723	802	3	81	6.30e-04	34.3
3_394	4_357	99.898	979	1	0	1	979	1	979	0.0	1929
3_395	4_456	99.020	408	4	0	1	408	1	408	0.0	816
3_396	4_458	99.747	790	2	0	1	790	1	790	0.0	1605
3_396	4_322	22.941	340	205	10	393	701	440	753	9.03e-15	72.8
3_396	4_322	23.563	174	120	3	8	169	27	199	6.36e-09	53.9
3_396	4_340	24.103	195	101	6	398	592	393	540	2.27e-12	65.1
3_396	4_340	27.174	184	113	4	3	168	6	186	7.37e-09	53.5
3_396	4_362	34.444	90	58	1	29	118	3	91	6.47e-08	50.1
3_396	4_362	33.000	100	59	3	513	612	264	355	1.56e-07	48.9
3_397	4_158	99.310	145	1	0	1	145	1	145	2.99e-102	284
3_398	4_460	99.784	463	1	0	1	463	1	463	0.0	935
3_399	4_462	99.559	227	1	0	1	227	1	227	5.00e-163	444
3_400	4_463	99.383	324	2	0	1	324	1	324	0.0	638
3_401	4_464	99.577	946	4	0	1	946	1	946	0.0	1856
3_402	4_163	99.592	245	1	0	1	245	1	245	2.56e-176	479
3_403	4_466	99.571	700	3	0	1	700	1	700	0.0	1417
3_404	4_467	98.797	582	7	0	1	582	1	582	0.0	1164
3_405	4_468	99.443	539	3	0	1	539	1	539	0.0	1045
3_405	4_533	29.081	533	352	10	7	533	8	520	2.14e-49	173
3_405	4_346	31.132	212	136	3	331	538	321	526	2.23e-30	119
3_405	4_469	38.914	221	127	7	322	538	320	536	5.09e-30	118
3_405	4_382	35.204	196	109	5	348	531	16	205	5.43e-19	82.0
3_405	4_354	29.717	212	130	8	336	539	1	201	3.29e-15	72.8
3_405	4_489	30.412	194	125	6	336	525	1	188	3.91e-13	66.6
3_405	4_353	26.415	212	137	7	336	539	1	201	5.80e-12	62.8
3_405	4_99	31.138	167	94	7	369	522	502	660	7.38e-10	55.8
3_405	4_284	31.522	184	108	8	354	528	24	198	4.68e-09	51.6
3_405	4_389	23.853	218	133	6	336	525	1	213	6.97e-09	52.8
3_405	4_64	31.694	183	103	8	355	522	26	201	3.08e-08	50.4
3_405	4_473	25.510	196	125	7	351	532	79	267	8.43e-08	48.5
3_405	4_46	38.983	59	33	1	467	522	618	676	6.11e-07	46.6
3_405	4_506	27.778	90	61	2	452	538	493	581	1.33e-06	45.4
3_405	4_271	29.612	206	115	11	351	532	29	228	4.21e-06	43.5
3_405	4_491	29.412	85	52	2	441	522	172	251	5.12e-06	43.1
3_405	4_242	30.769	78	53	1	327	404	1	77	8.09e-06	42.7
3_405	4_242	35.294	68	41	1	464	528	229	296	6.90e-05	39.7
3_405	4_484	26.699	206	131	7	336	523	9	212	3.99e-05	40.0
3_405	4_391	38.983	59	33	1	467	522	281	339	5.95e-05	40.0
3_406	4_469	99.440	536	3	0	1	536	1	536	0.0	1016
3_406	4_346	31.445	512	325	9	35	536	31	526	2.39e-54	187
3_406	4_468	38.462	221	128	7	320	536	322	538	1.85e-29	116
3_406	4_533	35.437	206	127	5	328	531	319	520	2.15e-23	98.2
3_406	4_354	32.558	215	117	9	334	536	2	200	3.08e-15	73.2
3_406	4_382	30.189	212	132	8	334	534	2	208	7.16e-14	66.6
3_406	4_99	31.016	187	111	5	319	495	456	634	1.64e-13	67.4
3_406	4_353	31.373	204	111	9	346	536	13	200	2.46e-11	60.8
3_406	4_473	31.527	203	114	11	349	536	79	271	4.17e-08	49.3
3_406	4_389	44.898	49	27	0	346	394	13	61	9.00e-08	48.9
3_406	4_489	28.505	214	123	10	334	534	2	198	8.30e-07	46.2
3_406	4_284	25.943	212	129	9	336	533	8	205	2.80e-06	43.1
3_406	4_506	33.333	66	43	1	331	396	36	100	2.44e-05	41.2
3_406	4_64	25.568	176	111	6	363	524	36	205	5.00e-05	40.0
3_406	4_383	21.827	197	131	4	349	522	22	218	5.17e-05	39.7
3_406	4_46	36.508	63	34	2	364	424	38	96	7.70e-05	39.7
3_406	4_491	38.000	100	46	5	327	415	1	95	1.58e-04	38.5
3_406	4_391	27.132	129	76	4	302	425	23	138	6.46e-04	36.6
3_406	4_263	26.230	183	118	8	365	534	37	215	7.88e-04	36.6
3_407	4_586	96.053	76	3	0	474	549	2	77	1.14e-43	144
3_408	4_470	99.638	828	3	0	1	828	1	828	0.0	1674
3_408	4_420	28.409	616	327	23	246	809	252	805	8.41e-44	165
3_409	4_471	99.074	756	7	0	1	756	61	816	0.0	1522
3_409	4_421	30.539	334	203	9	305	636	223	529	5.84e-34	133
3_409	4_572	28.097	331	197	11	306	624	214	515	2.72e-27	112
3_409	4_367	62.963	81	30	0	196	276	232	312	4.28e-25	105
3_410	4_454	99.752	403	1	0	6	408	1	403	0.0	802
3_411	4_453	99.333	450	3	0	1	450	1	450	0.0	894
3_412	4_452	99.298	285	2	0	1	285	1	285	0.0	566
3_413	4_96	98.925	186	2	0	1	186	1	186	6.46e-136	372
3_413	4_92	26.772	127	68	4	46	151	81	203	2.40e-04	35.0
3_414	4_451	98.976	293	3	0	1	293	1	293	0.0	581
3_414	4_302	29.530	149	90	6	9	152	5	143	3.10e-09	52.0
3_414	4_302	35.593	59	38	0	9	67	173	231	2.84e-06	42.7
3_414	4_124	37.705	61	35	1	5	65	218	275	3.96e-05	39.3
3_414	4_289	39.344	61	33	3	10	69	19	76	2.47e-04	35.8
3_415	4_100	99.749	398	1	0	1	398	1	398	0.0	810
3_416	4_450	98.693	153	2	0	1	153	1	153	8.78e-106	293
3_417	4_448	99.738	381	1	0	1	381	1	381	0.0	752
3_418	4_445	99.528	212	1	0	1	212	1	212	1.76e-156	426
3_419	4_444	99.154	473	4	0	1	473	1	473	0.0	921
3_420	4_108	98.347	121	2	0	1	121	1	121	1.39e-86	243
3_421	4_109	99.441	179	1	0	1	179	1	179	1.86e-129	355
3_422	4_437	99.887	883	1	0	1	883	1	883	0.0	1783
3_423	4_436	99.327	297	2	0	1	297	1	297	0.0	574
3_424	4_435	99.859	709	1	0	1	709	1	709	0.0	1424
3_425	4_390	99.856	695	1	0	1	695	1	695	0.0	1375
3_426	4_225	98.148	54	1	0	1	54	3	56	3.98e-33	103
3_427	4_126	99.709	344	1	0	1	344	1	344	0.0	679
3_427	4_339	24.308	325	166	12	64	333	46	345	1.51e-05	40.8
3_428	4_392	99.705	2033	6	0	1	2033	1	2033	0.0	4084
3_429	4_393	99.776	892	2	0	1	892	1	892	0.0	1799
3_430	4_129	99.296	142	1	0	1	142	1	142	4.97e-103	286
3_431	4_130	99.723	361	1	0	1	361	1	361	0.0	717
3_432	4_402	100.000	472	0	0	1	472	1	472	0.0	926
3_433	4_403	99.008	504	5	0	1	504	1	504	0.0	969
3_433	4_494	25.901	444	264	16	10	403	51	479	3.21e-21	91.3
3_434	4_514	98.744	398	5	0	1	398	1	398	0.0	794
3_435	4_405	99.327	594	4	0	1	594	1	594	0.0	1181
3_435	4_419	28.413	630	325	21	34	582	29	613	4.68e-44	162
3_436	4_55	99.512	205	1	0	1	205	1	205	3.34e-153	417
3_437	4_57	99.635	274	1	0	1	274	1	274	0.0	559
3_438	4_407	98.939	377	4	0	1	377	1	377	0.0	750
3_439	4_408	99.390	984	6	0	1	984	1	984	0.0	1973
3_439	4_249	22.222	720	356	26	188	785	788	1425	1.52e-17	82.4
3_440	4_411	99.850	666	1	0	1	666	1	666	0.0	1348
3_441	4_412	99.827	579	1	0	1	579	1	579	0.0	1174
3_442	4_417	99.351	462	3	0	1	462	1	462	0.0	926
3_443	4_418	99.824	569	1	0	1	569	1	569	0.0	1100
3_443	4_65	30.556	216	124	4	79	285	18	216	9.70e-12	60.8
3_444	4_420	99.027	822	5	1	1	819	1	822	0.0	1669
3_444	4_470	26.122	869	487	34	15	802	15	809	6.03e-43	162
3_445	4_421	98.921	649	7	0	1	649	22	670	0.0	1292
3_445	4_572	37.821	661	342	19	7	624	22	656	2.62e-125	381
3_445	4_471	30.240	334	204	9	202	508	365	696	9.16e-34	132
3_446	4_99	99.853	679	1	0	1	679	2	680	0.0	1342
3_446	4_469	28.070	285	183	6	357	633	225	495	1.10e-14	71.6
3_446	4_346	32.184	174	95	8	494	659	352	510	1.09e-10	58.9
3_446	4_468	31.138	167	94	7	501	659	369	522	5.07e-10	56.6
3_446	4_284	29.630	189	109	7	500	678	38	212	6.98e-10	54.7
3_446	4_354	30.726	179	101	8	499	669	32	195	7.40e-10	56.2
3_446	4_533	28.571	189	106	7	462	637	317	489	2.01e-09	54.7
3_446	4_473	29.167	168	103	8	501	659	97	257	4.03e-08	50.1
3_446	4_353	24.479	192	131	5	490	677	23	204	2.13e-07	48.5
3_446	4_382	26.540	211	118	10	463	660	11	197	3.88e-07	46.6
3_446	4_263	22.353	170	119	4	499	659	37	202	4.59e-05	40.8
3_446	4_489	24.510	204	131	6	468	669	13	195	1.15e-04	39.7
3_446	4_484	28.814	177	108	5	497	659	40	212	3.59e-04	37.4
3_446	4_491	45.588	68	27	4	465	524	4	69	5.50e-04	37.0
3_446	4_389	25.126	199	105	10	499	666	32	217	5.56e-04	37.4
3_447	4_577	92.263	517	32	3	3	519	220	728	0.0	944
3_447	4_356	42.786	603	302	15	2	591	236	808	6.27e-125	382
3_447	4_513	32.577	617	303	22	3	563	220	779	1.65e-54	193
3_447	4_561	85.882	85	10	1	509	593	1	83	3.39e-43	144
3_448	4_358	97.423	194	5	0	1	194	1	194	2.85e-138	379
3_449	4_359	99.147	469	4	0	1	469	1	469	0.0	929
3_450	4_361	99.609	256	1	0	1	256	1	256	0.0	509
3_451	4_362	99.416	514	3	0	1	514	1	514	0.0	1034
3_451	4_322	26.490	151	100	3	2	141	50	200	1.62e-09	54.7
3_451	4_322	34.426	61	35	2	294	349	574	634	2.74e-05	41.2
3_451	4_458	34.444	90	58	1	3	91	29	118	4.63e-08	50.1
3_451	4_458	33.000	100	59	3	264	355	513	612	1.15e-07	48.9
3_451	4_340	24.084	191	113	4	3	161	32	222	7.52e-08	49.3
3_452	4_15	99.654	289	1	0	1	289	1	289	0.0	554
3_453	4_17	99.823	564	1	0	1	564	1	564	0.0	1103
3_453	4_288	31.670	461	251	12	95	533	214	632	2.87e-52	184
3_453	4_587	31.614	446	261	9	99	533	112	524	1.49e-51	179
3_453	4_560	30.260	423	247	9	118	533	235	616	2.45e-47	169
3_453	4_568	32.597	362	201	8	188	533	25	359	1.85e-45	159
3_453	4_287	30.496	423	234	11	131	540	144	519	7.74e-44	159
3_454	4_364	98.750	240	3	0	1	240	1	240	0.0	498
3_455	4_365	99.322	295	2	0	1	295	1	295	0.0	590
3_455	4_176	27.241	290	173	9	21	293	10	278	2.74e-21	86.7
3_455	4_212	26.502	283	175	9	19	293	3	260	5.11e-16	71.2
3_455	4_123	26.894	264	165	9	21	275	5	249	9.36e-14	64.7
3_455	4_26	25.368	272	165	12	15	274	1	246	2.30e-04	36.6
3_456	4_366	98.824	170	2	0	1	170	1	170	3.79e-121	334
3_457	4_367	99.399	666	4	0	1	666	1	666	0.0	1336
3_457	4_471	64.198	81	29	0	232	312	256	336	7.04e-26	107
3_458	4_369	99.675	615	2	0	1	615	1	615	0.0	1265
3_459	4_19	99.468	188	1	0	1	188	1	188	3.44e-138	378
3_460	4_370	99.884	865	1	0	1	865	1	865	0.0	1716
3_461	4_371	99.766	428	1	0	1	428	1	428	0.0	852
3_462	4_373	99.753	1216	3	0	1	1216	1	1216	0.0	2392
3_463	4_563	99.419	688	4	0	1	688	1	688	0.0	1365
3_463	4_182	24.857	350	254	5	5	346	1	349	5.91e-32	126
3_464	4_193	99.029	103	1	0	1	103	1	103	2.72e-69	197
3_465	4_379	96.739	184	6	0	1	184	1	184	1.94e-129	356
3_466	4_385	99.855	690	1	0	1	690	1	690	0.0	1373
3_467	4_387	99.770	871	2	0	1	871	1	871	0.0	1714
3_468	4_388	99.310	145	1	0	1	145	1	145	4.90e-102	283
3_469	4_434	99.259	270	2	0	1	270	1	270	0.0	543
3_470	4_583	99.203	251	2	0	2	252	1	251	0.0	493
3_470	4_159	29.252	147	97	3	111	252	82	226	1.07e-08	48.9
3_471	4_91	99.446	361	2	0	1	361	1	361	0.0	731
3_472	4_429	99.722	720	2	0	1	720	1	720	0.0	1481
3_473	4_426	99.789	475	1	0	1	475	1	475	0.0	919
3_474	4_425	99.522	627	3	0	1	627	1	627	0.0	1243
3_475	4_424	98.477	197	3	0	1	197	1	197	9.16e-133	365
3_476	4_577	77.203	715	158	4	1	712	1	713	0.0	1104
3_476	4_356	46.018	791	385	14	27	802	45	808	0.0	604
3_476	4_513	34.672	822	445	28	1	774	1	778	1.82e-106	340
3_476	4_561	82.927	82	13	1	722	803	2	82	2.74e-40	137
3_476	4_487	78.689	61	13	0	8	68	3	63	1.52e-28	103
3_477	4_472	99.795	1460	3	0	1	1460	3	1462	0.0	2879
3_478	4_474	99.737	380	1	0	1	380	1	380	0.0	773
3_479	4_476	98.925	186	2	0	1	186	1	186	4.29e-138	378
3_479	4_179	28.873	142	86	5	1	138	2	132	8.40e-09	47.8
3_480	4_480	99.776	447	1	0	1	447	1	447	0.0	881
3_480	4_212	31.878	229	138	9	1	221	1	219	8.21e-17	75.1
3_480	4_26	27.675	271	161	14	3	254	4	258	2.68e-08	49.3
3_480	4_176	22.305	269	160	7	8	246	12	261	2.77e-06	43.5
3_481	4_481	99.691	648	2	0	1	648	1	648	0.0	1275
3_482	4_496	99.771	872	2	0	1	872	1	872	0.0	1736
3_482	4_348	25.306	245	154	5	1	221	10	249	2.86e-14	71.6
3_482	4_236	24.682	393	234	13	7	361	26	394	3.71e-13	67.8
3_482	4_497	27.500	240	152	8	1	220	18	255	8.26e-11	60.1
3_482	4_232	25.835	569	339	24	30	560	62	585	8.23e-09	53.9
3_482	4_530	27.004	237	148	7	3	224	13	239	5.25e-08	51.2
3_483	4_494	99.660	589	2	0	1	589	1	589	0.0	1144
3_483	4_403	26.087	460	272	17	51	492	10	419	2.04e-21	92.4
3_484	4_492	99.839	620	1	0	1	620	1	620	0.0	1246
3_485	4_491	99.482	386	2	0	1	386	1	386	0.0	759
3_485	4_242	30.725	345	183	9	5	304	8	341	3.62e-38	137
3_485	4_506	40.146	137	82	0	166	302	481	617	2.07e-31	120
3_485	4_506	30.088	113	70	2	7	110	38	150	1.90e-11	60.1
3_485	4_46	37.363	91	57	0	194	284	619	709	1.58e-15	72.8
3_485	4_484	25.714	280	163	5	6	283	8	244	5.11e-15	68.9
3_485	4_391	33.333	90	60	0	194	283	282	371	7.88e-15	70.1
3_485	4_473	24.779	226	119	3	27	252	84	258	7.83e-14	66.2
3_485	4_383	26.045	311	161	12	27	307	27	298	4.43e-13	63.9
3_485	4_284	33.571	140	82	4	143	279	90	221	3.54e-12	60.5
3_485	4_201	23.404	141	104	2	164	303	251	388	1.39e-11	60.1
3_485	4_382	24.221	289	161	9	8	292	2	236	5.16e-11	57.4
3_485	4_271	27.778	126	87	2	176	297	142	267	1.18e-10	57.0
3_485	4_263	23.333	270	154	9	29	296	28	246	7.54e-10	54.7
3_485	4_263	32.609	92	57	2	184	271	399	489	7.77e-07	45.4
3_485	4_353	30.986	142	89	5	128	263	59	197	9.15e-10	54.7
3_485	4_353	52.778	36	17	0	27	62	21	56	2.74e-05	40.4
3_485	4_354	28.667	150	100	3	129	273	60	207	1.48e-09	53.9
3_485	4_354	43.636	55	31	0	8	62	2	56	6.70e-06	42.4
3_485	4_489	34.483	87	53	2	183	268	119	202	1.10e-08	51.2
3_485	4_489	31.579	95	58	3	8	95	2	96	8.44e-04	35.8
3_485	4_64	28.030	132	86	4	146	271	356	484	2.08e-07	47.0
3_485	4_468	29.412	85	52	2	172	251	441	522	3.24e-06	43.5
3_485	4_469	38.000	100	46	5	1	95	327	415	9.39e-05	38.9
3_485	4_389	27.174	92	64	1	188	276	443	534	2.54e-04	37.4
3_485	4_99	45.588	68	27	4	4	69	466	525	2.94e-04	37.4
3_485	4_533	50.000	46	23	0	8	53	325	370	4.34e-04	36.6
3_486	4_512	100.000	59	0	0	7	65	1	59	3.11e-40	121
3_487	4_511	99.785	931	2	0	1	931	1	931	0.0	1841
3_487	4_526	27.523	218	124	7	9	225	17	201	2.60e-08	52.4
3_487	4_349	22.680	388	252	14	2	352	7	383	1.19e-05	43.5
3_487	4_529	30.864	162	92	7	60	208	55	209	2.16e-05	42.7
3_488	4_505	99.379	322	2	0	1	322	1	322	0.0	649
3_489	4_504	98.520	743	4	1	1	743	1	736	0.0	1454
3_489	4_221	25.878	769	431	26	6	727	16	692	2.53e-44	164
3_489	4_266	35.227	88	39	4	197	276	124	201	6.33e-04	37.4
3_490	4_497	99.607	1018	4	0	1	1018	1	1018	0.0	1972
3_490	4_236	26.800	1097	679	32	6	1015	1	1060	3.61e-79	275
3_490	4_348	33.566	286	180	5	11	289	3	285	2.21e-35	140
3_490	4_348	30.822	292	137	10	545	783	737	1016	1.89e-23	101
3_490	4_348	32.231	121	72	5	361	474	477	594	1.70e-05	43.1
3_490	4_496	26.667	240	154	7	18	255	1	220	1.00e-10	60.1
3_490	4_530	21.384	795	483	33	11	699	2	760	6.79e-09	54.3
3_490	4_232	25.112	446	278	14	14	436	18	430	1.94e-07	49.7
3_491	4_501	99.631	271	1	0	1	271	1	271	0.0	532
3_492	4_516	87.421	159	19	1	5	163	15	172	8.86e-90	254
3_492	4_517	83.544	158	25	1	5	162	15	171	2.28e-84	241
3_492	4_542	87.654	162	19	1	5	166	218	378	5.90e-83	244
3_492	4_355	48.551	138	69	2	1	138	398	533	1.60e-38	132
3_492	4_589	71.930	57	16	0	5	61	225	281	5.68e-25	92.4
3_492	4_515	71.186	59	16	1	3	61	337	394	2.65e-22	86.7
3_493	4_507	99.545	659	3	0	1	659	1	659	0.0	1325
3_494	4_502	98.347	121	2	0	1	121	1	121	1.28e-78	222
3_495	4_503	99.918	1217	1	0	1	1217	1	1217	0.0	2490
3_496	4_70	98.561	139	2	0	1	139	1	139	3.26e-98	273
3_497	4_568	100.000	342	0	0	203	544	20	361	0.0	698
3_497	4_587	62.963	540	180	8	11	544	1	526	0.0	646
3_497	4_540	99.020	204	2	0	1	204	1	204	5.86e-139	395
3_497	4_287	32.364	550	297	17	17	544	18	514	1.17e-73	239
3_497	4_288	34.773	463	245	11	107	544	204	634	4.47e-72	238
3_497	4_560	32.374	417	230	12	144	543	236	617	1.31e-51	181
3_497	4_17	31.183	465	254	14	116	542	97	533	9.50e-50	175
3_498	4_191	99.809	524	1	0	1	524	1	524	0.0	1014
3_498	4_238	24.301	465	302	18	4	429	9	462	1.82e-13	67.0
3_499	4_51	99.646	565	2	0	1	565	1	565	0.0	1096
3_500	4_487	97.333	75	2	0	1	75	1	75	2.60e-50	147
3_500	4_577	71.667	60	17	0	3	62	8	67	8.83e-25	90.5
3_500	4_356	70.732	41	12	0	22	62	45	85	4.67e-16	65.5
3_500	4_513	44.776	67	30	2	9	75	14	73	5.87e-10	48.1
3_501	4_517	96.491	171	6	0	231	401	1	171	8.83e-117	332
3_501	4_516	92.442	172	13	0	231	402	1	172	4.08e-104	300
3_501	4_542	50.000	404	153	9	1	402	19	375	3.41e-95	285
3_501	4_355	33.252	409	203	14	1	397	209	559	1.51e-46	162
3_501	4_589	32.484	314	153	12	1	300	13	281	6.18e-33	120
3_501	4_515	75.000	56	14	0	245	300	339	394	2.08e-23	95.5
3_501	4_515	50.000	42	21	0	1	42	109	150	4.89e-07	45.8
3_501	4_591	100.000	33	0	0	1	33	73	105	1.57e-18	75.5
3_502	4_577	97.758	223	5	0	1	223	1	223	1.58e-152	436
3_502	4_356	52.479	242	94	3	1	223	1	240	1.78e-76	240
3_502	4_513	37.333	225	137	4	1	223	1	223	1.25e-40	142
3_502	4_487	70.492	61	18	0	8	68	3	63	2.53e-26	92.4
3_503	4_519	100.000	55	0	0	1	55	1	55	5.64e-35	107
3_504	4_520	100.000	288	0	0	1	288	1	288	0.0	563
3_505	4_522	100.000	396	0	0	1	396	1	396	0.0	807
3_506	4_525	99.806	516	1	0	1	516	1	516	0.0	1030
3_507	4_531	98.107	581	6	1	1	576	1	581	0.0	1115
3_507	4_350	27.250	400	247	14	181	568	122	489	1.25e-22	95.9
3_508	4_530	98.903	1823	18	2	1	1823	1	1821	0.0	3624
3_508	4_236	24.231	553	310	19	4	509	6	496	3.83e-14	72.4
3_508	4_348	26.556	241	150	8	1	221	1	234	5.44e-11	62.0
3_508	4_348	28.966	145	80	7	851	983	968	1101	7.80e-05	42.0
3_508	4_497	22.333	806	463	35	2	761	11	699	2.72e-09	56.6
3_508	4_496	27.848	237	146	7	13	239	3	224	1.09e-08	54.7
3_508	4_232	22.944	462	296	16	5	453	16	430	2.15e-04	40.4
3_509	4_529	95.649	1379	21	4	1	1354	1	1365	0.0	2617
3_509	4_526	29.677	155	101	3	10	162	13	161	9.17e-13	67.4
3_509	4_349	29.560	159	99	4	2	150	6	161	6.34e-11	61.6
3_509	4_541	27.564	156	99	7	7	156	12	159	1.67e-07	50.1
3_509	4_511	30.864	162	92	7	55	209	60	208	2.99e-05	42.7
3_510	4_211	99.275	138	1	0	1	138	1	138	2.81e-96	268
3_511	4_528	98.690	229	3	0	1	229	1	229	1.56e-166	453
3_512	4_527	97.590	415	8	1	1	413	1	415	0.0	779
3_513	4_526	98.231	1074	13	4	1	1069	1	1073	0.0	2105
3_513	4_541	29.037	706	446	15	1	696	1	661	1.42e-70	243
3_513	4_349	29.679	374	211	11	5	335	7	371	8.64e-29	119
3_513	4_349	24.757	412	211	17	445	777	584	975	1.06e-10	60.5
3_513	4_535	30.545	275	143	13	802	1067	25	260	9.95e-22	90.9
3_513	4_529	29.677	155	101	3	13	161	10	162	3.30e-13	68.6
3_513	4_511	27.523	218	124	7	17	201	9	225	3.54e-08	52.0
3_514	4_524	99.620	263	1	0	1	263	1	263	0.0	511
3_514	4_302	33.846	65	33	4	113	171	5	65	1.72e-04	37.0
3_514	4_136	35.000	60	27	2	113	164	159	214	3.49e-04	35.8
3_515	4_523	100.000	331	0	0	1	331	1	331	0.0	665
3_516	4_533	98.874	533	6	0	1	533	1	533	0.0	1028
3_516	4_468	28.705	533	354	10	8	520	7	533	8.13e-49	172
3_516	4_346	29.468	526	315	21	20	520	27	521	2.75e-25	103
3_516	4_469	35.407	209	123	6	319	520	328	531	9.24e-24	99.4
3_516	4_382	32.057	209	122	8	324	517	1	204	1.01e-13	66.2
3_516	4_354	27.885	208	111	6	324	512	1	188	7.40e-11	58.9
3_516	4_389	28.342	187	110	5	324	486	1	187	1.94e-10	57.4
3_516	4_263	29.545	220	114	7	320	513	2	206	2.50e-10	57.0
3_516	4_489	27.570	214	128	8	324	525	1	199	2.26e-09	54.3
3_516	4_284	28.646	192	103	6	340	513	22	197	4.13e-09	52.0
3_516	4_353	28.866	194	127	6	324	512	1	188	5.45e-09	53.1
3_516	4_99	28.042	189	107	7	317	489	463	638	6.51e-09	52.8
3_516	4_242	36.232	69	44	0	324	392	10	78	2.31e-07	47.8
3_516	4_242	32.710	107	55	3	419	514	193	293	9.48e-06	42.4
3_516	4_473	25.405	185	120	5	339	510	79	258	3.10e-07	46.6
3_516	4_506	34.247	73	48	0	322	394	36	108	4.92e-07	47.0
3_516	4_506	28.788	132	78	6	393	515	448	572	4.94e-05	40.4
3_516	4_383	24.878	205	116	6	339	512	22	219	2.07e-05	40.8
3_516	4_391	29.412	85	53	2	308	388	30	111	2.01e-04	38.1
3_516	4_491	50.000	46	23	0	325	370	8	53	6.95e-04	36.6
3_516	4_64	43.182	44	25	0	343	386	26	69	7.22e-04	36.6
3_516	4_271	26.341	205	122	8	339	519	29	228	7.73e-04	36.2
3_516	4_46	37.313	67	38	2	449	511	612	678	8.52e-04	36.6
3_517	4_539	99.149	470	4	0	1	470	1	470	0.0	927
3_517	4_575	97.810	137	3	0	446	582	1	137	6.97e-90	268
3_517	4_256	35.516	397	209	11	37	417	60	425	4.82e-55	196
3_517	4_576	30.402	398	206	11	37	409	23	374	4.92e-40	150
3_520	4_534	99.329	298	2	0	1	298	1	298	0.0	600
3_521	4_537	98.944	284	3	0	1	284	1	284	0.0	566
3_521	4_377	37.143	105	61	3	37	141	22	121	3.57e-14	65.9
3_522	4_587	99.804	510	1	0	1	510	17	526	0.0	1018
3_522	4_568	65.882	340	107	4	178	510	24	361	1.72e-153	437
3_522	4_288	39.149	470	236	15	64	508	188	632	9.40e-80	257
3_522	4_287	36.495	485	248	19	48	508	64	512	8.57e-75	241
3_522	4_560	36.802	394	220	9	125	509	244	617	3.46e-61	206
3_522	4_540	54.974	191	67	4	1	185	27	204	8.49e-58	186
3_522	4_17	31.614	446	261	9	96	508	99	533	1.20e-51	179
3_523	4_515	99.038	104	1	0	1	104	18	121	9.40e-70	208
3_523	4_591	98.824	85	1	0	20	104	1	85	4.30e-57	167
3_523	4_590	73.196	97	24	1	2	98	11	105	8.63e-50	148
3_523	4_355	81.250	96	18	0	9	104	126	221	2.62e-44	145
3_523	4_542	90.000	30	3	0	74	103	1	30	1.50e-13	59.7
3_523	4_589	100.000	25	0	0	80	104	1	25	1.33e-11	53.9
3_524	4_545	100.000	277	0	0	1	277	1	277	0.0	544
3_525	4_547	100.000	86	0	0	1	86	1	86	1.35e-59	171
3_526	4_569	99.640	278	1	0	1	278	1	278	0.0	535
3_526	4_192	24.364	275	181	13	5	260	32	298	1.81e-09	52.0
3_527	4_559	99.677	620	2	0	1	620	1	620	0.0	1246
3_528	4_549	100.000	40	0	0	1	40	1	40	7.98e-22	73.2
3_529	4_551	100.000	66	0	0	1	66	1	66	1.21e-42	127
3_530	4_36	99.164	359	3	0	1	359	1	359	0.0	714
3_531	4_554	100.000	142	0	0	1	142	1	142	1.22e-101	282
3_531	4_265	31.111	135	91	1	4	136	167	301	3.12e-17	72.0
3_532	4_566	99.745	392	1	0	1	392	1	392	0.0	789
3_533	4_79	100.000	154	0	0	1	154	58	211	5.24e-107	299
3_534	4_355	48.780	123	57	2	4	121	442	563	2.81e-32	114
3_534	4_516	52.846	123	53	3	1	121	52	171	7.55e-31	103
3_534	4_517	63.014	73	27	0	1	73	52	124	9.64e-31	103
3_534	4_542	63.750	80	27	1	1	80	255	332	2.64e-29	103
3_534	4_589	68.421	19	6	0	1	19	263	281	5.07e-04	33.1
3_534	4_515	68.421	19	6	0	1	19	376	394	6.74e-04	32.7
3_535	4_544	99.639	277	1	0	1	277	1	277	0.0	538
3_536	4_565	99.454	183	1	0	1	183	1	183	2.30e-125	345
3_537	4_552	99.831	591	1	0	1	591	1	591	0.0	1168
3_538	4_556	99.479	576	3	0	1	576	1	576	0.0	1118
3_538	4_489	26.997	363	208	17	40	382	252	577	1.08e-09	55.5
3_539	4_550	100.000	154	0	0	1	154	25	178	1.71e-109	304
3_540	4_560	98.248	628	3	1	1	628	1	620	0.0	1223
3_540	4_288	43.326	427	223	5	216	625	209	633	7.44e-107	332
3_540	4_287	39.381	485	272	6	148	625	44	513	1.08e-106	328
3_540	4_587	36.548	394	221	9	252	625	141	525	1.84e-60	205
3_540	4_17	30.260	423	247	9	243	624	118	533	7.33e-47	168
3_540	4_568	33.524	349	189	9	306	624	24	359	7.75e-44	155
3_541	4_581	96.804	219	7	0	2	220	121	339	7.94e-158	435
3_541	4_265	29.717	212	145	4	9	220	402	609	2.05e-28	107
3_542	4_479	99.648	284	1	0	1	284	40	323	0.0	555
3_543	4_548	99.676	309	1	0	1	309	1	309	0.0	585
3_543	4_510	21.818	220	157	6	100	304	1	220	1.71e-05	39.7
3_544	4_576	99.359	936	6	0	1	936	1	936	0.0	1806
3_544	4_256	30.460	870	556	19	8	858	45	884	1.05e-89	308
3_544	4_539	30.591	389	217	9	23	374	37	409	5.70e-40	149
3_545	4_567	98.000	50	1	0	1	50	34	83	7.30e-32	105
3_546	4_585	97.647	255	6	0	1	255	1	255	8.29e-176	479
3_547	4_581	96.491	114	2	1	1	114	1	112	6.90e-72	213
3_547	4_265	34.000	50	33	0	64	113	336	385	6.38e-04	32.7
3_548	4_580	98.202	723	10	1	1	720	1	723	0.0	1401
3_548	4_77	42.857	56	28	1	13	64	8	63	3.03e-07	47.4
3_548	4_380	32.381	105	65	3	74	174	37	139	2.33e-05	41.2
3_549	4_582	100.000	945	0	0	1	945	27	971	0.0	1895
3_550	4_584	99.502	201	1	0	1	201	1	201	6.10e-141	386
3_551	4_468	61.905	189	72	0	3	191	351	539	2.38e-75	231
3_551	4_533	37.017	181	111	3	6	185	342	520	1.24e-25	97.8
3_551	4_346	33.511	188	119	4	5	190	343	526	1.78e-25	97.4
3_551	4_469	37.500	192	112	3	3	190	349	536	1.57e-22	89.0
3_551	4_284	30.286	175	111	5	6	174	24	193	6.51e-14	62.8
3_551	4_473	26.882	186	117	6	2	174	78	257	2.68e-12	58.9
3_551	4_382	33.333	192	102	8	12	188	28	208	5.13e-12	57.8
3_551	4_489	30.481	187	104	8	3	177	16	188	2.15e-11	56.6
3_551	4_99	30.636	173	105	6	19	182	500	666	3.74e-11	55.8
3_551	4_64	30.337	178	108	4	9	174	28	201	1.64e-10	53.9
3_551	4_263	24.479	192	130	7	4	182	22	211	5.49e-10	52.4
3_551	4_263	38.158	76	39	4	99	170	396	467	2.34e-04	35.8
3_551	4_354	28.889	180	116	5	3	177	16	188	7.95e-10	52.0
3_551	4_353	27.684	177	117	5	3	175	16	185	6.19e-08	46.6
3_551	4_242	35.652	115	65	5	66	177	185	293	1.12e-07	45.4
3_551	4_46	38.983	59	33	1	119	174	618	676	1.46e-06	42.4
3_551	4_506	38.298	47	29	0	104	150	493	539	3.04e-06	41.6
3_551	4_389	24.771	218	128	8	3	191	16	226	4.31e-06	40.8
3_551	4_491	30.952	84	50	2	94	174	173	251	1.28e-05	39.3
3_551	4_383	26.190	126	82	5	61	177	96	219	4.78e-05	37.4
3_551	4_391	37.288	59	34	1	119	174	281	339	5.81e-05	37.4
3_552	4_570	100.000	378	0	0	1	378	1	378	0.0	733
3_553	4_546	99.588	486	2	0	1	486	1	486	0.0	963
3_554	4_404	99.524	210	1	0	37	246	1	210	2.01e-153	420
3_554	4_94	25.654	191	131	5	54	237	28	214	5.52e-10	52.4
3_555	4_541	99.240	658	5	0	1	658	1	658	0.0	1291
3_555	4_526	28.737	689	437	14	1	644	1	680	2.00e-67	234
3_555	4_349	32.258	248	151	8	13	248	10	252	2.07e-24	103
3_555	4_529	26.923	156	100	7	12	159	7	156	4.34e-07	47.8
3_556	4_483	99.604	505	2	0	1	505	6	510	0.0	1032
3_557	4_590	94.393	107	4	1	1	107	1	105	5.01e-71	203
3_557	4_515	70.000	110	31	1	22	129	28	137	3.27e-49	156
3_557	4_591	70.707	99	26	2	31	127	1	98	1.04e-46	141
3_557	4_355	68.142	113	34	1	20	130	126	238	1.90e-42	142
3_557	4_542	77.500	40	9	0	83	122	1	40	5.62e-17	70.5
3_557	4_589	72.500	40	10	1	89	128	1	39	1.96e-13	60.1
3_558	4_588	100.000	167	0	0	1	167	1	167	1.69e-124	342
3_559	4_515	99.664	298	1	0	1	298	97	394	0.0	599
3_559	4_542	40.728	302	140	6	1	298	7	273	3.95e-56	181
3_559	4_589	37.224	317	144	15	1	298	1	281	3.30e-41	139
3_559	4_355	36.656	311	134	12	1	298	197	457	1.56e-36	132
3_559	4_517	69.492	59	18	0	240	298	12	70	1.67e-24	92.4
3_559	4_516	73.214	56	15	0	243	298	15	70	3.22e-24	91.7
3_559	4_591	69.444	36	11	0	1	36	61	96	3.13e-11	54.3
3_559	4_590	94.737	19	1	0	1	19	87	105	6.09e-06	39.3
3_560	4_589	98.932	281	3	0	1	281	1	281	0.0	567
3_560	4_355	41.724	290	131	12	1	281	197	457	1.55e-47	161
3_560	4_515	36.909	317	145	15	1	281	97	394	1.19e-39	137
3_560	4_542	34.615	286	163	10	1	281	7	273	1.30e-32	118
3_560	4_516	59.701	67	26	1	215	281	5	70	1.02e-21	84.7
3_560	4_517	59.701	67	26	1	215	281	5	70	1.29e-21	84.3
3_560	4_591	85.294	34	5	0	1	34	61	94	1.34e-14	63.5
3_560	4_590	94.737	19	1	0	1	19	87	105	3.73e-06	39.7
3_561	4_592	99.796	490	1	0	1	490	1	490	0.0	984
3_561	4_372	27.500	160	109	3	146	301	110	266	7.35e-12	62.0
3_561	4_372	46.809	47	22	1	440	483	489	535	4.38e-08	50.1
3_561	4_427	23.176	466	288	19	52	484	14	442	1.47e-10	57.4
3_562	4_593	100.000	153	0	0	1	153	1	153	4.43e-113	312
3_564	4_521	99.705	339	1	0	1	339	1	339	0.0	698
