5_0	1_498	99.545	220	1	0	117	336	2	221	1.53e-155	430
5_0	1_545	25.083	303	205	10	36	336	22	304	9.12e-14	65.5
5_1	1_0	100.000	96	0	0	1	96	1	96	9.14e-66	188
5_2	1_1	100.000	589	0	0	1	589	1	589	0.0	1146
5_2	1_132	26.087	460	272	17	51	492	10	419	1.45e-21	92.8
5_3	1_3	100.000	188	0	0	1	188	1	188	2.32e-134	369
5_4	1_5	100.000	290	0	0	1	290	1	290	0.0	578
5_4	1_433	31.955	266	150	14	23	264	25	283	3.92e-23	91.3
5_5	1_253	99.303	287	2	0	1	287	1	287	0.0	573
5_5	1_472	36.255	251	125	6	1	234	1	233	1.96e-33	118
5_6	1_7	100.000	333	0	0	1	333	1	333	0.0	664
5_6	1_150	34.375	192	115	3	125	314	101	283	3.87e-25	99.8
5_7	1_8	100.000	189	0	0	1	189	1	189	2.95e-140	384
5_8	1_436	99.691	324	1	0	1	324	1	324	0.0	663
5_8	1_285	22.941	340	195	13	1	296	321	637	2.89e-09	52.8
5_9	1_9	100.000	152	0	0	1	152	1	152	1.21e-110	306
5_10	1_10	100.000	619	0	0	1	619	1	619	0.0	1249
5_11	1_317	99.735	378	1	0	1	378	1	378	0.0	751
5_12	1_12	100.000	47	0	0	1	47	1	47	3.67e-30	94.7
5_13	1_385	99.836	609	1	0	1	609	1	609	0.0	1217
5_14	1_319	99.717	353	1	0	1	353	1	353	0.0	696
5_14	1_372	27.129	317	167	15	46	345	64	333	3.59e-07	45.8
5_15	1_13	100.000	321	0	0	1	321	1	321	0.0	623
5_16	1_15	100.000	50	0	0	1	50	1	50	3.88e-32	99.8
5_16	1_171	35.556	45	26	1	6	50	5	46	1.50e-04	30.0
5_17	1_17	100.000	146	0	0	1	146	1	146	2.36e-105	292
5_18	1_18	100.000	295	0	0	1	295	1	295	0.0	590
5_19	1_19	100.000	337	0	0	1	337	1	337	0.0	685
5_20	1_347	99.654	289	1	0	1	289	1	289	0.0	554
5_21	1_20	100.000	225	0	0	1	225	1	225	3.17e-168	457
5_22	1_21	100.000	173	0	0	1	173	1	173	8.54e-127	348
5_23	1_23	100.000	298	0	0	1	298	1	298	0.0	603
5_24	1_374	99.755	408	1	0	1	408	1	408	0.0	823
5_25	1_375	99.731	372	1	0	1	372	1	372	0.0	762
5_26	1_25	100.000	290	0	0	1	290	1	290	0.0	564
5_27	1_352	99.533	428	2	0	1	428	1	428	0.0	850
5_28	1_257	99.824	567	1	0	1	567	1	567	0.0	1142
5_28	1_481	28.455	246	156	9	14	247	18	255	8.39e-13	65.1
5_28	1_481	46.154	39	21	0	503	541	409	447	1.46e-05	42.0
5_28	1_127	27.338	139	98	2	110	245	145	283	2.90e-10	57.0
5_28	1_127	46.809	47	22	1	489	535	439	482	4.39e-08	50.1
5_29	1_27	100.000	413	0	0	1	413	1	413	0.0	841
5_30	1_28	100.000	177	0	0	1	177	1	177	2.13e-130	358
5_31	1_261	99.699	332	1	0	1	332	1	332	0.0	661
5_32	1_29	100.000	111	0	0	1	111	1	111	2.68e-77	218
5_33	1_356	98.370	184	3	0	1	184	1	184	3.06e-133	365
5_34	1_30	100.000	211	0	0	1	211	1	211	2.54e-155	424
5_35	1_31	100.000	291	0	0	1	291	1	291	0.0	559
5_35	1_355	32.381	105	65	3	37	139	76	176	6.00e-06	42.0
5_36	1_32	100.000	239	0	0	1	239	1	239	6.88e-175	475
5_37	1_33	100.000	300	0	0	1	300	1	300	0.0	602
5_37	1_262	34.188	234	133	6	22	254	19	232	3.41e-35	123
5_37	1_233	35.897	156	87	5	130	276	204	355	2.41e-19	82.4
5_37	1_233	25.962	104	55	3	21	123	24	106	4.90e-05	38.9
5_37	1_177	27.854	219	136	3	22	240	21	217	1.24e-18	78.2
5_37	1_489	28.638	213	121	8	23	232	17	201	3.55e-17	76.3
5_37	1_412	39.091	110	66	1	140	248	599	708	1.05e-16	75.1
5_37	1_412	38.462	39	23	1	10	48	12	49	0.001	35.0
5_37	1_205	26.778	239	140	7	27	248	147	367	3.33e-16	73.2
5_37	1_266	36.641	131	75	3	136	260	258	386	5.94e-16	72.4
5_37	1_322	28.169	213	128	6	24	236	18	205	1.59e-15	71.2
5_37	1_72	29.464	224	131	5	22	239	22	224	2.80e-15	70.5
5_37	1_72	21.127	213	161	4	26	236	277	484	1.19e-05	40.8
5_37	1_442	25.714	210	125	6	23	229	17	198	9.62e-15	68.9
5_37	1_409	25.000	236	140	7	14	237	13	223	2.29e-14	67.8
5_37	1_409	28.959	221	128	9	27	236	287	489	1.39e-13	65.5
5_37	1_286	29.327	208	109	8	21	217	78	258	4.28e-13	63.2
5_37	1_294	25.806	155	88	3	152	279	501	655	9.51e-13	63.2
5_37	1_294	30.952	84	39	3	22	105	53	117	4.65e-06	42.4
5_37	1_490	25.723	311	162	12	27	298	27	307	1.20e-12	62.4
5_37	1_59	27.197	239	155	8	20	250	27	254	8.77e-11	56.6
5_37	1_290	31.646	79	53	1	158	235	153	231	2.47e-10	54.7
5_37	1_265	25.714	210	124	7	26	219	20	213	6.66e-08	48.1
5_37	1_229	32.051	78	50	1	145	219	820	897	4.10e-07	45.8
5_37	1_229	28.090	89	62	1	136	222	470	558	1.24e-06	44.3
5_37	1_331	22.527	182	118	4	37	218	364	522	1.69e-05	40.4
5_37	1_526	24.390	205	117	6	22	219	339	512	3.53e-05	39.3
5_38	1_263	99.688	320	1	0	1	320	1	320	0.0	626
5_39	1_34	100.000	226	0	0	1	226	1	226	3.37e-171	465
5_40	1_36	100.000	280	0	0	1	280	1	280	0.0	562
5_41	1_37	100.000	269	0	0	1	269	1	269	0.0	537
5_41	1_380	26.937	271	163	13	4	258	3	254	4.28e-07	45.1
5_41	1_455	23.704	270	160	9	1	246	1	248	8.77e-06	40.4
5_41	1_216	32.203	59	40	0	188	246	183	241	1.12e-04	37.4
5_41	1_421	32.877	73	43	1	180	246	186	258	1.64e-04	37.0
5_41	1_348	25.368	272	165	12	1	246	15	274	2.06e-04	36.6
5_42	1_366	99.631	271	1	0	1	271	1	271	0.0	534
5_43	1_230	99.878	821	1	0	1	821	1	821	0.0	1660
5_43	1_316	22.437	517	375	10	10	510	6	512	1.76e-31	125
5_44	1_38	100.000	114	0	0	1	114	1	114	6.54e-84	235
5_45	1_39	100.000	169	0	0	1	169	1	169	2.25e-121	334
5_46	1_40	100.000	163	0	0	1	163	1	163	1.71e-119	329
5_47	1_42	100.000	639	0	0	1	639	1	639	0.0	1304
5_47	1_393	44.131	639	334	9	5	635	3	626	9.59e-170	494
5_48	1_232	99.379	322	2	0	1	322	1	322	0.0	650
5_49	1_43	100.000	171	0	0	1	171	1	171	3.96e-123	339
5_50	1_304	99.465	374	2	0	1	374	1	374	0.0	770
5_51	1_303	99.701	334	1	0	1	334	1	334	0.0	679
5_52	1_402	99.644	281	1	0	1	281	1	281	0.0	558
5_53	1_44	100.000	494	0	0	1	494	1	494	0.0	963
5_54	1_45	100.000	231	0	0	1	231	1	231	6.83e-170	462
5_55	1_301	99.640	278	1	0	1	278	1	278	0.0	539
5_55	1_274	27.350	117	73	3	110	226	48	152	1.61e-06	42.7
5_55	1_274	34.127	126	50	5	139	262	24	118	2.50e-06	42.4
5_55	1_274	33.333	93	52	3	121	213	35	117	3.18e-05	38.9
5_56	1_300	99.429	175	1	0	1	175	1	175	3.26e-125	344
5_57	1_48	100.000	236	0	0	1	236	1	236	8.92e-176	477
5_58	1_49	100.000	186	0	0	1	186	1	186	1.39e-132	364
5_59	1_50	100.000	144	0	0	1	144	1	144	5.85e-108	298
5_60	1_51	100.000	221	0	0	1	221	1	221	5.30e-162	441
5_61	1_52	100.000	204	0	0	1	204	1	204	2.19e-151	413
5_62	1_53	100.000	872	0	0	1	872	1	872	0.0	1763
5_63	1_54	100.000	402	0	0	1	402	1	402	0.0	818
5_63	1_158	27.083	288	181	10	20	301	8	272	3.01e-16	75.1
5_63	1_268	32.099	162	90	3	21	182	116	257	1.83e-13	66.2
5_63	1_159	34.091	132	84	3	16	145	8	138	2.99e-13	65.9
5_64	1_515	99.275	138	1	0	319	456	1	138	3.18e-92	270
5_64	1_236	100.000	108	0	0	1	108	1	108	1.16e-73	223
5_65	1_55	100.000	316	0	0	1	316	1	316	0.0	632
5_66	1_61	100.000	73	0	0	1	73	1	73	5.61e-53	154
5_67	1_62	100.000	201	0	0	1	201	1	201	2.35e-148	405
5_67	1_435	37.888	161	95	3	3	162	4	160	1.90e-27	98.2
5_68	1_63	100.000	271	0	0	1	271	1	271	0.0	552
5_69	1_65	100.000	110	0	0	1	110	1	110	2.13e-78	221
5_70	1_66	100.000	220	0	0	1	220	1	220	9.96e-158	430
5_71	1_267	99.606	254	1	0	1	254	1	254	0.0	522
5_72	1_340	99.512	205	1	0	1	205	1	205	3.28e-153	417
5_73	1_67	100.000	144	0	0	1	144	1	144	6.40e-107	296
5_74	1_342	99.204	377	3	0	1	377	1	377	0.0	755
5_75	1_269	99.838	617	1	0	1	617	1	617	0.0	1241
5_76	1_69	100.000	118	0	0	1	118	1	118	4.18e-79	223
5_77	1_271	99.593	246	1	0	1	246	1	246	4.72e-179	486
5_78	1_70	100.000	97	0	0	1	97	1	97	2.04e-67	192
5_79	1_474	99.457	184	1	0	1	184	1	184	6.21e-136	372
5_80	1_72	100.000	508	0	0	1	508	1	508	0.0	1011
5_80	1_409	30.273	512	328	14	12	505	11	511	8.93e-54	184
5_80	1_177	35.349	215	114	6	26	231	25	223	1.23e-23	94.4
5_80	1_177	32.051	78	53	0	407	484	136	213	7.36e-07	45.1
5_80	1_442	32.673	202	122	5	12	211	6	195	9.20e-16	74.7
5_80	1_489	29.630	216	130	6	8	217	2	201	1.75e-13	67.4
5_80	1_489	24.229	227	142	7	261	482	2	203	0.001	36.2
5_80	1_33	29.464	224	131	5	22	224	22	239	2.55e-13	65.1
5_80	1_33	21.127	213	161	4	277	484	26	236	2.51e-04	37.4
5_80	1_322	29.524	210	134	5	12	221	10	205	1.15e-12	64.7
5_80	1_322	28.326	233	135	9	261	487	2	208	4.95e-09	53.1
5_80	1_262	32.143	196	124	6	31	223	28	217	1.03e-11	60.1
5_80	1_265	26.271	236	145	9	8	221	2	230	6.14e-10	55.8
5_80	1_265	32.432	74	47	2	149	222	453	523	3.22e-04	37.4
5_80	1_286	25.405	185	119	6	26	201	83	257	1.01e-08	51.2
5_80	1_286	23.387	248	159	10	244	487	59	279	1.14e-05	41.6
5_80	1_205	28.444	225	127	11	23	224	145	358	1.83e-08	50.8
5_80	1_205	25.106	235	140	8	278	493	147	364	1.23e-05	42.0
5_80	1_447	31.694	183	103	8	26	201	355	522	2.66e-08	50.4
5_80	1_294	30.476	105	70	1	7	111	38	139	3.58e-08	50.4
5_80	1_294	25.974	77	56	1	407	482	508	584	4.70e-04	37.0
5_80	1_490	28.030	132	86	4	356	484	146	271	2.68e-07	47.0
5_80	1_562	31.034	145	86	3	40	180	21	155	2.70e-07	45.8
5_80	1_233	30.488	82	54	2	407	486	232	312	3.98e-07	46.6
5_80	1_233	28.333	60	43	0	8	67	11	70	4.33e-04	37.0
5_80	1_290	23.148	216	153	7	14	220	20	231	1.94e-06	43.9
5_80	1_290	24.180	244	146	10	277	503	30	251	2.62e-04	37.4
5_80	1_412	25.532	94	63	2	398	487	609	699	5.56e-06	43.5
5_80	1_266	25.954	131	94	2	357	484	229	359	1.34e-05	42.0
5_80	1_331	25.568	176	111	6	36	205	363	524	3.61e-05	40.4
5_80	1_437	25.532	188	118	5	27	208	346	517	3.33e-04	37.4
5_80	1_59	25.000	236	148	10	273	493	28	249	3.83e-04	37.0
5_80	1_526	43.182	44	25	0	26	69	343	386	6.46e-04	36.6
5_81	1_74	100.000	184	0	0	1	184	1	184	6.18e-138	377
5_82	1_75	100.000	89	0	0	1	89	1	89	2.38e-60	174
5_83	1_76	100.000	165	0	0	1	165	1	165	6.44e-118	325
5_84	1_77	100.000	1411	0	0	1	1411	1	1411	0.0	2888
5_85	1_78	100.000	139	0	0	1	139	1	139	1.65e-99	276
5_86	1_79	100.000	534	0	0	1	534	1	534	0.0	1088
5_87	1_80	100.000	214	0	0	1	214	1	214	2.75e-154	421
5_88	1_81	100.000	120	0	0	1	120	1	120	5.82e-85	238
5_89	1_82	100.000	227	0	0	1	227	1	227	1.96e-169	461
5_90	1_482	98.851	87	1	0	1	87	1	87	9.84e-62	177
5_91	1_513	99.867	753	1	0	1	753	1	753	0.0	1523
5_92	1_84	100.000	109	0	0	1	109	1	109	1.16e-79	224
5_93	1_85	100.000	155	0	0	1	155	1	155	8.19e-113	311
5_94	1_86	100.000	64	0	0	1	64	1	64	6.87e-43	127
5_95	1_87	100.000	116	0	0	1	116	1	116	4.11e-83	233
5_96	1_88	100.000	478	0	0	1	478	1	478	0.0	968
5_97	1_89	100.000	356	0	0	1	356	1	356	0.0	721
5_98	1_91	100.000	84	0	0	1	84	1	84	2.21e-57	166
5_99	1_92	100.000	284	0	0	1	284	1	284	0.0	576
5_99	1_260	37.143	105	61	3	37	141	22	121	4.29e-14	65.5
5_100	1_93	100.000	369	0	0	1	369	1	369	0.0	745
5_101	1_94	100.000	489	0	0	1	489	1	489	0.0	965
5_102	1_359	99.446	361	2	0	1	361	1	361	0.0	731
5_103	1_371	99.556	450	2	0	1	450	1	450	0.0	897
5_104	1_97	100.000	216	0	0	1	216	1	216	1.05e-156	427
5_104	1_570	25.654	191	131	5	28	214	54	237	5.45e-10	52.4
5_105	1_98	100.000	193	0	0	1	193	1	193	2.89e-139	381
5_106	1_334	98.925	186	2	0	1	186	1	186	6.34e-136	372
5_106	1_96	26.772	127	68	4	46	151	81	203	2.16e-04	35.4
5_107	1_560	98.889	180	2	0	34	213	1	180	1.06e-130	360
5_108	1_335	99.317	293	2	0	1	293	1	293	0.0	582
5_108	1_247	29.530	149	90	6	9	152	5	143	2.90e-09	52.0
5_108	1_247	26.220	164	110	4	9	162	173	335	2.71e-06	42.7
5_108	1_128	37.705	61	35	1	5	65	218	275	4.14e-05	39.3
5_108	1_242	39.344	61	33	3	10	69	19	76	2.66e-04	35.8
5_109	1_99	100.000	131	0	0	1	131	1	131	3.00e-94	263
5_110	1_100	100.000	150	0	0	1	150	1	150	1.62e-109	303
5_111	1_101	100.000	680	0	0	1	680	1	680	0.0	1347
5_111	1_331	27.719	285	184	6	358	634	225	495	3.50e-14	70.1
5_111	1_437	32.184	174	95	8	495	660	352	510	1.09e-10	58.9
5_111	1_322	31.285	179	100	8	500	670	32	195	5.29e-10	57.0
5_111	1_177	29.630	189	109	7	501	679	38	212	6.98e-10	54.7
5_111	1_447	31.138	167	94	7	502	660	369	522	7.05e-10	56.2
5_111	1_562	30.496	141	90	3	502	640	21	155	2.02e-09	52.4
5_111	1_526	28.042	189	107	7	463	638	317	489	7.53e-09	53.1
5_111	1_286	29.167	168	103	8	502	660	97	257	4.14e-08	50.1
5_111	1_442	24.479	192	131	5	491	678	23	204	2.30e-07	48.5
5_111	1_262	25.359	209	123	8	464	661	11	197	3.64e-07	46.6
5_111	1_409	22.353	170	119	4	500	660	37	202	4.96e-05	40.8
5_111	1_489	24.510	204	131	6	469	670	13	195	1.00e-04	39.7
5_111	1_290	28.814	177	108	5	498	660	40	212	3.49e-04	37.4
5_111	1_490	45.588	68	27	4	466	525	4	69	5.31e-04	37.4
5_111	1_265	25.126	199	105	10	500	667	32	217	6.01e-04	37.4
5_112	1_284	99.582	239	1	0	1	239	1	239	3.41e-175	476
5_113	1_103	100.000	332	0	0	1	332	1	332	0.0	667
5_114	1_104	100.000	134	0	0	1	134	1	134	3.34e-97	270
5_115	1_105	100.000	137	0	0	1	137	1	137	1.90e-97	271
5_116	1_106	100.000	37	0	0	1	37	1	37	1.09e-20	70.1
5_117	1_107	100.000	75	0	0	1	75	1	75	3.31e-53	154
5_118	1_108	100.000	250	0	0	1	250	1	250	0.0	511
5_118	1_14	27.451	204	135	5	3	203	121	314	1.65e-15	69.7
5_119	1_111	100.000	179	0	0	1	179	1	179	4.19e-130	357
5_120	1_112	100.000	131	0	0	1	131	1	131	2.23e-94	263
5_121	1_113	100.000	61	0	0	1	61	1	61	5.61e-42	125
5_122	1_114	100.000	181	0	0	1	181	1	181	5.22e-135	370
5_123	1_115	100.000	122	0	0	1	122	1	122	1.04e-84	238
5_124	1_116	100.000	121	0	0	1	121	1	121	1.59e-81	229
5_125	1_117	100.000	136	0	0	1	136	1	136	9.16e-100	277
5_126	1_118	100.000	227	0	0	1	227	1	227	2.14e-167	455
5_127	1_452	99.422	173	1	0	1	173	1	173	1.01e-124	343
5_128	1_119	100.000	90	0	0	1	90	1	90	1.45e-65	187
5_129	1_120	100.000	282	0	0	1	282	1	282	0.0	566
5_130	1_121	100.000	163	0	0	1	163	1	163	1.59e-116	322
5_131	1_277	99.533	214	1	0	1	214	1	214	1.34e-156	427
5_132	1_122	100.000	233	0	0	1	233	1	233	4.04e-170	462
5_133	1_123	100.000	106	0	0	1	106	1	106	6.80e-75	212
5_134	1_276	99.512	205	1	0	1	205	1	205	4.10e-150	410
5_135	1_125	100.000	184	0	0	1	184	1	184	1.68e-136	374
5_136	1_127	100.000	489	0	0	1	489	1	489	0.0	983
5_136	1_257	27.500	160	109	3	145	300	110	266	6.35e-12	62.0
5_136	1_257	46.809	47	22	1	439	482	489	535	4.35e-08	50.1
5_136	1_481	22.961	466	289	19	51	483	14	442	2.19e-10	57.0
5_137	1_455	99.638	276	1	0	1	276	1	276	0.0	565
5_137	1_348	26.894	264	165	9	5	249	21	275	8.59e-14	64.7
5_137	1_216	23.529	272	197	8	2	272	4	265	4.51e-11	56.6
5_137	1_37	24.074	270	159	9	1	248	1	246	2.94e-06	42.0
5_137	1_421	27.397	73	51	1	2	72	7	79	5.00e-05	38.5
5_137	1_380	26.316	228	142	10	7	224	8	219	3.58e-04	36.2
5_138	1_128	100.000	442	0	0	1	442	1	442	0.0	874
5_138	1_247	35.897	156	83	4	218	368	172	315	3.44e-20	87.0
5_138	1_247	30.337	89	60	2	220	307	6	93	1.49e-05	41.6
5_138	1_335	37.705	61	35	1	218	275	5	65	5.86e-05	39.3
5_139	1_129	100.000	321	0	0	1	321	1	321	0.0	634
5_139	1_58	32.877	219	139	5	106	317	160	377	2.11e-20	85.5
5_140	1_266	99.774	443	1	0	1	443	1	443	0.0	890
5_140	1_412	37.349	249	138	4	204	437	530	775	4.96e-43	156
5_140	1_412	39.175	97	55	2	61	156	22	115	8.77e-13	64.7
5_140	1_205	45.082	122	66	1	273	394	269	389	1.41e-28	112
5_140	1_205	35.185	108	53	4	59	156	139	239	1.75e-11	60.1
5_140	1_59	37.500	136	83	1	252	385	131	266	1.89e-23	95.5
5_140	1_59	29.630	135	70	5	32	157	7	125	5.16e-09	52.0
5_140	1_233	26.786	392	248	11	43	417	10	379	3.73e-23	95.9
5_140	1_294	38.298	94	57	1	274	366	501	594	5.79e-17	77.8
5_140	1_294	29.688	128	75	3	38	165	33	145	4.28e-10	56.2
5_140	1_290	34.711	121	77	2	251	371	126	244	5.34e-16	72.4
5_140	1_33	36.719	128	73	3	261	386	139	260	2.19e-15	71.2
5_140	1_490	33.333	90	60	0	282	371	194	283	9.03e-15	70.1
5_140	1_286	42.857	84	47	1	276	359	194	276	1.09e-14	69.3
5_140	1_286	31.481	108	69	2	42	147	59	163	1.29e-06	44.3
5_140	1_177	32.353	102	68	1	278	379	133	233	3.53e-12	60.8
5_140	1_262	32.500	120	77	3	244	363	104	219	4.05e-12	60.8
5_140	1_409	36.634	101	54	3	264	360	129	223	7.90e-11	58.2
5_140	1_409	35.443	79	50	1	281	359	412	489	3.48e-07	46.6
5_140	1_409	41.071	56	29	1	43	98	6	57	5.50e-06	42.7
5_140	1_322	35.556	90	52	3	281	367	129	215	4.01e-08	49.7
5_140	1_442	25.191	131	91	3	223	351	72	197	8.15e-08	48.9
5_140	1_489	29.600	125	78	5	267	390	115	230	2.67e-07	47.4
5_140	1_72	25.954	131	94	2	229	359	357	484	1.17e-05	42.0
5_140	1_447	38.983	59	33	1	281	339	467	522	4.59e-05	40.0
5_140	1_526	29.412	85	53	2	30	111	308	388	1.46e-04	38.5
5_140	1_331	27.132	129	76	4	23	138	302	425	5.15e-04	36.6
5_140	1_229	26.984	189	115	7	240	424	450	619	6.56e-04	36.6
5_141	1_460	99.723	361	1	0	1	361	1	361	0.0	717
5_142	1_131	100.000	259	0	0	1	259	1	259	0.0	515
5_143	1_132	100.000	504	0	0	1	504	1	504	0.0	979
5_143	1_1	25.901	444	264	16	10	403	51	479	3.73e-21	91.3
5_144	1_133	100.000	91	0	0	1	91	1	91	6.75e-61	175
5_144	1_0	28.571	91	61	3	1	88	3	92	8.87e-07	38.5
5_145	1_134	100.000	98	0	0	1	98	1	98	9.76e-67	191
5_146	1_135	100.000	207	0	0	1	207	1	207	5.36e-147	402
5_147	1_570	100.000	209	0	0	1	209	37	245	1.51e-153	420
5_147	1_97	25.654	191	131	5	18	201	28	214	4.41e-10	52.0
5_149	1_136	100.000	97	0	0	1	97	1	97	7.28e-67	191
5_150	1_137	100.000	439	0	0	1	439	1	439	0.0	875
5_151	1_390	98.000	150	3	0	1	150	1	150	1.07e-103	288
5_151	1_406	38.158	76	46	1	67	142	26	100	4.36e-11	51.6
5_152	1_139	100.000	336	0	0	1	336	1	336	0.0	687
5_153	1_141	100.000	337	0	0	1	337	1	337	0.0	672
5_154	1_142	100.000	240	0	0	1	240	1	240	3.11e-178	484
5_155	1_143	100.000	419	0	0	1	419	1	419	0.0	828
5_155	1_487	35.433	127	57	2	160	261	6	132	1.44e-14	69.3
5_155	1_247	25.112	223	154	7	159	375	173	388	1.91e-04	37.7
5_155	1_518	35.000	60	27	2	159	214	113	164	6.57e-04	35.8
5_156	1_144	100.000	141	0	0	1	141	1	141	1.22e-99	277
5_157	1_145	100.000	242	0	0	1	242	1	242	8.59e-173	470
5_158	1_146	100.000	102	0	0	1	102	1	102	1.57e-71	203
5_159	1_148	100.000	187	0	0	1	187	1	187	4.44e-132	363
5_160	1_312	99.638	276	1	0	1	276	1	276	0.0	542
5_161	1_311	99.788	471	1	0	1	471	1	471	0.0	951
5_161	1_184	37.168	452	279	4	7	456	2	450	3.04e-104	313
5_161	1_313	27.027	370	259	7	44	408	58	421	1.35e-26	107
5_161	1_420	22.712	295	216	6	63	348	49	340	5.22e-08	49.3
5_162	1_152	100.000	257	0	0	1	257	1	257	0.0	518
5_163	1_155	100.000	102	0	0	1	102	1	102	4.98e-70	199
5_164	1_156	100.000	376	0	0	1	376	1	376	0.0	775
5_165	1_157	100.000	227	0	0	1	227	1	227	8.97e-170	461
5_166	1_247	99.771	437	1	0	1	437	1	437	0.0	875
5_166	1_128	35.897	156	83	4	172	315	218	368	3.83e-20	86.7
5_166	1_128	29.032	124	83	4	6	126	220	341	3.46e-06	43.5
5_166	1_335	29.530	149	90	6	5	143	9	152	4.70e-09	52.0
5_166	1_335	35.593	59	38	0	173	231	9	67	4.22e-06	42.7
5_166	1_242	40.741	54	29	1	6	59	19	69	4.88e-06	41.6
5_166	1_242	28.415	183	118	5	157	338	5	175	7.16e-06	40.8
5_166	1_158	28.108	185	98	8	174	341	10	176	4.57e-05	40.0
5_166	1_518	33.846	65	33	4	5	65	113	171	2.68e-04	37.0
5_167	1_158	100.000	598	0	0	1	598	1	598	0.0	1210
5_167	1_159	36.898	187	106	4	2	183	6	185	1.18e-24	103
5_167	1_159	23.009	226	143	9	165	370	266	480	7.34e-07	46.6
5_167	1_159	22.599	177	118	5	322	480	509	684	3.30e-06	44.3
5_167	1_268	30.093	216	126	7	10	217	117	315	7.21e-17	78.6
5_167	1_54	27.083	288	181	10	8	272	20	301	4.47e-16	75.1
5_167	1_247	28.108	185	98	8	10	176	174	341	6.26e-05	40.0
5_168	1_309	99.690	323	1	0	1	323	1	323	0.0	657
5_169	1_159	100.000	694	0	0	1	694	1	694	0.0	1425
5_169	1_158	36.898	187	106	4	6	185	2	183	1.37e-24	103
5_169	1_158	23.009	226	143	9	266	480	165	370	8.51e-07	46.6
5_169	1_158	22.599	177	118	5	509	684	322	480	3.83e-06	44.3
5_169	1_268	37.008	127	62	2	13	139	116	224	9.18e-14	68.9
5_169	1_54	34.091	132	84	3	8	138	16	145	5.17e-13	65.9
5_170	1_160	100.000	141	0	0	1	141	1	141	6.00e-104	288
5_171	1_161	100.000	457	0	0	1	457	1	457	0.0	936
5_171	1_573	28.916	83	51	1	106	188	16	90	7.43e-05	37.0
5_171	1_410	26.351	148	100	5	159	302	335	477	1.24e-04	38.9
5_172	1_162	100.000	427	0	0	1	427	1	427	0.0	847
5_173	1_163	100.000	93	0	0	1	93	1	93	4.81e-68	193
5_174	1_164	100.000	259	0	0	1	259	1	259	0.0	514
5_175	1_165	100.000	144	0	0	1	144	1	144	8.31e-108	298
5_176	1_166	100.000	132	0	0	1	132	1	132	6.80e-95	264
5_177	1_379	99.310	145	1	0	1	145	1	145	1.17e-101	282
5_178	1_169	100.000	229	0	0	1	229	1	229	5.14e-169	459
5_178	1_358	29.252	147	97	3	82	226	111	252	9.52e-09	48.9
5_179	1_170	100.000	181	0	0	1	181	1	181	1.20e-134	369
5_180	1_171	100.000	46	0	0	1	46	1	46	2.33e-29	92.4
5_181	1_172	100.000	195	0	0	1	195	1	195	2.45e-144	394
5_182	1_173	100.000	249	0	0	1	249	1	249	0.0	500
5_183	1_328	99.592	245	1	0	1	245	1	245	2.51e-176	479
5_184	1_174	100.000	457	0	0	1	457	1	457	0.0	937
5_185	1_176	100.000	316	0	0	1	316	1	316	0.0	625
5_186	1_177	100.000	238	0	0	1	238	1	238	3.25e-176	479
5_186	1_72	35.349	215	114	6	25	223	26	231	5.77e-24	94.4
5_186	1_72	32.051	78	53	0	136	213	407	484	3.45e-07	45.1
5_186	1_33	40.000	85	51	0	133	217	156	240	7.40e-17	72.8
5_186	1_205	28.444	225	136	8	22	223	143	365	9.51e-17	73.6
5_186	1_262	27.805	205	136	6	22	218	20	220	2.11e-15	68.6
5_186	1_409	25.676	222	145	6	5	212	6	221	4.56e-14	65.5
5_186	1_409	25.446	224	142	7	22	225	283	501	3.24e-09	51.2
5_186	1_266	32.353	102	68	1	133	233	278	379	1.88e-12	60.8
5_186	1_266	31.915	47	32	0	22	68	63	109	0.001	34.3
5_186	1_490	33.571	140	82	4	90	221	143	279	2.08e-12	60.5
5_186	1_412	30.108	93	64	1	133	224	615	707	6.09e-12	59.3
5_186	1_412	40.426	47	28	0	21	67	23	69	1.94e-07	45.8
5_186	1_294	32.292	96	63	2	127	221	500	594	1.68e-11	58.2
5_186	1_294	30.556	72	46	3	21	89	53	123	3.28e-04	35.8
5_186	1_322	29.596	223	136	8	8	221	4	214	4.04e-11	57.0
5_186	1_233	31.313	99	67	1	136	233	232	330	1.83e-10	54.7
5_186	1_101	29.630	189	109	7	38	212	501	679	1.89e-10	55.1
5_186	1_59	24.783	230	150	7	22	230	30	257	2.73e-10	53.9
5_186	1_562	31.544	149	93	4	24	167	6	150	3.27e-10	52.8
5_186	1_526	28.646	192	103	6	22	197	340	513	1.37e-09	52.4
5_186	1_286	24.272	206	141	6	25	220	83	283	2.14e-09	51.2
5_186	1_447	31.522	184	108	8	24	198	354	528	2.18e-09	51.6
5_186	1_489	27.000	200	123	7	22	211	17	203	8.62e-09	50.1
5_186	1_442	27.174	184	109	7	24	196	19	188	6.56e-07	44.3
5_186	1_331	25.943	212	129	9	8	205	336	533	6.75e-07	44.3
5_186	1_265	21.397	229	162	8	5	226	319	536	6.89e-07	43.9
5_186	1_265	22.363	237	149	6	5	213	1	230	1.09e-05	40.4
5_186	1_290	26.582	79	57	1	135	212	153	231	3.10e-06	41.6
5_186	1_437	25.414	181	122	5	22	197	342	514	3.58e-06	42.0
5_187	1_182	100.000	202	0	0	1	202	1	202	1.51e-145	398
5_188	1_183	100.000	487	0	0	1	487	1	487	0.0	968
5_189	1_416	98.701	231	3	0	1	231	1	231	2.94e-159	435
5_190	1_184	100.000	457	0	0	1	457	1	457	0.0	926
5_190	1_311	37.168	452	279	4	2	450	7	456	1.83e-104	314
5_190	1_313	24.291	247	181	5	15	260	37	278	7.39e-08	48.9
5_190	1_420	22.819	298	203	11	119	402	116	400	3.39e-06	43.5
5_191	1_436	41.538	325	177	7	7	325	7	324	1.15e-71	220
5_191	1_285	27.195	353	208	16	9	326	325	663	5.48e-13	64.3
5_192	1_252	98.333	120	2	0	1	120	1	120	9.88e-84	235
5_193	1_187	100.000	77	0	0	1	77	1	77	1.96e-49	145
5_194	1_188	100.000	90	0	0	1	90	1	90	1.26e-61	177
5_195	1_189	100.000	156	0	0	1	156	1	156	1.35e-117	323
5_196	1_190	100.000	126	0	0	1	126	1	126	2.44e-88	247
5_197	1_191	100.000	174	0	0	1	174	1	174	6.43e-126	346
5_198	1_418	98.718	156	2	0	1	156	1	156	2.46e-111	308
5_199	1_432	99.320	147	1	0	1	147	1	147	5.19e-106	293
5_200	1_194	100.000	87	0	0	1	87	1	87	2.05e-61	176
5_201	1_196	100.000	321	0	0	1	321	1	321	0.0	642
5_201	1_544	22.892	249	168	11	57	298	29	260	2.35e-05	39.7
5_202	1_197	100.000	326	0	0	1	326	1	326	0.0	649
5_203	1_556	98.507	67	1	0	1	67	1	67	2.21e-45	136
5_204	1_198	100.000	93	0	0	1	93	1	93	6.76e-61	175
5_205	1_470	99.640	278	1	0	1	278	1	278	0.0	550
5_206	1_199	100.000	64	0	0	1	64	1	64	8.35e-41	122
5_207	1_479	99.537	216	1	0	1	216	1	216	4.25e-156	426
5_208	1_200	100.000	136	0	0	1	136	1	136	5.63e-92	257
5_209	1_201	100.000	174	0	0	1	174	1	174	1.53e-130	358
5_210	1_202	100.000	146	0	0	1	146	1	146	2.60e-102	284
5_211	1_203	100.000	127	0	0	1	127	1	127	1.92e-87	245
5_212	1_336	99.346	153	1	0	1	153	1	153	1.95e-107	298
5_213	1_204	100.000	143	0	0	1	143	1	143	1.84e-100	279
5_214	1_205	100.000	469	0	0	1	469	1	469	0.0	967
5_214	1_59	40.240	333	193	3	116	447	5	332	1.89e-74	233
5_214	1_412	44.737	114	63	0	273	386	614	727	2.62e-30	119
5_214	1_412	31.579	95	60	2	153	247	34	123	2.74e-07	47.4
5_214	1_266	45.082	122	66	1	269	389	273	394	1.41e-28	112
5_214	1_266	35.185	108	53	4	139	239	59	156	1.63e-11	60.5
5_214	1_262	26.800	250	159	8	122	370	3	229	1.80e-18	80.1
5_214	1_177	28.444	225	136	8	143	365	22	223	3.15e-16	72.8
5_214	1_233	32.520	123	71	3	247	357	190	312	7.35e-15	70.9
5_214	1_294	32.432	111	74	1	274	384	505	614	7.52e-15	71.2
5_214	1_286	30.769	195	114	7	146	336	81	258	3.14e-14	67.8
5_214	1_33	27.350	234	147	5	146	367	26	248	6.98e-14	66.6
5_214	1_490	23.448	145	108	2	244	388	162	303	1.64e-11	60.1
5_214	1_409	25.424	236	134	10	143	363	22	230	1.76e-09	54.3
5_214	1_409	25.194	258	149	8	115	355	259	489	5.47e-08	49.3
5_214	1_290	26.033	242	156	9	122	354	4	231	3.31e-09	52.0
5_214	1_322	25.688	218	138	7	142	359	16	209	1.20e-08	51.6
5_214	1_72	28.444	225	127	11	145	358	23	224	2.38e-08	50.4
5_214	1_72	24.483	290	175	11	99	364	224	493	1.27e-05	42.0
5_214	1_489	25.561	223	120	8	141	356	15	198	6.29e-08	49.3
5_214	1_442	25.592	211	123	8	142	347	16	197	4.45e-06	43.5
5_214	1_265	23.913	184	111	6	142	308	16	187	1.08e-04	38.9
5_214	1_229	29.897	97	57	4	277	364	834	928	1.89e-04	38.1
5_215	1_206	100.000	151	0	0	1	151	1	151	1.09e-108	301
5_215	1_293	32.500	120	78	2	15	132	22	140	6.58e-11	52.4
5_216	1_210	100.000	285	0	0	1	285	1	285	0.0	558
5_217	1_473	100.000	265	0	0	2	266	3	267	0.0	509
5_218	1_211	100.000	190	0	0	1	190	1	190	3.94e-143	391
5_219	1_285	99.850	665	1	0	1	665	1	665	0.0	1345
5_219	1_436	22.941	340	195	13	321	637	1	296	6.96e-09	52.4
5_220	1_212	100.000	331	0	0	1	331	1	331	0.0	660
5_221	1_213	100.000	203	0	0	1	203	1	203	7.06e-147	401
5_222	1_214	100.000	149	0	0	1	149	1	149	1.74e-111	308
5_223	1_215	100.000	112	0	0	1	112	1	112	2.69e-78	221
5_224	1_216	100.000	267	0	0	1	267	1	267	0.0	541
5_224	1_348	26.502	283	175	9	3	260	19	293	4.53e-16	71.2
5_224	1_380	32.895	228	137	8	1	219	1	221	4.20e-15	69.3
5_224	1_455	23.897	272	196	8	4	265	2	272	8.62e-12	58.5
5_224	1_421	22.968	283	187	11	2	263	5	277	1.42e-08	49.3
5_224	1_37	32.203	59	40	0	183	241	188	246	1.11e-04	37.4
5_225	1_217	100.000	90	0	0	1	90	1	90	1.90e-57	166
5_226	1_218	100.000	221	0	0	1	221	1	221	2.71e-164	447
5_227	1_219	100.000	219	0	0	1	219	1	219	3.28e-160	436
5_228	1_220	100.000	70	0	0	1	70	1	70	3.07e-44	131
5_229	1_221	100.000	692	0	0	1	692	1	692	0.0	1372
5_230	1_222	100.000	95	0	0	1	95	1	95	2.42e-67	192
5_231	1_224	100.000	699	0	0	1	699	1	699	0.0	1417
5_231	1_497	25.878	769	431	26	16	692	6	727	2.05e-44	165
5_232	1_225	100.000	181	0	0	1	181	1	181	8.08e-131	359
5_233	1_223	98.718	78	1	0	13	90	1	78	1.40e-51	151
5_234	1_370	94.118	51	3	0	1	51	1	51	2.69e-31	97.8
5_235	1_227	100.000	232	0	0	1	232	1	232	5.79e-171	465
5_236	1_192	99.344	305	2	0	1	305	1	305	0.0	617
5_236	1_410	24.419	344	193	13	4	298	157	482	1.98e-04	37.4
5_237	1_231	100.000	242	0	0	1	242	1	242	1.66e-178	484
5_238	1_193	99.296	142	1	0	1	142	1	142	3.47e-98	273
5_239	1_305	99.809	524	1	0	1	524	1	524	0.0	1019
5_239	1_195	24.301	465	302	18	9	462	4	429	1.97e-13	67.0
5_240	1_233	100.000	444	0	0	1	444	1	444	0.0	887
5_240	1_490	30.725	345	183	9	8	341	5	304	4.39e-38	137
5_240	1_294	38.624	189	111	4	205	390	481	667	3.85e-35	133
5_240	1_294	47.423	97	51	0	11	107	39	135	7.01e-23	96.3
5_240	1_266	26.786	392	248	11	10	379	43	417	4.14e-23	95.9
5_240	1_412	32.117	137	92	1	199	334	584	720	2.87e-20	88.2
5_240	1_412	40.541	37	22	0	20	56	18	54	6.09e-04	36.6
5_240	1_33	35.616	146	81	5	214	355	140	276	2.42e-17	77.0
5_240	1_33	25.962	104	55	3	24	106	21	123	9.04e-05	38.5
5_240	1_205	32.520	123	71	3	190	312	247	357	5.62e-15	71.2
5_240	1_262	34.545	110	71	1	212	321	118	226	4.51e-13	63.9
5_240	1_262	26.050	119	79	3	22	137	16	128	1.82e-05	40.8
5_240	1_286	36.170	94	54	2	24	111	78	171	9.17e-12	60.5
5_240	1_286	36.585	82	51	1	230	311	197	277	4.94e-10	55.1
5_240	1_409	30.147	136	88	4	202	333	112	244	6.89e-11	58.5
5_240	1_409	28.431	102	68	3	10	106	6	107	3.09e-08	50.1
5_240	1_409	25.287	87	64	1	224	310	404	489	3.94e-05	40.0
5_240	1_177	31.313	99	67	1	232	330	136	233	3.41e-10	54.7
5_240	1_489	32.990	97	63	1	10	106	1	95	7.54e-10	55.5
5_240	1_59	28.030	132	92	1	204	332	131	262	8.04e-10	54.7
5_240	1_290	31.313	99	68	0	211	309	133	231	5.09e-09	51.6
5_240	1_442	32.394	142	92	3	211	351	107	245	9.70e-09	52.0
5_240	1_442	32.955	88	57	1	16	103	7	92	1.07e-08	51.6
5_240	1_322	31.915	94	62	1	10	103	1	92	1.14e-08	51.6
5_240	1_322	39.535	86	46	3	229	312	126	207	2.27e-08	50.4
5_240	1_526	36.232	69	44	0	10	78	324	392	1.70e-07	47.8
5_240	1_526	32.710	107	55	3	193	293	419	514	6.97e-06	42.7
5_240	1_72	30.488	82	54	2	232	312	407	486	3.48e-07	46.6
5_240	1_72	28.333	60	43	0	11	70	8	67	3.78e-04	37.0
5_240	1_447	30.769	78	53	1	1	77	327	404	5.54e-06	42.7
5_240	1_447	36.364	66	39	1	229	294	464	526	5.20e-05	39.7
5_240	1_265	31.765	85	54	1	226	310	150	230	1.63e-05	41.6
5_240	1_265	27.586	58	42	0	10	67	1	58	2.09e-05	41.2
5_240	1_437	32.787	61	41	0	11	71	327	387	3.48e-05	40.4
5_240	1_229	38.667	75	43	2	224	296	485	558	1.16e-04	38.9
5_240	1_562	36.471	85	48	3	185	263	66	150	1.18e-04	37.7
5_241	1_403	99.650	286	1	0	1	286	1	286	0.0	553
5_241	1_302	25.150	167	115	4	75	237	73	233	6.39e-05	38.1
5_242	1_302	99.270	274	2	0	1	274	1	274	0.0	536
5_242	1_403	25.150	167	115	4	73	233	75	237	5.60e-05	38.1
5_243	1_299	99.351	308	2	0	1	308	1	308	0.0	578
5_244	1_235	100.000	856	0	0	1	856	1	856	0.0	1721
5_244	1_392	35.361	707	433	11	50	746	6	698	2.45e-130	406
5_244	1_392	25.000	132	88	5	727	854	582	706	3.62e-04	38.5
5_245	1_237	100.000	297	0	0	1	297	1	297	0.0	599
5_246	1_409	99.805	512	1	0	1	512	1	512	0.0	1016
5_246	1_72	30.469	512	327	14	11	511	12	505	2.32e-54	186
5_246	1_489	23.938	259	169	9	6	263	1	232	1.65e-14	70.9
5_246	1_489	23.301	206	140	4	282	487	16	203	1.49e-06	45.1
5_246	1_286	25.108	231	157	8	6	228	60	282	5.91e-14	67.4
5_246	1_286	30.263	76	53	0	412	487	199	274	1.94e-04	37.7
5_246	1_442	25.592	211	143	5	6	215	1	198	8.79e-14	68.6
5_246	1_442	26.531	196	126	5	277	472	11	188	9.64e-11	58.5
5_246	1_177	25.676	222	145	6	6	221	5	212	1.00e-13	65.5
5_246	1_177	25.446	224	142	7	283	501	22	225	7.03e-09	51.2
5_246	1_322	28.194	227	133	7	282	505	16	215	2.37e-13	67.0
5_246	1_322	25.688	218	140	7	20	235	15	212	2.60e-13	66.6
5_246	1_33	24.576	236	141	7	13	223	14	237	3.43e-12	62.0
5_246	1_33	27.027	222	133	8	286	489	26	236	4.38e-12	61.6
5_246	1_262	27.273	220	125	10	21	225	19	218	3.99e-12	61.2
5_246	1_262	25.541	231	157	8	264	492	1	218	6.45e-06	42.4
5_246	1_290	24.464	233	160	7	22	245	27	252	1.54e-11	59.3
5_246	1_290	21.875	224	167	5	267	487	12	230	1.34e-07	47.4
5_246	1_233	30.147	136	88	4	112	244	202	333	8.09e-11	58.5
5_246	1_233	28.431	102	68	3	6	107	10	106	3.56e-08	50.1
5_246	1_233	25.287	87	64	1	404	489	224	310	4.46e-05	40.0
5_246	1_266	36.634	101	54	3	129	223	264	360	8.58e-11	58.2
5_246	1_266	35.443	79	50	1	412	489	281	359	3.99e-07	46.6
5_246	1_266	41.071	56	29	1	6	57	43	98	6.20e-06	42.7
5_246	1_294	34.409	93	54	2	402	490	498	587	1.55e-10	58.2
5_246	1_294	29.213	89	58	2	133	220	500	584	8.53e-08	49.3
5_246	1_294	29.348	92	54	4	16	104	48	131	7.95e-07	46.2
5_246	1_526	29.545	220	114	7	2	206	320	513	2.23e-10	57.4
5_246	1_490	23.333	270	154	9	28	246	29	296	1.03e-09	54.7
5_246	1_490	32.609	92	57	2	399	489	184	271	1.00e-06	45.4
5_246	1_205	25.424	236	134	10	22	230	143	363	1.19e-09	54.7
5_246	1_205	25.296	253	145	8	262	487	118	353	4.76e-08	49.7
5_246	1_412	30.097	103	62	3	129	225	601	699	4.56e-08	50.1
5_246	1_412	27.723	101	72	1	410	509	616	716	1.43e-05	42.0
5_246	1_265	24.599	187	125	4	6	176	1	187	4.87e-07	46.6
5_246	1_59	26.267	217	134	9	32	230	40	248	5.51e-06	42.7
5_246	1_59	33.333	81	53	1	410	489	160	240	6.10e-05	39.7
5_246	1_562	25.000	160	108	5	22	179	4	153	5.56e-06	42.0
5_246	1_101	22.353	170	119	4	37	202	500	660	2.69e-05	41.2
5_246	1_331	26.230	183	118	8	37	215	365	534	5.70e-04	36.6
5_246	1_229	27.184	103	72	1	373	472	795	897	7.33e-04	36.6
5_247	1_239	100.000	419	0	0	1	419	1	419	0.0	848
5_248	1_241	100.000	184	0	0	1	184	1	184	4.67e-136	372
5_249	1_422	99.541	218	1	0	1	218	1	218	5.92e-161	438
5_250	1_423	99.585	241	1	0	1	241	1	241	5.55e-180	488
5_251	1_424	99.187	246	2	0	1	246	1	246	0.0	495
5_252	1_245	100.000	166	0	0	1	166	1	166	3.68e-117	323
5_253	1_246	100.000	76	0	0	1	76	1	76	2.76e-50	147
5_254	1_248	100.000	600	0	0	1	600	1	600	0.0	1198
5_255	1_310	99.855	691	1	0	1	691	1	691	0.0	1389
5_256	1_250	100.000	120	0	0	1	120	1	120	4.28e-85	238
5_257	1_140	99.856	694	1	0	1	694	1	694	0.0	1389
5_258	1_254	100.000	81	0	0	1	81	1	81	1.05e-57	166
5_259	1_6	99.701	335	1	0	1	335	1	335	0.0	662
5_260	1_384	99.687	638	2	0	1	638	1	638	0.0	1247
5_261	1_255	100.000	160	0	0	1	160	1	160	9.79e-114	314
5_262	1_383	99.057	212	2	0	1	212	1	212	4.69e-147	403
5_263	1_256	100.000	222	0	0	1	222	1	222	5.84e-163	444
5_264	1_24	99.412	170	1	0	1	170	1	170	1.55e-121	335
5_265	1_353	99.753	1216	3	0	1	1216	1	1216	0.0	2392
5_266	1_260	100.000	266	0	0	1	266	1	266	0.0	526
5_266	1_92	37.143	105	61	3	22	121	37	141	4.02e-14	65.5
5_267	1_262	100.000	272	0	0	1	272	1	272	0.0	542
5_267	1_33	34.188	234	133	6	19	232	22	254	2.74e-34	120
5_267	1_447	35.204	196	109	5	16	205	348	531	2.52e-19	82.0
5_267	1_205	26.800	250	159	8	3	229	122	370	7.35e-19	80.5
5_267	1_59	31.330	233	127	7	19	227	29	252	1.10e-18	79.3
5_267	1_286	28.636	220	132	4	19	225	79	286	1.58e-18	78.2
5_267	1_177	27.805	205	136	6	20	220	22	218	2.41e-15	68.6
5_267	1_412	36.275	102	64	1	127	227	607	708	2.48e-15	70.5
5_267	1_412	33.333	75	43	3	23	91	27	100	2.67e-04	36.6
5_267	1_331	30.189	212	132	8	2	208	334	534	2.16e-14	67.4
5_267	1_526	32.057	209	122	8	1	204	324	517	3.27e-14	66.6
5_267	1_322	31.081	222	129	11	1	215	1	205	8.98e-14	65.5
5_267	1_233	34.545	110	71	1	118	226	212	321	2.76e-13	63.9
5_267	1_233	26.050	119	79	3	16	128	22	137	1.12e-05	40.8
5_267	1_437	32.353	204	117	11	2	200	327	514	2.77e-13	63.9
5_267	1_294	31.776	107	72	1	116	221	486	592	3.39e-13	63.9
5_267	1_294	31.915	94	55	3	16	106	50	137	3.94e-06	42.4
5_267	1_265	27.778	198	108	5	16	185	13	203	1.11e-12	62.0
5_267	1_409	27.273	220	125	10	19	218	21	225	2.26e-12	61.2
5_267	1_409	25.541	231	157	8	1	218	264	492	3.92e-06	42.0
5_267	1_266	32.500	120	77	3	104	219	244	363	2.48e-12	60.8
5_267	1_72	32.143	196	124	6	28	217	31	223	5.50e-12	60.1
5_267	1_490	24.221	289	161	9	2	236	8	292	3.22e-11	57.4
5_267	1_290	26.848	257	156	9	1	240	9	250	1.75e-08	48.5
5_267	1_442	23.618	199	141	6	16	212	13	202	3.35e-08	48.5
5_267	1_489	27.149	221	125	10	1	208	1	198	6.76e-08	47.8
5_267	1_229	29.801	151	85	7	90	224	783	928	1.17e-07	47.0
5_267	1_101	24.757	206	130	7	2	197	471	661	1.55e-07	46.6
5_267	1_562	32.867	143	73	7	37	169	21	150	1.42e-06	42.4
5_268	1_265	100.000	538	0	0	1	538	1	538	0.0	1101
5_268	1_322	25.641	234	141	6	1	230	1	205	1.12e-12	64.7
5_268	1_322	28.571	210	133	8	319	519	1	202	1.15e-09	55.1
5_268	1_262	27.778	198	108	5	13	203	16	185	2.19e-12	62.0
5_268	1_442	22.993	274	175	5	1	272	1	240	5.90e-11	59.3
5_268	1_442	24.645	211	138	8	319	518	1	201	5.30e-06	43.5
5_268	1_526	28.342	187	110	5	1	187	324	486	1.87e-10	57.8
5_268	1_72	26.271	236	145	9	2	230	8	221	6.50e-10	55.8
5_268	1_72	32.432	74	47	2	453	523	149	222	3.41e-04	37.4
5_268	1_447	23.853	218	133	6	1	213	336	525	5.99e-09	52.8
5_268	1_331	44.898	49	27	0	13	61	346	394	9.17e-08	48.9
5_268	1_409	24.599	187	125	4	1	187	6	176	5.21e-07	46.6
5_268	1_294	35.088	57	37	0	2	58	39	95	6.78e-07	46.2
5_268	1_294	23.810	84	60	1	152	231	504	587	3.48e-05	40.8
5_268	1_33	24.286	210	127	6	20	213	26	219	9.11e-07	45.1
5_268	1_177	21.397	229	162	8	319	536	5	226	1.56e-06	43.9
5_268	1_177	22.363	237	149	6	1	230	5	213	2.47e-05	40.4
5_268	1_437	35.185	54	35	0	10	63	335	388	8.39e-06	42.7
5_268	1_489	20.851	235	133	6	1	219	1	198	9.25e-06	42.7
5_268	1_489	26.027	219	131	9	319	521	1	204	9.91e-06	42.7
5_268	1_233	31.765	85	54	1	150	230	226	310	1.97e-05	41.6
5_268	1_233	27.586	58	42	0	1	58	10	67	2.53e-05	41.2
5_268	1_290	22.511	231	149	6	320	525	10	235	4.51e-05	39.7
5_268	1_290	21.577	241	139	6	14	233	24	235	2.08e-04	37.7
5_268	1_205	23.913	184	111	6	16	187	142	308	1.08e-04	39.3
5_268	1_490	27.174	92	64	1	443	534	188	276	3.44e-04	37.4
5_268	1_101	25.126	199	105	10	32	217	500	667	4.71e-04	37.4
5_268	1_412	28.169	71	47	1	449	515	619	689	6.94e-04	36.6
5_269	1_456	98.999	699	3	1	1	695	1	699	0.0	1368
5_270	1_268	100.000	599	0	0	1	599	1	599	0.0	1221
5_270	1_158	30.093	216	126	7	117	315	10	217	6.12e-17	78.6
5_270	1_159	37.008	127	62	2	116	224	13	139	8.06e-14	68.9
5_270	1_54	32.099	162	90	3	116	257	21	182	2.50e-13	66.6
5_271	1_270	100.000	327	0	0	1	327	1	327	0.0	660
5_272	1_272	100.000	826	0	0	1	826	1	826	0.0	1676
5_272	1_339	28.413	630	325	21	29	613	34	582	5.36e-49	177
5_273	1_274	100.000	263	0	0	1	263	1	263	0.0	506
5_273	1_301	27.350	117	73	3	48	152	110	226	1.50e-06	42.7
5_273	1_301	31.092	119	70	4	35	141	121	239	2.75e-05	38.9
5_274	1_275	100.000	467	0	0	1	467	1	467	0.0	955
5_275	1_278	100.000	107	0	0	1	107	1	107	2.33e-72	205
5_276	1_280	100.000	212	0	0	1	212	1	212	9.44e-157	427
5_277	1_281	100.000	120	0	0	1	120	1	120	5.23e-88	246
5_278	1_282	100.000	236	0	0	1	236	1	236	1.77e-172	469
5_278	1_433	33.824	136	63	8	4	113	16	150	3.74e-06	41.6
5_279	1_283	100.000	381	0	0	1	381	1	381	0.0	754
5_280	1_333	99.298	285	2	0	1	285	1	285	0.0	566
5_281	1_167	99.756	410	1	0	1	410	1	410	0.0	808
5_282	1_168	99.559	227	1	0	1	227	1	227	1.24e-163	446
5_283	1_286	100.000	307	0	0	1	307	1	307	0.0	616
5_283	1_489	32.735	223	133	7	60	279	1	209	1.63e-24	98.2
5_283	1_322	30.732	205	122	6	79	277	16	206	9.83e-21	87.0
5_283	1_442	29.442	197	127	5	79	273	16	202	2.33e-19	83.2
5_283	1_262	28.636	220	132	4	79	286	19	225	1.98e-18	78.2
5_283	1_59	28.972	214	133	6	58	258	14	221	1.26e-15	70.9
5_283	1_266	42.857	84	47	1	194	276	276	359	6.15e-15	69.3
5_283	1_266	31.481	108	69	2	59	163	42	147	1.06e-06	44.3
5_283	1_205	31.282	195	113	8	81	258	146	336	1.86e-14	68.2
5_283	1_409	25.108	231	157	8	60	282	6	228	3.42e-14	67.4
5_283	1_409	30.263	76	53	0	199	274	412	487	1.00e-04	38.1
5_283	1_490	24.779	226	119	3	84	258	27	252	7.83e-14	65.9
5_283	1_412	31.000	100	68	1	188	286	607	706	1.18e-13	65.9
5_283	1_290	25.472	212	146	4	56	258	5	213	4.47e-13	62.8
5_283	1_33	27.885	208	112	7	78	258	21	217	3.78e-12	60.5
5_283	1_233	36.170	94	54	2	78	171	24	111	5.00e-12	60.5
5_283	1_233	36.585	82	51	1	197	277	230	311	3.80e-10	54.7
5_283	1_294	34.146	82	53	1	194	274	503	584	8.28e-10	53.9
5_283	1_294	31.707	82	46	2	84	163	58	131	6.55e-08	48.1
5_283	1_177	24.272	206	141	6	83	283	25	220	2.21e-09	51.6
5_283	1_562	26.708	161	104	4	78	233	2	153	2.50e-09	50.8
5_283	1_72	25.405	185	119	6	83	257	26	201	6.42e-09	51.2
5_283	1_72	23.387	248	159	10	59	279	244	487	8.45e-06	41.6
5_283	1_101	29.167	168	103	8	97	257	502	660	1.71e-08	50.1
5_283	1_331	31.527	203	114	11	79	271	349	536	2.38e-08	49.3
5_283	1_447	25.510	196	125	7	79	267	351	532	6.61e-08	48.1
5_283	1_437	29.570	186	108	8	79	257	341	510	8.08e-08	47.8
5_283	1_526	25.405	185	120	5	79	258	339	510	2.27e-07	46.2
5_284	1_287	100.000	380	0	0	1	380	1	380	0.0	774
5_284	1_508	64.912	57	20	0	218	274	21	77	1.56e-23	88.2
5_285	1_64	99.387	163	1	0	1	163	1	163	2.99e-118	326
5_286	1_290	100.000	256	0	0	1	256	1	256	0.0	509
5_286	1_266	34.711	121	77	2	126	244	251	371	2.26e-16	72.8
5_286	1_490	26.071	280	162	5	8	244	6	283	3.87e-16	71.6
5_286	1_286	27.358	212	142	4	5	213	56	258	1.23e-15	69.7
5_286	1_412	30.508	118	73	2	134	250	597	706	3.11e-14	66.6
5_286	1_442	27.136	199	126	4	28	225	18	198	2.86e-13	63.9
5_286	1_409	24.138	232	162	10	27	252	22	245	3.13e-12	60.5
5_286	1_409	22.566	226	163	6	12	230	267	487	4.42e-09	50.8
5_286	1_205	25.203	246	153	8	4	231	122	354	1.92e-11	58.2
5_286	1_262	27.237	257	155	9	9	250	1	240	6.83e-11	55.8
5_286	1_33	25.806	217	145	9	27	231	23	235	8.68e-11	55.5
5_286	1_322	25.664	226	139	7	24	245	14	214	2.05e-10	55.1
5_286	1_294	33.766	77	51	0	154	230	508	584	2.73e-09	51.6
5_286	1_294	29.885	87	55	2	27	112	54	135	1.82e-04	37.0
5_286	1_233	31.313	99	68	0	133	231	211	309	2.80e-09	51.6
5_286	1_59	27.801	241	145	11	6	231	13	239	1.23e-08	49.3
5_286	1_489	23.188	207	138	6	23	227	13	200	3.94e-08	48.1
5_286	1_72	24.074	216	151	7	20	231	14	220	5.01e-08	47.8
5_286	1_72	24.180	244	146	10	30	251	277	503	1.78e-05	40.0
5_286	1_447	26.699	206	131	7	9	212	336	523	8.43e-08	47.0
5_286	1_177	22.831	219	137	7	22	231	17	212	2.22e-06	42.0
5_286	1_265	22.271	229	152	6	10	235	320	525	3.04e-06	42.4
5_286	1_265	21.992	241	138	8	24	235	14	233	2.78e-05	39.3
5_286	1_101	28.333	180	105	7	40	212	498	660	3.14e-05	39.3
5_286	1_526	21.053	209	141	7	9	214	324	511	2.70e-04	36.2
5_286	1_229	28.889	90	53	4	136	218	815	900	3.46e-04	36.2
5_286	1_331	24.312	218	127	10	8	214	332	522	3.76e-04	35.8
5_287	1_291	100.000	158	0	0	1	158	1	158	1.02e-115	319
5_288	1_2	99.714	350	1	0	1	350	1	350	0.0	715
5_289	1_293	100.000	159	0	0	1	159	1	159	2.73e-117	323
5_289	1_206	32.500	120	78	2	22	140	15	132	6.93e-11	52.4
5_290	1_294	100.000	725	0	0	1	725	1	725	0.0	1470
5_290	1_233	38.624	189	111	4	481	667	205	390	6.29e-35	133
5_290	1_233	47.423	97	51	0	39	135	11	107	1.15e-22	96.3
5_290	1_490	40.146	137	82	0	481	617	166	302	3.60e-31	120
5_290	1_490	30.088	113	70	2	38	150	7	110	3.31e-11	60.1
5_290	1_412	25.735	136	99	2	481	614	590	725	2.65e-17	80.5
5_290	1_412	28.049	164	100	5	42	204	12	158	2.55e-07	48.5
5_290	1_266	38.298	94	57	1	501	594	274	366	9.48e-17	77.8
5_290	1_266	29.688	128	75	3	33	145	38	165	7.50e-10	56.2
5_290	1_205	32.432	111	74	1	505	614	274	384	1.74e-14	70.9
5_290	1_262	31.776	107	72	1	486	592	116	221	9.04e-13	63.9
5_290	1_262	31.915	94	55	3	50	137	16	106	1.05e-05	42.4
5_290	1_33	25.806	155	88	3	501	655	152	279	2.47e-12	62.8
5_290	1_33	30.952	84	39	3	53	117	22	105	1.20e-05	42.4
5_290	1_177	32.292	96	63	2	500	594	127	221	5.11e-11	58.2
5_290	1_409	34.409	93	54	2	498	587	402	490	2.24e-10	57.8
5_290	1_409	29.213	89	58	2	500	584	133	220	1.24e-07	49.3
5_290	1_409	29.348	92	54	4	48	131	16	104	1.11e-06	46.2
5_290	1_322	32.967	91	59	1	498	588	119	207	1.14e-09	55.8
5_290	1_322	33.333	99	58	3	39	134	2	95	6.01e-07	47.0
5_290	1_442	31.897	116	70	2	474	589	102	208	1.52e-09	55.5
5_290	1_442	32.673	101	60	2	39	136	2	97	2.51e-07	48.5
5_290	1_286	34.146	82	53	1	503	584	194	274	2.32e-09	53.9
5_290	1_286	31.707	82	46	2	58	131	84	163	2.17e-07	47.8
5_290	1_59	29.358	109	76	1	505	612	159	267	1.02e-08	52.0
5_290	1_59	25.899	139	83	6	30	151	4	139	4.44e-04	37.4
5_290	1_290	33.766	77	51	0	508	584	154	230	1.35e-08	51.2
5_290	1_489	30.357	112	75	2	39	149	2	111	3.42e-08	51.2
5_290	1_489	31.081	74	49	1	508	581	129	200	1.64e-05	42.4
5_290	1_72	30.476	105	70	1	38	139	7	111	5.11e-08	50.4
5_290	1_72	25.974	77	56	1	508	584	407	482	6.71e-04	37.0
5_290	1_526	34.247	73	48	0	36	108	322	394	5.03e-07	47.4
5_290	1_526	28.788	132	78	6	448	572	393	515	6.00e-05	40.4
5_290	1_265	35.088	57	37	0	39	95	2	58	9.14e-07	46.2
5_290	1_265	23.810	84	60	1	504	587	152	231	4.69e-05	40.8
5_290	1_447	27.778	90	61	2	493	581	452	538	1.41e-06	45.8
5_290	1_562	38.298	47	29	0	493	539	104	150	1.15e-05	41.6
5_290	1_331	33.333	66	43	1	36	100	331	396	2.70e-05	41.6
5_290	1_437	25.301	83	59	1	36	115	324	406	2.68e-04	38.5
5_291	1_58	99.740	385	1	0	1	385	1	385	0.0	767
5_291	1_129	32.877	219	139	5	160	377	106	317	2.13e-21	88.6
5_291	1_457	24.000	225	145	7	175	384	151	364	5.00e-04	36.2
5_292	1_240	99.715	351	1	0	1	351	1	351	0.0	684
5_292	1_457	27.358	318	207	7	6	316	61	361	7.05e-23	92.8
5_293	1_298	100.000	607	0	0	1	607	1	607	0.0	1221
5_294	1_405	99.767	429	1	0	1	429	1	429	0.0	862
5_295	1_306	100.000	88	0	0	1	88	1	88	6.79e-60	172
5_296	1_308	100.000	232	0	0	1	232	1	232	6.29e-174	472
5_297	1_244	99.779	452	1	0	1	452	1	452	0.0	883
5_298	1_391	98.529	204	3	0	1	204	1	204	6.17e-141	387
5_299	1_442	99.870	772	1	0	1	772	1	772	0.0	1506
5_299	1_322	48.402	438	198	9	1	416	1	432	3.87e-108	339
5_299	1_322	45.736	129	70	0	644	772	518	646	6.75e-23	98.6
5_299	1_489	30.970	804	489	19	1	772	1	770	7.29e-85	280
5_299	1_286	29.442	197	127	5	16	202	79	273	5.86e-19	83.2
5_299	1_72	32.673	202	122	5	6	195	12	211	1.35e-15	74.7
5_299	1_409	25.592	211	143	5	1	198	6	215	1.23e-13	68.6
5_299	1_409	26.020	196	127	5	11	188	277	472	4.36e-10	57.0
5_299	1_33	25.000	208	129	5	17	198	23	229	1.37e-13	67.0
5_299	1_447	26.415	212	137	7	1	201	336	539	8.15e-12	62.8
5_299	1_290	27.451	204	119	8	18	198	28	225	8.89e-12	60.8
5_299	1_331	31.373	204	111	9	13	200	346	536	3.47e-11	60.8
5_299	1_437	30.882	204	134	4	2	201	327	527	4.37e-11	60.5
5_299	1_265	22.993	274	175	5	1	240	1	272	8.47e-11	59.3
5_299	1_265	24.645	211	138	8	1	201	319	518	7.73e-06	43.5
5_299	1_294	31.897	116	70	2	102	208	474	589	1.63e-09	55.5
5_299	1_294	32.673	101	60	2	2	97	39	136	2.67e-07	48.5
5_299	1_490	30.986	142	89	5	59	197	128	263	1.70e-09	54.7
5_299	1_490	52.778	36	17	0	21	56	27	62	5.41e-05	40.4
5_299	1_526	28.866	194	127	6	1	188	324	512	9.78e-09	52.8
5_299	1_233	32.394	142	92	3	107	245	211	351	1.66e-08	52.0
5_299	1_233	32.955	88	57	1	7	92	16	103	1.81e-08	52.0
5_299	1_262	23.618	199	141	6	13	202	16	212	9.35e-08	48.9
5_299	1_266	25.191	131	91	3	72	197	223	351	1.34e-07	48.9
5_299	1_101	24.479	192	131	5	23	204	491	678	3.21e-07	48.1
5_299	1_229	38.144	97	51	4	110	200	815	908	6.31e-07	47.4
5_299	1_229	28.571	147	88	6	64	193	416	562	1.50e-04	39.7
5_299	1_412	27.957	93	65	1	108	198	597	689	7.67e-07	47.0
5_299	1_177	27.174	184	109	7	19	188	24	196	2.21e-06	44.3
5_299	1_205	25.592	211	123	8	16	197	142	347	5.65e-06	43.9
5_299	1_562	27.684	177	117	5	16	185	3	175	1.50e-05	41.2
5_299	1_59	30.682	88	57	2	114	197	145	232	1.90e-04	38.9
5_300	1_322	100.000	650	0	0	1	650	1	650	0.0	1263
5_300	1_442	48.402	438	198	9	1	432	1	416	5.94e-108	338
5_300	1_442	39.344	183	105	1	470	646	590	772	7.94e-31	123
5_300	1_489	39.823	452	246	10	1	438	1	440	2.00e-89	290
5_300	1_489	29.348	184	126	2	467	646	587	770	3.37e-16	76.6
5_300	1_286	30.732	205	122	6	16	206	79	277	2.12e-20	87.0
5_300	1_331	32.558	215	117	9	2	200	334	536	3.86e-15	72.8
5_300	1_447	29.717	212	130	8	1	201	336	539	4.28e-15	72.8
5_300	1_33	28.169	213	128	6	18	205	24	236	3.61e-14	68.2
5_300	1_262	31.081	222	129	11	1	205	1	215	1.90e-13	65.9
5_300	1_409	25.688	218	140	7	15	212	20	235	3.14e-13	66.6
5_300	1_409	27.753	227	134	7	16	215	282	505	8.93e-13	65.5
5_300	1_72	29.524	210	134	5	10	205	12	221	1.59e-12	64.7
5_300	1_72	28.326	233	135	9	2	208	261	487	7.09e-09	52.8
5_300	1_265	25.641	234	141	6	1	205	1	230	1.73e-12	64.7
5_300	1_265	28.571	210	133	8	1	202	319	519	1.81e-09	54.7
5_300	1_526	28.365	208	110	6	1	188	324	512	7.64e-11	59.3
5_300	1_177	29.596	223	136	8	4	214	8	221	9.70e-11	57.0
5_300	1_101	31.285	179	100	8	32	195	500	670	5.61e-10	56.6
5_300	1_294	32.967	91	59	1	119	207	498	588	1.01e-09	55.8
5_300	1_294	33.333	99	58	3	2	95	39	134	5.77e-07	47.0
5_300	1_490	29.333	150	99	3	60	207	129	273	1.69e-09	54.7
5_300	1_490	43.636	55	31	0	2	56	8	62	1.23e-05	42.4
5_300	1_290	26.407	231	131	10	14	214	24	245	5.77e-09	52.0
5_300	1_412	34.940	83	52	1	127	207	616	698	6.44e-09	53.1
5_300	1_205	25.688	218	138	7	16	209	142	359	1.29e-08	52.0
5_300	1_233	31.915	94	62	1	1	92	10	103	1.67e-08	51.6
5_300	1_233	39.535	86	46	3	126	207	229	312	3.27e-08	50.8
5_300	1_266	32.692	104	64	3	115	215	267	367	6.43e-08	49.7
5_300	1_437	29.167	216	137	9	2	209	327	534	6.75e-08	49.7
5_300	1_562	29.677	155	98	4	16	163	3	153	4.18e-06	42.7
5_300	1_59	32.941	85	55	1	127	209	160	244	2.65e-05	41.2
5_300	1_229	36.905	84	44	4	121	198	826	906	1.31e-04	39.3
5_301	1_323	100.000	979	0	0	1	979	1	979	0.0	1930
5_302	1_102	99.749	398	1	0	1	398	1	398	0.0	810
5_303	1_337	100.000	297	0	0	1	297	1	297	0.0	578
5_304	1_372	99.128	344	3	0	1	344	1	344	0.0	676
5_304	1_319	24.606	317	175	11	64	333	46	345	2.30e-05	40.0
5_305	1_130	99.296	142	1	0	1	142	1	142	4.87e-103	286
5_306	1_338	100.000	490	0	0	1	490	1	490	0.0	961
5_307	1_476	99.824	569	1	0	1	569	1	569	0.0	1101
5_307	1_73	30.556	216	124	4	79	285	18	216	9.52e-12	60.8
5_308	1_346	100.000	256	0	0	1	256	1	256	0.0	510
5_309	1_22	99.823	564	1	0	1	564	1	564	0.0	1103
5_309	1_429	31.670	461	251	12	95	533	214	632	2.85e-52	184
5_309	1_531	31.614	446	261	9	99	533	95	507	2.70e-51	178
5_309	1_577	30.901	466	255	14	97	533	67	494	2.53e-49	173
5_309	1_551	30.024	423	248	9	118	533	237	618	4.19e-47	169
5_309	1_428	30.496	423	234	11	131	540	144	519	6.68e-44	159
5_310	1_350	100.000	188	0	0	1	188	1	188	6.51e-139	380
5_311	1_354	100.000	696	0	0	1	696	1	696	0.0	1387
5_312	1_381	98.621	145	2	0	1	145	1	145	8.23e-102	283
5_313	1_357	100.000	270	0	0	1	270	1	270	0.0	546
5_314	1_376	99.444	720	4	0	1	720	1	720	0.0	1476
5_315	1_388	99.785	465	1	0	1	465	1	465	0.0	926
5_316	1_373	100.000	579	0	0	1	579	1	579	0.0	1178
5_317	1_16	99.634	273	1	0	1	273	1	273	0.0	562
5_318	1_35	98.462	65	1	0	1	65	1	65	3.29e-44	131
5_319	1_411	100.000	939	0	0	1	939	1	939	0.0	1903
5_320	1_420	100.000	511	0	0	1	511	1	511	0.0	1046
5_320	1_313	43.385	325	173	6	105	423	125	444	2.16e-74	239
5_320	1_311	22.712	295	216	6	49	340	63	348	4.00e-08	50.1
5_320	1_184	22.819	298	203	11	116	400	119	402	3.79e-06	43.5
5_321	1_435	100.000	194	0	0	1	194	1	194	9.67e-144	393
5_321	1_62	37.888	161	95	3	4	160	3	162	1.83e-27	98.2
5_322	1_444	100.000	662	0	0	1	662	1	662	0.0	1330
5_323	1_445	100.000	463	0	0	1	463	1	463	0.0	936
5_324	1_451	100.000	121	0	0	1	121	1	121	7.49e-88	246
5_325	1_453	100.000	883	0	0	1	883	1	883	0.0	1786
5_326	1_459	100.000	892	0	0	1	892	1	892	0.0	1801
5_327	1_471	100.000	384	0	0	1	384	1	384	0.0	767
5_328	1_472	100.000	276	0	0	1	276	1	276	0.0	550
5_328	1_253	36.255	251	125	6	1	233	1	234	1.92e-31	113
5_329	1_483	100.000	632	0	0	1	632	1	632	0.0	1286
5_330	1_484	100.000	197	0	0	1	197	1	197	2.30e-134	369
5_331	1_393	99.844	641	1	0	1	641	1	641	0.0	1285
5_331	1_42	44.131	639	334	9	3	626	5	635	6.91e-168	489
5_332	1_315	99.005	402	4	0	1	402	1	402	0.0	793
5_333	1_314	97.143	385	11	0	1	385	1	385	0.0	730
5_334	1_147	98.883	179	2	0	1	179	1	179	5.62e-126	347
5_335	1_313	99.606	507	2	0	1	507	1	507	0.0	1009
5_335	1_420	43.077	325	174	6	125	444	105	423	9.49e-74	237
5_335	1_311	26.486	370	261	7	58	421	44	408	3.87e-25	102
5_335	1_184	21.687	332	250	6	37	363	15	341	3.42e-07	47.0
5_336	1_149	99.379	161	1	0	1	161	1	161	6.27e-117	322
5_337	1_249	100.000	305	0	0	1	305	1	305	0.0	606
5_338	1_150	99.773	440	1	0	1	440	1	440	0.0	875
5_338	1_7	36.269	193	110	4	101	283	125	314	1.97e-26	103
5_339	1_151	99.780	455	1	0	1	455	1	455	0.0	927
5_340	1_153	99.638	276	1	0	1	276	1	276	0.0	562
5_341	1_154	99.758	414	1	0	1	414	1	414	0.0	827
5_342	1_394	99.558	1585	7	0	1	1585	1	1585	0.0	3121
5_342	1_209	26.006	323	185	12	917	1223	623	907	4.79e-14	72.0
5_342	1_209	37.383	107	59	3	281	385	297	397	1.20e-05	44.3
5_343	1_395	99.420	517	3	0	1	517	1	517	0.0	1002
5_344	1_396	99.700	999	3	0	1	999	1	999	0.0	2014
5_345	1_243	99.160	238	2	0	1	238	1	238	5.25e-172	468
5_346	1_229	99.789	947	2	0	1	947	1	947	0.0	1932
5_346	1_262	29.801	151	85	7	783	928	90	224	3.88e-07	47.0
5_346	1_442	39.130	92	47	4	820	908	115	200	7.10e-07	47.4
5_346	1_442	28.571	147	88	6	416	562	64	193	1.65e-04	39.7
5_346	1_33	32.051	78	50	1	820	897	145	219	1.35e-06	45.8
5_346	1_33	30.000	80	54	1	479	558	145	222	5.97e-06	43.5
5_346	1_489	36.585	82	43	4	834	912	129	204	2.07e-05	42.7
5_346	1_322	36.905	84	44	4	826	906	121	198	1.78e-04	39.7
5_346	1_412	33.333	102	63	3	476	574	601	700	1.86e-04	39.7
5_346	1_266	25.168	298	194	12	628	907	63	349	1.89e-04	39.3
5_346	1_233	38.667	75	43	2	485	558	224	296	2.30e-04	38.9
5_346	1_205	29.897	97	57	4	834	928	277	364	3.95e-04	38.1
5_346	1_59	29.825	114	68	5	833	943	161	265	5.20e-04	37.7
5_347	1_397	98.526	475	7	0	4	478	7	481	0.0	907
5_348	1_41	99.693	326	1	0	1	326	1	326	0.0	650
5_349	1_398	99.632	1086	4	0	1	1086	1	1086	0.0	2130
5_349	1_399	24.222	450	279	15	23	431	12	440	1.01e-08	53.9
5_349	1_468	24.947	469	294	15	18	451	14	459	1.28e-07	50.1
5_349	1_439	22.624	221	146	6	31	226	14	234	5.06e-05	41.6
5_349	1_521	26.667	255	162	9	25	260	29	277	1.14e-04	40.4
5_349	1_524	22.707	458	302	16	16	430	5	453	1.73e-04	40.0
5_350	1_307	99.171	965	8	0	1	965	1	965	0.0	1890
5_350	1_440	23.247	271	155	11	65	297	63	318	4.76e-08	51.6
5_350	1_522	26.286	175	110	5	24	191	12	174	2.18e-04	39.3
5_350	1_467	26.667	375	214	20	5	353	3	342	0.001	37.4
5_351	1_399	95.853	1085	22	4	1	1084	1	1063	0.0	2018
5_351	1_468	27.298	1077	658	34	1	1034	6	1000	8.32e-81	280
5_351	1_439	31.988	322	208	5	4	322	1	314	2.78e-43	166
5_351	1_439	25.839	298	177	8	521	777	721	1015	1.86e-16	79.0
5_351	1_439	35.965	114	69	4	357	468	472	583	2.62e-10	58.9
5_351	1_524	24.412	553	309	20	6	496	4	509	2.51e-14	72.4
5_351	1_521	24.010	404	243	14	15	394	31	394	5.38e-13	67.8
5_351	1_398	24.222	450	279	15	12	440	23	431	3.58e-08	52.0
5_352	1_400	99.782	1376	3	0	1	1376	1	1376	0.0	2698
5_352	1_553	66.299	997	316	3	1	981	1	993	0.0	1279
5_352	1_552	71.717	396	109	3	981	1376	4	396	0.0	556
5_353	1_401	99.155	355	3	0	1	355	26	380	0.0	681
5_354	1_47	99.825	571	1	0	1	571	1	571	0.0	1147
5_355	1_234	99.552	446	2	0	1	446	1	446	0.0	889
5_356	1_404	98.714	1477	12	1	1	1470	1	1477	0.0	2948
5_356	1_343	22.222	720	356	26	789	1426	188	785	2.28e-17	82.4
5_357	1_406	98.165	109	2	0	1	109	1	109	4.40e-74	210
5_357	1_390	32.308	65	43	1	38	101	79	143	3.81e-06	38.1
5_358	1_369	99.138	232	2	0	1	232	1	232	2.99e-163	445
5_359	1_407	99.748	1982	5	0	1	1982	1	1982	0.0	3867
5_359	1_566	30.230	870	558	19	45	884	8	858	4.71e-94	322
5_359	1_527	35.516	397	209	11	60	425	37	417	1.49e-54	196
5_360	1_553	98.993	993	4	1	1	987	1	993	0.0	1921
5_360	1_400	68.103	1392	415	6	1	1379	1	1376	0.0	1817
5_360	1_552	99.746	394	1	0	987	1380	4	397	0.0	799
5_361	1_297	99.512	205	1	0	1	205	1	205	2.53e-143	393
5_362	1_238	99.760	416	1	0	1	416	1	416	0.0	796
5_363	1_56	99.751	402	1	0	1	402	1	402	0.0	804
5_364	1_410	99.509	611	3	0	1	611	1	611	0.0	1223
5_364	1_572	31.004	229	154	4	385	609	4	232	2.19e-32	119
5_364	1_557	30.597	134	91	1	167	300	4	135	7.02e-16	69.7
5_364	1_573	29.703	101	67	1	285	385	15	111	2.36e-09	50.1
5_364	1_192	24.277	346	195	13	155	482	2	298	8.07e-08	48.9
5_364	1_161	28.704	216	131	10	277	477	95	302	1.08e-04	39.3
5_365	1_57	99.673	306	1	0	1	306	1	306	0.0	607
5_366	1_567	98.588	708	10	0	70	777	35	742	0.0	1402
5_366	1_478	37.662	693	370	20	63	743	4	646	2.77e-124	382
5_366	1_449	28.829	333	192	12	301	602	328	646	2.80e-27	112
5_367	1_59	99.713	349	1	0	1	349	1	349	0.0	712
5_367	1_205	39.940	333	194	3	5	332	116	447	9.01e-78	241
5_367	1_412	36.646	161	82	3	118	266	570	722	1.59e-29	114
5_367	1_266	37.500	136	83	1	131	266	252	385	7.39e-28	107
5_367	1_266	29.630	135	70	5	7	125	32	157	3.59e-09	52.4
5_367	1_262	31.330	233	127	7	29	252	19	227	3.40e-23	92.4
5_367	1_286	28.972	214	133	6	14	221	58	258	1.02e-18	80.1
5_367	1_33	33.043	115	74	2	140	254	139	250	9.52e-14	65.5
5_367	1_177	24.783	230	150	7	30	257	22	230	9.54e-14	64.7
5_367	1_233	30.357	112	75	1	131	242	204	312	2.80e-13	65.1
5_367	1_290	38.462	78	48	0	162	239	154	231	2.06e-12	61.2
5_367	1_294	28.440	109	77	1	159	267	505	612	1.71e-11	59.7
5_367	1_294	25.899	139	83	6	4	139	30	151	2.31e-04	37.4
5_367	1_490	26.984	126	88	2	142	267	176	297	1.79e-11	59.3
5_367	1_447	29.612	206	115	11	29	228	351	532	1.20e-08	50.8
5_367	1_409	26.267	217	134	9	40	248	32	230	3.42e-08	49.3
5_367	1_409	33.333	81	53	1	160	240	410	489	5.82e-07	45.4
5_367	1_322	32.941	85	55	1	160	244	127	209	1.73e-07	47.4
5_367	1_489	24.880	209	125	7	29	232	16	197	2.54e-07	46.6
5_367	1_229	30.702	114	67	5	161	265	833	943	3.68e-07	46.2
5_367	1_442	26.549	113	77	3	145	255	114	222	7.66e-07	45.1
5_367	1_526	26.341	205	122	8	29	228	339	519	2.10e-06	43.5
5_367	1_72	25.000	236	148	10	28	249	273	493	4.92e-06	42.4
5_367	1_437	26.857	175	106	8	49	223	361	513	3.35e-04	36.6
5_367	1_265	27.143	70	47	2	163	232	449	514	3.51e-04	36.6
5_368	1_412	99.355	775	5	0	1	775	1	775	0.0	1522
5_368	1_266	37.751	249	137	4	530	775	204	437	2.40e-43	157
5_368	1_266	39.175	97	55	2	22	115	61	156	1.65e-12	64.7
5_368	1_205	45.536	112	61	0	614	725	273	384	6.29e-30	118
5_368	1_205	31.250	96	61	2	33	123	152	247	6.79e-07	47.0
5_368	1_59	37.267	161	81	3	570	722	118	266	9.44e-26	103
5_368	1_233	32.117	137	92	1	584	720	199	334	4.66e-20	88.2
5_368	1_294	25.735	136	99	2	590	725	481	614	2.56e-17	80.9
5_368	1_294	28.049	164	100	5	12	158	42	204	2.34e-07	48.5
5_368	1_33	39.091	110	66	1	599	708	140	248	2.45e-16	75.1
5_368	1_490	37.363	91	57	0	619	709	194	284	2.93e-15	72.8
5_368	1_262	36.275	102	64	1	607	708	127	227	6.74e-15	70.5
5_368	1_262	33.333	75	43	3	27	100	23	91	7.41e-04	36.6
5_368	1_290	30.508	118	73	2	597	706	134	250	1.57e-13	65.9
5_368	1_286	31.000	100	68	1	607	706	188	286	3.92e-13	65.5
5_368	1_177	30.108	93	64	1	615	707	133	224	1.98e-11	59.3
5_368	1_177	40.426	47	28	0	23	69	21	67	6.45e-07	45.8
5_368	1_322	34.940	83	52	1	616	698	127	207	6.81e-09	53.5
5_368	1_409	30.097	103	62	3	601	699	129	225	6.73e-08	50.1
5_368	1_409	27.723	101	72	1	616	716	410	509	2.08e-05	42.0
5_368	1_489	30.476	105	65	2	618	722	129	225	6.00e-07	47.4
5_368	1_442	27.957	93	65	1	597	689	108	198	7.13e-07	47.0
5_368	1_447	38.983	59	33	1	618	676	467	522	7.32e-07	47.0
5_368	1_72	25.532	94	63	2	609	699	398	487	8.48e-06	43.5
5_368	1_331	36.508	63	34	2	38	96	364	424	1.15e-04	39.7
5_368	1_229	33.333	102	63	3	601	700	476	574	1.40e-04	39.7
5_368	1_265	28.169	71	47	1	619	689	449	515	0.001	37.0
5_368	1_526	37.313	67	38	2	612	678	449	511	0.001	36.6
5_369	1_413	99.323	443	3	0	1	443	1	443	0.0	880
5_370	1_414	99.368	1425	9	0	1	1425	1	1425	0.0	2852
5_371	1_415	98.689	305	4	0	1	305	1	305	0.0	605
5_372	1_181	99.753	405	1	0	1	405	1	405	0.0	808
5_374	1_417	99.620	527	2	0	1	527	1	527	0.0	1023
5_375	1_419	99.190	741	6	0	1	741	1	741	0.0	1484
5_376	1_421	99.673	306	1	0	1	306	1	306	0.0	628
5_376	1_348	26.897	290	174	9	10	278	21	293	9.35e-21	85.1
5_376	1_216	22.581	279	186	10	9	277	5	263	1.18e-07	46.6
5_376	1_380	22.137	262	169	7	12	261	8	246	1.88e-06	43.5
5_376	1_455	27.397	73	51	1	7	79	2	72	3.94e-05	38.9
5_376	1_37	32.877	73	43	1	186	258	180	246	1.72e-04	37.0
5_377	1_295	99.723	361	1	0	1	361	1	361	0.0	734
5_378	1_178	99.827	578	1	0	1	578	1	578	0.0	1160
5_379	1_425	99.013	304	3	0	1	304	1	304	0.0	589
5_379	1_95	21.908	283	199	6	31	300	36	309	2.05e-12	61.2
5_380	1_426	99.149	705	6	0	1	705	1	705	0.0	1374
5_381	1_427	91.515	330	3	4	1	323	1	312	0.0	577
5_382	1_175	99.005	201	2	0	1	201	1	201	4.45e-148	404
5_383	1_428	99.453	548	3	0	1	548	1	548	0.0	1118
5_383	1_429	65.817	471	138	6	80	533	189	653	0.0	600
5_383	1_429	42.500	120	41	6	4	111	1	104	5.07e-14	69.3
5_383	1_551	40.000	485	269	6	44	513	142	619	3.41e-108	332
5_383	1_531	35.815	497	260	18	51	512	35	507	2.15e-74	240
5_383	1_577	33.468	496	266	14	63	514	21	496	1.04e-73	238
5_383	1_22	30.496	423	234	11	144	519	131	540	2.29e-44	160
5_384	1_429	98.036	662	11	1	1	662	1	660	0.0	1310
5_384	1_428	66.667	468	133	6	194	655	83	533	0.0	605
5_384	1_428	78.947	38	8	0	1	38	4	41	4.19e-13	66.6
5_384	1_551	43.326	427	223	5	211	635	210	619	3.12e-106	330
5_384	1_531	39.362	470	235	15	190	634	63	507	1.14e-79	257
5_384	1_577	34.914	464	244	11	206	636	58	496	3.07e-73	239
5_384	1_22	32.104	461	249	12	216	634	95	533	1.29e-53	188
5_385	1_242	99.432	176	1	0	1	176	1	176	8.76e-130	356
5_385	1_247	40.741	54	29	1	19	69	6	59	2.44e-06	41.2
5_385	1_247	28.415	183	118	5	5	175	157	338	2.96e-06	40.8
5_385	1_335	39.344	61	33	3	19	76	10	69	1.57e-04	35.8
5_386	1_430	89.865	740	69	4	1	736	2828	3565	0.0	1278
5_387	1_431	94.261	3781	187	6	1	3763	1	3769	0.0	6965
5_387	1_430	24.335	263	144	12	346	572	496	739	3.05e-05	44.7
5_388	1_60	99.567	231	1	0	1	231	1	231	4.65e-170	462
5_389	1_433	99.333	300	2	0	1	300	1	300	0.0	602
5_389	1_5	32.707	266	148	14	25	283	23	264	1.82e-24	95.1
5_389	1_282	33.088	136	64	8	16	150	4	113	1.06e-05	40.4
5_390	1_434	97.931	145	3	0	1	145	1	145	2.32e-103	287
5_391	1_488	99.932	1462	1	0	1191	2652	1	1462	0.0	2890
5_392	1_487	99.183	367	3	0	1	367	1	367	0.0	743
5_392	1_143	35.433	127	57	2	6	132	160	261	9.86e-15	69.3
5_393	1_362	98.387	186	3	0	1	186	1	186	8.13e-138	377
5_394	1_288	98.462	260	4	0	1	260	1	260	0.0	514
5_395	1_363	99.381	323	2	0	1	323	1	323	0.0	632
5_396	1_380	99.553	447	2	0	1	447	1	447	0.0	882
5_396	1_216	31.878	229	138	9	1	221	1	219	8.93e-17	74.7
5_396	1_37	27.675	271	161	14	3	254	4	258	2.60e-08	49.3
5_396	1_421	22.305	269	160	7	8	246	12	261	3.88e-06	43.1
5_397	1_486	99.536	647	3	0	1	647	1	647	0.0	1272
5_398	1_531	99.411	509	3	0	28	536	1	509	0.0	1013
5_398	1_577	60.159	502	179	8	50	536	1	496	0.0	571
5_398	1_429	39.149	470	236	15	90	534	188	632	8.01e-80	258
5_398	1_428	35.110	544	278	22	17	534	18	512	3.90e-74	240
5_398	1_551	33.210	542	306	18	18	535	110	619	1.29e-60	206
5_398	1_22	31.614	446	261	9	122	534	99	533	1.97e-51	179
5_399	1_577	99.395	496	2	1	50	544	1	496	0.0	989
5_399	1_531	61.759	523	180	8	28	544	1	509	0.0	607
5_399	1_428	32.079	558	301	17	7	544	15	514	2.92e-74	241
5_399	1_429	34.773	463	245	11	107	544	204	634	3.08e-72	238
5_399	1_551	30.275	545	293	20	48	543	113	619	4.30e-52	182
5_399	1_22	31.183	465	254	14	116	542	97	533	9.79e-50	175
5_400	1_195	99.427	524	3	0	1	524	1	524	0.0	1009
5_400	1_305	24.915	293	190	10	4	273	9	294	6.13e-14	68.6
5_401	1_289	99.197	249	2	0	1	249	1	249	4.06e-177	482
5_402	1_500	99.608	510	2	0	1	510	1	510	0.0	1043
5_403	1_368	99.292	565	4	0	1	565	1	565	0.0	1092
5_404	1_292	98.382	309	5	0	1	309	1	309	0.0	591
5_405	1_495	97.333	75	2	0	1	75	1	75	4.46e-50	147
5_405	1_576	71.667	60	17	0	3	62	10	69	7.15e-25	90.5
5_405	1_443	68.293	41	13	0	22	62	45	85	1.21e-15	64.3
5_405	1_492	43.284	67	31	2	9	75	14	73	2.20e-09	46.6
5_406	1_576	76.478	812	180	6	1	804	3	811	0.0	1224
5_406	1_443	45.685	788	388	14	27	803	45	803	0.0	617
5_406	1_492	34.063	822	451	27	1	775	1	778	4.17e-106	339
5_406	1_495	78.689	61	13	0	8	68	3	63	5.94e-28	102
5_407	1_361	99.203	627	5	0	1	627	1	627	0.0	1238
5_408	1_83	99.688	321	1	0	1	321	1	321	0.0	641
5_408	1_355	41.379	58	30	1	8	65	15	68	1.42e-07	47.4
5_409	1_360	99.789	475	1	0	1	475	1	475	0.0	922
5_410	1_481	99.332	449	3	0	1	449	1	449	0.0	917
5_410	1_257	28.163	245	158	8	18	255	14	247	9.96e-13	64.3
5_410	1_257	46.154	39	21	0	409	447	503	541	1.14e-05	42.0
5_410	1_127	23.176	466	288	19	14	442	51	483	2.51e-09	53.5
5_411	1_480	99.043	418	4	0	1	418	1	418	0.0	846
5_412	1_377	98.901	91	1	0	1	91	1	91	1.04e-62	180
5_413	1_90	98.990	99	1	0	1	99	1	99	3.09e-68	194
5_414	1_95	99.683	315	1	0	1	315	1	315	0.0	625
5_414	1_425	21.908	283	199	6	36	309	31	300	1.00e-12	62.4
5_415	1_96	99.587	242	1	0	1	242	1	242	5.17e-175	476
5_415	1_334	26.772	127	68	4	81	203	46	151	3.03e-04	35.0
5_416	1_358	99.603	252	1	0	1	252	1	252	0.0	496
5_416	1_169	29.932	147	96	3	111	252	82	226	6.30e-09	49.7
5_417	1_378	99.537	216	1	0	1	216	1	216	1.30e-146	402
5_418	1_450	99.510	408	2	0	4	411	1	408	0.0	811
5_419	1_109	99.366	473	3	0	1	473	1	473	0.0	920
5_420	1_110	99.320	147	1	0	1	147	1	147	2.40e-106	295
5_421	1_279	99.228	259	2	0	1	259	1	259	0.0	516
5_422	1_124	99.559	227	1	0	1	227	1	227	3.83e-167	455
5_423	1_454	99.338	151	1	0	1	151	1	151	1.03e-109	303
5_424	1_126	99.859	709	1	0	1	709	1	709	0.0	1424
5_425	1_226	96.296	54	2	0	1	54	3	56	5.02e-33	103
5_426	1_458	99.705	2033	6	0	1	2033	1	2033	0.0	4078
5_427	1_457	99.454	366	2	0	1	366	1	366	0.0	719
5_427	1_240	27.358	318	207	7	61	361	6	316	8.58e-23	92.8
5_428	1_576	93.813	598	32	1	1	598	220	812	0.0	1100
5_428	1_443	42.620	603	284	15	2	594	236	786	5.69e-132	400
5_428	1_492	32.237	608	322	19	3	568	220	779	5.22e-59	206
5_429	1_345	98.969	194	2	0	1	194	1	194	9.93e-141	385
5_430	1_461	99.147	469	4	0	1	469	1	469	0.0	928
5_431	1_462	99.027	514	5	0	1	514	1	514	0.0	1031
5_431	1_138	26.490	151	100	3	2	141	50	200	1.73e-09	54.7
5_431	1_138	34.426	61	35	2	294	349	574	634	2.53e-05	41.2
5_431	1_325	34.444	90	58	1	3	91	29	118	4.50e-08	50.1
5_431	1_325	33.000	100	59	3	264	355	513	612	9.60e-08	48.9
5_431	1_320	24.084	191	113	4	3	161	32	222	1.38e-07	48.5
5_432	1_463	99.167	240	2	0	1	240	1	240	0.0	500
5_433	1_348	99.322	295	2	0	1	295	1	295	0.0	591
5_433	1_421	26.897	290	174	9	21	293	10	278	1.11e-20	84.7
5_433	1_216	26.148	283	176	9	19	293	3	260	1.32e-15	70.1
5_433	1_455	26.792	265	164	10	21	275	5	249	2.69e-13	63.5
5_433	1_37	25.368	272	165	12	15	274	1	246	1.84e-04	36.6
5_434	1_464	99.399	666	4	0	1	666	1	666	0.0	1334
5_434	1_449	64.198	81	29	0	232	312	218	298	1.56e-25	106
5_435	1_349	99.837	615	1	0	1	615	1	615	0.0	1266
5_436	1_351	99.538	865	4	0	1	865	1	865	0.0	1709
5_437	1_258	99.886	880	1	0	1	880	1	880	0.0	1779
5_438	1_26	99.614	259	1	0	1	259	1	259	0.0	526
5_439	1_259	99.779	452	1	0	1	452	1	452	0.0	919
5_440	1_465	99.710	690	2	0	1	690	1	690	0.0	1369
5_441	1_264	99.369	317	2	0	1	317	1	317	0.0	640
5_442	1_466	99.311	871	6	0	1	871	1	871	0.0	1705
5_443	1_339	99.832	594	1	0	1	594	1	594	0.0	1189
5_443	1_272	28.413	630	325	21	34	582	29	613	2.02e-44	164
5_444	1_341	99.270	274	2	0	1	274	1	274	0.0	558
5_445	1_571	99.556	225	1	0	1	225	18	242	8.59e-163	444
5_446	1_68	99.659	293	1	0	1	293	1	293	0.0	577
5_446	1_583	32.500	80	43	2	74	146	6	81	7.82e-05	35.8
5_447	1_343	98.984	984	7	2	1	981	1	984	0.0	1956
5_447	1_404	22.670	719	354	27	188	785	796	1433	1.13e-17	82.8
5_448	1_207	99.115	113	1	0	1	113	1	113	3.99e-81	228
5_449	1_208	97.917	96	2	0	1	96	1	96	2.39e-67	192
5_450	1_344	99.850	666	1	0	1	666	1	666	0.0	1350
5_451	1_209	99.906	1065	0	1	1	1064	1	1065	0.0	2130
5_451	1_394	26.625	323	183	13	622	906	917	1223	8.16e-14	70.5
5_451	1_394	37.383	107	59	3	296	396	281	385	5.10e-10	58.2
5_452	1_71	99.802	505	1	0	1	505	1	505	0.0	1028
5_453	1_475	99.567	462	2	0	1	462	1	462	0.0	927
5_454	1_73	99.670	303	1	0	1	303	1	303	0.0	575
5_454	1_476	31.050	219	119	5	18	216	79	285	1.87e-11	58.9
5_455	1_477	99.389	818	2	1	1	815	1	818	0.0	1667
5_455	1_448	28.734	616	325	23	249	802	246	809	2.04e-45	169
5_456	1_321	99.423	520	3	0	1	520	1	520	0.0	1009
5_457	1_320	99.392	823	5	0	1	823	1	823	0.0	1650
5_457	1_138	24.291	741	451	18	18	668	34	754	1.17e-48	180
5_457	1_325	22.781	338	192	11	393	679	398	717	5.74e-14	70.1
5_457	1_325	27.174	184	113	4	6	186	3	168	1.05e-08	53.1
5_457	1_462	24.084	191	113	4	32	222	3	161	1.54e-07	48.9
5_458	1_318	99.617	783	3	0	1	783	1	783	0.0	1558
5_459	1_11	99.784	463	1	0	1	463	1	463	0.0	922
5_460	1_316	99.703	673	2	0	1	673	1	673	0.0	1345
5_460	1_230	22.437	517	375	10	6	512	10	510	7.30e-32	126
5_461	1_386	99.602	251	1	0	1	251	1	251	1.27e-180	491
5_462	1_387	99.251	534	4	0	1	534	1	534	0.0	1052
5_463	1_389	98.871	443	5	0	1	443	1	443	0.0	865
5_464	1_251	97.770	269	6	0	1	269	65	333	0.0	521
5_465	1_138	99.887	886	1	0	1	886	1	886	0.0	1801
5_465	1_320	24.069	698	428	16	34	711	18	633	1.21e-46	174
5_465	1_325	22.941	340	205	10	440	753	393	701	9.68e-15	72.8
5_465	1_325	23.563	174	120	3	27	199	8	169	6.88e-09	53.9
5_465	1_462	26.490	151	100	3	50	200	2	141	2.81e-09	54.7
5_465	1_462	34.426	61	35	2	574	634	294	349	4.59e-05	41.2
5_466	1_392	99.726	729	2	0	1	729	122	850	0.0	1434
5_466	1_235	31.535	593	378	12	1	577	166	746	4.11e-77	260
5_466	1_235	25.191	131	87	5	461	584	727	853	3.54e-04	38.1
5_467	1_324	99.020	408	4	0	1	408	1	408	0.0	816
5_468	1_443	95.409	806	33	2	1	805	1	803	0.0	1530
5_468	1_576	45.477	818	390	15	1	786	3	796	0.0	622
5_468	1_492	34.537	831	426	28	1	768	1	776	8.71e-107	341
5_468	1_495	68.293	41	13	0	45	85	22	62	1.87e-14	63.9
5_469	1_568	98.077	416	8	0	143	558	1	416	0.0	836
5_469	1_496	44.990	489	201	12	120	557	10	481	1.24e-112	339
5_469	1_501	41.798	445	198	15	6	411	7	429	6.83e-95	291
5_469	1_575	41.784	426	209	9	148	553	4	410	8.65e-85	265
5_469	1_228	99.145	117	1	0	1	117	1	117	1.14e-74	228
5_469	1_578	42.268	291	128	8	148	411	1	278	1.78e-56	186
5_469	1_502	37.152	323	146	13	171	439	1	320	3.01e-40	143
5_469	1_491	44.444	108	53	3	6	106	7	114	1.23e-19	80.1
5_470	1_14	99.709	344	1	0	1	344	1	344	0.0	702
5_470	1_108	27.451	204	135	5	121	314	3	203	2.15e-15	69.7
5_471	1_441	98.992	496	5	0	1	496	1	496	0.0	964
5_471	1_525	28.000	400	244	15	122	489	180	567	3.89e-23	97.1
5_472	1_440	97.789	1176	11	2	1	1173	1	1164	0.0	2291
5_472	1_522	32.576	264	156	5	7	261	5	255	3.06e-29	120
5_472	1_522	25.428	409	206	17	584	972	445	774	7.32e-14	70.9
5_472	1_467	31.855	248	152	8	10	252	13	248	2.90e-23	101
5_472	1_467	25.681	257	164	10	722	970	496	733	4.11e-04	38.9
5_472	1_523	29.560	159	99	4	6	161	2	150	3.75e-11	62.0
5_472	1_365	22.938	388	251	14	7	383	2	352	1.00e-05	43.9
5_472	1_307	39.474	38	23	0	281	318	260	297	4.28e-04	38.9
5_473	1_439	98.110	1217	17	3	1	1213	1	1215	0.0	2369
5_473	1_399	28.680	394	227	7	1	386	4	351	3.39e-43	166
5_473	1_399	27.273	286	165	8	720	1001	521	767	7.89e-17	80.5
5_473	1_468	32.867	286	182	5	3	285	11	289	1.62e-34	137
5_473	1_468	30.928	291	137	10	737	1015	545	783	3.11e-23	101
5_473	1_468	32.231	121	72	5	477	594	361	474	1.78e-05	43.5
5_473	1_521	24.096	249	165	5	6	249	25	254	2.60e-14	72.0
5_473	1_524	26.556	241	150	8	1	234	1	221	1.22e-10	60.5
5_473	1_524	23.810	420	252	19	722	1101	592	983	8.88e-06	44.3
5_473	1_398	22.624	221	146	6	14	234	31	226	1.99e-04	40.0
5_474	1_325	99.494	790	4	0	1	790	1	790	0.0	1601
5_474	1_138	22.647	340	206	10	393	701	440	753	4.66e-14	70.5
5_474	1_138	23.563	174	120	3	8	169	27	199	6.40e-09	53.9
5_474	1_320	24.103	195	101	6	398	592	393	540	4.81e-12	63.9
5_474	1_320	27.174	184	113	4	3	168	6	186	1.35e-08	52.8
5_474	1_462	34.444	90	58	1	29	118	3	91	6.80e-08	50.1
5_474	1_462	33.000	100	59	3	513	612	264	355	1.62e-07	48.9
5_475	1_446	99.505	404	2	0	1	404	1	404	0.0	811
5_476	1_326	99.074	324	3	0	1	324	1	324	0.0	637
5_477	1_327	99.471	946	5	0	1	946	1	946	0.0	1853
5_478	1_329	99.571	700	3	0	1	700	1	700	0.0	1415
5_479	1_330	98.797	582	7	0	1	582	1	582	0.0	1166
5_479	1_448	35.354	99	52	5	484	582	724	810	7.08e-04	37.0
5_480	1_447	99.629	539	2	0	1	539	1	539	0.0	1046
5_480	1_562	61.905	189	72	0	351	539	3	191	4.74e-63	200
5_480	1_526	28.705	533	354	10	7	533	8	520	5.62e-49	172
5_480	1_437	31.604	212	135	3	331	538	321	526	2.15e-30	119
5_480	1_331	38.462	221	128	7	322	538	320	536	1.73e-29	116
5_480	1_262	34.694	196	110	5	348	531	16	205	6.49e-19	81.6
5_480	1_322	29.717	212	130	8	336	539	1	201	4.65e-15	72.4
5_480	1_489	29.897	194	126	6	336	525	1	188	4.12e-13	66.2
5_480	1_442	26.415	212	137	7	336	539	1	201	6.71e-12	62.4
5_480	1_101	31.138	167	94	7	369	522	502	660	5.68e-10	56.2
5_480	1_177	31.522	184	108	8	354	528	24	198	2.79e-09	52.4
5_480	1_265	23.853	218	133	6	336	525	1	213	8.56e-09	52.4
5_480	1_72	31.148	183	104	8	355	522	26	201	4.54e-08	50.1
5_480	1_286	25.510	196	125	7	351	532	79	267	1.03e-07	48.1
5_480	1_412	38.983	59	33	1	467	522	618	676	5.89e-07	46.6
5_480	1_294	27.778	90	61	2	452	538	493	581	1.26e-06	45.4
5_480	1_490	29.412	85	52	2	441	522	172	251	4.72e-06	43.1
5_480	1_59	29.126	206	116	11	351	532	29	228	6.40e-06	42.7
5_480	1_233	30.769	78	53	1	327	404	1	77	9.36e-06	42.4
5_480	1_233	35.294	68	41	1	464	528	229	296	6.83e-05	39.7
5_480	1_290	26.699	206	131	7	336	523	9	212	2.69e-05	40.4
5_480	1_266	38.983	59	33	1	467	522	281	339	5.89e-05	40.0
5_480	1_409	23.037	191	123	6	352	525	22	205	0.001	36.2
5_481	1_331	99.254	536	4	0	1	536	1	536	0.0	1014
5_481	1_437	31.641	512	324	9	35	536	31	526	9.55e-55	188
5_481	1_447	38.914	221	127	7	320	536	322	538	5.87e-30	118
5_481	1_526	35.407	209	123	6	328	531	319	520	1.17e-23	99.0
5_481	1_562	37.500	192	112	3	349	536	3	190	3.98e-16	71.6
5_481	1_322	32.558	215	117	9	334	536	2	200	2.84e-15	73.2
5_481	1_262	30.189	212	132	8	334	534	2	208	4.46e-14	67.4
5_481	1_101	31.551	187	110	5	319	495	456	634	5.39e-14	68.9
5_481	1_442	31.373	204	111	9	346	536	13	200	2.29e-11	60.8
5_481	1_286	31.527	203	114	11	349	536	79	271	2.57e-08	50.1
5_481	1_265	44.898	49	27	0	346	394	13	61	8.82e-08	48.9
5_481	1_489	28.505	214	123	10	334	534	2	198	6.41e-07	46.6
5_481	1_177	27.273	209	130	9	336	533	8	205	2.80e-06	43.1
5_481	1_72	26.136	176	110	6	363	524	36	205	1.72e-05	41.6
5_481	1_294	33.333	66	43	1	331	396	36	100	2.63e-05	41.2
5_481	1_412	36.508	63	34	2	364	424	38	96	7.96e-05	39.7
5_481	1_490	38.000	100	46	5	327	415	1	95	1.60e-04	38.5
5_481	1_266	27.132	129	76	4	302	425	23	138	5.97e-04	36.6
5_481	1_33	22.527	182	118	4	364	522	37	218	6.32e-04	36.2
5_481	1_409	26.230	183	118	8	365	534	37	215	8.50e-04	36.2
5_482	1_448	99.396	828	5	0	1	828	1	828	0.0	1667
5_482	1_477	28.571	616	326	22	246	809	252	805	1.80e-45	170
5_483	1_449	98.684	760	10	0	1	760	19	778	0.0	1523
5_483	1_478	30.240	334	204	9	309	640	224	530	1.13e-33	132
5_483	1_478	54.545	77	20	3	1	64	19	93	9.06e-13	65.9
5_483	1_567	28.399	331	196	11	310	628	266	567	1.86e-27	113
5_483	1_464	62.963	81	30	0	200	280	232	312	1.13e-24	103
5_484	1_364	99.516	620	3	0	1	620	1	620	0.0	1242
5_485	1_490	99.223	386	3	0	1	386	1	386	0.0	755
5_485	1_233	32.059	340	185	10	5	304	8	341	1.77e-38	138
5_485	1_294	40.146	137	82	0	166	302	481	617	2.07e-31	120
5_485	1_294	30.088	113	70	2	7	110	38	150	1.66e-11	60.1
5_485	1_412	37.363	91	57	0	194	284	619	709	1.51e-15	72.8
5_485	1_266	33.333	90	60	0	194	283	282	371	7.59e-15	70.1
5_485	1_290	25.357	280	164	5	6	283	8	244	3.09e-14	66.6
5_485	1_286	24.779	226	119	3	27	252	84	258	4.93e-14	66.6
5_485	1_177	32.143	140	84	3	143	279	90	221	9.00e-12	59.3
5_485	1_205	23.404	141	104	2	164	303	251	388	1.42e-11	60.1
5_485	1_262	24.221	289	161	9	8	292	2	236	3.80e-11	57.8
5_485	1_33	25.402	311	163	12	27	307	27	298	6.75e-11	57.4
5_485	1_59	27.778	126	87	2	176	297	142	267	1.07e-10	57.0
5_485	1_442	31.818	132	85	4	134	263	69	197	4.77e-10	55.8
5_485	1_442	52.778	36	17	0	27	62	21	56	2.40e-05	40.8
5_485	1_322	29.851	134	91	2	141	273	76	207	2.31e-09	53.5
5_485	1_322	43.636	55	31	0	8	62	2	56	6.07e-06	42.7
5_485	1_409	23.048	269	154	9	30	296	29	246	7.25e-09	51.6
5_485	1_409	32.609	92	57	2	184	271	399	489	7.69e-07	45.4
5_485	1_489	34.483	87	53	2	183	268	119	202	1.14e-08	51.2
5_485	1_489	31.579	95	58	3	8	95	2	96	8.51e-04	35.8
5_485	1_72	28.788	132	85	4	146	271	356	484	8.55e-08	48.1
5_485	1_447	29.412	85	52	2	172	251	441	522	3.18e-06	43.5
5_485	1_331	38.000	100	46	5	1	95	327	415	8.59e-05	38.9
5_485	1_265	27.174	92	64	1	188	276	443	534	2.42e-04	37.4
5_485	1_101	45.588	68	27	4	4	69	466	525	2.64e-04	37.4
5_485	1_526	50.000	46	23	0	8	53	325	370	4.01e-04	36.6
5_486	1_489	98.831	770	1	1	1	762	1	770	0.0	1494
5_486	1_442	30.693	808	478	19	1	762	1	772	8.58e-93	301
5_486	1_322	39.823	452	246	10	1	440	1	438	1.22e-89	290
5_486	1_322	33.588	131	87	0	632	762	516	646	1.72e-15	74.7
5_486	1_286	32.735	223	133	7	1	209	60	279	4.27e-24	98.2
5_486	1_33	27.488	211	126	7	17	201	23	232	5.20e-15	71.2
5_486	1_409	23.938	259	169	9	1	232	6	263	2.55e-14	70.5
5_486	1_409	23.301	206	140	4	16	203	282	487	3.43e-06	44.7
5_486	1_447	30.412	194	125	6	1	188	336	525	3.00e-13	67.4
5_486	1_72	29.630	216	130	6	2	201	8	217	3.72e-13	67.0
5_486	1_233	32.990	97	63	1	1	95	10	106	1.39e-09	55.5
5_486	1_526	27.230	213	130	7	1	199	324	525	2.66e-09	54.7
5_486	1_437	28.241	216	130	7	2	204	327	530	8.91e-09	52.8
5_486	1_490	34.483	87	53	2	119	202	183	268	2.01e-08	51.6
5_486	1_540	26.263	396	229	16	302	655	86	460	2.14e-08	51.6
5_486	1_562	33.557	149	76	7	34	171	21	157	2.93e-08	49.3
5_486	1_177	27.000	200	123	7	17	203	22	211	3.63e-08	49.7
5_486	1_294	30.357	112	75	2	2	111	39	149	3.83e-08	51.2
5_486	1_294	31.081	74	49	1	129	200	508	581	1.82e-05	42.4
5_486	1_205	25.561	223	120	8	15	198	141	356	1.17e-07	49.3
5_486	1_262	27.149	221	125	10	1	198	1	208	2.10e-07	47.8
5_486	1_290	29.545	88	59	2	115	200	141	227	4.58e-07	46.6
5_486	1_266	29.600	125	78	5	115	230	267	390	4.86e-07	47.4
5_486	1_412	30.476	105	65	2	129	225	618	722	6.25e-07	47.4
5_486	1_331	28.505	214	123	10	2	198	334	534	7.99e-07	46.6
5_486	1_59	24.880	209	125	7	16	197	29	232	1.43e-05	42.4
5_486	1_265	20.851	235	133	6	1	198	1	219	1.65e-05	42.4
5_486	1_265	26.027	219	131	9	1	204	319	521	1.66e-05	42.4
5_486	1_229	36.585	82	43	4	129	204	834	912	1.82e-05	42.4
5_486	1_101	24.638	207	127	6	13	195	469	670	9.71e-05	40.0
5_487	1_4	99.091	110	1	0	1	110	1	110	3.08e-79	223
5_488	1_559	100.000	310	0	0	170	479	1	310	0.0	624
5_488	1_574	99.412	170	1	0	1	170	1	170	1.73e-123	352
5_488	1_373	23.592	373	216	15	38	359	197	551	6.50e-04	36.6
5_489	1_467	98.643	663	9	0	1	663	1	663	0.0	1288
5_489	1_522	29.178	706	445	15	1	661	1	696	1.89e-70	242
5_489	1_440	32.258	248	151	8	13	248	10	252	1.51e-24	103
5_489	1_523	27.500	160	102	7	8	159	3	156	5.76e-08	50.4
5_490	1_468	99.509	1018	5	0	1	1018	1	1018	0.0	1972
5_490	1_399	26.764	1091	677	33	6	1015	1	1050	2.47e-80	278
5_490	1_439	33.217	286	181	5	11	289	3	285	3.39e-35	139
5_490	1_439	30.822	292	137	10	545	783	738	1017	3.12e-23	100
5_490	1_439	32.231	121	72	5	361	474	477	594	1.57e-05	43.1
5_490	1_521	27.500	240	152	8	18	255	34	253	6.54e-11	60.8
5_490	1_524	22.319	802	468	34	11	699	2	761	7.50e-09	54.3
5_490	1_398	25.336	446	277	14	14	436	18	430	1.59e-08	53.1
5_491	1_469	99.722	719	2	0	1	719	1	719	0.0	1426
5_492	1_497	98.654	743	3	1	1	736	1	743	0.0	1456
5_492	1_224	26.260	754	440	25	6	720	16	692	7.52e-45	166
5_493	1_365	99.678	931	3	0	1	931	1	931	0.0	1838
5_493	1_522	27.523	218	124	7	9	225	17	201	2.13e-08	52.4
5_493	1_440	22.938	388	251	14	2	352	7	383	4.83e-06	44.7
5_493	1_523	30.864	162	92	7	60	208	55	209	1.56e-05	43.1
5_494	1_367	99.174	121	1	0	1	121	1	121	4.42e-79	223
5_495	1_494	99.753	1217	3	0	1	1217	1	1217	0.0	2488
5_496	1_555	97.630	422	10	0	1	422	4	425	0.0	834
5_496	1_503	93.750	64	4	0	359	422	1	64	7.01e-38	128
5_497	1_576	98.611	216	3	0	1	216	3	218	7.68e-149	429
5_497	1_443	51.915	235	92	3	1	216	1	233	4.22e-73	231
5_497	1_492	35.780	218	136	4	1	216	1	216	2.94e-38	135
5_497	1_495	68.852	61	19	0	8	68	3	63	1.14e-25	90.5
5_498	1_339	42.647	68	33	2	22	83	312	379	1.19e-09	47.8
5_498	1_272	50.943	53	26	0	31	83	381	433	6.74e-09	45.4
5_499	1_286	92.208	77	6	0	1	77	76	152	1.23e-46	145
5_499	1_233	39.189	74	39	1	3	76	24	91	3.75e-11	51.6
5_499	1_294	38.028	71	32	3	9	76	58	119	1.34e-07	41.6
5_499	1_526	38.000	50	31	0	4	53	339	388	3.78e-07	40.4
5_499	1_262	34.722	72	43	2	4	75	19	86	6.93e-07	39.7
5_499	1_322	28.378	74	45	2	4	77	16	81	1.46e-06	38.5
5_499	1_442	29.730	74	44	2	4	77	16	81	2.63e-06	38.1
5_499	1_562	32.000	75	48	2	3	77	2	73	4.50e-06	37.0
5_499	1_489	28.378	74	45	1	4	77	16	81	5.77e-06	37.0
5_499	1_447	31.915	47	32	0	4	50	351	397	6.14e-06	37.0
5_499	1_266	36.000	75	45	1	3	74	61	135	9.71e-06	36.2
5_499	1_101	42.857	42	23	1	22	63	502	542	1.21e-05	36.2
5_499	1_409	41.176	34	20	0	5	38	22	55	1.48e-05	35.8
5_499	1_331	39.583	48	27	2	4	50	349	395	4.25e-05	34.7
5_499	1_437	31.169	77	46	2	4	75	341	415	8.29e-05	33.9
5_501	1_511	100.000	55	0	0	1	55	1	55	5.53e-35	107
5_502	1_512	100.000	288	0	0	1	288	1	288	0.0	563
5_503	1_516	98.253	229	4	0	1	229	1	229	1.13e-164	449
5_504	1_514	100.000	396	0	0	1	396	1	396	0.0	807
5_505	1_519	99.698	331	1	0	1	331	1	331	0.0	665
5_506	1_518	99.620	263	1	0	1	263	1	263	0.0	511
5_506	1_247	33.846	65	33	4	113	171	5	65	1.72e-04	37.0
5_506	1_143	35.000	60	27	2	113	164	159	214	3.39e-04	35.8
5_507	1_522	98.152	1082	9	2	1	1082	1	1071	0.0	2123
5_507	1_467	28.988	1097	655	33	13	1080	17	1018	3.03e-112	368
5_507	1_440	30.026	383	216	11	5	344	7	380	8.32e-31	125
5_507	1_440	24.165	389	213	15	445	769	584	954	5.13e-08	51.6
5_507	1_523	29.677	155	101	3	13	161	10	162	1.56e-13	69.7
5_507	1_365	28.959	221	117	9	17	201	9	225	4.82e-08	51.6
5_508	1_517	97.842	417	5	1	1	417	1	413	0.0	781
5_509	1_523	96.934	1370	29	3	1	1365	1	1362	0.0	2647
5_509	1_522	29.677	155	101	3	10	162	13	161	8.27e-13	67.4
5_509	1_440	29.560	159	99	4	2	150	6	161	5.15e-11	61.6
5_509	1_467	26.923	156	100	7	7	156	12	159	4.93e-07	48.5
5_509	1_365	30.864	162	92	7	55	209	60	208	2.88e-05	42.7
5_510	1_524	98.685	1825	20	3	1	1822	1	1824	0.0	3610
5_510	1_399	24.774	553	307	20	4	509	6	496	2.88e-14	72.8
5_510	1_439	26.556	241	150	8	1	221	1	234	6.26e-11	62.0
5_510	1_439	22.586	642	391	26	403	982	506	1103	1.22e-05	44.7
5_510	1_468	20.980	796	485	29	2	760	11	699	1.02e-08	54.7
5_510	1_521	27.160	243	152	7	7	239	30	257	4.99e-08	52.4
5_510	1_398	22.394	259	169	8	197	453	202	430	6.52e-04	38.9
5_511	1_525	99.652	575	2	0	1	575	1	575	0.0	1128
5_511	1_441	27.750	400	245	15	180	567	122	489	1.79e-22	95.5
5_512	1_430	94.874	2809	134	7	1	2805	1	2803	0.0	5266
5_512	1_431	25.283	265	139	13	496	739	346	572	4.09e-04	40.4
5_513	1_530	99.806	516	1	0	1	516	1	516	0.0	1029
5_514	1_527	99.141	582	5	0	1	582	1	582	0.0	1148
5_514	1_407	35.768	397	208	11	37	417	60	425	1.22e-55	198
5_514	1_566	30.357	392	214	10	37	409	23	374	2.08e-39	149
5_515	1_521	99.450	909	5	0	1	909	1	909	0.0	1798
5_515	1_439	24.800	250	164	5	24	254	5	249	4.32e-15	74.3
5_515	1_399	24.257	404	242	14	31	394	15	394	1.24e-13	69.3
5_515	1_468	26.172	256	168	7	11	253	8	255	6.10e-10	57.4
5_515	1_398	25.755	629	373	27	12	593	4	585	1.11e-09	56.6
5_515	1_524	27.572	243	151	7	30	257	7	239	3.77e-09	55.1
5_516	1_528	97.797	590	11	1	1	588	1	590	0.0	1148
5_517	1_496	98.039	102	2	0	1	102	4	105	3.84e-67	204
5_517	1_501	74.510	102	24	1	1	102	119	218	3.40e-50	159
5_517	1_578	98.529	68	1	0	35	102	1	68	7.36e-43	136
5_517	1_575	83.582	67	11	0	35	101	4	70	2.71e-34	116
5_517	1_568	83.562	73	12	0	30	102	1	73	2.41e-30	106
5_517	1_502	97.778	45	1	0	58	102	1	45	1.14e-24	89.7
5_518	1_541	100.000	277	0	0	1	277	1	277	0.0	544
5_519	1_542	100.000	183	0	0	1	183	1	183	1.13e-125	346
5_520	1_543	100.000	86	0	0	1	86	1	86	1.33e-59	171
5_521	1_569	99.216	255	2	0	1	255	1	255	1.95e-178	486
5_522	1_544	100.000	278	0	0	1	278	1	278	0.0	536
5_522	1_196	24.364	275	181	13	5	260	32	298	1.77e-09	52.0
5_523	1_545	100.000	309	0	0	1	309	1	309	0.0	588
5_523	1_498	21.364	220	158	6	100	304	2	221	3.77e-05	38.5
5_524	1_547	100.000	40	0	0	1	40	1	40	7.83e-22	73.2
5_525	1_548	100.000	591	0	0	1	591	1	591	0.0	1170
5_526	1_557	98.592	142	2	0	1	142	1	142	1.40e-100	280
5_526	1_410	31.111	135	91	1	4	136	167	301	4.51e-17	71.2
5_527	1_550	100.000	154	0	0	1	154	1	154	4.68e-108	299
5_528	1_551	98.071	622	4	2	1	614	1	622	0.0	1205
5_528	1_429	43.794	427	221	5	202	611	209	633	6.91e-109	337
5_528	1_428	39.794	485	270	6	134	611	44	513	6.43e-108	331
5_528	1_531	36.181	398	217	10	238	611	124	508	1.09e-59	202
5_528	1_577	32.374	417	231	12	230	611	95	495	2.72e-51	179
5_528	1_22	30.496	423	246	10	229	610	118	533	1.94e-47	170
5_529	1_546	99.677	620	2	0	1	620	1	620	0.0	1247
5_530	1_540	98.821	509	6	0	1	509	68	576	0.0	983
5_530	1_489	31.429	140	84	5	19	154	302	433	1.28e-07	48.5
5_531	1_46	98.551	138	2	0	1	138	222	359	2.20e-95	277
5_532	1_554	99.598	249	1	0	1	249	1	249	4.62e-180	489
5_533	1_558	99.490	392	1	1	1	392	1	391	0.0	782
5_535	1_478	99.234	653	5	0	1	653	19	671	0.0	1303
5_535	1_567	38.030	660	342	20	11	628	74	708	1.04e-125	384
5_535	1_449	30.539	334	203	9	206	512	327	658	1.61e-34	134
5_536	1_382	99.254	134	1	0	1	134	1	134	2.33e-96	275
5_537	1_561	100.000	201	0	0	1	201	1	201	2.32e-142	390
5_538	1_392	100.000	123	0	0	1	123	1	123	6.26e-86	262
5_538	1_235	56.780	118	51	0	6	123	50	167	8.36e-45	149
5_539	1_565	99.177	486	4	0	1	486	1	486	0.0	959
5_540	1_563	99.471	378	2	0	1	378	1	378	0.0	728
5_541	1_566	99.145	936	8	0	1	936	1	936	0.0	1804
5_541	1_407	30.575	870	555	19	8	858	45	884	6.20e-91	312
5_541	1_527	30.151	398	207	11	23	374	37	409	1.38e-39	150
5_542	1_564	99.894	945	1	0	1	945	27	971	0.0	1895
5_543	1_355	99.447	723	1	1	1	723	3	722	0.0	1420
5_543	1_83	42.857	56	28	1	13	64	8	63	2.85e-07	47.4
5_543	1_31	32.381	105	65	3	74	174	37	139	2.24e-05	41.2
5_544	1_572	98.253	229	4	0	111	339	4	232	2.18e-167	460
5_544	1_573	98.214	112	2	0	1	112	1	112	6.14e-74	219
5_544	1_410	30.576	278	189	4	62	339	336	609	6.49e-40	143
5_544	1_192	25.949	158	98	6	56	203	150	298	1.54e-04	37.4
5_545	1_526	98.190	221	4	0	1	221	313	533	4.56e-153	431
5_545	1_447	39.614	207	122	3	4	208	328	533	7.47e-37	130
5_545	1_437	35.678	199	117	5	8	201	322	514	6.51e-24	94.0
5_545	1_331	34.450	209	125	6	7	208	328	531	3.11e-23	92.0
5_545	1_562	36.567	134	83	2	45	177	21	153	2.35e-18	74.7
5_545	1_262	32.536	209	121	9	12	205	1	204	1.11e-16	71.6
5_545	1_409	29.954	217	111	7	11	201	5	206	5.90e-12	58.9
5_545	1_265	27.041	196	101	5	12	174	1	187	4.08e-11	56.6
5_545	1_265	21.965	173	113	7	12	174	319	479	8.47e-04	34.3
5_545	1_322	28.365	208	110	6	12	200	1	188	5.02e-11	56.2
5_545	1_489	27.230	213	130	7	12	213	1	199	9.43e-10	52.4
5_545	1_177	27.604	192	105	6	28	201	22	197	1.21e-09	51.2
5_545	1_101	27.717	184	120	5	6	181	464	642	2.98e-09	50.8
5_545	1_286	25.683	183	122	4	27	198	79	258	3.32e-09	50.4
5_545	1_442	28.351	194	128	6	12	200	1	188	1.21e-08	49.3
5_545	1_233	36.232	69	44	0	12	80	10	78	2.90e-08	47.8
5_545	1_233	33.645	107	54	3	107	202	193	293	7.27e-07	43.5
5_545	1_294	32.877	73	49	0	10	82	36	108	2.32e-07	45.4
5_545	1_294	27.000	200	123	10	15	203	385	572	7.96e-06	40.8
5_545	1_266	28.689	122	83	1	6	123	37	158	1.85e-05	39.3
5_545	1_59	26.190	210	116	9	27	207	29	228	2.40e-05	38.9
5_545	1_490	50.000	46	23	0	13	58	8	53	1.59e-04	36.6
5_545	1_490	36.170	47	30	0	141	187	191	237	7.07e-04	34.7
5_545	1_72	28.492	179	117	6	31	199	26	203	1.77e-04	36.6
5_545	1_412	36.765	68	39	2	137	200	612	679	2.00e-04	36.6
5_545	1_290	20.856	187	128	6	13	182	10	193	4.34e-04	35.0
5_546	1_332	94.737	76	4	0	2	77	474	549	4.04e-44	143
5_547	1_382	99.419	172	1	0	1	172	151	322	1.58e-123	345
5_548	1_496	100.000	294	0	0	1	294	81	374	0.0	596
5_548	1_575	40.268	298	139	6	1	294	47	309	2.65e-53	174
5_548	1_568	35.505	307	135	10	1	294	49	305	1.42e-35	127
5_548	1_502	55.224	67	28	1	220	286	256	320	3.51e-17	75.1
5_548	1_502	60.784	51	20	0	1	51	21	71	3.78e-14	66.2
5_548	1_578	28.716	296	112	14	1	258	44	278	2.83e-14	66.2
5_548	1_501	54.386	57	23	1	1	54	194	250	1.97e-11	58.5
5_549	1_501	42.917	240	133	3	1	240	194	429	1.73e-59	190
5_549	1_578	42.739	241	131	4	1	240	44	278	7.86e-59	184
5_549	1_568	40.909	286	131	12	1	277	49	305	6.78e-46	154
5_549	1_496	36.102	313	145	15	1	277	81	374	1.01e-36	130
5_549	1_502	33.119	311	155	10	1	269	21	320	3.48e-32	115
5_549	1_575	32.997	297	145	11	1	277	47	309	6.37e-29	108
5_551	1_581	100.000	153	0	0	1	153	1	153	4.34e-113	312
5_552	1_582	100.000	339	0	0	1	339	1	339	0.0	698
