30_0	33_0	100.000	220	0	0	1	220	1	220	1.16e-157	430
30_1	33_4	100.000	160	0	0	1	160	1	160	2.97e-112	311
30_2	33_109	100.000	227	0	0	1	227	1	227	5.23e-165	449
30_3	33_49	99.438	356	2	0	1	356	1	356	0.0	719
30_4	33_130	99.705	679	2	0	1	679	1	679	0.0	1337
30_4	33_377	28.522	291	174	7	357	633	225	495	2.59e-14	70.5
30_4	33_374	30.368	326	180	16	349	653	217	516	4.19e-13	66.6
30_4	33_215	29.193	161	93	4	500	652	38	185	1.38e-10	57.0
30_4	33_331	31.548	168	92	7	501	659	369	522	1.63e-10	58.5
30_4	33_511	31.214	173	96	8	499	663	32	189	2.59e-09	54.7
30_4	33_255	29.861	144	87	6	501	637	98	234	7.80e-09	52.4
30_4	33_375	31.176	170	93	7	499	659	365	519	8.58e-09	53.1
30_4	33_484	25.243	206	129	8	470	660	2	197	2.43e-07	47.4
30_4	33_530	31.707	164	100	5	499	660	32	185	3.80e-07	47.8
30_4	33_510	25.137	183	123	5	499	677	32	204	9.75e-07	46.6
30_4	33_502	25.000	172	102	5	499	660	32	186	1.47e-06	45.8
30_4	33_493	30.769	117	65	3	571	671	80	196	1.03e-05	42.0
30_4	33_152	26.341	205	116	8	470	660	2	185	1.11e-05	43.1
30_4	33_669	44.000	50	24	1	602	647	38	87	5.46e-05	40.8
30_4	33_267	22.941	170	118	5	499	659	37	202	8.08e-05	40.0
30_4	33_413	38.095	63	31	2	602	660	127	185	9.06e-05	40.0
30_4	33_133	25.114	219	139	9	470	666	2	217	1.12e-04	39.7
30_4	33_359	37.931	58	32	1	594	647	119	176	1.23e-04	39.7
30_4	33_16	24.870	193	103	9	497	659	36	216	1.32e-04	38.9
30_4	33_68	25.568	176	113	6	499	660	42	213	2.70e-04	37.7
30_4	33_503	33.898	59	39	0	602	660	127	185	5.76e-04	37.7
30_5	33_225	99.600	250	1	0	1	250	1	250	0.0	504
30_5	33_392	30.049	203	131	4	3	203	121	314	7.28e-17	73.6
30_6	33_500	99.600	250	1	0	1	250	1	250	4.07e-177	482
30_7	33_598	97.601	542	13	0	1	542	1	542	0.0	1063
30_8	33_392	98.261	345	6	0	1	345	1	345	0.0	696
30_8	33_225	30.542	203	130	4	121	314	3	203	3.26e-17	75.1
30_9	33_186	100.000	197	0	0	1	197	1	197	6.63e-140	384
30_10	33_460	99.860	715	1	0	1	715	1	715	0.0	1436
30_11	33_378	97.603	584	13	1	1	583	1	584	0.0	1153
30_12	33_505	98.025	1975	39	0	1	1975	1	1975	0.0	3867
30_13	33_64	98.291	117	2	0	1	117	1	117	1.44e-80	227
30_14	33_438	93.939	693	42	0	1	693	1	693	0.0	1303
30_14	33_554	33.784	666	384	13	28	689	43	655	3.57e-87	282
30_14	33_368	95.455	110	5	0	584	693	106	215	4.61e-65	209
30_14	33_368	91.892	111	9	0	1	111	1	111	7.70e-61	198
30_14	33_645	50.000	46	23	0	644	689	5	50	1.88e-11	54.7
30_15	33_541	94.454	559	20	3	1	554	1	553	0.0	1063
30_15	33_306	50.351	570	214	12	1	552	1	519	3.50e-176	503
30_15	33_575	28.526	631	348	17	1	554	1	605	1.37e-70	233
30_15	33_421	32.432	518	299	16	54	550	128	615	4.59e-68	226
30_15	33_557	31.148	427	241	12	163	554	130	538	3.69e-51	179
30_16	33_329	99.129	459	4	0	1	459	1	459	0.0	936
30_17	33_604	99.835	607	1	0	1	607	1	607	0.0	1219
30_18	33_216	99.770	870	2	0	1	870	1	870	0.0	1749
30_19	33_630	99.756	818	2	0	1	818	1	818	0.0	1670
30_19	33_372	26.248	621	341	22	251	808	244	810	5.04e-40	153
30_20	33_372	98.905	822	9	0	1	822	1	822	0.0	1664
30_20	33_630	25.926	621	343	21	244	810	251	808	1.08e-32	130
30_21	33_645	96.078	51	2	0	81	131	1	51	5.42e-31	100
30_21	33_554	48.052	77	37	2	55	130	581	655	1.01e-15	67.4
30_21	33_438	41.667	84	43	3	52	131	609	690	3.59e-14	62.8
30_21	33_368	41.667	84	43	3	52	131	131	212	6.03e-14	60.8
30_23	33_339	100.000	175	0	0	1	175	1	175	2.33e-124	342
30_24	33_575	95.462	617	23	2	1	612	1	617	0.0	1170
30_24	33_421	38.215	437	249	5	163	597	199	616	7.95e-100	312
30_24	33_541	29.677	620	336	19	8	600	7	553	4.26e-72	237
30_24	33_306	29.614	466	258	10	165	596	88	517	3.89e-58	199
30_24	33_557	29.148	446	250	11	198	600	116	538	5.44e-48	171
30_25	33_346	100.000	86	0	0	1	86	1	86	9.97e-60	172
30_26	33_636	99.789	946	2	0	30	975	1	946	0.0	1890
