30_0	18_0	100.000	220	0	0	1	220	1	220	1.17e-157	430
30_1	18_378	98.750	160	2	0	1	160	1	160	1.20e-111	309
30_2	18_130	100.000	227	0	0	1	227	1	227	5.25e-165	449
30_3	18_51	99.438	356	2	0	1	356	1	356	0.0	719
30_4	18_190	99.705	679	2	0	1	679	1	679	0.0	1337
30_4	18_565	28.179	291	175	7	357	633	225	495	2.23e-13	67.8
30_4	18_640	29.141	326	184	16	349	653	44	343	8.52e-13	65.1
30_4	18_566	31.138	167	94	7	501	659	368	521	7.22e-10	56.6
30_4	18_250	31.214	173	96	8	499	663	32	189	3.42e-09	54.3
30_4	18_518	29.861	144	87	6	501	637	98	234	6.16e-09	52.8
30_4	18_357	31.176	170	93	7	499	659	365	519	8.62e-09	53.1
30_4	18_226	25.243	206	129	8	470	660	2	197	2.42e-07	47.4
30_4	18_258	31.707	164	100	5	499	660	32	185	3.75e-07	47.8
30_4	18_249	25.137	183	123	5	499	677	32	204	9.22e-07	46.6
30_4	18_244	25.000	172	102	5	499	660	32	186	1.43e-06	45.8
30_4	18_669	33.803	71	47	0	601	671	3	73	1.13e-05	43.1
30_4	18_532	22.941	170	118	5	499	659	37	202	8.11e-05	40.0
30_4	18_144	38.095	63	31	2	602	660	127	185	8.94e-05	40.0
30_4	18_208	25.114	219	139	9	470	666	2	217	1.13e-04	39.7
30_4	18_142	37.931	58	32	1	594	647	119	176	1.25e-04	39.7
30_4	18_15	24.870	193	103	9	497	659	36	216	1.32e-04	38.9
30_4	18_143	42.000	50	25	1	602	647	127	176	1.57e-04	39.3
30_4	18_72	25.568	176	113	6	499	660	42	213	2.71e-04	37.7
30_4	18_245	33.898	59	39	0	602	660	127	185	5.64e-04	37.7
30_5	18_41	99.200	250	2	0	1	250	1	250	0.0	502
30_5	18_368	31.034	203	129	4	3	203	121	314	4.41e-18	77.0
30_6	18_241	97.600	250	6	0	1	250	1	250	2.59e-173	473
30_7	18_320	97.232	542	15	0	1	542	1	542	0.0	1058
30_8	18_368	97.971	345	7	0	1	345	1	345	0.0	693
30_8	18_41	30.542	203	130	4	121	314	3	203	3.12e-17	75.1
30_9	18_578	97.970	197	4	0	1	197	1	197	1.93e-138	380
30_10	18_415	100.000	715	0	0	1	715	1	715	0.0	1437
30_11	18_642	97.599	583	14	0	1	583	1	583	0.0	1159
30_12	18_487	98.228	1975	35	0	1	1975	1	1975	0.0	3871
30_13	18_68	98.291	117	2	0	1	117	1	117	1.45e-80	227
30_14	18_448	93.506	693	45	0	1	693	1	693	0.0	1298
30_14	18_490	95.455	110	5	0	584	693	106	215	3.96e-65	209
30_14	18_490	91.892	111	9	0	1	111	1	111	4.70e-61	199
30_14	18_592	29.750	679	338	29	110	689	153	791	6.68e-48	176
30_14	18_625	32.114	246	138	6	106	347	114	334	8.63e-29	112
30_14	18_623	42.286	175	90	3	518	692	5	168	1.43e-28	107
30_14	18_624	36.111	144	86	2	359	502	18	155	1.67e-18	78.6
30_15	18_499	95.668	554	18	2	1	554	1	548	0.0	1070
30_15	18_430	57.849	344	131	5	217	552	9	346	1.86e-132	385
30_15	18_630	28.594	633	345	19	1	554	1	605	1.05e-69	231
30_15	18_149	33.623	461	264	14	104	550	222	654	3.58e-66	222
30_15	18_401	30.065	459	268	12	131	554	98	538	2.40e-51	179
30_15	18_264	39.450	218	75	6	1	208	1	171	2.38e-35	125
30_16	18_523	98.693	459	6	0	1	459	1	459	0.0	932
30_17	18_536	99.176	607	5	0	1	607	1	607	0.0	1211
30_18	18_100	99.885	870	1	0	1	870	1	870	0.0	1750
30_19	18_638	97.781	811	18	0	8	818	1	811	0.0	1630
30_19	18_564	26.087	621	342	21	251	808	244	810	1.14e-40	155
30_20	18_564	99.392	822	5	0	1	822	1	822	0.0	1664
30_20	18_638	25.522	623	343	19	244	810	244	801	2.56e-32	129
30_21	18_592	94.805	77	4	0	55	131	716	792	7.40e-44	147
30_21	18_592	62.069	29	11	0	34	62	43	71	8.45e-06	38.9
30_21	18_623	48.052	77	37	2	55	130	91	165	1.24e-16	67.0
30_21	18_490	42.857	84	42	3	52	131	131	212	2.52e-14	62.0
30_21	18_448	42.857	84	42	3	52	131	609	690	3.82e-14	62.8
30_23	18_615	98.286	175	3	0	1	175	1	175	4.53e-121	334
30_24	18_630	96.434	617	17	2	1	612	1	617	0.0	1209
30_24	18_149	38.215	437	249	5	163	597	238	655	1.05e-98	310
30_24	18_499	29.079	619	336	18	8	600	7	548	1.46e-70	233
30_24	18_401	29.372	446	249	11	198	600	116	538	6.20e-49	174
30_24	18_430	30.495	364	197	6	263	596	7	344	8.44e-49	169
30_25	18_108	96.512	86	3	0	1	86	1	86	1.66e-58	169
30_26	18_651	98.150	919	17	0	29	947	1	919	0.0	1806
