7_0	7_0	100.000	322	0	0	1	322	1	322	0.0	653
7_1	7_1	100.000	725	0	0	1	725	1	725	0.0	1469
7_1	7_126	38.624	189	111	4	481	667	205	390	7.84e-35	132
7_1	7_126	47.423	97	51	0	39	135	11	107	1.34e-22	95.9
7_1	7_10	40.146	137	82	0	481	617	166	302	3.76e-31	120
7_1	7_10	30.088	113	70	2	38	150	7	110	3.48e-11	60.1
7_1	7_158	25.735	136	99	2	481	614	590	725	2.35e-17	80.9
7_1	7_158	28.049	164	100	5	42	204	12	158	2.66e-07	48.5
7_1	7_312	38.298	94	57	1	501	594	274	366	9.45e-17	77.8
7_1	7_312	29.688	128	75	3	33	145	38	165	7.29e-10	56.2
7_1	7_484	32.432	111	74	1	505	614	274	384	1.81e-14	70.9
7_1	7_83	31.776	107	72	1	486	592	116	221	7.56e-13	64.3
7_1	7_83	31.915	94	55	3	50	137	16	106	1.02e-05	42.4
7_1	7_84	25.806	155	88	3	501	655	152	279	2.55e-12	62.8
7_1	7_84	30.952	84	39	3	53	117	22	105	1.24e-05	42.4
7_1	7_408	32.292	96	63	2	500	594	127	221	5.19e-11	58.2
7_1	7_446	34.409	93	54	2	498	587	402	490	2.21e-10	58.2
7_1	7_446	29.213	89	58	2	500	584	133	220	1.19e-07	49.3
7_1	7_446	29.348	92	54	4	48	131	16	104	1.10e-06	46.2
7_1	7_43	32.967	91	59	1	498	588	119	207	1.10e-09	55.8
7_1	7_43	33.333	99	58	3	39	134	2	95	6.32e-07	47.0
7_1	7_42	31.897	116	70	2	474	589	102	208	1.65e-09	55.5
7_1	7_42	32.673	101	60	2	39	136	2	97	2.70e-07	48.1
7_1	7_167	34.146	82	53	1	503	584	194	274	2.39e-09	53.9
7_1	7_167	31.707	82	46	2	58	131	84	163	2.28e-07	47.8
7_1	7_157	29.358	109	76	1	505	612	159	267	9.87e-09	52.4
7_1	7_157	25.899	139	83	6	30	151	4	139	4.55e-04	37.4
7_1	7_181	33.766	77	51	0	508	584	154	230	1.39e-08	51.2
7_1	7_462	30.357	112	75	2	39	149	2	111	3.10e-08	51.2
7_1	7_462	31.081	74	49	1	508	581	129	200	1.52e-05	42.7
7_1	7_206	30.476	105	70	1	38	139	7	111	5.42e-08	50.4
7_1	7_206	25.974	77	56	1	508	584	407	482	7.05e-04	37.0
7_1	7_35	34.247	73	48	0	36	108	322	394	5.01e-07	47.4
7_1	7_35	29.008	131	79	6	448	572	393	515	8.66e-05	40.0
7_1	7_306	35.088	57	37	0	39	95	2	58	9.94e-07	46.2
7_1	7_306	28.788	66	43	1	504	569	152	213	5.19e-05	40.8
7_1	7_400	27.778	90	61	2	493	581	452	538	1.40e-06	45.8
7_1	7_401	33.333	66	43	1	36	100	331	396	2.77e-05	41.6
7_1	7_36	25.301	83	59	1	36	115	324	406	2.58e-04	38.5
7_2	7_2	100.000	336	0	0	1	336	1	336	0.0	660
7_2	7_572	25.083	303	205	10	36	336	22	304	9.34e-14	65.5
7_3	7_3	100.000	931	0	0	1	931	1	931	0.0	1843
7_3	7_110	27.523	218	124	7	9	225	17	201	3.07e-08	52.0
7_3	7_38	22.680	388	252	14	2	352	7	383	1.08e-05	43.5
7_3	7_447	30.864	162	92	7	60	208	55	209	6.48e-05	41.2
7_4	7_4	100.000	937	0	0	1	937	1	937	0.0	1873
7_4	7_37	25.714	245	153	5	1	221	10	249	5.82e-15	73.9
7_4	7_111	24.936	393	233	13	7	361	26	394	1.83e-13	68.9
7_4	7_91	27.500	240	152	8	1	220	18	255	5.12e-11	60.8
7_4	7_106	25.835	569	339	24	30	560	62	585	7.02e-09	53.9
7_4	7_448	27.426	237	147	7	3	224	13	239	1.61e-08	53.1
7_5	7_5	100.000	159	0	0	1	159	1	159	2.42e-117	323
7_5	7_485	32.500	120	78	2	22	140	15	132	8.03e-11	52.0
7_6	7_6	100.000	96	0	0	1	96	1	96	9.36e-66	188
7_7	7_7	100.000	589	0	0	1	589	1	589	0.0	1146
7_7	7_319	26.087	460	272	17	51	492	10	419	1.49e-21	92.8
7_8	7_8	100.000	350	0	0	1	350	1	350	0.0	716
7_9	7_9	100.000	620	0	0	1	620	1	620	0.0	1248
7_10	7_10	100.000	386	0	0	1	386	1	386	0.0	761
7_10	7_126	32.059	340	185	10	5	304	8	341	5.24e-38	137
7_10	7_1	40.146	137	82	0	166	302	481	617	2.00e-31	120
7_10	7_1	30.088	113	70	2	7	110	38	150	1.85e-11	60.1
7_10	7_158	37.363	91	57	0	194	284	619	709	1.63e-15	72.8
7_10	7_312	33.333	90	60	0	194	283	282	371	7.77e-15	70.1
7_10	7_181	25.357	280	164	5	6	283	8	244	2.43e-14	67.0
7_10	7_167	24.779	226	119	3	27	252	84	258	8.46e-14	66.2
7_10	7_408	32.143	140	84	3	143	279	90	221	8.71e-12	59.3
7_10	7_84	25.600	250	143	8	27	272	27	237	1.17e-11	59.7
7_10	7_484	23.404	141	104	2	164	303	251	388	1.52e-11	60.1
7_10	7_157	27.778	126	87	2	176	297	142	267	1.04e-10	57.0
7_10	7_83	23.875	289	162	9	8	292	2	236	3.13e-10	55.1
7_10	7_446	23.420	269	153	9	30	296	29	246	8.05e-10	54.7
7_10	7_446	32.609	92	57	2	184	271	399	489	8.22e-07	45.1
7_10	7_42	30.986	142	89	5	128	263	59	197	1.07e-09	54.7
7_10	7_42	52.778	36	17	0	27	62	21	56	2.65e-05	40.4
7_10	7_43	29.333	150	99	3	129	273	60	207	1.25e-09	54.3
7_10	7_43	43.636	55	31	0	8	62	2	56	6.90e-06	42.4
7_10	7_462	34.483	87	53	2	183	268	119	202	1.03e-08	51.6
7_10	7_206	28.788	132	85	4	146	271	356	484	8.68e-08	48.1
7_10	7_400	29.412	85	52	2	172	251	441	522	3.15e-06	43.5
7_10	7_401	38.000	100	46	5	1	95	327	415	1.02e-04	38.5
7_10	7_306	27.174	92	64	1	188	276	443	534	2.44e-04	37.4
7_10	7_264	45.588	68	27	4	4	69	466	525	2.95e-04	37.4
7_10	7_35	50.000	46	23	0	8	53	325	370	4.40e-04	36.6
7_11	7_11	100.000	188	0	0	1	188	1	188	2.37e-134	369
7_12	7_12	100.000	110	0	0	1	110	1	110	1.63e-79	224
7_13	7_13	100.000	290	0	0	1	290	1	290	0.0	578
7_13	7_162	32.331	266	149	14	23	264	25	283	3.98e-24	94.4
7_14	7_14	100.000	287	0	0	1	287	1	287	0.0	577
7_14	7_188	35.827	254	122	7	1	234	1	233	4.27e-33	117
7_15	7_15	100.000	81	0	0	1	81	1	81	1.03e-57	166
7_16	7_16	100.000	534	0	0	1	534	1	534	0.0	1059
7_17	7_17	100.000	251	0	0	1	251	1	251	0.0	491
7_18	7_18	100.000	335	0	0	1	335	1	335	0.0	664
7_19	7_19	100.000	673	0	0	1	673	1	673	0.0	1349
7_19	7_100	22.437	517	375	10	6	512	10	510	5.20e-32	127
7_20	7_20	100.000	333	0	0	1	333	1	333	0.0	664
7_20	7_353	34.375	192	115	3	125	314	101	283	3.96e-25	99.8
7_21	7_21	100.000	189	0	0	1	189	1	189	3.02e-140	384
7_22	7_22	100.000	324	0	0	1	324	1	324	0.0	664
7_22	7_432	41.846	325	176	7	7	324	7	325	1.00e-56	182
7_22	7_500	22.941	340	195	13	1	296	321	637	3.12e-09	52.4
7_23	7_23	100.000	152	0	0	1	152	1	152	1.24e-110	306
7_24	7_24	100.000	619	0	0	1	619	1	619	0.0	1249
7_25	7_25	100.000	463	0	0	1	463	1	463	0.0	923
7_26	7_26	100.000	47	0	0	1	47	1	47	3.76e-30	94.7
7_27	7_27	100.000	609	0	0	1	609	1	609	0.0	1218
7_28	7_28	100.000	783	0	0	1	783	1	783	0.0	1563
7_29	7_29	100.000	353	0	0	1	353	1	353	0.0	699
7_29	7_309	27.129	317	167	15	46	345	64	333	4.40e-07	45.4
7_30	7_30	100.000	823	0	0	1	823	1	823	0.0	1657
7_30	7_331	24.291	741	451	18	18	668	34	754	9.03e-49	180
7_30	7_386	22.781	338	192	11	393	679	398	717	1.17e-13	69.3
7_30	7_386	27.174	184	113	4	6	186	3	168	8.12e-09	53.5
7_30	7_52	23.560	191	114	4	32	222	3	161	2.76e-07	48.1
7_31	7_31	100.000	638	0	0	1	638	1	638	0.0	1250
7_32	7_32	100.000	321	0	0	1	321	1	321	0.0	623
7_33	7_33	100.000	520	0	0	1	520	1	520	0.0	1014
7_34	7_34	100.000	212	0	0	1	212	1	212	2.09e-148	406
7_35	7_35	100.000	533	0	0	1	533	1	533	0.0	1036
7_35	7_400	29.175	521	347	9	16	520	19	533	2.78e-48	170
7_35	7_36	29.287	519	311	21	20	513	27	514	9.14e-25	102
7_35	7_401	35.407	209	123	6	319	520	328	531	1.08e-23	99.0
7_35	7_83	32.075	212	118	6	324	517	1	204	9.86e-14	66.2
7_35	7_43	28.365	208	110	6	324	512	1	188	5.07e-11	59.7
7_35	7_446	30.000	220	113	7	320	513	2	206	1.61e-10	57.8
7_35	7_306	28.342	187	110	5	324	486	1	187	2.76e-10	57.0
7_35	7_462	27.570	214	128	8	324	525	1	199	1.94e-09	54.7
7_35	7_408	28.646	192	103	6	340	513	22	197	2.47e-09	52.4
7_35	7_264	28.042	189	107	7	317	489	463	638	7.37e-09	52.8
7_35	7_42	28.351	194	128	6	324	512	1	188	9.51e-09	52.4
7_35	7_126	36.232	69	44	0	324	392	10	78	2.36e-07	47.8
7_35	7_126	33.645	107	54	3	419	514	193	293	6.96e-06	42.7
7_35	7_167	25.405	185	120	5	339	510	79	258	4.44e-07	46.2
7_35	7_1	34.247	73	48	0	322	394	36	108	5.25e-07	46.6
7_35	7_1	29.008	131	79	6	393	515	448	572	6.94e-05	40.0
7_35	7_312	29.412	85	53	2	308	388	30	111	2.09e-04	38.1
7_35	7_10	50.000	46	23	0	325	370	8	53	7.16e-04	36.2
7_35	7_206	43.182	44	25	0	343	386	26	69	7.51e-04	36.6
7_35	7_158	37.313	67	38	2	449	511	612	678	8.63e-04	36.6
7_36	7_36	100.000	535	0	0	1	535	1	535	0.0	1040
7_36	7_401	31.445	512	325	9	31	526	35	536	1.35e-54	187
7_36	7_400	31.604	212	135	3	321	526	331	538	1.90e-30	119
7_36	7_35	30.990	384	216	16	155	514	155	513	3.50e-24	100
7_36	7_83	32.353	204	117	11	327	514	2	200	8.38e-13	63.5
7_36	7_42	30.882	204	134	4	327	527	2	201	2.75e-11	60.5
7_36	7_264	32.184	174	95	8	352	510	495	660	1.08e-10	58.5
7_36	7_462	29.167	216	128	8	327	530	2	204	8.98e-09	52.4
7_36	7_43	29.167	216	137	9	327	534	2	209	3.79e-08	50.4
7_36	7_167	29.570	186	108	8	341	510	79	257	1.62e-07	47.8
7_36	7_306	35.185	54	35	0	335	388	10	63	9.00e-06	42.7
7_36	7_408	25.414	181	122	5	342	514	22	197	1.57e-05	41.2
7_36	7_126	32.787	61	41	0	327	387	11	71	4.81e-05	40.0
7_36	7_1	25.301	83	59	1	324	406	36	115	3.03e-04	37.7
7_36	7_206	25.532	188	118	5	346	517	27	208	6.03e-04	36.6
7_37	7_37	100.000	1214	0	0	1	1214	1	1214	0.0	2431
7_37	7_111	28.426	394	228	7	1	386	4	351	3.10e-42	162
7_37	7_111	26.923	286	166	8	721	1002	521	767	5.84e-16	77.8
7_37	7_111	37.500	96	57	3	472	566	357	450	5.02e-10	58.2
7_37	7_91	33.217	286	181	5	3	285	11	289	4.28e-35	139
7_37	7_91	30.928	291	137	10	738	1016	545	783	3.35e-23	101
7_37	7_91	32.231	121	72	5	477	594	361	474	1.75e-05	43.5
7_37	7_4	25.714	245	153	5	10	249	1	221	8.35e-15	73.9
7_37	7_448	26.556	241	150	8	1	234	1	221	4.38e-11	62.0
7_37	7_106	22.624	221	146	6	14	234	31	226	7.86e-05	41.2
7_38	7_38	100.000	1173	0	0	1	1173	1	1173	0.0	2352
7_38	7_110	32.576	264	156	5	7	261	5	255	2.59e-29	120
7_38	7_110	23.775	408	212	16	584	971	445	773	3.28e-08	52.4
7_38	7_90	32.258	248	151	8	10	252	13	248	7.34e-24	103
7_38	7_90	26.360	239	151	10	740	970	512	733	3.86e-04	38.9
7_38	7_447	29.560	159	99	4	6	161	2	150	3.41e-11	62.0
7_38	7_3	22.680	388	252	14	7	383	2	352	1.98e-05	43.1
7_38	7_107	39.474	38	23	0	281	318	260	297	4.61e-04	38.5
7_39	7_39	100.000	344	0	0	1	344	1	344	0.0	704
7_39	7_275	27.451	204	135	5	121	314	3	203	2.33e-15	69.7
7_40	7_40	100.000	50	0	0	1	50	1	50	3.98e-32	99.8
7_40	7_392	35.556	45	26	1	6	50	5	46	1.53e-04	30.0
7_41	7_41	100.000	273	0	0	1	273	1	273	0.0	562
7_42	7_42	100.000	772	0	0	1	772	1	772	0.0	1505
7_42	7_43	48.858	438	196	9	1	416	1	432	3.22e-109	342
7_42	7_43	45.736	129	70	0	644	772	518	646	8.83e-23	98.2
7_42	7_462	30.750	813	475	21	1	772	1	766	1.41e-86	285
7_42	7_167	29.442	197	127	5	16	202	79	273	4.50e-19	83.6
7_42	7_206	32.673	202	122	5	6	195	12	211	1.47e-15	74.7
7_42	7_446	25.592	211	143	5	1	198	6	215	1.22e-13	68.6
7_42	7_446	26.531	196	126	5	11	188	277	472	1.33e-10	58.9
7_42	7_84	25.000	208	129	5	17	198	23	229	1.43e-13	67.0
7_42	7_400	26.887	212	136	7	1	201	336	539	3.25e-12	63.9
7_42	7_181	27.586	203	118	8	19	198	29	225	1.16e-11	60.5
7_42	7_401	31.373	204	111	9	13	200	346	536	2.69e-11	61.2
7_42	7_36	30.882	204	134	4	2	201	327	527	4.00e-11	60.5
7_42	7_306	22.993	274	175	5	1	240	1	272	1.09e-10	59.3
7_42	7_306	24.645	211	138	8	1	201	319	518	9.32e-06	43.1
7_42	7_1	31.897	116	70	2	102	208	474	589	1.76e-09	55.5
7_42	7_1	32.673	101	60	2	2	97	39	136	2.88e-07	48.1
7_42	7_10	30.986	142	89	5	59	197	128	263	2.13e-09	54.7
7_42	7_10	52.778	36	17	0	21	56	27	62	5.31e-05	40.4
7_42	7_35	28.351	194	128	6	1	188	324	512	1.53e-08	52.4
7_42	7_126	32.955	88	57	1	7	92	16	103	1.98e-08	51.6
7_42	7_126	32.394	142	92	3	107	245	211	351	2.32e-08	51.6
7_42	7_83	23.618	199	141	6	13	202	16	212	4.87e-08	49.7
7_42	7_312	25.191	131	91	3	72	197	223	351	1.63e-07	48.9
7_42	7_264	24.479	192	131	5	23	204	491	678	2.86e-07	48.1
7_42	7_99	39.130	92	47	4	115	200	820	908	6.19e-07	47.4
7_42	7_99	28.571	147	88	6	64	193	416	562	1.43e-04	39.7
7_42	7_158	27.957	93	65	1	108	198	597	689	7.33e-07	47.0
7_42	7_408	27.174	184	109	7	19	188	24	196	2.10e-06	44.3
7_42	7_484	25.592	211	123	8	16	197	142	347	6.58e-06	43.5
7_42	7_157	30.682	88	57	2	114	197	145	232	2.15e-04	38.5
7_43	7_43	100.000	650	0	0	1	650	1	650	0.0	1262
7_43	7_42	48.858	438	196	9	1	432	1	416	2.49e-109	342
7_43	7_42	39.344	183	105	1	470	646	590	772	8.81e-31	122
7_43	7_462	40.044	452	245	10	1	438	1	440	4.64e-90	291
7_43	7_462	29.348	184	126	2	467	646	583	766	2.56e-16	77.0
7_43	7_167	30.732	205	122	6	16	206	79	277	2.11e-20	87.0
7_43	7_400	30.189	212	129	8	1	201	336	539	1.74e-15	73.9
7_43	7_401	32.558	215	117	9	2	200	334	536	3.04e-15	73.2
7_43	7_84	28.169	213	128	6	18	205	24	236	3.63e-14	68.2
7_43	7_83	31.081	222	129	11	1	205	1	215	1.37e-13	66.2
7_43	7_446	28.194	227	133	7	16	215	282	505	3.02e-13	67.0
7_43	7_446	25.688	218	140	7	15	212	20	235	3.05e-13	67.0
7_43	7_206	29.524	210	134	5	10	205	12	221	1.63e-12	64.7
7_43	7_206	28.326	233	135	9	2	208	261	487	7.78e-09	52.8
7_43	7_306	25.641	234	141	6	1	205	1	230	2.10e-12	64.3
7_43	7_306	28.571	210	133	8	1	202	319	519	2.15e-09	54.7
7_43	7_35	28.365	208	110	6	1	188	324	512	8.53e-11	59.3
7_43	7_408	29.596	223	136	8	4	214	8	221	1.07e-10	57.0
7_43	7_264	31.285	179	100	8	32	195	500	670	5.99e-10	56.6
7_43	7_1	32.967	91	59	1	119	207	498	588	1.04e-09	55.8
7_43	7_1	33.333	99	58	3	2	95	39	134	6.22e-07	47.0
7_43	7_10	29.333	150	99	3	60	207	129	273	1.99e-09	54.3
7_43	7_10	43.636	55	31	0	2	56	8	62	1.29e-05	42.4
7_43	7_158	34.940	83	52	1	127	207	616	698	5.60e-09	53.5
7_43	7_181	26.141	241	139	10	14	224	24	255	6.96e-09	51.6
7_43	7_484	25.688	218	138	7	16	209	142	359	1.26e-08	52.0
7_43	7_126	31.915	94	62	1	1	92	10	103	1.61e-08	51.6
7_43	7_126	37.374	99	56	3	126	220	229	325	2.84e-08	50.8
7_43	7_312	32.692	104	64	3	115	215	267	367	6.41e-08	49.7
7_43	7_36	29.167	216	137	9	2	209	327	534	7.21e-08	49.7
7_43	7_157	32.941	85	55	1	127	209	160	244	2.64e-05	41.2
7_43	7_99	36.905	84	44	4	121	198	826	906	1.27e-04	39.7
7_44	7_44	100.000	805	0	0	1	805	1	805	0.0	1620
7_44	7_45	46.204	764	383	12	45	782	27	788	0.0	609
7_44	7_411	35.012	834	418	30	1	768	1	776	2.28e-107	343
7_44	7_183	68.293	41	13	0	45	85	22	62	9.77e-15	64.7
7_45	7_45	100.000	805	0	0	1	805	1	805	0.0	1607
7_45	7_44	46.204	764	383	12	27	788	45	782	0.0	596
7_45	7_411	33.698	822	454	27	1	775	1	778	1.35e-104	335
7_45	7_183	78.689	61	13	0	8	68	3	63	1.59e-28	103
7_46	7_46	100.000	194	0	0	1	194	1	194	2.97e-142	389
7_47	7_47	100.000	469	0	0	1	469	1	469	0.0	937
7_48	7_48	100.000	146	0	0	1	146	1	146	2.42e-105	292
7_49	7_49	100.000	295	0	0	1	295	1	295	0.0	590
7_50	7_50	100.000	337	0	0	1	337	1	337	0.0	685
7_51	7_51	100.000	256	0	0	1	256	1	256	0.0	509
7_52	7_52	100.000	514	0	0	1	514	1	514	0.0	1041
7_52	7_331	25.828	151	101	3	2	141	50	200	2.33e-09	54.3
7_52	7_331	34.426	61	35	2	294	349	574	634	2.75e-05	41.2
7_52	7_386	34.444	90	58	1	3	91	29	118	3.02e-08	50.8
7_52	7_386	33.000	100	59	3	264	355	513	612	9.92e-08	48.9
7_52	7_30	23.560	191	114	4	3	161	32	222	2.23e-07	47.8
7_53	7_53	100.000	289	0	0	1	289	1	289	0.0	559
7_54	7_54	100.000	225	0	0	1	225	1	225	3.25e-168	457
7_55	7_55	100.000	173	0	0	1	173	1	173	8.75e-127	348
7_56	7_56	100.000	564	0	0	1	564	1	564	0.0	1105
7_56	7_403	31.670	461	251	12	95	533	214	632	4.25e-52	183
7_56	7_456	31.614	446	261	9	99	533	122	534	2.10e-51	179
7_56	7_457	30.901	466	255	14	97	533	116	543	5.46e-49	173
7_56	7_334	30.496	423	246	10	118	533	237	618	9.44e-48	171
7_56	7_525	30.496	423	234	11	131	540	141	516	7.60e-44	159
7_57	7_57	100.000	222	0	0	1	222	1	222	9.18e-163	443
7_58	7_58	100.000	298	0	0	1	298	1	298	0.0	603
7_59	7_59	100.000	240	0	0	1	240	1	240	0.0	503
7_60	7_60	100.000	295	0	0	1	295	1	295	0.0	594
7_60	7_427	26.897	290	174	9	21	293	10	278	1.29e-20	84.7
7_60	7_509	26.502	283	175	9	19	293	3	260	5.54e-16	70.9
7_60	7_304	27.170	265	163	10	21	275	5	249	9.05e-14	64.7
7_60	7_96	25.368	272	165	12	15	274	1	246	2.53e-04	36.2
7_61	7_61	100.000	170	0	0	1	170	1	170	1.24e-122	337
7_62	7_62	100.000	408	0	0	1	408	1	408	0.0	825
7_63	7_63	100.000	372	0	0	1	372	1	372	0.0	763
7_64	7_64	100.000	290	0	0	1	290	1	290	0.0	564
7_65	7_65	100.000	188	0	0	1	188	1	188	7.44e-139	380
7_66	7_66	100.000	865	0	0	1	865	1	865	0.0	1714
7_67	7_67	100.000	428	0	0	1	428	1	428	0.0	854
7_68	7_68	100.000	567	0	0	1	567	1	567	0.0	1145
7_68	7_474	28.049	246	157	9	14	247	18	255	1.31e-12	64.3
7_68	7_474	46.154	39	21	0	503	541	409	447	1.50e-05	42.0
7_68	7_303	27.338	139	98	2	110	245	145	283	2.97e-10	57.0
7_68	7_303	46.809	47	22	1	489	535	439	482	4.50e-08	50.1
7_69	7_69	100.000	1216	0	0	1	1216	1	1216	0.0	2397
7_69	7_219	26.623	154	99	6	1054	1202	7	151	0.001	36.2
7_70	7_70	100.000	880	0	0	1	880	1	880	0.0	1781
7_71	7_71	100.000	259	0	0	1	259	1	259	0.0	526
7_72	7_72	100.000	453	0	0	1	453	1	453	0.0	921
7_73	7_73	100.000	413	0	0	1	413	1	413	0.0	841
7_74	7_74	100.000	177	0	0	1	177	1	177	2.18e-130	358
7_75	7_75	100.000	266	0	0	1	266	1	266	0.0	526
7_75	7_244	37.143	105	61	3	22	121	37	141	1.28e-13	63.9
7_76	7_76	100.000	332	0	0	1	332	1	332	0.0	660
7_77	7_77	100.000	111	0	0	1	111	1	111	2.74e-77	218
7_78	7_78	100.000	725	0	0	1	725	1	725	0.0	1434
7_78	7_228	42.857	56	28	1	15	66	8	63	3.01e-07	47.4
7_78	7_81	32.381	105	65	3	76	176	37	139	2.41e-05	41.2
7_79	7_79	100.000	184	0	0	1	184	1	184	5.52e-135	370
7_80	7_80	100.000	211	0	0	1	211	1	211	2.60e-155	424
7_81	7_81	100.000	291	0	0	1	291	1	291	0.0	559
7_81	7_78	32.381	105	65	3	37	139	76	176	5.99e-06	42.0
7_82	7_82	100.000	239	0	0	1	239	1	239	7.04e-175	475
7_83	7_83	100.000	272	0	0	1	272	1	272	0.0	543
7_83	7_84	34.188	234	133	6	19	232	22	254	7.14e-34	119
7_83	7_400	34.694	196	110	5	16	205	348	531	5.62e-19	80.9
7_83	7_484	26.800	250	159	8	3	229	122	370	1.26e-18	79.7
7_83	7_157	31.330	233	127	7	19	227	29	252	1.49e-18	79.0
7_83	7_167	28.636	220	132	4	19	225	79	286	2.15e-18	78.2
7_83	7_408	27.805	205	136	6	20	220	22	218	1.95e-15	68.6
7_83	7_158	36.275	102	64	1	127	227	607	708	4.00e-15	69.7
7_83	7_158	33.333	75	43	3	23	91	27	100	2.81e-04	36.6
7_83	7_401	30.189	212	132	8	2	208	334	534	9.52e-15	68.6
7_83	7_35	32.075	212	118	6	1	204	324	517	3.38e-14	66.6
7_83	7_43	31.081	222	129	11	1	215	1	205	7.23e-14	65.9
7_83	7_1	31.776	107	72	1	116	221	486	592	2.83e-13	64.3
7_83	7_1	31.915	94	55	3	16	106	50	137	3.83e-06	42.4
7_83	7_36	32.353	204	117	11	2	200	327	514	3.26e-13	63.9
7_83	7_126	34.545	110	71	1	118	226	212	321	6.04e-13	62.8
7_83	7_126	26.050	119	79	3	16	128	22	137	1.15e-05	40.8
7_83	7_312	32.500	120	77	3	104	219	244	363	1.19e-12	62.0
7_83	7_306	27.778	198	108	5	16	185	13	203	1.29e-12	62.0
7_83	7_206	32.143	196	124	6	28	217	31	223	4.19e-12	60.5
7_83	7_446	26.818	220	126	10	19	218	21	225	1.52e-11	58.9
7_83	7_446	25.541	231	157	8	1	218	264	492	2.93e-06	42.7
7_83	7_10	23.875	289	162	9	2	236	8	292	2.21e-10	55.1
7_83	7_42	23.618	199	141	6	16	212	13	202	1.72e-08	49.7
7_83	7_462	26.818	220	127	9	1	208	1	198	5.77e-08	48.1
7_83	7_181	26.316	209	140	6	1	198	9	214	7.23e-08	47.0
7_83	7_99	29.801	151	85	7	90	224	783	928	9.12e-08	47.4
7_83	7_264	24.519	208	132	7	2	199	471	663	1.40e-07	46.6
7_84	7_84	100.000	300	0	0	1	300	1	300	0.0	602
7_84	7_83	34.188	234	133	6	22	254	19	232	9.67e-35	122
7_84	7_126	35.897	156	87	5	130	276	204	355	3.81e-19	81.6
7_84	7_126	25.962	104	55	3	21	123	24	106	5.15e-05	38.9
7_84	7_408	27.854	219	136	3	22	240	21	217	1.27e-18	78.2
7_84	7_462	28.638	213	121	8	23	232	17	201	3.59e-17	76.3
7_84	7_158	39.091	110	66	1	140	248	599	708	1.12e-16	75.1
7_84	7_158	38.462	39	23	1	10	48	12	49	0.001	35.0
7_84	7_484	26.778	239	140	7	27	248	147	367	3.41e-16	73.2
7_84	7_312	36.641	131	75	3	136	260	258	386	6.08e-16	72.4
7_84	7_43	28.169	213	128	6	24	236	18	205	1.56e-15	71.2
7_84	7_206	29.464	224	131	5	22	239	22	224	2.87e-15	70.5
7_84	7_206	21.127	213	161	4	26	236	277	484	1.22e-05	40.8
7_84	7_42	25.714	210	125	6	23	229	17	198	1.01e-14	68.9
7_84	7_446	25.000	236	140	7	14	237	13	223	2.12e-14	67.8
7_84	7_446	28.054	221	130	8	27	236	287	489	9.99e-14	65.9
7_84	7_167	29.327	208	109	8	21	217	78	258	3.46e-13	63.5
7_84	7_10	25.723	311	162	12	27	298	27	307	7.35e-13	62.8
7_84	7_1	25.806	155	88	3	152	279	501	655	1.01e-12	63.2
7_84	7_1	30.952	84	39	3	22	105	53	117	4.85e-06	42.4
7_84	7_157	27.197	239	155	8	20	250	27	254	8.98e-11	56.6
7_84	7_181	31.646	79	53	1	158	235	153	231	2.57e-10	54.3
7_84	7_306	25.714	210	124	7	26	219	20	213	7.66e-08	47.8
7_84	7_99	32.051	78	50	1	145	219	820	897	4.23e-07	45.8
7_84	7_99	28.090	89	62	1	136	222	470	558	1.27e-06	44.3
7_84	7_401	22.527	182	118	4	37	218	364	522	1.38e-05	40.8
7_84	7_35	24.878	205	116	6	22	219	339	512	2.50e-05	40.0
7_85	7_85	100.000	320	0	0	1	320	1	320	0.0	627
7_86	7_86	100.000	690	0	0	1	690	1	690	0.0	1373
7_87	7_87	100.000	317	0	0	1	317	1	317	0.0	642
7_88	7_88	100.000	871	0	0	1	871	1	871	0.0	1717
7_89	7_89	100.000	145	0	0	1	145	1	145	2.21e-102	284
7_90	7_90	100.000	1019	0	0	1	1019	1	1019	0.0	2029
7_90	7_110	29.186	1093	644	31	17	1018	13	1066	1.99e-111	365
7_90	7_38	32.258	248	151	8	13	248	10	252	6.65e-24	103
7_90	7_38	25.941	239	152	9	512	733	740	970	2.76e-04	39.3
7_90	7_447	27.564	156	99	7	12	159	7	156	6.21e-08	51.2
7_91	7_91	100.000	1018	0	0	1	1018	1	1018	0.0	1980
7_91	7_111	26.611	1086	686	33	6	1015	1	1051	1.68e-78	273
7_91	7_37	33.217	286	181	5	11	289	3	285	4.05e-35	139
7_91	7_37	30.928	291	137	10	545	783	738	1016	2.29e-23	101
7_91	7_37	32.231	121	72	5	361	474	477	594	1.88e-05	43.1
7_91	7_4	27.500	240	152	8	18	255	1	220	5.20e-11	61.2
7_91	7_448	21.957	797	477	33	11	699	2	761	1.13e-09	57.0
7_91	7_106	25.112	446	278	14	14	436	18	430	1.79e-07	49.7
7_92	7_92	100.000	226	0	0	1	226	1	226	3.45e-171	465
7_93	7_93	100.000	719	0	0	1	719	1	719	0.0	1431
7_94	7_94	100.000	65	0	0	1	65	1	65	1.21e-44	132
7_95	7_95	100.000	280	0	0	1	280	1	280	0.0	562
7_96	7_96	100.000	269	0	0	1	269	1	269	0.0	537
7_96	7_175	26.568	271	164	13	4	258	3	254	6.23e-07	44.7
7_96	7_304	24.074	270	159	9	1	246	1	248	2.94e-06	42.0
7_96	7_509	32.203	59	40	0	188	246	183	241	1.15e-04	37.4
7_96	7_60	25.368	272	165	12	1	246	15	274	2.31e-04	36.2
7_96	7_427	32.877	73	43	1	180	246	186	258	2.75e-04	36.2
7_97	7_97	100.000	271	0	0	1	271	1	271	0.0	534
7_98	7_98	100.000	238	0	0	1	238	1	238	6.68e-173	470
7_99	7_99	100.000	947	0	0	1	947	1	947	0.0	1931
7_99	7_83	29.801	151	85	7	783	928	90	224	2.70e-07	47.8
7_99	7_42	39.130	92	47	4	820	908	115	200	6.85e-07	47.4
7_99	7_42	28.571	147	88	6	416	562	64	193	1.62e-04	39.7
7_99	7_84	32.051	78	50	1	820	897	145	219	1.37e-06	45.8
7_99	7_84	30.000	80	54	1	479	558	145	222	6.01e-06	43.5
7_99	7_462	36.585	82	43	4	834	912	129	204	1.78e-05	42.7
7_99	7_43	36.905	84	44	4	826	906	121	198	1.75e-04	39.7
7_99	7_158	33.333	102	63	3	476	574	601	700	1.87e-04	39.7
7_99	7_312	25.168	298	194	12	628	907	63	349	2.05e-04	39.3
7_99	7_312	26.984	189	115	7	450	619	240	424	0.001	37.0
7_99	7_126	38.667	75	43	2	485	558	224	296	2.22e-04	38.9
7_99	7_484	29.897	97	57	4	834	928	277	364	4.19e-04	38.1
7_99	7_157	29.825	114	68	5	833	943	161	265	5.01e-04	37.7
7_99	7_446	25.263	190	119	8	481	655	129	310	5.46e-04	37.7
7_100	7_100	100.000	821	0	0	1	821	1	821	0.0	1663
7_100	7_19	22.437	517	375	10	10	510	6	512	1.13e-31	126
7_101	7_101	100.000	114	0	0	1	114	1	114	6.70e-84	235
7_102	7_102	100.000	479	0	0	1	479	1	479	0.0	930
7_103	7_103	100.000	169	0	0	1	169	1	169	2.30e-121	334
7_104	7_104	100.000	163	0	0	1	163	1	163	1.75e-119	329
7_105	7_105	100.000	326	0	0	1	326	1	326	0.0	653
7_106	7_106	100.000	1086	0	0	1	1086	1	1086	0.0	2138
7_106	7_91	24.947	469	294	15	18	451	14	459	1.15e-07	50.4
7_106	7_111	24.000	450	280	15	23	431	12	440	1.31e-07	50.1
7_106	7_37	22.624	221	146	6	31	226	14	234	6.35e-05	41.6
7_106	7_4	26.667	255	156	10	25	260	2	244	1.65e-04	40.0
7_107	7_107	100.000	965	0	0	1	965	1	965	0.0	1909
7_107	7_38	23.247	271	155	11	65	297	63	318	2.84e-08	52.4
7_107	7_110	26.286	175	110	5	24	191	12	174	1.92e-04	39.7
7_107	7_90	27.638	199	116	10	5	195	3	181	7.08e-04	37.7
7_108	7_108	100.000	242	0	0	1	242	1	242	3.55e-179	486
7_109	7_109	100.000	88	0	0	1	88	1	88	1.64e-59	171
7_110	7_110	100.000	1068	0	0	1	1068	1	1068	0.0	2149
7_110	7_90	29.186	1093	644	31	13	1066	17	1018	7.71e-115	375
7_110	7_38	29.765	383	217	11	5	344	7	380	4.86e-30	123
7_110	7_38	23.544	412	216	16	445	777	584	975	3.71e-09	55.1
7_110	7_447	29.677	155	101	3	13	161	10	162	3.31e-13	68.6
7_110	7_3	27.523	218	124	7	17	201	9	225	3.26e-08	52.0
7_111	7_111	100.000	1062	0	0	1	1062	1	1062	0.0	2118
7_111	7_91	26.403	1087	687	33	1	1051	6	1015	1.03e-79	276
7_111	7_37	28.426	394	228	7	4	351	1	386	2.56e-42	162
7_111	7_37	25.926	297	177	9	521	777	721	1014	4.72e-15	74.7
7_111	7_37	35.088	114	70	4	357	468	472	583	4.43e-10	58.2
7_111	7_448	24.571	525	295	18	6	471	4	486	1.97e-14	72.8
7_111	7_4	24.936	393	233	13	26	394	7	361	1.77e-13	69.3
7_111	7_106	24.222	450	279	15	12	440	23	431	1.82e-07	49.7
7_112	7_112	100.000	639	0	0	1	639	1	639	0.0	1304
7_112	7_434	44.288	639	333	9	5	635	3	626	2.62e-170	495
7_113	7_113	100.000	322	0	0	1	322	1	322	0.0	652
7_114	7_114	100.000	413	0	0	1	413	1	413	0.0	797
7_115	7_115	100.000	524	0	0	1	524	1	524	0.0	1021
7_115	7_458	24.301	465	302	18	9	462	4	429	1.04e-13	67.8
7_116	7_116	100.000	171	0	0	1	171	1	171	4.05e-123	339
7_117	7_117	100.000	374	0	0	1	374	1	374	0.0	776
7_118	7_118	100.000	334	0	0	1	334	1	334	0.0	680
7_119	7_119	100.000	1376	0	0	1	1376	1	1376	0.0	2704
7_119	7_144	67.888	1392	424	6	1	1376	1	1385	0.0	1834
7_120	7_120	100.000	382	0	0	1	382	1	382	0.0	739
7_120	7_538	55.024	209	91	2	176	381	3	211	2.48e-64	199
7_121	7_121	100.000	251	0	0	1	251	1	251	6.38e-178	484
7_122	7_122	100.000	281	0	0	1	281	1	281	0.0	560
7_123	7_123	100.000	494	0	0	1	494	1	494	0.0	963
7_124	7_124	100.000	231	0	0	1	231	1	231	6.99e-170	462
7_125	7_125	100.000	449	0	0	1	449	1	449	0.0	907
7_126	7_126	100.000	444	0	0	1	444	1	444	0.0	887
7_126	7_10	32.059	340	185	10	8	341	5	304	6.03e-38	137
7_126	7_1	38.624	189	111	4	205	390	481	667	4.80e-35	132
7_126	7_1	47.423	97	51	0	11	107	39	135	8.22e-23	95.9
7_126	7_312	27.041	392	247	11	10	379	43	417	8.61e-24	97.8
7_126	7_158	32.847	137	91	1	199	334	584	720	1.89e-20	89.0
7_126	7_158	40.541	37	22	0	20	56	18	54	6.13e-04	36.6
7_126	7_84	35.616	146	81	5	214	355	140	276	3.57e-17	76.6
7_126	7_84	25.962	104	55	3	24	106	21	123	9.51e-05	38.5
7_126	7_484	32.520	123	71	3	190	312	247	357	5.85e-15	71.2
7_126	7_83	34.545	110	71	1	212	321	118	226	9.86e-13	62.8
7_126	7_83	26.050	119	79	3	22	137	16	128	1.88e-05	40.8
7_126	7_167	36.170	94	54	2	24	111	78	171	6.46e-12	60.8
7_126	7_167	36.585	82	51	1	230	311	197	277	5.01e-10	55.1
7_126	7_446	30.147	136	88	4	202	333	112	244	5.92e-11	58.5
7_126	7_446	28.431	102	68	3	10	106	6	107	2.80e-08	50.1
7_126	7_446	25.287	87	64	1	224	310	404	489	3.57e-05	40.4
7_126	7_408	31.313	99	67	1	232	330	136	233	3.83e-10	54.7
7_126	7_462	32.990	97	63	1	10	106	1	95	6.94e-10	55.5
7_126	7_157	28.030	132	92	1	204	332	131	262	9.93e-10	54.3
7_126	7_181	31.313	99	68	0	211	309	133	231	5.66e-09	51.2
7_126	7_43	31.915	94	62	1	10	103	1	92	1.13e-08	51.6
7_126	7_43	37.374	99	56	3	229	325	126	220	2.09e-08	50.8
7_126	7_42	32.955	88	57	1	16	103	7	92	1.14e-08	51.6
7_126	7_42	32.394	142	92	3	211	351	107	245	1.33e-08	51.6
7_126	7_35	36.232	69	44	0	10	78	324	392	1.66e-07	47.8
7_126	7_35	33.645	107	54	3	193	293	419	514	4.75e-06	43.1
7_126	7_206	27.723	101	70	2	232	331	407	505	2.72e-07	47.0
7_126	7_206	28.333	60	43	0	11	70	8	67	3.94e-04	37.0
7_126	7_400	30.769	78	53	1	1	77	327	404	6.93e-06	42.7
7_126	7_400	35.294	68	41	1	229	296	464	528	5.24e-05	39.7
7_126	7_306	31.765	85	54	1	226	310	150	230	1.11e-05	42.0
7_126	7_306	27.586	58	42	0	10	67	1	58	2.27e-05	40.8
7_126	7_36	32.787	61	41	0	11	71	327	387	3.50e-05	40.4
7_126	7_99	38.667	75	43	2	224	296	485	558	1.17e-04	38.9
7_127	7_127	100.000	286	0	0	1	286	1	286	0.0	555
7_127	7_128	25.150	167	115	4	75	237	73	233	1.29e-04	37.4
7_128	7_128	100.000	274	0	0	1	274	1	274	0.0	539
7_128	7_127	25.150	167	115	4	73	233	75	237	6.00e-05	38.1
7_129	7_129	100.000	571	0	0	1	571	1	571	0.0	1149
7_130	7_130	100.000	278	0	0	1	278	1	278	0.0	541
7_130	7_239	27.350	117	73	3	110	226	48	152	1.79e-06	42.7
7_130	7_239	34.127	126	50	5	139	262	24	118	2.83e-06	42.0
7_130	7_239	33.333	93	52	3	121	213	35	117	3.44e-05	38.9
7_131	7_131	100.000	175	0	0	1	175	1	175	1.01e-125	346
7_132	7_132	100.000	236	0	0	1	236	1	236	9.14e-176	477
7_133	7_133	100.000	186	0	0	1	186	1	186	1.42e-132	364
7_134	7_134	100.000	308	0	0	1	308	1	308	0.0	581
7_135	7_135	100.000	429	0	0	1	429	1	429	0.0	864
7_136	7_136	100.000	144	0	0	1	144	1	144	5.99e-108	298
7_137	7_137	100.000	856	0	0	1	856	1	856	0.0	1721
7_137	7_332	35.502	707	432	11	50	746	6	698	1.01e-130	407
7_137	7_332	25.000	132	88	5	727	854	582	706	3.84e-04	38.5
7_138	7_138	100.000	221	0	0	1	221	1	221	5.43e-162	441
7_139	7_139	100.000	204	0	0	1	204	1	204	2.24e-151	413
7_140	7_140	100.000	232	0	0	1	232	1	232	2.68e-164	448
7_141	7_141	100.000	872	0	0	1	872	1	872	0.0	1763
7_142	7_142	100.000	402	0	0	1	402	1	402	0.0	818
7_142	7_367	27.083	288	181	10	20	301	8	272	3.08e-16	75.1
7_142	7_197	32.099	162	90	3	21	182	116	257	2.03e-13	66.2
7_142	7_369	34.091	132	84	3	16	145	8	138	3.07e-13	65.9
7_143	7_143	100.000	1985	0	0	1	1985	1	1985	0.0	3880
7_143	7_436	30.343	903	577	20	12	884	3	883	1.19e-95	328
7_143	7_503	35.516	397	209	11	60	425	37	417	1.31e-54	196
7_144	7_144	100.000	1386	0	0	1	1386	1	1386	0.0	2740
7_144	7_119	67.888	1392	424	6	1	1385	1	1376	0.0	1810
7_145	7_145	100.000	456	0	0	1	456	1	456	0.0	911
7_146	7_146	100.000	297	0	0	1	297	1	297	0.0	599
7_147	7_147	100.000	205	0	0	1	205	1	205	1.05e-144	396
7_148	7_148	100.000	416	0	0	1	416	1	416	0.0	799
7_149	7_149	100.000	419	0	0	1	419	1	419	0.0	848
7_150	7_150	100.000	316	0	0	1	316	1	316	0.0	632
7_151	7_151	100.000	402	0	0	1	402	1	402	0.0	806
7_152	7_152	100.000	611	0	0	1	611	1	611	0.0	1227
7_152	7_581	30.717	293	196	4	285	574	15	303	1.23e-40	145
7_152	7_186	29.600	125	86	1	176	300	2	124	3.77e-14	64.3
7_152	7_441	24.855	346	193	13	155	482	2	298	7.15e-09	52.0
7_153	7_153	100.000	306	0	0	1	306	1	306	0.0	610
7_154	7_154	100.000	939	0	0	1	939	1	939	0.0	1904
7_155	7_155	100.000	351	0	0	1	351	1	351	0.0	684
7_155	7_310	27.358	318	207	7	6	316	61	361	1.61e-22	92.0
7_156	7_156	100.000	385	0	0	1	385	1	385	0.0	767
7_156	7_311	32.877	219	139	5	160	377	106	317	2.10e-21	88.6
7_156	7_310	24.000	225	145	7	175	384	151	364	4.99e-04	36.2
7_157	7_157	100.000	349	0	0	1	349	1	349	0.0	715
7_157	7_484	40.240	333	193	3	5	332	116	447	4.40e-79	244
7_157	7_158	37.267	161	81	3	118	266	570	722	7.98e-31	118
7_157	7_312	37.500	136	83	1	131	266	252	385	1.04e-27	107
7_157	7_312	29.630	135	70	5	7	125	32	157	3.95e-09	52.0
7_157	7_83	31.330	233	127	7	29	252	19	227	5.24e-23	91.7
7_157	7_167	28.972	214	133	6	14	221	58	258	9.37e-19	80.5
7_157	7_408	24.783	230	150	7	30	257	22	230	1.17e-13	64.7
7_157	7_126	27.907	129	83	2	131	259	204	322	1.78e-13	65.5
7_157	7_84	33.043	115	74	2	140	254	139	250	2.51e-13	64.3
7_157	7_1	29.358	109	76	1	159	267	505	612	9.69e-13	63.5
7_157	7_1	25.899	139	83	6	4	139	30	151	2.56e-04	37.4
7_157	7_10	27.778	126	87	2	142	267	176	297	1.15e-12	62.8
7_157	7_181	38.462	78	48	0	162	239	154	231	2.56e-12	60.8
7_157	7_400	28.780	205	118	10	29	228	351	532	7.12e-09	51.6
7_157	7_446	26.267	217	134	9	40	248	32	230	4.26e-08	48.9
7_157	7_446	33.333	81	53	1	160	240	410	489	6.12e-07	45.4
7_157	7_43	32.941	85	55	1	160	244	127	209	1.74e-07	47.4
7_157	7_462	24.880	209	125	7	29	232	16	197	1.84e-07	47.4
7_157	7_99	30.702	114	67	5	161	265	833	943	3.97e-07	46.2
7_157	7_42	30.682	88	57	2	145	232	114	197	1.06e-06	44.7
7_157	7_35	26.341	205	122	8	29	228	339	519	2.13e-06	43.9
7_157	7_206	25.000	236	148	10	28	249	273	493	5.03e-06	42.4
7_157	7_306	27.143	70	47	2	163	232	449	514	3.53e-04	36.6
7_157	7_36	26.857	175	106	8	49	223	361	513	3.85e-04	36.6
7_158	7_158	100.000	775	0	0	1	775	1	775	0.0	1532
7_158	7_312	37.751	249	137	4	530	775	204	437	2.53e-43	157
7_158	7_312	39.175	97	55	2	22	115	61	156	1.79e-12	64.7
7_158	7_484	44.737	114	63	0	614	727	273	386	6.15e-30	119
7_158	7_484	31.250	96	61	2	33	123	152	247	6.96e-07	47.0
7_158	7_157	37.267	161	81	3	570	722	118	266	1.02e-25	103
7_158	7_126	32.847	137	91	1	584	720	199	334	3.46e-20	88.6
7_158	7_1	26.761	142	97	3	584	725	480	614	2.38e-17	80.9
7_158	7_1	28.049	164	100	5	12	158	42	204	2.59e-07	48.5
7_158	7_84	39.091	110	66	1	599	708	140	248	2.72e-16	75.1
7_158	7_10	37.363	91	57	0	619	709	194	284	3.19e-15	72.8
7_158	7_83	36.275	102	64	1	607	708	127	227	1.14e-14	69.7
7_158	7_83	33.333	75	43	3	27	100	23	91	7.93e-04	36.6
7_158	7_181	30.508	118	73	2	597	706	134	250	1.92e-13	65.9
7_158	7_167	31.000	100	68	1	607	706	188	286	3.41e-13	65.9
7_158	7_408	30.108	93	64	1	615	707	133	224	2.01e-11	59.3
7_158	7_408	40.426	47	28	0	23	69	21	67	6.60e-07	45.8
7_158	7_43	34.940	83	52	1	616	698	127	207	6.46e-09	53.5
7_158	7_446	30.097	103	62	3	601	699	129	225	7.13e-08	50.1
7_158	7_446	27.723	101	72	1	616	716	410	509	2.24e-05	42.0
7_158	7_462	30.476	105	65	2	618	722	129	225	5.00e-07	47.8
7_158	7_400	38.983	59	33	1	618	676	467	522	7.43e-07	47.0
7_158	7_42	27.957	93	65	1	597	689	108	198	7.95e-07	47.0
7_158	7_206	25.532	94	63	2	609	699	398	487	8.53e-06	43.5
7_158	7_401	36.508	63	34	2	38	96	364	424	1.11e-04	39.7
7_158	7_99	33.333	102	63	3	601	700	476	574	1.47e-04	39.7
7_158	7_35	37.313	67	38	2	612	678	449	511	0.001	37.0
7_159	7_159	100.000	443	0	0	1	443	1	443	0.0	885
7_160	7_160	100.000	3366	0	0	1	3366	1	3366	0.0	6754
7_160	7_526	25.660	265	138	13	302	545	346	572	9.63e-05	42.7
7_161	7_161	100.000	231	0	0	1	231	1	231	1.08e-170	464
7_162	7_162	100.000	300	0	0	1	300	1	300	0.0	604
7_162	7_13	32.331	266	149	14	25	283	23	264	4.12e-24	94.4
7_162	7_268	33.088	136	64	8	16	150	4	113	7.83e-06	40.8
7_163	7_163	100.000	73	0	0	1	73	1	73	5.75e-53	154
7_164	7_164	100.000	201	0	0	1	201	1	201	2.41e-148	405
7_164	7_165	38.509	161	94	3	3	162	4	160	6.42e-28	99.4
7_165	7_165	100.000	194	0	0	1	194	1	194	6.24e-144	393
7_165	7_164	38.509	161	94	3	4	160	3	162	6.19e-28	99.4
7_166	7_166	100.000	2652	0	0	1	2652	1	2652	0.0	5251
7_167	7_167	100.000	307	0	0	1	307	1	307	0.0	617
7_167	7_462	32.735	223	133	7	60	279	1	209	1.20e-24	99.0
7_167	7_43	30.732	205	122	6	79	277	16	206	9.60e-21	87.0
7_167	7_42	29.442	197	127	5	79	273	16	202	2.21e-19	83.2
7_167	7_83	28.636	220	132	4	79	286	19	225	2.49e-18	77.8
7_167	7_157	28.972	214	133	6	58	258	14	221	1.21e-15	71.2
7_167	7_312	42.857	84	47	1	194	276	276	359	6.07e-15	69.3
7_167	7_312	31.481	108	69	2	59	163	42	147	1.19e-06	43.9
7_167	7_484	30.583	206	123	8	90	277	153	356	2.79e-14	67.4
7_167	7_446	25.108	231	157	8	60	282	6	228	3.47e-14	67.4
7_167	7_446	30.263	76	53	0	199	274	412	487	1.12e-04	38.1
7_167	7_10	24.779	226	119	3	84	258	27	252	7.59e-14	65.9
7_167	7_158	31.000	100	68	1	188	286	607	706	1.11e-13	65.9
7_167	7_181	25.472	212	146	4	56	258	5	213	1.56e-13	63.9
7_167	7_84	27.885	208	112	7	78	258	21	217	3.06e-12	60.8
7_167	7_126	36.170	94	54	2	78	171	24	111	3.76e-12	60.8
7_167	7_126	36.585	82	51	1	197	277	230	311	3.79e-10	55.1
7_167	7_408	23.913	230	153	7	66	283	1	220	7.24e-10	53.1
7_167	7_1	34.146	82	53	1	194	274	503	584	8.94e-10	53.9
7_167	7_1	31.707	82	46	2	84	163	58	131	6.95e-08	48.1
7_167	7_206	25.405	185	119	6	83	257	26	201	6.23e-09	51.2
7_167	7_206	23.636	220	146	8	78	279	272	487	1.24e-05	40.8
7_167	7_264	29.167	168	103	8	97	257	502	660	1.77e-08	50.1
7_167	7_401	31.527	203	114	11	79	271	349	536	1.79e-08	49.7
7_167	7_400	25.510	196	125	7	79	267	351	532	6.64e-08	48.1
7_167	7_36	29.570	186	108	8	79	257	341	510	8.35e-08	47.8
7_167	7_35	24.865	185	121	5	79	258	339	510	2.63e-07	46.2
7_168	7_168	100.000	380	0	0	1	380	1	380	0.0	776
7_169	7_169	100.000	271	0	0	1	271	1	271	0.0	552
7_170	7_170	100.000	367	0	0	1	367	1	367	0.0	744
7_170	7_338	36.220	127	56	2	6	132	160	261	4.26e-15	70.5
7_171	7_171	100.000	186	0	0	1	186	1	186	1.31e-139	382
7_172	7_172	100.000	163	0	0	1	163	1	163	1.08e-118	327
7_173	7_173	100.000	260	0	0	1	260	1	260	0.0	523
7_174	7_174	100.000	323	0	0	1	323	1	323	0.0	635
7_175	7_175	100.000	447	0	0	1	447	1	447	0.0	883
7_175	7_509	31.878	229	138	9	1	221	1	219	8.40e-17	74.7
7_175	7_96	27.675	271	161	14	3	254	4	258	3.34e-08	49.3
7_175	7_427	22.305	269	160	7	8	246	12	261	2.96e-06	43.5
7_176	7_176	100.000	701	0	0	1	701	1	701	0.0	1384
7_177	7_177	100.000	534	0	0	1	534	1	534	0.0	1066
7_178	7_178	100.000	110	0	0	1	110	1	110	2.18e-78	221
7_179	7_179	100.000	249	0	0	1	249	1	249	2.45e-178	485
7_180	7_180	100.000	396	0	0	1	396	1	396	0.0	807
7_181	7_181	100.000	256	0	0	1	256	1	256	0.0	508
7_181	7_312	34.711	121	77	2	126	244	251	371	2.50e-16	72.4
7_181	7_167	27.358	212	142	4	5	213	56	258	4.40e-16	71.2
7_181	7_10	25.714	280	163	5	8	244	6	283	2.02e-15	69.7
7_181	7_158	30.508	118	73	2	134	250	597	706	3.87e-14	66.2
7_181	7_42	27.273	198	125	4	29	225	19	198	4.49e-13	63.2
7_181	7_446	24.569	232	161	10	27	252	22	245	9.80e-13	62.0
7_181	7_446	22.566	226	163	6	12	230	267	487	6.41e-09	50.4
7_181	7_484	25.203	246	153	8	4	231	122	354	2.37e-11	57.8
7_181	7_84	25.806	217	145	9	27	231	23	235	1.61e-10	54.7
7_181	7_83	26.794	209	139	6	9	214	1	198	2.27e-10	54.3
7_181	7_43	25.664	226	139	7	24	245	14	214	2.69e-10	54.7
7_181	7_126	31.313	99	68	0	133	231	211	309	2.92e-09	51.6
7_181	7_1	33.766	77	51	0	154	230	508	584	2.96e-09	51.6
7_181	7_1	29.885	87	55	2	27	112	54	135	2.61e-04	36.6
7_181	7_157	27.801	241	145	11	6	231	13	239	1.55e-08	49.3
7_181	7_206	24.074	216	151	7	20	231	14	220	1.98e-08	48.9
7_181	7_206	23.897	272	164	12	2	251	253	503	1.77e-05	40.0
7_181	7_462	23.188	207	138	6	23	227	13	200	4.07e-08	48.1
7_181	7_400	26.214	206	132	7	9	212	336	523	2.26e-07	45.8
7_181	7_408	22.831	219	137	7	22	231	17	212	2.07e-06	42.4
7_181	7_306	22.271	229	152	6	10	235	320	525	2.89e-06	42.4
7_181	7_306	21.992	241	138	8	24	235	14	233	3.47e-05	39.3
7_181	7_264	28.333	180	105	7	40	212	498	660	2.73e-05	39.7
7_181	7_401	24.312	218	127	10	8	214	332	522	1.57e-04	37.0
7_181	7_35	21.053	209	141	7	9	214	324	511	1.99e-04	36.6
7_181	7_99	31.111	90	51	5	136	218	815	900	3.42e-04	36.2
7_182	7_182	100.000	565	0	0	1	565	1	565	0.0	1100
7_183	7_183	100.000	75	0	0	1	75	1	75	3.77e-51	149
7_183	7_45	78.689	61	13	0	3	63	8	68	1.48e-29	103
7_183	7_44	68.293	41	13	0	22	62	45	85	8.34e-16	64.7
7_183	7_411	43.284	67	31	2	9	75	14	73	9.71e-10	47.8
7_184	7_184	100.000	220	0	0	1	220	1	220	1.02e-157	430
7_185	7_185	100.000	629	0	0	1	629	1	629	0.0	1284
7_185	7_464	37.179	78	31	4	124	191	197	266	6.55e-04	37.0
7_186	7_186	100.000	131	0	0	1	131	1	131	2.10e-93	260
7_186	7_152	29.600	125	86	1	2	124	176	300	7.19e-15	64.7
7_187	7_187	100.000	384	0	0	1	384	1	384	0.0	767
7_188	7_188	100.000	276	0	0	1	276	1	276	0.0	550
7_188	7_14	35.857	251	126	6	1	233	1	234	5.64e-31	112
7_189	7_189	100.000	594	0	0	1	594	1	594	0.0	1190
7_189	7_210	28.413	630	325	21	34	582	29	613	4.88e-44	162
7_190	7_190	100.000	254	0	0	1	254	1	254	0.0	522
7_191	7_191	100.000	205	0	0	1	205	1	205	1.18e-153	419
7_192	7_192	100.000	144	0	0	1	144	1	144	6.55e-107	296
7_193	7_193	100.000	274	0	0	1	274	1	274	0.0	560
7_194	7_194	100.000	225	0	0	1	225	1	225	1.71e-163	445
7_195	7_195	100.000	293	0	0	1	293	1	293	0.0	579
7_196	7_196	100.000	981	0	0	1	981	1	981	0.0	1981
7_196	7_444	22.222	720	356	26	188	785	789	1426	1.65e-17	82.4
7_197	7_197	100.000	599	0	0	1	599	1	599	0.0	1221
7_197	7_367	30.093	216	126	7	117	315	10	217	6.55e-17	78.6
7_197	7_369	37.008	127	62	2	116	224	13	139	8.32e-14	68.9
7_197	7_142	32.099	162	90	3	116	257	21	182	2.49e-13	66.6
7_198	7_198	100.000	617	0	0	1	617	1	617	0.0	1243
7_199	7_199	100.000	666	0	0	1	666	1	666	0.0	1353
7_200	7_200	100.000	579	0	0	1	579	1	579	0.0	1177
7_200	7_510	24.129	373	214	16	197	551	38	359	6.77e-04	36.6
7_201	7_201	100.000	118	0	0	1	118	1	118	4.28e-79	223
7_202	7_202	100.000	246	0	0	1	246	1	246	7.33e-180	488
7_203	7_203	100.000	97	0	0	1	97	1	97	2.09e-67	192
7_204	7_204	100.000	505	0	0	1	505	1	505	0.0	1029
7_205	7_205	100.000	184	0	0	1	184	1	184	1.31e-136	374
7_206	7_206	100.000	508	0	0	1	508	1	508	0.0	1011
7_206	7_446	30.392	510	327	13	12	504	11	509	4.89e-54	185
7_206	7_408	35.349	215	114	6	26	231	25	223	1.26e-23	94.4
7_206	7_408	32.051	78	53	0	407	484	136	213	7.53e-07	45.1
7_206	7_42	32.673	202	122	5	12	211	6	195	9.67e-16	74.7
7_206	7_462	29.630	216	130	6	8	217	2	201	1.81e-13	67.4
7_206	7_462	24.229	227	142	7	261	482	2	203	0.001	36.2
7_206	7_84	29.464	224	131	5	22	224	22	239	2.61e-13	65.1
7_206	7_84	21.127	213	161	4	277	484	26	236	2.57e-04	37.4
7_206	7_43	29.524	210	134	5	12	221	10	205	1.23e-12	64.7
7_206	7_43	28.326	233	135	9	261	487	2	208	5.03e-09	53.1
7_206	7_83	32.143	196	124	6	31	223	28	217	7.83e-12	60.5
7_206	7_306	26.271	236	145	9	8	221	2	230	3.36e-10	56.6
7_206	7_306	32.432	74	47	2	149	222	453	523	3.27e-04	37.7
7_206	7_167	25.405	185	119	6	26	201	83	257	1.02e-08	51.2
7_206	7_167	23.636	220	146	8	272	487	78	279	1.83e-05	41.2
7_206	7_484	28.444	225	127	11	23	224	145	358	1.88e-08	50.8
7_206	7_484	25.106	235	140	8	278	493	147	364	1.26e-05	42.0
7_206	7_1	30.476	105	70	1	7	111	38	139	3.80e-08	50.4
7_206	7_1	25.974	77	56	1	407	482	508	584	4.94e-04	37.0
7_206	7_400	31.148	183	104	8	26	201	355	522	4.02e-08	50.1
7_206	7_10	28.788	132	85	4	356	484	146	271	1.14e-07	48.1
7_206	7_126	27.723	101	70	2	407	505	232	331	3.11e-07	47.0
7_206	7_126	28.333	60	43	0	8	67	11	70	4.51e-04	37.0
7_206	7_181	23.148	216	153	7	14	220	20	231	6.35e-07	45.4
7_206	7_181	24.180	244	146	10	277	503	30	251	2.32e-04	37.4
7_206	7_158	25.532	94	63	2	398	487	609	699	5.59e-06	43.5
7_206	7_401	26.136	176	110	6	36	205	363	524	1.22e-05	42.0
7_206	7_312	25.954	131	94	2	357	484	229	359	1.37e-05	42.0
7_206	7_36	25.000	184	124	4	27	208	346	517	3.35e-04	37.4
7_206	7_157	25.000	236	148	10	273	493	28	249	3.92e-04	37.0
7_206	7_35	43.182	44	25	0	26	69	343	386	6.85e-04	36.6
7_207	7_207	100.000	303	0	0	1	303	1	303	0.0	577
7_207	7_496	31.050	219	119	5	18	216	79	285	1.02e-11	59.7
7_208	7_208	100.000	184	0	0	1	184	1	184	6.33e-138	377
7_209	7_209	100.000	89	0	0	1	89	1	89	2.44e-60	174
7_210	7_210	100.000	826	0	0	1	826	1	826	0.0	1676
7_210	7_189	28.413	630	325	21	29	613	34	582	5.92e-49	177
7_211	7_211	100.000	818	0	0	1	818	1	818	0.0	1681
7_211	7_497	28.479	618	326	21	249	804	246	809	1.50e-45	170
7_212	7_212	100.000	732	0	0	1	732	1	732	0.0	1473
7_212	7_542	38.462	663	340	21	88	707	55	692	8.80e-126	387
7_212	7_218	65.806	155	40	3	1	154	1	143	6.00e-49	179
7_212	7_218	30.539	334	203	9	285	591	388	719	2.32e-33	132
7_213	7_213	100.000	165	0	0	1	165	1	165	6.59e-118	325
7_214	7_214	100.000	121	0	0	1	121	1	121	1.97e-79	224
7_215	7_215	100.000	1217	0	0	1	1217	1	1217	0.0	2492
7_216	7_216	100.000	1411	0	0	1	1411	1	1411	0.0	2888
7_217	7_217	100.000	139	0	0	1	139	1	139	1.69e-99	276
7_218	7_218	100.000	839	0	0	1	839	1	839	0.0	1701
7_218	7_212	74.074	162	15	3	1	143	1	154	6.18e-63	220
7_218	7_212	30.539	334	203	9	388	719	285	591	1.37e-33	132
7_218	7_542	28.097	331	197	11	389	707	250	551	6.64e-27	111
7_218	7_469	64.198	81	29	0	279	359	232	312	1.06e-25	107
7_219	7_219	100.000	161	0	0	1	161	1	161	1.55e-114	316
7_219	7_69	24.675	154	102	5	7	151	1054	1202	1.09e-04	36.2
7_220	7_220	100.000	135	0	0	1	135	1	135	1.07e-94	264
7_221	7_221	100.000	534	0	0	1	534	1	534	0.0	1088
7_222	7_222	100.000	197	0	0	1	197	1	197	3.06e-135	372
7_223	7_223	100.000	214	0	0	1	214	1	214	2.81e-154	421
7_224	7_224	100.000	632	0	0	1	632	1	632	0.0	1287
7_225	7_225	100.000	120	0	0	1	120	1	120	5.96e-85	238
7_226	7_226	100.000	227	0	0	1	227	1	227	2.00e-169	461
7_227	7_227	100.000	87	0	0	1	87	1	87	1.84e-62	179
7_228	7_228	100.000	321	0	0	1	321	1	321	0.0	642
7_228	7_78	42.857	56	28	1	8	63	15	66	1.43e-07	47.4
7_229	7_229	100.000	475	0	0	1	475	1	475	0.0	923
7_230	7_230	100.000	753	0	0	1	753	1	753	0.0	1524
7_231	7_231	100.000	211	0	0	1	211	1	211	2.38e-149	408
7_232	7_232	100.000	418	0	0	1	418	1	418	0.0	851
7_233	7_233	100.000	109	0	0	1	109	1	109	1.19e-79	224
7_234	7_234	100.000	155	0	0	1	155	1	155	8.39e-113	311
7_235	7_235	100.000	720	0	0	1	720	1	720	0.0	1484
7_236	7_236	100.000	64	0	0	1	64	1	64	7.04e-43	127
7_237	7_237	100.000	116	0	0	1	116	1	116	4.21e-83	233
7_238	7_238	100.000	478	0	0	1	478	1	478	0.0	968
7_239	7_239	100.000	263	0	0	1	263	1	263	0.0	505
7_239	7_130	27.350	117	73	3	48	152	110	226	1.70e-06	42.7
7_239	7_130	34.127	126	50	5	24	118	139	262	2.68e-06	42.0
7_239	7_130	33.333	93	52	3	35	117	121	213	3.26e-05	38.9
7_240	7_240	100.000	91	0	0	1	91	1	91	4.99e-63	181
7_241	7_241	100.000	356	0	0	1	356	1	356	0.0	721
7_242	7_242	100.000	99	0	0	1	99	1	99	6.17e-69	196
7_243	7_243	100.000	84	0	0	1	84	1	84	2.26e-57	166
7_244	7_244	100.000	284	0	0	1	284	1	284	0.0	576
7_244	7_75	37.143	105	61	3	37	141	22	121	1.36e-13	63.9
7_245	7_245	100.000	369	0	0	1	369	1	369	0.0	745
7_246	7_246	100.000	489	0	0	1	489	1	489	0.0	965
7_247	7_247	100.000	315	0	0	1	315	1	315	0.0	627
7_247	7_409	21.908	283	199	6	36	309	31	300	1.26e-12	62.0
7_248	7_248	100.000	361	0	0	1	361	1	361	0.0	734
7_249	7_249	100.000	242	0	0	1	242	1	242	9.36e-176	478
7_249	7_259	26.772	127	68	4	81	203	46	151	2.88e-04	35.4
7_250	7_250	100.000	467	0	0	1	467	1	467	0.0	954
7_251	7_251	100.000	201	0	0	1	201	1	201	1.19e-141	388
7_252	7_252	100.000	216	0	0	1	216	1	216	3.09e-147	404
7_253	7_253	100.000	270	0	0	1	270	1	270	0.0	546
7_254	7_254	100.000	411	0	0	1	411	1	411	0.0	821
7_255	7_255	100.000	450	0	0	1	450	1	450	0.0	899
7_256	7_256	100.000	216	0	0	1	216	1	216	1.08e-156	427
7_256	7_565	25.654	191	131	5	28	214	55	238	5.62e-10	52.4
7_257	7_257	100.000	285	0	0	1	285	1	285	0.0	573
7_258	7_258	100.000	193	0	0	1	193	1	193	2.95e-139	381
7_259	7_259	100.000	186	0	0	1	186	1	186	7.07e-137	375
7_259	7_249	26.772	127	68	4	46	151	81	203	2.21e-04	35.4
7_260	7_260	100.000	213	0	0	1	213	1	213	4.84e-158	431
7_261	7_261	100.000	293	0	0	1	293	1	293	0.0	586
7_261	7_365	29.530	149	90	6	9	152	5	143	3.22e-09	52.0
7_261	7_365	26.220	164	110	4	9	162	173	335	2.92e-06	42.7
7_261	7_305	37.705	61	35	1	5	65	218	275	4.24e-05	39.3
7_261	7_402	39.344	61	33	3	10	69	19	76	2.51e-04	35.8
7_262	7_262	100.000	131	0	0	1	131	1	131	3.07e-94	263
7_263	7_263	100.000	150	0	0	1	150	1	150	1.66e-109	303
7_264	7_264	100.000	680	0	0	1	680	1	680	0.0	1347
7_264	7_401	28.070	285	183	6	358	634	225	495	8.51e-15	72.0
7_264	7_36	32.184	174	95	8	495	660	352	510	1.12e-10	58.9
7_264	7_43	31.285	179	100	8	500	670	32	195	6.01e-10	56.6
7_264	7_400	31.138	167	94	7	502	660	369	522	6.02e-10	56.6
7_264	7_408	29.630	189	109	7	501	679	38	212	7.15e-10	54.7
7_264	7_35	28.042	189	107	7	463	638	317	489	9.24e-09	52.8
7_264	7_167	29.167	168	103	8	502	660	97	257	4.16e-08	50.1
7_264	7_42	24.479	192	131	5	491	678	23	204	2.35e-07	48.5
7_264	7_83	25.118	211	125	8	464	663	11	199	3.29e-07	47.0
7_264	7_446	22.353	170	119	4	500	660	37	202	4.78e-05	40.8
7_264	7_462	24.510	204	131	6	469	670	13	195	1.22e-04	39.7
7_264	7_181	28.814	177	108	5	498	660	40	212	3.13e-04	37.4
7_264	7_10	45.588	68	27	4	466	525	4	69	5.43e-04	37.4
7_265	7_265	100.000	398	0	0	1	398	1	398	0.0	811
7_266	7_266	100.000	239	0	0	1	239	1	239	7.84e-176	478
7_267	7_267	100.000	381	0	0	1	381	1	381	0.0	754
7_268	7_268	100.000	236	0	0	1	236	1	236	1.61e-172	469
7_268	7_162	33.088	136	64	8	4	113	16	150	6.16e-06	40.8
7_269	7_269	100.000	120	0	0	1	120	1	120	7.60e-88	246
7_270	7_270	100.000	332	0	0	1	332	1	332	0.0	667
7_271	7_271	100.000	134	0	0	1	134	1	134	3.42e-97	270
7_272	7_272	100.000	137	0	0	1	137	1	137	1.94e-97	271
7_273	7_273	100.000	37	0	0	1	37	1	37	1.12e-20	70.1
7_274	7_274	100.000	75	0	0	1	75	1	75	3.39e-53	154
7_275	7_275	100.000	250	0	0	1	250	1	250	0.0	511
7_275	7_39	27.451	204	135	5	3	203	121	314	1.69e-15	69.7
7_276	7_276	100.000	212	0	0	1	212	1	212	4.74e-157	428
7_277	7_277	100.000	473	0	0	1	473	1	473	0.0	927
7_278	7_278	100.000	147	0	0	1	147	1	147	7.44e-107	296
7_279	7_279	100.000	259	0	0	1	259	1	259	0.0	521
7_280	7_280	100.000	121	0	0	1	121	1	121	6.43e-88	246
7_281	7_281	100.000	179	0	0	1	179	1	179	4.29e-130	357
7_282	7_282	100.000	131	0	0	1	131	1	131	2.28e-94	263
7_283	7_283	100.000	61	0	0	1	61	1	61	5.74e-42	125
7_284	7_284	100.000	181	0	0	1	181	1	181	5.35e-135	370
7_285	7_285	100.000	107	0	0	1	107	1	107	2.61e-72	205
7_286	7_286	100.000	122	0	0	1	122	1	122	1.06e-84	238
7_287	7_287	100.000	121	0	0	1	121	1	121	1.63e-81	229
7_288	7_288	100.000	136	0	0	1	136	1	136	9.38e-100	277
7_289	7_289	100.000	227	0	0	1	227	1	227	2.19e-167	455
7_290	7_290	100.000	173	0	0	1	173	1	173	1.81e-125	345
7_291	7_291	100.000	90	0	0	1	90	1	90	1.49e-65	187
7_292	7_292	100.000	282	0	0	1	282	1	282	0.0	566
7_293	7_293	100.000	163	0	0	1	163	1	163	1.63e-116	322
7_294	7_294	100.000	214	0	0	1	214	1	214	2.89e-157	429
7_295	7_295	100.000	233	0	0	1	233	1	233	4.13e-170	462
7_296	7_296	100.000	106	0	0	1	106	1	106	6.97e-75	212
7_297	7_297	100.000	205	0	0	1	205	1	205	1.64e-150	411
7_298	7_298	100.000	227	0	0	1	227	1	227	2.47e-167	455
7_299	7_299	100.000	883	0	0	1	883	1	883	0.0	1785
7_300	7_300	100.000	184	0	0	1	184	1	184	1.72e-136	374
7_301	7_301	100.000	297	0	0	1	297	1	297	0.0	578
7_302	7_302	100.000	709	0	0	1	709	1	709	0.0	1425
7_303	7_303	100.000	489	0	0	1	489	1	489	0.0	983
7_303	7_68	27.500	160	109	3	145	300	110	266	7.29e-12	62.0
7_303	7_68	46.809	47	22	1	439	482	489	535	4.16e-08	50.1
7_303	7_474	23.176	466	288	19	51	483	14	442	1.26e-10	57.8
7_304	7_304	100.000	276	0	0	1	276	1	276	0.0	566
7_304	7_60	27.170	265	163	10	5	249	21	275	8.46e-14	64.7
7_304	7_509	23.529	272	197	8	2	272	4	265	4.62e-11	56.6
7_304	7_96	24.074	270	159	9	1	248	1	246	3.01e-06	42.0
7_304	7_427	27.397	73	51	1	2	72	7	79	4.98e-05	38.5
7_304	7_175	25.877	228	143	10	7	224	8	219	4.74e-04	35.8
7_305	7_305	100.000	442	0	0	1	442	1	442	0.0	874
7_305	7_365	35.897	156	83	4	218	368	172	315	3.72e-20	87.0
7_305	7_365	29.032	124	83	4	220	341	6	126	3.91e-06	43.1
7_305	7_261	37.705	61	35	1	218	275	5	65	6.28e-05	39.3
7_306	7_306	100.000	538	0	0	1	538	1	538	0.0	1102
7_306	7_43	25.641	234	141	6	1	230	1	205	1.26e-12	64.7
7_306	7_43	28.571	210	133	8	319	519	1	202	1.28e-09	55.1
7_306	7_83	27.778	198	108	5	13	203	16	185	2.55e-12	62.0
7_306	7_42	22.993	274	175	5	1	272	1	240	7.57e-11	59.3
7_306	7_42	24.645	211	138	8	319	518	1	201	6.50e-06	43.1
7_306	7_35	28.342	187	110	5	1	187	324	486	2.74e-10	57.0
7_306	7_206	26.271	236	145	9	2	230	8	221	3.56e-10	56.6
7_306	7_206	32.432	74	47	2	453	523	149	222	3.46e-04	37.7
7_306	7_400	23.853	218	133	6	1	213	336	525	6.86e-09	52.8
7_306	7_401	44.898	49	27	0	13	61	346	394	9.23e-08	48.9
7_306	7_446	24.378	201	108	6	1	187	6	176	5.76e-07	46.6
7_306	7_1	35.088	57	37	0	2	58	39	95	7.38e-07	46.2
7_306	7_1	28.788	66	43	1	152	213	504	569	3.85e-05	40.8
7_306	7_84	24.286	210	127	6	20	213	26	219	1.07e-06	45.1
7_306	7_408	21.397	229	162	8	319	536	5	226	1.65e-06	43.9
7_306	7_408	22.363	237	149	6	1	230	5	213	2.41e-05	40.4
7_306	7_462	26.027	219	131	9	319	521	1	204	7.97e-06	43.1
7_306	7_462	20.851	235	133	6	1	219	1	198	1.00e-05	42.7
7_306	7_36	32.812	64	43	0	10	73	335	398	8.16e-06	42.7
7_306	7_126	31.765	85	54	1	150	230	226	310	1.34e-05	42.0
7_306	7_126	27.586	58	42	0	1	58	10	67	2.76e-05	40.8
7_306	7_181	22.078	231	150	6	320	525	10	235	4.46e-05	39.7
7_306	7_181	20.732	246	135	6	14	233	24	235	2.83e-04	37.4
7_306	7_484	23.913	184	111	6	16	187	142	308	9.34e-05	39.3
7_306	7_10	27.174	92	64	1	443	534	188	276	3.40e-04	37.4
7_306	7_158	28.169	71	47	1	449	515	619	689	7.36e-04	36.6
7_307	7_307	100.000	695	0	0	1	695	1	695	0.0	1378
7_308	7_308	100.000	70	0	0	1	70	1	70	2.85e-47	139
7_309	7_309	100.000	344	0	0	1	344	1	344	0.0	682
7_309	7_29	24.308	325	166	12	64	333	46	345	9.63e-06	41.2
7_310	7_310	100.000	366	0	0	1	366	1	366	0.0	723
7_310	7_155	27.358	318	207	7	61	361	6	316	1.68e-22	92.0
7_311	7_311	100.000	321	0	0	1	321	1	321	0.0	634
7_311	7_156	32.877	219	139	5	106	317	160	377	2.16e-20	85.5
7_312	7_312	100.000	443	0	0	1	443	1	443	0.0	891
7_312	7_158	37.751	249	137	4	204	437	530	775	1.12e-43	158
7_312	7_158	39.175	97	55	2	61	156	22	115	9.06e-13	64.7
7_312	7_484	45.082	122	66	1	273	394	269	389	1.44e-28	112
7_312	7_484	35.185	108	53	4	59	156	139	239	1.80e-11	60.1
7_312	7_126	27.041	392	247	11	43	417	10	379	8.59e-24	97.8
7_312	7_157	37.500	136	83	1	252	385	131	266	1.94e-23	95.5
7_312	7_157	29.630	135	70	5	32	157	7	125	5.28e-09	52.0
7_312	7_1	38.298	94	57	1	274	366	501	594	5.78e-17	77.8
7_312	7_1	29.688	128	75	3	38	165	33	145	4.46e-10	56.2
7_312	7_181	34.711	121	77	2	251	371	126	244	5.89e-16	72.0
7_312	7_84	36.719	128	73	3	261	386	139	260	2.25e-15	71.2
7_312	7_10	33.333	90	60	0	282	371	194	283	8.92e-15	70.1
7_312	7_167	42.857	84	47	1	276	359	194	276	1.04e-14	69.3
7_312	7_167	31.481	108	69	2	42	147	59	163	1.48e-06	44.3
7_312	7_83	32.500	120	77	3	244	363	104	219	1.94e-12	62.0
7_312	7_408	32.353	102	68	1	278	379	133	233	3.62e-12	60.8
7_312	7_446	36.634	101	54	3	264	360	129	223	7.21e-11	58.5
7_312	7_446	35.443	79	50	1	281	359	412	489	3.50e-07	46.6
7_312	7_446	41.071	56	29	1	43	98	6	57	5.30e-06	43.1
7_312	7_43	32.692	104	64	3	267	367	115	215	3.87e-08	50.1
7_312	7_42	25.191	131	91	3	223	351	72	197	9.34e-08	48.9
7_312	7_462	29.600	125	78	5	267	390	115	230	2.26e-07	47.4
7_312	7_206	25.954	131	94	2	229	359	357	484	1.20e-05	42.0
7_312	7_400	38.983	59	33	1	281	339	467	522	4.62e-05	40.0
7_312	7_35	29.412	85	53	2	30	111	308	388	1.58e-04	38.1
7_312	7_401	27.132	129	76	4	23	138	302	425	4.96e-04	36.6
7_312	7_99	26.984	189	115	7	240	424	450	619	5.70e-04	36.6
7_313	7_313	100.000	2033	0	0	1	2033	1	2033	0.0	4091
7_314	7_314	100.000	892	0	0	1	892	1	892	0.0	1802
7_315	7_315	100.000	142	0	0	1	142	1	142	6.00e-104	288
7_316	7_316	100.000	361	0	0	1	361	1	361	0.0	718
7_317	7_317	100.000	490	0	0	1	490	1	490	0.0	961
7_318	7_318	100.000	259	0	0	1	259	1	259	0.0	515
7_319	7_319	100.000	504	0	0	1	504	1	504	0.0	979
7_319	7_7	25.901	444	264	16	10	403	51	479	3.82e-21	91.3
7_320	7_320	100.000	91	0	0	1	91	1	91	6.91e-61	175
7_320	7_6	28.571	91	61	3	1	88	3	92	9.09e-07	38.5
7_321	7_321	100.000	98	0	0	1	98	1	98	9.99e-67	191
7_322	7_322	100.000	207	0	0	1	207	1	207	5.49e-147	402
7_323	7_323	100.000	62	0	0	1	62	1	62	1.21e-40	122
7_324	7_324	100.000	97	0	0	1	97	1	97	7.46e-67	191
7_325	7_325	100.000	439	0	0	1	439	1	439	0.0	875
7_326	7_326	100.000	465	0	0	1	465	1	465	0.0	930
7_327	7_327	100.000	443	0	0	1	443	1	443	0.0	874
7_328	7_328	100.000	333	0	0	1	333	1	333	0.0	660
7_329	7_329	100.000	150	0	0	1	150	1	150	1.67e-105	293
7_329	7_533	35.526	76	48	1	67	142	26	100	5.33e-08	43.5
7_330	7_330	100.000	204	0	0	1	204	1	204	1.23e-143	393
7_331	7_331	100.000	886	0	0	1	886	1	886	0.0	1803
7_331	7_30	24.212	698	427	16	34	711	18	633	3.13e-47	176
7_331	7_386	22.941	340	205	10	440	753	393	701	1.60e-14	72.0
7_331	7_386	23.563	174	120	3	27	199	8	169	6.93e-09	53.9
7_331	7_52	25.828	151	101	3	50	200	2	141	4.02e-09	54.3
7_331	7_52	34.426	61	35	2	574	634	294	349	4.74e-05	41.2
7_332	7_332	100.000	850	0	0	1	850	1	850	0.0	1696
7_332	7_137	35.684	709	428	12	6	698	50	746	9.14e-131	407
7_332	7_137	25.000	132	88	5	582	706	727	854	3.84e-04	38.5
7_333	7_333	100.000	336	0	0	1	336	1	336	0.0	687
7_334	7_334	100.000	622	0	0	1	622	1	622	0.0	1242
7_334	7_525	37.718	517	293	7	110	619	16	510	3.18e-107	329
7_334	7_403	43.091	427	224	5	210	619	209	633	3.20e-105	327
7_334	7_456	33.150	546	301	19	110	619	18	535	1.47e-61	208
7_334	7_457	30.275	545	294	20	113	619	48	544	1.88e-51	181
7_334	7_56	30.496	423	246	10	237	618	118	533	1.04e-47	171
7_335	7_335	100.000	694	0	0	1	694	1	694	0.0	1391
7_336	7_336	100.000	337	0	0	1	337	1	337	0.0	672
7_337	7_337	100.000	240	0	0	1	240	1	240	3.18e-178	484
7_338	7_338	100.000	419	0	0	1	419	1	419	0.0	828
7_338	7_170	36.220	127	56	2	160	261	6	132	6.51e-15	70.1
7_338	7_365	25.112	223	154	7	159	375	173	388	2.00e-04	37.7
7_338	7_544	35.000	60	27	2	159	214	113	164	6.61e-04	35.8
7_339	7_339	100.000	120	0	0	1	120	1	120	1.07e-84	238
7_340	7_340	100.000	291	0	0	1	291	1	291	0.0	580
7_341	7_341	100.000	141	0	0	1	141	1	141	1.25e-99	277
7_342	7_342	100.000	385	0	0	1	385	1	385	0.0	753
7_343	7_343	100.000	242	0	0	1	242	1	242	8.80e-173	470
7_344	7_344	100.000	102	0	0	1	102	1	102	1.61e-71	203
7_345	7_345	100.000	179	0	0	1	179	1	179	3.58e-127	350
7_346	7_346	100.000	187	0	0	1	187	1	187	4.55e-132	363
7_347	7_347	100.000	507	0	0	1	507	1	507	0.0	1014
7_347	7_425	43.385	325	173	6	125	444	105	423	1.10e-74	239
7_347	7_349	27.027	370	259	7	58	421	44	408	3.05e-26	106
7_347	7_426	21.988	332	249	6	37	363	15	341	8.32e-08	48.9
7_348	7_348	100.000	276	0	0	1	276	1	276	0.0	544
7_349	7_349	100.000	471	0	0	1	471	1	471	0.0	953
7_349	7_426	37.168	452	279	4	7	456	2	450	3.11e-104	313
7_349	7_347	27.027	370	259	7	44	408	58	421	2.83e-26	106
7_349	7_425	22.712	295	216	6	63	348	49	340	4.69e-08	49.7
7_350	7_350	100.000	161	0	0	1	161	1	161	1.12e-117	324
7_351	7_351	100.000	331	0	0	1	331	1	331	0.0	665
7_352	7_352	100.000	311	0	0	1	311	1	311	0.0	616
7_353	7_353	100.000	440	0	0	1	440	1	440	0.0	877
7_353	7_20	36.269	193	110	4	101	283	125	314	1.22e-26	104
7_354	7_354	100.000	455	0	0	1	455	1	455	0.0	930
7_355	7_355	100.000	691	0	0	1	691	1	691	0.0	1391
7_356	7_356	100.000	257	0	0	1	257	1	257	0.0	518
7_357	7_357	100.000	276	0	0	1	276	1	276	0.0	564
7_358	7_358	100.000	414	0	0	1	414	1	414	0.0	830
7_359	7_359	100.000	1585	0	0	1	1585	1	1585	0.0	3137
7_359	7_492	26.625	323	183	13	917	1223	623	907	1.06e-13	70.9
7_359	7_492	37.383	107	59	3	281	385	297	397	1.13e-05	44.7
7_360	7_360	100.000	517	0	0	1	517	1	517	0.0	1007
7_361	7_361	100.000	102	0	0	1	102	1	102	5.10e-70	199
7_362	7_362	100.000	600	0	0	1	600	1	600	0.0	1199
7_363	7_363	100.000	376	0	0	1	376	1	376	0.0	775
7_364	7_364	100.000	227	0	0	1	227	1	227	9.19e-170	461
7_365	7_365	100.000	437	0	0	1	437	1	437	0.0	877
7_365	7_305	35.897	156	83	4	172	315	218	368	3.93e-20	86.7
7_365	7_305	29.032	124	83	4	6	126	220	341	3.54e-06	43.5
7_365	7_261	29.530	149	90	6	5	143	9	152	4.81e-09	52.0
7_365	7_261	26.220	164	110	4	173	335	9	162	4.36e-06	42.7
7_365	7_402	40.741	54	29	1	6	59	19	69	5.13e-06	41.6
7_365	7_402	28.415	183	118	5	157	338	5	175	6.80e-06	41.2
7_365	7_367	28.108	185	98	8	174	341	10	176	4.68e-05	40.0
7_365	7_544	33.846	65	33	4	5	65	113	171	2.79e-04	37.0
7_366	7_366	100.000	76	0	0	1	76	1	76	4.25e-50	147
7_367	7_367	100.000	598	0	0	1	598	1	598	0.0	1210
7_367	7_369	36.898	187	106	4	2	183	6	185	1.21e-24	103
7_367	7_369	23.009	226	143	9	165	370	266	480	7.51e-07	46.6
7_367	7_369	22.599	177	118	5	322	480	509	684	3.38e-06	44.3
7_367	7_197	30.093	216	126	7	10	217	117	315	7.45e-17	78.6
7_367	7_142	27.083	288	181	10	8	272	20	301	4.58e-16	75.1
7_367	7_365	28.108	185	98	8	10	176	174	341	6.41e-05	40.0
7_368	7_368	100.000	323	0	0	1	323	1	323	0.0	657
7_369	7_369	100.000	694	0	0	1	694	1	694	0.0	1425
7_369	7_367	36.898	187	106	4	6	185	2	183	1.41e-24	103
7_369	7_367	23.009	226	143	9	266	480	165	370	8.72e-07	46.6
7_369	7_367	22.599	177	118	5	509	684	322	480	3.92e-06	44.3
7_369	7_197	37.008	127	62	2	13	139	116	224	9.56e-14	68.9
7_369	7_142	34.091	132	84	3	8	138	16	145	5.29e-13	65.9
7_370	7_370	100.000	141	0	0	1	141	1	141	6.14e-104	288
7_371	7_371	100.000	166	0	0	1	166	1	166	4.12e-117	323
7_372	7_372	100.000	452	0	0	1	452	1	452	0.0	884
7_373	7_373	100.000	457	0	0	1	457	1	457	0.0	936
7_373	7_581	23.729	295	197	10	106	396	16	286	7.10e-08	48.5
7_374	7_374	100.000	427	0	0	1	427	1	427	0.0	847
7_375	7_375	100.000	232	0	0	1	232	1	232	1.27e-173	471
7_376	7_376	100.000	999	0	0	1	999	1	999	0.0	2021
7_377	7_377	100.000	93	0	0	1	93	1	93	4.92e-68	193
7_378	7_378	100.000	669	0	0	1	669	1	669	0.0	1351
7_379	7_379	100.000	85	0	0	1	85	1	85	8.32e-60	172
7_380	7_380	100.000	979	0	0	1	979	1	979	0.0	1931
7_381	7_381	100.000	408	0	0	1	408	1	408	0.0	822
7_382	7_382	100.000	259	0	0	1	259	1	259	0.0	514
7_383	7_383	100.000	144	0	0	1	144	1	144	8.51e-108	298
7_384	7_384	100.000	132	0	0	1	132	1	132	6.96e-95	264
7_385	7_385	100.000	662	0	0	1	662	1	662	0.0	1330
7_386	7_386	100.000	790	0	0	1	790	1	790	0.0	1609
7_386	7_331	22.941	340	205	10	393	701	440	753	1.43e-14	72.0
7_386	7_331	23.563	174	120	3	8	169	27	199	6.18e-09	53.9
7_386	7_30	24.103	195	101	6	398	592	393	540	4.72e-12	63.9
7_386	7_30	27.174	184	113	4	3	168	6	186	9.24e-09	53.1
7_386	7_52	34.444	90	58	1	29	118	3	91	4.64e-08	50.8
7_386	7_52	33.000	100	59	3	513	612	264	355	1.52e-07	48.9
7_387	7_387	100.000	145	0	0	1	145	1	145	1.42e-102	285
7_388	7_388	100.000	410	0	0	1	410	1	410	0.0	811
7_389	7_389	100.000	227	0	0	1	227	1	227	9.27e-164	446
7_390	7_390	100.000	229	0	0	1	229	1	229	5.26e-169	459
7_390	7_531	29.932	147	96	3	82	226	111	252	5.38e-09	49.7
7_391	7_391	100.000	181	0	0	1	181	1	181	1.23e-134	369
7_392	7_392	100.000	46	0	0	1	46	1	46	2.38e-29	92.4
7_393	7_393	100.000	324	0	0	1	324	1	324	0.0	643
7_394	7_394	100.000	946	0	0	1	946	1	946	0.0	1865
7_395	7_395	100.000	195	0	0	1	195	1	195	2.51e-144	394
7_396	7_396	100.000	249	0	0	1	249	1	249	0.0	500
7_397	7_397	100.000	245	0	0	1	245	1	245	7.94e-177	481
7_398	7_398	100.000	700	0	0	1	700	1	700	0.0	1422
7_399	7_399	100.000	582	0	0	1	582	1	582	0.0	1180
7_399	7_497	34.343	99	53	5	484	582	724	810	0.001	36.6
7_400	7_400	100.000	539	0	0	1	539	1	539	0.0	1048
7_400	7_35	28.893	533	353	10	7	533	8	520	2.23e-48	171
7_400	7_36	31.604	212	135	3	331	538	321	526	2.26e-30	119
7_400	7_401	38.914	221	127	7	322	538	320	536	6.04e-30	118
7_400	7_83	34.694	196	110	5	348	531	16	205	1.19e-18	80.9
7_400	7_43	30.189	212	129	8	336	539	1	201	1.64e-15	73.9
7_400	7_462	29.897	194	126	6	336	525	1	188	5.10e-13	66.2
7_400	7_42	26.887	212	136	7	336	539	1	201	2.33e-12	63.9
7_400	7_264	31.138	167	94	7	369	522	502	660	5.67e-10	56.2
7_400	7_408	32.065	184	107	8	354	528	24	198	8.60e-10	53.9
7_400	7_306	23.853	218	133	6	336	525	1	213	7.37e-09	52.4
7_400	7_206	31.148	183	104	8	355	522	26	201	4.77e-08	50.1
7_400	7_167	25.510	196	125	7	351	532	79	267	8.77e-08	48.5
7_400	7_158	38.983	59	33	1	467	522	618	676	6.03e-07	46.6
7_400	7_1	27.778	90	61	2	452	538	493	581	1.43e-06	45.4
7_400	7_157	28.780	205	118	10	351	532	29	228	2.45e-06	44.3
7_400	7_10	29.412	85	52	2	441	522	172	251	5.10e-06	43.1
7_400	7_126	30.769	78	53	1	327	404	1	77	9.50e-06	42.4
7_400	7_126	35.294	68	41	1	464	528	229	296	6.81e-05	39.7
7_400	7_312	38.983	59	33	1	467	522	281	339	5.98e-05	40.0
7_400	7_181	26.214	206	132	7	336	523	9	212	1.10e-04	38.5
7_401	7_401	100.000	536	0	0	1	536	1	536	0.0	1019
7_401	7_36	31.445	512	325	9	35	536	31	526	1.75e-54	187
7_401	7_400	38.914	221	127	7	320	536	322	538	7.10e-30	117
7_401	7_35	35.407	209	123	6	328	531	319	520	1.23e-23	99.0
7_401	7_43	32.558	215	117	9	334	536	2	200	2.46e-15	73.2
7_401	7_83	30.189	212	132	8	334	534	2	208	2.62e-14	67.8
7_401	7_264	31.551	187	110	5	319	495	456	634	4.93e-14	69.3
7_401	7_42	31.373	204	111	9	346	536	13	200	2.18e-11	60.8
7_401	7_167	31.527	203	114	11	349	536	79	271	2.80e-08	50.1
7_401	7_306	44.898	49	27	0	346	394	13	61	9.27e-08	48.9
7_401	7_462	28.505	214	123	10	334	534	2	198	7.59e-07	46.2
7_401	7_408	27.273	209	130	9	336	533	8	205	2.66e-06	43.5
7_401	7_206	26.136	176	110	6	363	524	36	205	1.70e-05	41.6
7_401	7_1	33.333	66	43	1	331	396	36	100	2.79e-05	41.2
7_401	7_158	36.508	63	34	2	364	424	38	96	8.36e-05	39.7
7_401	7_10	38.000	100	46	5	327	415	1	95	1.55e-04	38.5
7_401	7_312	27.132	129	76	4	302	425	23	138	6.72e-04	36.6
7_401	7_84	22.527	182	118	4	364	522	37	218	6.88e-04	36.2
7_401	7_446	26.230	183	118	8	365	534	37	215	8.19e-04	36.2
7_402	7_402	100.000	176	0	0	1	176	1	176	4.79e-131	359
7_402	7_365	40.741	54	29	1	19	69	6	59	2.07e-06	41.6
7_402	7_365	28.415	183	118	5	5	175	157	338	2.74e-06	41.2
7_402	7_261	39.344	61	33	3	19	76	10	69	1.51e-04	35.8
7_403	7_403	100.000	660	0	0	1	660	1	660	0.0	1336
7_403	7_525	65.180	471	141	6	189	653	77	530	0.0	597
7_403	7_525	43.333	120	40	6	1	104	1	108	6.61e-14	69.3
7_403	7_334	43.091	427	224	5	209	633	210	619	2.37e-105	328
7_403	7_456	37.064	545	265	19	126	632	30	534	4.81e-80	259
7_403	7_457	34.698	464	245	11	204	634	107	545	2.00e-72	239
7_403	7_56	31.670	461	251	12	214	632	95	533	4.78e-52	184
7_404	7_404	100.000	457	0	0	1	457	1	457	0.0	937
7_405	7_405	100.000	201	0	0	1	201	1	201	7.04e-150	409
7_406	7_406	100.000	316	0	0	1	316	1	316	0.0	625
7_407	7_407	100.000	705	0	0	1	705	1	705	0.0	1386
7_408	7_408	100.000	238	0	0	1	238	1	238	3.33e-176	479
7_408	7_206	35.349	215	114	6	25	223	26	231	5.91e-24	94.4
7_408	7_206	32.051	78	53	0	136	213	407	484	3.53e-07	45.1
7_408	7_84	40.000	85	51	0	133	217	156	240	7.58e-17	72.8
7_408	7_484	28.444	225	136	8	22	223	143	365	9.74e-17	73.6
7_408	7_83	27.805	205	136	6	22	218	20	220	1.71e-15	68.6
7_408	7_446	25.676	222	145	6	5	212	6	221	4.63e-14	65.5
7_408	7_446	25.446	224	142	7	22	225	283	501	3.20e-09	51.2
7_408	7_312	32.353	102	68	1	133	233	278	379	1.94e-12	60.8
7_408	7_312	31.915	47	32	0	22	68	63	109	0.001	34.3
7_408	7_10	32.143	140	84	3	90	221	143	279	5.37e-12	59.3
7_408	7_158	30.108	93	64	1	133	224	615	707	6.00e-12	59.3
7_408	7_158	40.426	47	28	0	21	67	23	69	1.95e-07	45.8
7_408	7_1	32.292	96	63	2	127	221	500	594	1.70e-11	58.2
7_408	7_1	30.556	72	46	3	21	89	53	123	3.33e-04	35.8
7_408	7_43	29.596	223	136	8	8	221	4	214	3.88e-11	57.0
7_408	7_264	29.630	189	109	7	38	212	501	679	1.93e-10	55.1
7_408	7_126	31.313	99	67	1	136	233	232	330	2.05e-10	54.7
7_408	7_157	24.783	230	150	7	22	230	30	257	2.80e-10	53.9
7_408	7_400	32.065	184	107	8	24	198	354	528	4.24e-10	53.9
7_408	7_167	23.913	230	153	7	1	220	66	283	7.22e-10	52.8
7_408	7_35	28.646	192	103	6	22	197	340	513	9.44e-10	52.8
7_408	7_462	27.000	200	123	7	22	211	17	203	9.32e-09	50.1
7_408	7_42	27.174	184	109	7	24	196	19	188	6.48e-07	44.3
7_408	7_306	21.397	229	162	8	5	226	319	536	7.31e-07	43.9
7_408	7_306	22.363	237	149	6	5	213	1	230	1.07e-05	40.4
7_408	7_401	27.273	209	130	9	8	205	336	533	9.42e-07	43.5
7_408	7_181	26.582	79	57	1	135	212	153	231	3.38e-06	41.6
7_408	7_36	25.414	181	122	5	22	197	342	514	3.94e-06	42.0
7_409	7_409	100.000	304	0	0	1	304	1	304	0.0	591
7_409	7_247	21.908	283	199	6	31	300	36	309	1.21e-12	62.0
7_410	7_410	100.000	578	0	0	1	578	1	578	0.0	1161
7_411	7_411	100.000	810	0	0	1	810	1	810	0.0	1619
7_411	7_45	34.462	827	441	29	1	778	1	775	1.64e-106	340
7_411	7_44	35.593	826	424	31	1	776	1	768	7.62e-104	333
7_411	7_183	43.284	67	31	2	14	73	9	75	1.01e-08	47.8
7_412	7_412	100.000	127	0	0	1	127	1	127	2.21e-88	248
7_413	7_413	100.000	285	0	0	1	285	1	285	0.0	552
7_413	7_414	42.748	262	132	5	26	281	1	250	5.05e-54	171
7_413	7_415	42.786	201	111	2	84	280	43	243	6.52e-48	155
7_414	7_414	100.000	263	0	0	1	263	1	263	0.0	518
7_414	7_413	42.748	262	132	5	1	250	26	281	4.66e-54	171
7_414	7_415	38.281	256	138	6	1	249	1	243	9.53e-48	154
7_415	7_415	100.000	245	0	0	1	245	1	245	0.0	491
7_415	7_413	42.786	201	111	2	43	243	84	280	5.60e-48	155
7_415	7_414	38.281	256	138	6	1	243	1	249	8.87e-48	154
7_416	7_416	100.000	1425	0	0	1	1425	1	1425	0.0	2872
7_417	7_417	100.000	411	0	0	1	411	1	411	0.0	820
7_418	7_418	100.000	869	0	0	1	869	1	869	0.0	1775
7_419	7_419	100.000	202	0	0	1	202	1	202	1.54e-145	398
7_420	7_420	100.000	487	0	0	1	487	1	487	0.0	968
7_421	7_421	100.000	231	0	0	1	231	1	231	1.51e-161	441
7_422	7_422	100.000	527	0	0	1	527	1	527	0.0	1026
7_423	7_423	100.000	184	0	0	1	184	1	184	5.05e-136	372
7_424	7_424	100.000	161	0	0	1	161	1	161	3.25e-112	310
7_424	7_540	100.000	161	0	0	1	161	128	288	1.07e-110	311
7_425	7_425	100.000	511	0	0	1	511	1	511	0.0	1046
7_425	7_347	43.385	325	173	6	105	423	125	444	1.10e-74	239
7_425	7_349	22.712	295	216	6	49	340	63	348	5.09e-08	49.7
7_425	7_426	22.819	298	203	11	116	400	119	402	4.16e-06	43.5
7_426	7_426	100.000	457	0	0	1	457	1	457	0.0	926
7_426	7_349	37.168	452	279	4	2	450	7	456	3.02e-104	313
7_426	7_347	21.988	332	249	6	15	341	37	363	7.50e-08	48.9
7_426	7_425	22.819	298	203	11	119	402	116	400	3.72e-06	43.5
7_427	7_427	100.000	306	0	0	1	306	1	306	0.0	630
7_427	7_60	26.897	290	174	9	10	278	21	293	9.02e-21	85.1
7_427	7_509	22.939	279	185	10	9	277	5	263	2.34e-08	48.9
7_427	7_175	23.019	265	163	8	12	261	8	246	2.89e-06	42.7
7_427	7_304	27.397	73	51	1	7	79	2	72	4.11e-05	38.9
7_427	7_96	32.877	73	43	1	186	258	180	246	2.68e-04	36.2
7_428	7_428	100.000	361	0	0	1	361	1	361	0.0	736
7_429	7_429	100.000	218	0	0	1	218	1	218	2.87e-162	442
7_430	7_430	100.000	241	0	0	1	241	1	241	0.0	491
7_431	7_431	100.000	246	0	0	1	246	1	246	0.0	499
7_432	7_432	100.000	335	0	0	1	335	1	335	0.0	677
7_432	7_22	41.846	325	176	7	7	325	7	324	3.40e-72	222
7_432	7_500	27.195	353	208	16	9	326	325	663	5.51e-13	64.3
7_433	7_433	100.000	120	0	0	1	120	1	120	6.29e-85	238
7_434	7_434	100.000	641	0	0	1	641	1	641	0.0	1287
7_434	7_112	44.288	639	333	9	3	626	5	635	1.61e-168	491
7_435	7_435	100.000	77	0	0	1	77	1	77	2.01e-49	145
7_436	7_436	100.000	961	0	0	1	961	1	961	0.0	1867
7_436	7_143	30.343	903	577	20	3	883	12	884	2.45e-91	314
7_436	7_503	30.248	443	226	14	3	399	4	409	2.07e-40	152
7_437	7_437	100.000	90	0	0	1	90	1	90	1.29e-61	177
7_438	7_438	100.000	156	0	0	1	156	1	156	1.39e-117	323
7_439	7_439	100.000	126	0	0	1	126	1	126	2.50e-88	247
7_440	7_440	100.000	174	0	0	1	174	1	174	6.59e-126	346
7_441	7_441	100.000	305	0	0	1	305	1	305	0.0	619
7_441	7_152	24.709	344	192	13	4	298	157	482	3.08e-05	39.7
7_441	7_581	25.949	158	98	5	150	298	56	203	5.10e-04	35.4
7_442	7_442	100.000	142	0	0	1	142	1	142	6.92e-99	275
7_443	7_443	100.000	446	0	0	1	446	1	446	0.0	893
7_444	7_444	100.000	1470	0	0	1	1470	1	1470	0.0	2981
7_444	7_196	22.083	720	357	26	789	1426	188	785	2.47e-17	82.4
7_445	7_445	100.000	607	0	0	1	607	1	607	0.0	1221
7_446	7_446	100.000	512	0	0	1	512	1	512	0.0	1018
7_446	7_206	30.392	510	327	13	11	509	12	504	4.93e-54	185
7_446	7_462	23.938	259	169	9	6	263	1	232	1.44e-14	70.9
7_446	7_462	23.301	206	140	4	282	487	16	203	1.35e-06	45.4
7_446	7_167	25.108	231	157	8	6	228	60	282	5.48e-14	67.4
7_446	7_167	30.263	76	53	0	412	487	199	274	2.03e-04	37.7
7_446	7_42	25.592	211	143	5	6	215	1	198	8.11e-14	68.6
7_446	7_42	26.531	196	126	5	277	472	11	188	8.82e-11	58.9
7_446	7_408	25.676	222	145	6	6	221	5	212	9.96e-14	65.5
7_446	7_408	25.446	224	142	7	283	501	22	225	6.88e-09	51.2
7_446	7_43	28.194	227	133	7	282	505	16	215	2.18e-13	67.0
7_446	7_43	25.688	218	140	7	20	235	15	212	2.36e-13	67.0
7_446	7_84	24.576	236	141	7	13	223	14	237	3.26e-12	62.0
7_446	7_84	27.027	222	133	8	286	489	26	236	4.21e-12	61.6
7_446	7_181	24.893	233	159	7	22	245	27	252	5.04e-12	60.8
7_446	7_181	21.875	224	167	5	267	487	12	230	1.43e-07	47.4
7_446	7_83	26.818	220	126	10	21	225	19	218	2.87e-11	58.9
7_446	7_83	25.541	231	157	8	264	492	1	218	5.52e-06	42.7
7_446	7_126	30.147	136	88	4	112	244	202	333	6.83e-11	58.5
7_446	7_126	28.431	102	68	3	6	107	10	106	3.23e-08	50.1
7_446	7_126	25.287	87	64	1	404	489	224	310	4.12e-05	40.4
7_446	7_312	36.634	101	54	3	129	223	264	360	8.34e-11	58.5
7_446	7_312	35.443	79	50	1	412	489	281	359	4.05e-07	46.6
7_446	7_312	41.071	56	29	1	6	57	43	98	6.13e-06	43.1
7_446	7_35	30.000	220	113	7	2	206	320	513	1.53e-10	57.8
7_446	7_1	34.409	93	54	2	402	490	498	587	1.56e-10	58.2
7_446	7_1	29.213	89	58	2	133	220	500	584	8.43e-08	49.3
7_446	7_1	29.348	92	54	4	16	104	48	131	7.80e-07	46.2
7_446	7_10	23.420	269	153	9	29	246	30	296	1.07e-09	54.7
7_446	7_10	32.609	92	57	2	399	489	184	271	1.09e-06	45.1
7_446	7_484	25.424	236	134	10	22	230	143	363	1.15e-09	54.7
7_446	7_484	25.296	253	145	8	262	487	118	353	4.47e-08	49.7
7_446	7_158	30.097	103	62	3	129	225	601	699	4.36e-08	50.1
7_446	7_158	27.723	101	72	1	410	509	616	716	1.38e-05	42.0
7_446	7_306	24.378	201	108	6	6	176	1	187	5.48e-07	46.6
7_446	7_157	26.267	217	134	9	32	230	40	248	5.45e-06	42.7
7_446	7_157	33.333	81	53	1	410	489	160	240	6.41e-05	39.7
7_446	7_264	22.353	170	119	4	37	202	500	660	2.76e-05	41.2
7_446	7_401	26.230	183	118	8	37	215	365	534	5.94e-04	36.6
7_446	7_99	27.184	103	72	1	373	472	795	897	7.38e-04	36.6
7_447	7_447	100.000	1374	0	0	1	1374	1	1374	0.0	2758
7_447	7_110	29.677	155	101	3	10	162	13	161	9.61e-13	67.4
7_447	7_38	29.560	159	99	4	2	150	6	161	5.02e-11	62.0
7_447	7_90	27.564	156	99	7	7	156	12	159	1.02e-07	50.8
7_447	7_3	30.864	162	92	7	55	209	60	208	9.57e-05	41.2
7_448	7_448	100.000	1820	0	0	1	1820	1	1820	0.0	3664
7_448	7_111	24.190	525	297	17	4	486	6	471	3.29e-14	72.8
7_448	7_37	26.556	241	150	8	1	221	1	234	5.36e-11	62.4
7_448	7_37	22.240	643	392	26	403	983	506	1102	5.87e-05	42.4
7_448	7_91	21.957	797	477	33	2	761	11	699	3.46e-09	56.2
7_448	7_4	27.426	237	147	7	13	239	3	224	3.02e-08	53.1
7_449	7_449	100.000	305	0	0	1	305	1	305	0.0	610
7_450	7_450	100.000	156	0	0	1	156	1	156	3.26e-113	313
7_451	7_451	100.000	741	0	0	1	741	1	741	0.0	1496
7_452	7_452	100.000	316	0	0	1	316	1	316	0.0	631
7_453	7_453	100.000	147	0	0	1	147	1	147	3.10e-106	294
7_454	7_454	100.000	145	0	0	1	145	1	145	2.73e-105	291
7_455	7_455	100.000	87	0	0	1	87	1	87	2.10e-61	176
7_456	7_456	100.000	536	0	0	1	536	1	536	0.0	1074
7_456	7_457	63.702	551	179	8	1	536	1	545	0.0	665
7_456	7_403	38.912	478	226	15	90	534	188	632	1.35e-79	257
7_456	7_525	35.110	544	278	22	17	534	15	509	8.86e-75	242
7_456	7_334	33.150	546	301	19	18	535	110	619	1.27e-61	208
7_456	7_56	31.614	446	261	9	122	534	99	533	1.99e-51	179
7_457	7_457	100.000	545	0	0	1	545	1	545	0.0	1097
7_457	7_456	63.702	551	179	8	1	545	1	536	0.0	665
7_457	7_525	32.200	559	300	17	7	545	12	511	5.07e-75	243
7_457	7_403	34.698	464	245	11	107	545	204	634	2.16e-72	238
7_457	7_334	30.275	545	294	20	48	544	113	619	1.65e-51	181
7_457	7_56	30.901	466	255	14	116	543	97	533	5.27e-49	173
7_458	7_458	100.000	524	0	0	1	524	1	524	0.0	1016
7_458	7_115	24.301	465	302	18	4	429	9	462	7.75e-14	68.2
7_459	7_459	100.000	510	0	0	1	510	1	510	0.0	1046
7_460	7_460	100.000	158	0	0	1	158	1	158	1.32e-115	319
7_461	7_461	100.000	309	0	0	1	309	1	309	0.0	598
7_462	7_462	100.000	766	0	0	1	766	1	766	0.0	1510
7_462	7_42	30.750	813	475	21	1	766	1	772	5.23e-92	300
7_462	7_43	40.044	452	245	10	1	440	1	438	3.50e-90	291
7_462	7_43	33.588	131	87	0	636	766	516	646	1.69e-15	74.7
7_462	7_167	32.735	223	133	7	1	209	60	279	3.26e-24	98.6
7_462	7_84	27.488	211	126	7	17	201	23	232	5.67e-15	70.9
7_462	7_446	23.938	259	169	9	1	232	6	263	2.37e-14	70.9
7_462	7_446	23.301	206	140	4	16	203	282	487	2.93e-06	44.7
7_462	7_206	29.630	216	130	6	2	201	8	217	3.98e-13	67.0
7_462	7_400	29.897	194	126	6	1	188	336	525	5.25e-13	66.6
7_462	7_126	32.990	97	63	1	1	95	10	106	1.25e-09	55.5
7_462	7_35	27.230	213	130	7	1	199	324	525	2.58e-09	54.7
7_462	7_546	25.823	395	236	18	302	659	86	460	8.80e-09	53.1
7_462	7_36	28.708	209	138	6	2	204	327	530	9.35e-09	52.8
7_462	7_10	34.483	87	53	2	119	202	183	268	2.00e-08	51.6
7_462	7_1	30.357	112	75	2	2	111	39	149	3.59e-08	51.2
7_462	7_1	31.081	74	49	1	129	200	508	581	1.78e-05	42.4
7_462	7_408	27.000	200	123	7	17	203	22	211	3.77e-08	49.7
7_462	7_484	25.561	223	120	8	15	198	141	356	1.03e-07	49.3
7_462	7_83	26.818	220	127	9	1	198	1	208	1.81e-07	47.8
7_462	7_181	29.545	88	59	2	115	200	141	227	4.90e-07	46.2
7_462	7_312	29.600	125	78	5	115	230	267	390	4.93e-07	47.4
7_462	7_158	30.476	105	65	2	129	225	618	722	5.34e-07	47.4
7_462	7_401	28.505	214	123	10	2	198	334	534	7.11e-07	47.0
7_462	7_306	26.027	219	131	9	1	204	319	521	1.48e-05	42.7
7_462	7_306	20.851	235	133	6	1	198	1	219	1.70e-05	42.4
7_462	7_157	24.880	209	125	7	16	197	29	232	1.49e-05	42.4
7_462	7_99	36.585	82	43	4	129	204	834	912	1.70e-05	42.7
7_462	7_99	31.068	103	61	4	93	190	460	557	0.001	37.0
7_462	7_264	24.638	207	127	6	13	195	469	670	1.01e-04	40.0
7_463	7_463	100.000	321	0	0	1	321	1	321	0.0	642
7_463	7_571	22.892	249	168	11	57	298	29	260	2.40e-05	39.7
7_464	7_464	100.000	743	0	0	1	743	1	743	0.0	1483
7_464	7_528	25.878	769	431	26	6	727	16	692	1.89e-44	165
7_464	7_185	37.179	78	31	4	197	266	124	191	7.74e-04	37.0
7_465	7_465	100.000	126	0	0	1	126	1	126	1.43e-89	250
7_465	7_527	94.595	111	6	0	1	111	1	111	8.57e-75	213
7_465	7_468	93.694	111	7	0	1	111	1	111	1.43e-74	213
7_465	7_561	96.190	105	4	0	1	105	1	105	3.47e-72	206
7_465	7_505	72.115	104	29	0	8	111	5	108	1.95e-49	149
7_465	7_466	48.148	108	49	3	9	109	7	114	4.73e-24	85.1
7_466	7_466	100.000	129	0	0	1	129	1	129	7.43e-89	249
7_466	7_465	47.273	110	51	3	7	116	9	111	5.33e-24	84.7
7_466	7_468	48.182	110	50	3	7	116	9	111	7.50e-24	84.7
7_466	7_527	47.273	110	51	3	7	116	9	111	1.54e-23	84.0
7_466	7_561	48.077	104	47	3	7	110	9	105	2.53e-22	80.1
7_466	7_505	44.444	108	53	3	7	114	6	106	5.34e-22	79.7
7_467	7_467	100.000	659	0	0	1	659	1	659	0.0	1328
7_468	7_468	100.000	132	0	0	1	132	1	132	1.93e-94	263
7_468	7_527	96.970	132	2	1	1	132	1	130	5.23e-90	252
7_468	7_465	93.694	111	7	0	1	111	1	111	1.28e-74	213
7_468	7_561	95.238	105	5	0	1	105	1	105	1.46e-71	204
7_468	7_505	63.492	126	45	1	8	132	5	130	1.74e-50	152
7_468	7_466	48.182	110	50	3	9	111	7	116	6.81e-24	84.7
7_469	7_469	100.000	666	0	0	1	666	1	666	0.0	1345
7_469	7_218	64.198	81	29	0	232	312	279	359	7.28e-26	107
7_470	7_470	100.000	103	0	0	1	103	1	103	4.50e-70	199
7_471	7_471	100.000	93	0	0	1	93	1	93	6.92e-61	175
7_472	7_472	100.000	278	0	0	1	278	1	278	0.0	552
7_473	7_473	100.000	627	0	0	1	627	1	627	0.0	1248
7_474	7_474	100.000	449	0	0	1	449	1	449	0.0	922
7_474	7_68	28.163	245	158	8	18	255	14	247	1.04e-12	64.3
7_474	7_68	46.154	39	21	0	409	447	503	541	1.19e-05	42.0
7_474	7_303	23.176	466	288	19	14	442	51	483	2.01e-09	53.9
7_475	7_475	100.000	64	0	0	1	64	1	64	8.55e-41	122
7_476	7_476	100.000	216	0	0	1	216	1	216	3.85e-157	429
7_477	7_477	100.000	136	0	0	1	136	1	136	5.77e-92	257
7_478	7_478	100.000	174	0	0	1	174	1	174	1.57e-130	358
7_479	7_479	100.000	146	0	0	1	146	1	146	2.66e-102	284
7_480	7_480	100.000	127	0	0	1	127	1	127	1.96e-87	245
7_481	7_481	100.000	153	0	0	1	153	1	153	4.03e-108	300
7_482	7_482	100.000	143	0	0	1	143	1	143	1.89e-100	279
7_483	7_483	100.000	145	0	0	1	145	1	145	1.13e-106	295
7_484	7_484	100.000	469	0	0	1	469	1	469	0.0	967
7_484	7_157	40.240	333	193	3	116	447	5	332	1.93e-74	233
7_484	7_158	44.737	114	63	0	273	386	614	727	2.58e-30	119
7_484	7_158	31.579	95	60	2	153	247	34	123	2.83e-07	47.4
7_484	7_312	45.082	122	66	1	269	389	273	394	1.41e-28	112
7_484	7_312	35.185	108	53	4	139	239	59	156	1.65e-11	60.5
7_484	7_83	26.800	250	159	8	122	370	3	229	2.68e-18	79.3
7_484	7_408	28.444	225	136	8	143	365	22	223	3.23e-16	72.8
7_484	7_126	32.520	123	71	3	247	357	190	312	7.33e-15	70.9
7_484	7_1	32.432	111	74	1	274	384	505	614	7.91e-15	71.2
7_484	7_167	30.645	186	110	6	153	336	90	258	5.67e-14	67.0
7_484	7_84	27.350	234	147	5	146	367	26	248	7.15e-14	66.6
7_484	7_10	23.448	145	108	2	244	388	162	303	2.02e-11	60.1
7_484	7_446	25.424	236	134	10	143	363	22	230	1.75e-09	54.3
7_484	7_446	25.194	258	149	8	115	355	259	489	6.27e-08	49.3
7_484	7_181	26.033	242	156	9	122	354	4	231	3.78e-09	52.0
7_484	7_43	25.688	218	138	7	142	359	16	209	1.34e-08	51.6
7_484	7_206	28.444	225	127	11	145	358	23	224	2.44e-08	50.4
7_484	7_206	24.483	290	175	11	99	364	224	493	1.30e-05	42.0
7_484	7_462	25.561	223	120	8	141	356	15	198	4.55e-08	50.1
7_484	7_42	25.592	211	123	8	142	347	16	197	5.32e-06	43.1
7_484	7_306	23.913	184	111	6	142	308	16	187	8.96e-05	39.3
7_484	7_99	29.897	97	57	4	277	364	834	928	1.97e-04	38.1
7_485	7_485	100.000	151	0	0	1	151	1	151	1.12e-108	301
7_485	7_5	32.500	120	78	2	15	132	22	140	7.63e-11	52.0
7_486	7_486	100.000	477	0	0	1	477	1	477	0.0	969
7_486	7_487	97.484	477	12	0	1	477	1	477	0.0	943
7_486	7_488	96.458	480	14	1	1	477	1	480	0.0	935
7_487	7_487	100.000	477	0	0	1	477	1	477	0.0	969
7_487	7_486	97.484	477	12	0	1	477	1	477	0.0	943
7_487	7_488	97.292	480	10	1	1	477	1	480	0.0	941
7_488	7_488	100.000	480	0	0	1	480	1	480	0.0	974
7_488	7_487	97.292	480	10	1	1	480	1	477	0.0	941
7_488	7_486	96.458	480	14	1	1	480	1	477	0.0	935
7_489	7_489	100.000	113	0	0	1	113	1	113	7.29e-82	230
7_490	7_490	100.000	96	0	0	1	96	1	96	1.62e-68	195
7_491	7_491	100.000	327	0	0	1	327	1	327	0.0	660
7_492	7_492	100.000	1065	0	0	1	1065	1	1065	0.0	2137
7_492	7_359	26.625	323	183	13	623	907	917	1223	7.37e-14	70.9
7_492	7_359	37.383	107	59	3	297	397	281	385	4.93e-10	58.2
7_493	7_493	100.000	285	0	0	1	285	1	285	0.0	558
7_494	7_494	100.000	266	0	0	1	266	1	266	0.0	511
7_495	7_495	100.000	462	0	0	1	462	1	462	0.0	932
7_496	7_496	100.000	569	0	0	1	569	1	569	0.0	1103
7_496	7_207	30.556	216	124	4	79	285	18	216	6.07e-12	61.2
7_497	7_497	100.000	828	0	0	1	828	1	828	0.0	1678
7_497	7_211	28.479	618	326	21	246	809	249	804	1.63e-45	170
7_498	7_498	100.000	190	0	0	1	190	1	190	4.03e-143	391
7_499	7_499	100.000	404	0	0	1	404	1	404	0.0	814
7_500	7_500	100.000	665	0	0	1	665	1	665	0.0	1346
7_500	7_22	22.941	340	195	13	321	637	1	296	6.40e-09	52.4
7_500	7_432	28.452	239	134	10	325	557	9	216	1.40e-08	51.6
7_501	7_501	100.000	331	0	0	1	331	1	331	0.0	660
7_502	7_502	100.000	203	0	0	1	203	1	203	7.23e-147	401
7_503	7_503	100.000	582	0	0	1	582	1	582	0.0	1159
7_503	7_143	35.516	397	209	11	37	417	60	425	4.13e-55	196
7_503	7_436	29.844	449	225	15	1	409	1	399	1.03e-40	152
7_504	7_504	100.000	66	0	0	1	66	1	66	6.05e-44	130
7_505	7_505	100.000	130	0	0	1	130	1	130	1.31e-92	258
7_505	7_527	69.048	126	36	1	5	130	8	130	1.11e-50	152
7_505	7_468	69.841	126	37	1	5	130	8	132	1.69e-50	152
7_505	7_465	72.115	104	29	0	5	108	8	111	1.86e-49	149
7_505	7_561	70.408	98	29	0	5	102	8	105	6.21e-46	139
7_505	7_466	44.444	108	53	3	6	106	7	114	4.53e-22	80.1
7_506	7_506	100.000	149	0	0	1	149	1	149	1.79e-111	308
7_507	7_507	100.000	160	0	0	1	160	1	160	1.30e-113	314
7_508	7_508	100.000	112	0	0	1	112	1	112	2.75e-78	221
7_509	7_509	100.000	267	0	0	1	267	1	267	0.0	541
7_509	7_60	26.502	283	175	9	3	260	19	293	5.02e-16	70.9
7_509	7_175	32.895	228	137	8	1	219	1	221	3.60e-15	69.3
7_509	7_304	23.529	272	197	8	4	265	2	272	4.47e-11	56.6
7_509	7_427	22.968	283	187	11	2	263	5	277	1.56e-08	48.9
7_509	7_96	32.203	59	40	0	183	241	188	246	1.14e-04	37.4
7_510	7_510	100.000	479	0	0	1	479	1	479	0.0	972
7_510	7_200	24.129	373	214	16	38	359	197	551	5.60e-04	36.6
7_511	7_511	100.000	615	0	0	1	615	1	615	0.0	1266
7_512	7_512	100.000	90	0	0	1	90	1	90	1.95e-57	166
7_513	7_513	100.000	221	0	0	1	221	1	221	2.77e-164	447
7_514	7_514	100.000	219	0	0	1	219	1	219	3.36e-160	436
7_515	7_515	100.000	70	0	0	1	70	1	70	3.14e-44	131
7_516	7_516	100.000	463	0	0	1	463	1	463	0.0	937
7_517	7_517	100.000	133	0	0	1	133	1	133	7.88e-93	259
7_518	7_518	100.000	182	0	0	1	182	1	182	3.48e-136	373
7_519	7_519	100.000	696	0	0	1	696	1	696	0.0	1388
7_520	7_520	100.000	692	0	0	1	692	1	692	0.0	1372
7_521	7_521	100.000	267	0	0	1	267	1	267	0.0	543
7_522	7_522	100.000	95	0	0	1	95	1	95	2.48e-67	192
7_523	7_523	100.000	62	0	0	1	62	1	62	8.71e-43	127
7_524	7_524	100.000	78	0	0	1	78	1	78	3.17e-52	152
7_525	7_525	100.000	550	0	0	1	550	1	550	0.0	1129
7_525	7_403	65.180	471	141	6	77	530	189	653	0.0	596
7_525	7_403	43.333	120	40	6	1	108	1	104	5.75e-14	68.9
7_525	7_334	37.718	517	293	7	16	510	110	619	2.81e-107	329
7_525	7_457	32.200	559	300	17	12	511	7	545	5.12e-75	243
7_525	7_456	35.110	544	278	22	15	509	17	534	9.09e-75	242
7_525	7_56	30.496	423	234	11	141	516	131	540	7.41e-44	159
7_526	7_526	100.000	3784	0	0	1	3784	1	3784	0.0	7584
7_526	7_160	25.660	265	138	13	346	572	302	545	8.85e-05	43.1
7_527	7_527	100.000	130	0	0	1	130	1	130	8.47e-93	259
7_527	7_468	96.970	132	2	1	1	130	1	132	5.15e-90	252
7_527	7_465	94.595	111	6	0	1	111	1	111	9.65e-75	213
7_527	7_561	94.286	105	6	0	1	105	1	105	2.75e-71	204
7_527	7_505	64.286	126	42	1	8	130	5	130	1.35e-50	152
7_527	7_466	47.273	110	51	3	9	111	7	116	1.39e-23	84.0
7_528	7_528	100.000	699	0	0	1	699	1	699	0.0	1417
7_528	7_464	25.878	769	431	26	16	692	6	727	1.78e-44	165
7_529	7_529	100.000	496	0	0	1	496	1	496	0.0	970
7_529	7_558	27.750	400	245	15	122	489	194	581	1.94e-22	95.1
7_530	7_530	100.000	181	0	0	1	181	1	181	8.27e-131	359
7_531	7_531	100.000	252	0	0	1	252	1	252	0.0	496
7_531	7_390	29.932	147	96	3	111	252	82	226	5.92e-09	49.7
7_532	7_532	100.000	240	0	0	1	240	1	240	1.72e-179	487
7_532	7_545	44.595	74	39	1	133	206	64	135	1.23e-11	55.8
7_533	7_533	100.000	109	0	0	1	109	1	109	2.63e-75	213
7_533	7_329	38.298	47	29	0	38	84	79	125	1.15e-05	37.0
7_534	7_534	100.000	51	0	0	1	51	1	51	8.59e-34	103
7_535	7_535	100.000	56	0	0	1	56	1	56	1.42e-37	114
7_536	7_536	100.000	76	0	0	1	76	1	76	4.34e-50	147
7_537	7_537	100.000	232	0	0	1	232	1	232	5.93e-171	465
7_538	7_538	100.000	212	0	0	1	212	1	212	8.66e-150	410
7_538	7_120	55.024	209	91	2	3	211	176	381	1.39e-56	179
7_539	7_539	100.000	55	0	0	1	55	1	55	5.66e-35	107
7_540	7_540	100.000	288	0	0	1	288	1	288	0.0	563
7_540	7_424	100.000	161	0	0	128	288	1	161	1.91e-110	311
7_541	7_541	100.000	229	0	0	1	229	1	229	1.53e-167	456
7_542	7_542	100.000	726	0	0	1	726	1	726	0.0	1465
7_542	7_212	38.067	683	344	22	41	692	73	707	5.91e-125	384
7_542	7_218	28.097	331	197	11	250	551	389	707	7.66e-27	111
7_543	7_543	100.000	339	0	0	1	339	1	339	0.0	698
7_544	7_544	100.000	263	0	0	1	263	1	263	0.0	512
7_544	7_365	33.846	65	33	4	113	171	5	65	1.76e-04	37.0
7_544	7_338	35.000	60	27	2	113	164	159	214	3.41e-04	35.8
7_545	7_545	100.000	146	0	0	1	146	1	146	6.21e-105	291
7_545	7_532	44.595	74	39	1	64	135	133	206	6.04e-12	56.2
7_546	7_546	100.000	576	0	0	1	576	1	576	0.0	1122
7_546	7_462	26.446	363	210	17	40	382	252	577	2.36e-09	54.7
7_547	7_547	100.000	277	0	0	1	277	1	277	0.0	544
7_548	7_548	100.000	378	0	0	1	378	1	378	0.0	734
7_549	7_549	100.000	55	0	0	1	55	1	55	5.55e-37	112
7_549	7_581	98.182	55	1	0	1	55	256	310	4.98e-35	114
7_550	7_550	100.000	366	0	0	1	366	1	366	0.0	739
7_551	7_551	100.000	183	0	0	1	183	1	183	1.16e-125	346
7_552	7_552	100.000	486	0	0	1	486	1	486	0.0	967
7_553	7_553	100.000	88	0	0	1	88	1	88	1.04e-59	172
7_554	7_554	100.000	86	0	0	1	86	1	86	1.36e-59	171
7_555	7_555	100.000	620	0	0	1	620	1	620	0.0	1248
7_556	7_556	100.000	54	0	0	1	54	1	54	7.08e-34	104
7_557	7_557	100.000	111	0	0	1	111	1	111	2.89e-78	221
7_558	7_558	100.000	589	0	0	1	589	1	589	0.0	1158
7_558	7_529	26.908	524	302	21	73	581	32	489	3.43e-20	88.6
7_559	7_559	100.000	591	0	0	1	591	1	591	0.0	1170
7_560	7_560	100.000	319	0	0	1	319	1	319	0.0	633
7_561	7_561	100.000	105	0	0	1	105	1	105	4.99e-74	209
7_561	7_465	96.190	105	4	0	1	105	1	105	2.89e-72	206
7_561	7_468	95.238	105	5	0	1	105	1	105	2.40e-71	204
7_561	7_527	94.286	105	6	0	1	105	1	105	3.68e-71	203
7_561	7_505	70.408	98	29	0	8	105	5	102	6.89e-46	139
7_561	7_466	48.077	104	47	3	9	105	7	110	2.22e-22	79.7
7_562	7_562	100.000	392	0	0	1	392	1	392	0.0	792
7_563	7_563	100.000	945	0	0	1	945	1	945	0.0	1897
7_564	7_564	100.000	255	0	0	1	255	1	255	4.02e-180	490
7_565	7_565	100.000	246	0	0	1	246	1	246	4.83e-180	489
7_565	7_256	26.554	177	119	5	55	224	28	200	4.75e-10	52.8
7_566	7_566	100.000	592	0	0	1	592	1	592	0.0	1186
7_566	7_567	94.257	592	31	3	1	592	1	589	0.0	1041
7_566	7_568	93.750	592	34	3	1	592	1	589	0.0	1034
7_567	7_567	100.000	589	0	0	1	589	1	589	0.0	1175
7_567	7_568	99.321	589	4	0	1	589	1	589	0.0	1165
7_567	7_566	94.257	592	31	3	1	589	1	592	0.0	1068
7_568	7_568	100.000	589	0	0	1	589	1	589	0.0	1174
7_568	7_567	99.321	589	4	0	1	589	1	589	0.0	1165
7_568	7_566	93.750	592	34	3	1	589	1	592	0.0	1060
7_569	7_569	100.000	362	0	0	1	362	1	362	0.0	721
7_570	7_570	100.000	293	0	0	1	293	1	293	0.0	570
7_571	7_571	100.000	278	0	0	1	278	1	278	0.0	536
7_571	7_463	24.364	275	181	13	5	260	32	298	1.82e-09	52.0
7_572	7_572	100.000	309	0	0	1	309	1	309	0.0	588
7_572	7_2	25.083	303	205	10	22	304	36	336	1.36e-09	52.8
7_573	7_573	100.000	462	0	0	1	462	1	462	0.0	924
7_573	7_574	54.409	465	161	15	6	462	4	425	1.53e-129	377
7_573	7_575	43.487	476	208	13	1	461	1	430	3.47e-104	312
7_573	7_582	39.915	471	209	17	1	457	19	429	2.64e-77	243
7_573	7_580	55.556	162	64	4	305	461	310	468	1.10e-48	168
7_573	7_580	78.431	102	22	0	1	102	20	121	9.51e-47	163
7_574	7_574	100.000	428	0	0	1	428	1	428	0.0	867
7_574	7_575	49.652	431	206	6	4	428	6	431	7.02e-139	399
7_574	7_573	70.222	225	57	5	210	425	239	462	5.28e-87	268
7_574	7_573	68.367	98	28	2	4	101	6	100	2.73e-36	133
7_574	7_582	42.373	413	189	11	4	400	24	403	9.34e-84	258
7_574	7_580	51.111	180	79	5	254	428	294	469	8.57e-47	162
7_574	7_580	63.000	100	34	1	4	103	25	121	3.11e-34	127
7_575	7_575	100.000	432	0	0	1	432	1	432	0.0	878
7_575	7_580	53.945	469	159	16	1	431	20	469	5.34e-139	401
7_575	7_574	52.208	385	178	4	6	390	4	382	6.10e-136	392
7_575	7_582	47.191	445	190	14	1	430	19	433	2.28e-101	304
7_575	7_573	44.444	432	185	11	1	390	1	419	1.93e-98	297
7_576	7_576	100.000	707	0	0	1	707	1	707	0.0	1443
7_577	7_577	100.000	40	0	0	1	40	1	40	8.01e-22	73.2
7_578	7_578	100.000	41	0	0	1	41	1	41	3.81e-25	81.6
7_578	7_579	97.561	41	1	0	1	41	1	41	6.45e-25	80.9
7_579	7_579	100.000	41	0	0	1	41	1	41	4.25e-25	81.6
7_579	7_578	97.561	41	1	0	1	41	1	41	6.45e-25	80.9
7_580	7_580	100.000	469	0	0	1	469	1	469	0.0	944
7_580	7_575	53.945	469	159	16	20	469	1	431	5.80e-139	401
7_580	7_582	45.868	484	194	15	2	468	1	433	1.69e-102	308
7_580	7_573	64.957	117	39	1	310	426	305	419	2.47e-46	162
7_580	7_573	78.788	99	21	0	20	118	1	99	1.35e-45	160
7_580	7_574	58.209	134	50	3	294	426	254	382	1.67e-43	153
7_580	7_574	63.000	100	34	1	25	121	4	103	3.34e-34	127
7_581	7_581	100.000	310	0	0	1	310	1	310	0.0	625
7_581	7_152	32.231	242	161	3	62	303	336	574	6.23e-35	128
7_581	7_549	98.182	55	1	0	256	310	1	55	2.81e-34	114
7_581	7_441	25.949	158	98	5	56	203	150	298	5.18e-04	35.4
7_582	7_582	100.000	434	0	0	1	434	1	434	0.0	882
7_582	7_580	45.868	484	194	15	1	433	2	468	1.04e-109	327
7_582	7_575	47.191	445	190	14	19	433	1	430	8.29e-109	323
7_582	7_574	42.786	402	176	12	24	392	4	384	1.13e-89	274
7_582	7_573	41.492	429	188	14	19	392	1	421	3.40e-81	253
7_583	7_583	100.000	117	0	0	1	117	1	117	3.44e-84	236
7_584	7_584	100.000	23	0	0	1	23	1	23	1.37e-12	48.9
