30_0	2_60	100.000	220	0	0	1	220	1	220	9.94e-158	430
30_1	2_567	68.182	22	7	0	138	159	1	22	1.88e-06	37.7
30_2	2_345	77.533	227	51	0	1	227	1	227	2.45e-131	364
30_3	2_89	90.449	356	34	0	1	356	1	356	0.0	670
30_4	2_375	91.900	679	55	0	1	679	1	679	0.0	1228
30_4	2_350	27.835	291	176	7	357	633	225	495	5.07e-13	66.2
30_4	2_233	30.070	143	79	4	500	634	38	167	4.42e-10	55.1
30_4	2_482	31.138	167	94	7	501	659	369	522	6.44e-10	56.2
30_4	2_338	28.086	324	194	14	354	659	208	510	1.14e-09	55.5
30_4	2_340	31.214	173	96	8	499	663	32	189	1.80e-09	55.1
30_4	2_513	28.333	180	116	5	463	637	318	489	3.39e-09	53.9
30_4	2_560	29.787	141	91	3	501	639	21	155	7.25e-09	50.8
30_4	2_274	27.381	168	106	7	501	659	97	257	6.43e-08	49.3
30_4	2_339	25.137	183	123	5	499	677	32	204	8.13e-07	46.6
30_4	2_250	28.000	175	101	8	499	660	35	197	1.09e-06	45.1
30_4	2_429	22.353	170	119	5	499	659	37	202	5.57e-05	40.4
30_4	2_401	44.118	68	28	4	465	524	4	69	6.80e-04	37.0
30_5	2_107	83.200	250	42	0	1	250	1	250	6.01e-160	438
30_5	2_17	29.902	204	130	6	3	203	121	314	7.29e-17	73.6
30_8	2_17	84.412	340	53	0	1	340	1	340	0.0	604
30_8	2_107	27.586	203	136	4	121	314	3	203	3.29e-16	72.0
30_9	2_327	74.611	193	49	0	3	195	5	197	3.40e-103	291
30_10	2_363	89.016	701	77	0	1	701	1	701	0.0	1231
30_11	2_349	96.741	583	18	1	1	583	1	582	0.0	1143
30_12	2_432	26.642	807	455	29	972	1718	413	1142	3.56e-50	190
30_12	2_432	33.858	127	76	5	1851	1971	1297	1421	4.35e-14	72.4
30_13	2_177	54.717	106	47	1	4	108	6	111	3.61e-32	105
30_14	2_404	33.934	666	383	13	28	689	43	655	4.05e-88	284
30_15	2_517	62.239	527	181	9	27	552	1	510	0.0	637
30_15	2_561	57.558	344	133	5	216	552	23	360	1.21e-129	378
30_15	2_439	35.318	487	251	16	94	554	188	636	1.74e-79	258
30_15	2_284	33.981	515	283	16	60	554	39	516	1.63e-78	252
30_15	2_544	33.747	403	225	11	162	551	256	629	3.07e-58	200
30_15	2_382	32.527	455	254	12	131	550	97	533	1.27e-55	191
30_15	2_524	48.611	216	86	6	1	208	1	199	5.33e-52	171
30_16	2_166	89.278	457	49	0	1	457	1	457	0.0	854
30_17	2_300	82.702	607	105	0	1	607	1	607	0.0	993
30_18	2_48	80.914	875	159	2	1	870	1	872	0.0	1433
30_19	2_461	74.505	808	201	2	13	817	13	818	0.0	1271
30_19	2_352	27.553	617	333	22	253	808	250	813	2.20e-41	157
30_20	2_352	68.148	810	253	2	17	822	17	825	0.0	1152
30_20	2_461	26.062	871	473	34	21	806	21	805	1.88e-46	173
30_21	2_404	48.052	77	37	2	55	130	581	655	9.36e-16	67.0
30_23	2_304	78.286	175	38	0	1	175	1	175	9.23e-100	280
30_24	2_439	48.615	650	289	8	4	612	3	648	0.0	583
30_24	2_284	53.407	455	185	8	159	606	88	522	5.48e-163	473
30_24	2_544	38.303	436	248	5	164	597	213	629	1.92e-97	306
30_24	2_517	31.664	559	313	12	60	598	1	510	1.25e-69	229
30_24	2_561	31.844	358	197	5	264	596	23	358	3.59e-49	170
30_24	2_382	28.027	446	247	12	198	596	115	533	4.24e-46	166
30_24	2_524	34.653	101	61	4	161	257	100	199	6.45e-05	38.9
30_25	2_537	89.394	66	4	1	21	86	297	359	3.86e-35	117
30_25	2_537	90.000	30	3	0	1	30	1	30	2.18e-13	58.5
30_26	2_557	74.051	948	242	3	29	975	1	945	0.0	1429
