30_0	12_0	100.000	220	0	0	1	220	1	220	1.16e-157	430
30_1	12_4	100.000	160	0	0	1	160	1	160	2.96e-112	311
30_2	12_98	100.000	227	0	0	1	227	1	227	5.20e-165	449
30_3	12_164	100.000	356	0	0	1	356	1	356	0.0	723
30_4	12_170	100.000	679	0	0	1	679	1	679	0.0	1340
30_4	12_548	24.570	407	263	14	272	655	122	507	1.23e-15	74.7
30_4	12_655	30.368	326	180	16	349	653	44	343	2.30e-14	69.7
30_4	12_529	28.522	291	174	7	357	633	225	495	3.23e-14	70.5
30_4	12_547	32.258	217	111	11	458	659	256	451	1.15e-11	62.0
30_4	12_244	29.193	161	93	4	500	652	38	185	1.37e-10	57.0
30_4	12_530	31.548	168	92	7	501	659	369	522	1.54e-10	58.5
30_4	12_375	30.726	179	89	7	499	663	32	189	2.43e-09	55.1
30_4	12_619	29.861	144	87	6	501	637	94	230	6.50e-09	52.4
30_4	12_528	31.176	170	93	7	499	659	365	519	8.46e-09	53.1
30_4	12_16	25.243	206	129	8	470	660	2	197	2.42e-07	47.4
30_4	12_389	31.707	164	100	5	499	660	32	185	7.18e-07	47.0
30_4	12_192	38.333	60	37	0	601	660	127	186	1.60e-06	45.8
30_4	12_374	24.590	183	124	5	499	677	32	204	3.13e-06	45.1
30_4	12_139	26.341	205	116	8	470	660	2	185	1.10e-05	43.1
30_4	12_473	24.044	183	123	6	486	659	27	202	4.36e-05	41.2
30_4	12_138	44.000	50	24	1	602	647	127	176	5.81e-05	40.8
30_4	12_137	38.095	63	31	2	602	660	127	185	8.56e-05	40.4
30_4	12_325	25.114	219	139	9	470	666	2	217	1.12e-04	39.7
30_4	12_136	37.931	58	32	1	594	647	119	176	1.19e-04	39.7
30_4	12_186	24.870	193	103	9	497	659	36	216	1.30e-04	39.3
30_4	12_60	25.568	176	113	6	499	660	42	213	2.69e-04	37.7
30_4	12_578	33.898	59	39	0	602	660	127	185	5.78e-04	37.7
30_5	12_310	99.600	250	1	0	1	250	1	250	0.0	504
30_5	12_541	30.542	203	130	4	3	203	121	314	1.02e-17	76.3
30_6	12_664	99.571	233	1	0	18	250	1	233	7.86e-165	450
30_7	12_465	86.162	542	75	0	1	542	1	542	0.0	950
30_8	12_541	98.551	345	5	0	1	345	1	345	0.0	695
30_8	12_310	30.542	203	130	4	121	314	3	203	3.25e-17	75.1
30_9	12_231	100.000	197	0	0	1	197	1	197	6.59e-140	384
30_10	12_322	100.000	715	0	0	1	715	1	715	0.0	1437
30_11	12_531	100.000	583	0	0	1	583	1	583	0.0	1184
30_12	12_369	98.785	1975	24	0	1	1975	1	1975	0.0	3900
30_13	12_579	99.145	117	1	0	1	117	1	117	1.03e-81	230
30_14	12_584	33.934	666	383	13	28	689	43	655	4.52e-88	285
30_14	12_583	96.364	110	4	0	584	693	106	215	9.33e-66	211
30_14	12_583	93.694	111	7	0	1	111	1	111	1.62e-62	202
30_14	12_614	42.857	84	42	3	609	690	52	131	9.06e-13	60.8
30_14	12_386	27.425	299	168	15	257	540	256	520	1.58e-12	65.1
30_15	12_397	97.653	554	7	1	1	554	1	548	0.0	1096
30_15	12_398	58.140	344	130	5	217	552	9	346	5.47e-133	386
30_15	12_436	28.778	622	340	20	7	554	8	600	2.76e-69	229
30_15	12_260	33.686	472	275	12	93	550	176	623	1.59e-67	225
30_15	12_421	31.148	427	241	12	163	554	130	538	3.12e-51	179
30_15	12_399	39.631	217	76	6	1	208	1	171	4.42e-34	122
30_16	12_445	99.346	459	3	0	1	459	1	459	0.0	935
30_17	12_476	99.835	607	1	0	1	607	1	607	0.0	1218
30_18	12_78	99.885	870	1	0	1	870	1	870	0.0	1750
30_19	12_653	97.781	811	18	0	8	818	1	811	0.0	1629
30_19	12_527	26.087	621	342	21	251	808	244	810	9.26e-41	155
30_20	12_527	99.757	822	2	0	1	822	1	822	0.0	1669
30_20	12_653	25.363	619	341	19	244	806	244	797	2.82e-38	147
30_21	12_614	97.710	131	3	0	1	131	1	131	3.99e-92	257
30_21	12_584	48.052	77	37	2	55	130	581	655	1.04e-15	67.4
30_21	12_583	42.857	84	42	3	52	131	131	212	1.25e-14	62.8
30_22	12_386	79.487	39	8	0	14	52	526	564	4.48e-16	64.7
30_23	12_635	100.000	175	0	0	1	175	1	175	2.31e-124	342
30_24	12_436	98.856	612	7	0	1	612	1	612	0.0	1236
30_24	12_260	38.444	437	248	5	163	597	207	624	1.09e-99	312
30_24	12_397	28.986	621	334	21	8	600	7	548	7.43e-69	228
30_24	12_421	29.821	446	247	11	198	600	116	538	5.04e-50	177
30_24	12_398	30.495	364	197	6	263	596	7	344	5.57e-49	169
30_24	12_399	42.857	42	23	1	194	234	108	149	7.30e-04	35.8
30_26	12_618	99.683	946	3	0	30	975	1	946	0.0	1887
