5_37	30_4	22.951	183	102	8	20	193	485	637	2.29e-04	33.1
5_56	30_23	78.857	175	37	0	1	175	1	175	2.01e-101	281
5_62	30_18	81.007	874	160	2	1	872	1	870	0.0	1427
5_70	30_0	100.000	220	0	0	1	220	1	220	5.95e-159	430
5_97	30_3	90.449	356	34	0	1	356	1	356	0.0	670
5_111	30_4	92.047	679	54	0	2	680	1	679	0.0	1203
5_112	30_8	32.000	75	47	2	125	199	2	72	7.52e-04	30.8
5_118	30_5	83.200	250	42	0	1	250	1	250	3.60e-161	438
5_118	30_8	27.586	203	136	4	3	203	121	314	1.42e-17	72.0
5_148	30_1	72.881	59	16	0	1	59	76	134	9.79e-28	89.4
5_184	30_16	89.278	457	49	0	1	457	1	457	0.0	832
5_186	30_4	30.070	143	79	4	38	167	500	634	7.43e-12	55.5
5_192	30_13	54.717	106	47	1	6	111	4	108	2.21e-33	105
5_240	30_4	31.250	64	42	2	41	103	499	561	4.10e-04	33.1
5_246	30_4	22.353	170	119	5	37	202	499	659	2.43e-06	40.4
5_267	30_4	27.746	173	104	7	35	197	499	660	2.69e-08	45.1
5_268	30_4	24.348	230	127	13	2	217	470	666	2.93e-04	33.9
5_282	30_2	77.974	227	50	0	1	227	1	227	3.45e-133	366
5_283	30_4	27.381	168	106	7	97	257	501	659	1.90e-09	49.3
5_286	30_4	27.778	180	106	7	40	212	497	659	7.78e-06	37.4
5_293	30_17	82.702	607	105	0	1	607	1	607	0.0	995
5_298	30_9	74.611	193	49	0	5	197	3	195	2.11e-104	291
5_299	30_4	25.137	183	123	5	32	204	499	677	5.82e-08	46.6
5_300	30_4	31.214	173	96	8	32	189	499	663	1.17e-10	55.1
5_309	30_15	32.527	455	254	12	97	533	131	550	6.96e-57	191
5_309	30_24	28.000	450	250	12	115	537	198	600	1.94e-47	166
5_370	30_12	26.510	811	466	29	403	1143	968	1718	4.03e-50	186
5_370	30_12	33.858	127	76	5	1298	1422	1851	1971	1.96e-15	72.4
5_370	30_12	25.989	177	107	7	211	379	596	756	1.07e-05	40.4
5_383	30_24	53.626	455	184	8	88	522	159	606	3.46e-165	475
5_383	30_15	34.927	481	257	15	72	516	94	554	1.22e-78	249
5_384	30_24	48.250	657	283	11	3	650	4	612	0.0	579
5_384	30_15	35.318	487	251	16	190	638	94	554	2.96e-80	256
5_398	30_15	62.749	553	188	9	1	536	1	552	0.0	668
5_398	30_24	31.690	568	318	13	18	536	52	598	1.92e-71	231
5_399	30_15	53.451	565	229	10	1	544	1	552	0.0	540
5_399	30_24	28.824	621	325	17	7	542	8	596	8.14e-62	206
5_408	30_18	25.698	179	113	6	35	195	443	619	2.41e-05	36.6
5_424	30_10	88.873	701	78	0	1	701	1	701	0.0	1225
5_424	30_18	31.646	79	44	2	265	334	450	527	4.56e-04	33.9
5_455	30_19	74.694	818	205	1	1	816	1	818	0.0	1268
5_455	30_20	25.747	870	474	34	21	802	21	806	6.54e-46	167
5_455	30_11	35.714	70	42	2	344	413	119	185	5.56e-04	33.5
5_470	30_8	84.412	340	53	0	1	340	1	340	0.0	603
5_470	30_5	29.902	204	130	6	121	314	3	203	5.34e-18	73.6
5_479	30_11	96.913	583	17	1	1	582	1	583	0.0	1148
5_479	30_20	28.972	107	48	4	484	582	721	807	1.86e-04	34.7
5_480	30_4	31.138	167	94	7	369	522	501	659	2.98e-11	56.6
5_481	30_4	31.088	193	103	6	319	495	455	633	5.71e-14	65.1
5_482	30_20	67.312	826	265	2	1	825	1	822	0.0	1159
5_482	30_19	27.553	617	333	22	250	813	253	808	4.52e-35	134
5_482	30_11	33.333	99	54	5	724	810	485	583	1.57e-04	35.4
5_485	30_4	44.118	68	28	4	4	69	465	524	2.16e-05	37.0
5_485	30_4	38.889	36	22	0	191	226	601	636	4.83e-04	32.7
5_486	30_4	24.873	197	119	6	13	185	468	659	6.02e-05	36.6
5_499	30_4	42.857	42	23	1	22	63	501	541	7.75e-07	36.2
5_528	30_24	33.115	610	314	13	31	611	53	597	1.62e-97	302
5_528	30_15	33.747	403	225	11	238	611	162	551	7.61e-59	198
5_531	30_25	89.394	66	4	1	76	138	21	86	2.21e-38	117
5_542	30_26	73.945	948	243	3	1	945	29	975	0.0	1413
5_545	30_4	28.804	184	118	5	6	181	463	641	2.40e-11	53.5
5_550	30_1	68.182	22	7	0	1	22	138	159	1.62e-08	37.7
