6_0	5_1	100.000	96	0	0	1	96	1	96	8.89e-66	188
6_1	5_2	100.000	589	0	0	1	589	1	589	0.0	1146
6_1	5_143	26.087	460	272	17	51	492	10	419	1.41e-21	92.8
6_2	5_487	99.091	110	1	0	1	110	1	110	3.00e-79	223
6_3	5_4	100.000	290	0	0	1	290	1	290	0.0	578
6_3	5_389	32.707	266	148	14	23	264	25	283	1.72e-24	95.1
6_4	5_5	100.000	287	0	0	1	287	1	287	0.0	577
6_4	5_328	36.255	251	125	6	1	234	1	233	1.91e-33	118
6_5	5_258	98.765	81	1	0	1	81	1	81	4.61e-57	165
6_6	5_7	100.000	189	0	0	1	189	1	189	2.87e-140	384
6_7	5_9	100.000	152	0	0	1	152	1	152	1.18e-110	306
6_8	5_11	100.000	378	0	0	1	378	1	378	0.0	754
6_9	5_12	100.000	47	0	0	1	47	1	47	3.57e-30	94.7
6_10	5_13	100.000	609	0	0	1	609	1	609	0.0	1218
6_11	5_14	100.000	353	0	0	1	353	1	353	0.0	699
6_11	5_304	27.129	317	167	15	46	345	64	333	5.22e-07	45.4
6_12	5_16	100.000	50	0	0	1	50	1	50	3.78e-32	99.8
6_12	5_180	35.556	45	26	1	6	50	5	46	1.46e-04	30.0
6_13	5_317	99.634	273	1	0	1	273	1	273	0.0	562
6_14	5_17	100.000	146	0	0	1	146	1	146	2.30e-105	292
6_15	5_18	100.000	295	0	0	1	295	1	295	0.0	590
6_16	5_19	100.000	337	0	0	1	337	1	337	0.0	685
6_17	5_21	100.000	225	0	0	1	225	1	225	3.09e-168	457
6_18	5_309	99.823	564	1	0	1	564	1	564	0.0	1103
6_18	5_384	32.104	461	249	12	95	533	216	634	1.07e-53	188
6_18	5_398	31.614	446	261	9	99	533	122	534	2.01e-51	179
6_18	5_399	31.183	465	254	14	97	533	116	542	9.88e-50	175
6_18	5_528	30.496	423	246	10	118	533	229	610	1.73e-47	170
6_18	5_383	30.496	423	234	11	131	540	144	519	2.27e-44	160
6_19	5_23	100.000	298	0	0	1	298	1	298	0.0	603
6_20	5_433	99.661	295	1	0	1	295	1	295	0.0	593
6_20	5_376	26.552	290	175	9	21	293	10	278	5.52e-20	82.8
6_20	5_224	26.502	283	175	9	19	293	3	260	5.27e-16	70.9
6_20	5_137	27.170	265	163	10	21	275	5	249	8.60e-14	64.7
6_20	5_41	25.368	272	165	12	15	274	1	246	2.41e-04	36.2
6_21	5_264	99.412	170	1	0	1	170	1	170	1.51e-121	335
6_22	5_25	100.000	372	0	0	1	372	1	372	0.0	763
6_23	5_437	99.773	880	2	0	1	880	1	880	0.0	1777
6_24	5_438	99.614	259	1	0	1	259	1	259	0.0	526
6_25	5_29	100.000	413	0	0	1	413	1	413	0.0	841
6_26	5_32	100.000	111	0	0	1	111	1	111	2.61e-77	218
6_27	5_543	98.755	723	9	0	3	725	1	723	0.0	1414
6_27	5_408	42.857	56	28	1	15	66	8	63	2.74e-07	47.4
6_27	5_35	32.381	105	65	3	76	176	37	139	2.29e-05	41.2
6_28	5_34	100.000	211	0	0	1	211	1	211	2.47e-155	424
6_29	5_35	100.000	291	0	0	1	291	1	291	0.0	559
6_29	5_543	32.381	105	65	3	37	139	74	174	5.74e-06	42.0
6_30	5_36	100.000	239	0	0	1	239	1	239	6.69e-175	475
6_31	5_37	100.000	300	0	0	1	300	1	300	0.0	602
6_31	5_267	34.188	234	133	6	22	254	19	232	3.32e-35	123
6_31	5_240	35.897	156	87	5	130	276	204	355	2.35e-19	82.4
6_31	5_240	25.962	104	55	3	21	123	24	106	4.77e-05	38.9
6_31	5_186	27.854	219	136	3	22	240	21	217	1.21e-18	78.2
6_31	5_486	28.638	213	121	8	23	232	17	201	3.99e-17	76.3
6_31	5_368	39.091	110	66	1	140	248	599	708	9.57e-17	75.1
6_31	5_368	38.462	39	23	1	10	48	12	49	0.001	35.0
6_31	5_214	26.778	239	140	7	27	248	147	367	3.24e-16	73.2
6_31	5_140	36.641	131	75	3	136	260	258	386	5.78e-16	72.4
6_31	5_300	28.169	213	128	6	24	236	18	205	1.54e-15	71.2
6_31	5_80	29.464	224	131	5	22	239	22	224	2.73e-15	70.5
6_31	5_80	21.127	213	161	4	26	236	277	484	1.16e-05	40.8
6_31	5_299	25.714	210	125	6	23	229	17	198	9.89e-15	68.9
6_31	5_246	25.000	236	140	7	14	237	13	223	2.13e-14	67.8
6_31	5_246	28.054	221	130	8	27	236	287	489	1.00e-13	65.9
6_31	5_283	29.327	208	109	8	21	217	78	258	4.16e-13	63.2
6_31	5_290	25.806	155	88	3	152	279	501	655	9.26e-13	63.2
6_31	5_290	30.952	84	39	3	22	105	53	117	4.53e-06	42.4
6_31	5_485	25.402	311	163	12	27	298	27	307	3.99e-12	60.5
6_31	5_367	27.197	239	155	8	20	250	27	254	3.71e-11	57.4
6_31	5_286	31.646	79	53	1	158	235	153	231	2.40e-10	54.7
6_31	5_268	25.714	210	124	7	26	219	20	213	6.48e-08	48.1
6_31	5_346	32.051	78	50	1	145	219	820	897	4.10e-07	45.8
6_31	5_346	28.090	89	62	1	136	222	470	558	1.21e-06	44.3
6_31	5_481	22.527	182	118	4	37	218	364	522	1.36e-05	40.8
6_31	5_545	24.390	205	117	6	22	219	27	200	3.11e-05	38.9
6_32	5_40	100.000	280	0	0	1	280	1	280	0.0	562
6_33	5_42	100.000	271	0	0	1	271	1	271	0.0	534
6_34	5_44	100.000	114	0	0	1	114	1	114	6.37e-84	235
6_35	5_46	100.000	163	0	0	1	163	1	163	1.66e-119	329
6_36	5_348	99.693	326	1	0	1	326	1	326	0.0	650
6_37	5_47	100.000	639	0	0	1	639	1	639	0.0	1304
6_37	5_331	44.131	639	334	9	5	635	3	626	1.06e-169	494
6_38	5_49	100.000	171	0	0	1	171	1	171	3.85e-123	339
6_39	5_51	100.000	334	0	0	1	334	1	334	0.0	680
6_40	5_53	100.000	494	0	0	1	494	1	494	0.0	963
6_41	5_54	100.000	231	0	0	1	231	1	231	6.65e-170	462
6_42	5_241	99.650	286	1	0	1	286	1	286	0.0	554
6_42	5_242	25.749	167	114	4	75	237	73	233	7.80e-05	37.7
6_43	5_354	99.825	571	1	0	1	571	1	571	0.0	1147
6_44	5_57	100.000	236	0	0	1	236	1	236	8.68e-176	477
6_45	5_58	100.000	186	0	0	1	186	1	186	1.35e-132	364
6_46	5_59	100.000	144	0	0	1	144	1	144	5.69e-108	298
6_47	5_60	100.000	221	0	0	1	221	1	221	5.16e-162	441
6_48	5_61	100.000	204	0	0	1	204	1	204	2.13e-151	413
6_49	5_63	100.000	402	0	0	1	402	1	402	0.0	818
6_49	5_167	27.083	288	181	10	20	301	8	272	2.93e-16	75.1
6_49	5_270	32.099	162	90	3	21	182	116	257	1.78e-13	66.2
6_49	5_169	34.091	132	84	3	16	145	8	138	2.91e-13	65.9
6_50	5_65	100.000	316	0	0	1	316	1	316	0.0	632
6_51	5_363	99.751	402	1	0	1	402	1	402	0.0	804
6_52	5_367	99.713	349	1	0	1	349	1	349	0.0	712
6_52	5_214	40.240	333	193	3	5	332	116	447	4.18e-79	244
6_52	5_368	37.037	162	82	3	118	267	570	723	7.66e-31	118
6_52	5_140	37.500	136	83	1	131	266	252	385	9.93e-28	107
6_52	5_140	29.630	135	70	5	7	125	32	157	3.75e-09	52.0
6_52	5_267	31.330	233	127	7	29	252	19	227	3.34e-23	92.0
6_52	5_283	28.972	214	133	6	14	221	58	258	9.62e-19	80.1
6_52	5_186	24.783	230	150	7	30	257	22	230	1.11e-13	64.7
6_52	5_240	28.125	128	89	1	131	258	204	328	1.47e-13	65.9
6_52	5_37	33.043	115	74	2	140	254	139	250	2.39e-13	64.3
6_52	5_290	29.358	109	76	1	159	267	505	612	1.02e-12	63.5
6_52	5_290	25.899	139	83	6	4	139	30	151	2.46e-04	37.4
6_52	5_485	27.778	126	87	2	142	267	176	297	1.09e-12	62.8
6_52	5_286	38.462	78	48	0	162	239	154	231	2.22e-12	60.8
6_52	5_480	29.126	206	116	11	29	228	351	532	1.74e-08	50.1
6_52	5_246	26.267	217	134	9	40	248	32	230	3.84e-08	49.3
6_52	5_246	33.333	81	53	1	160	240	410	489	5.71e-07	45.4
6_52	5_545	26.190	210	116	9	29	228	27	207	1.39e-07	46.2
6_52	5_300	32.941	85	55	1	160	244	127	209	1.68e-07	47.4
6_52	5_486	24.880	209	125	7	29	232	16	197	2.00e-07	47.0
6_52	5_346	30.702	114	67	5	161	265	833	943	3.71e-07	46.2
6_52	5_299	30.682	88	57	2	145	232	114	197	9.28e-07	45.1
6_52	5_80	25.000	236	148	10	28	249	273	493	4.79e-06	42.4
6_52	5_268	27.143	70	47	2	163	232	449	514	3.33e-04	36.6
6_53	5_66	100.000	73	0	0	1	73	1	73	5.46e-53	154
6_54	5_67	100.000	201	0	0	1	201	1	201	2.29e-148	405
6_54	5_321	37.888	161	95	3	3	162	4	160	1.85e-27	98.2
6_55	5_283	99.674	307	1	0	1	307	1	307	0.0	615
6_55	5_499	90.909	77	7	0	76	152	1	77	1.58e-45	144
6_55	5_486	32.735	223	133	7	60	279	1	209	1.05e-24	99.0
6_55	5_300	30.732	205	122	6	79	277	16	206	9.30e-21	87.0
6_55	5_299	29.442	197	127	5	79	273	16	202	1.97e-19	83.2
6_55	5_267	28.636	220	132	4	79	286	19	225	1.97e-18	78.2
6_55	5_367	28.972	214	133	6	58	258	14	221	1.27e-15	70.9
6_55	5_140	42.857	84	47	1	194	276	276	359	5.77e-15	69.3
6_55	5_140	31.481	108	69	2	59	163	42	147	1.13e-06	43.9
6_55	5_214	30.583	206	123	8	90	277	153	356	2.66e-14	67.4
6_55	5_246	25.108	231	157	8	60	282	6	228	3.18e-14	67.4
6_55	5_246	30.263	76	53	0	199	274	412	487	1.00e-04	38.1
6_55	5_485	24.779	226	119	3	84	258	27	252	5.13e-14	66.2
6_55	5_368	31.000	100	68	1	188	286	607	706	1.04e-13	66.2
6_55	5_286	25.472	212	146	4	56	258	5	213	2.84e-13	63.2
6_55	5_37	27.885	208	112	7	78	258	21	217	2.91e-12	60.8
6_55	5_240	36.170	94	54	2	78	171	24	111	3.41e-12	61.2
6_55	5_240	36.585	82	51	1	197	277	230	311	3.51e-10	55.1
6_55	5_186	23.913	230	153	7	66	283	1	220	6.88e-10	53.1
6_55	5_290	34.146	82	53	1	194	274	503	584	8.35e-10	53.9
6_55	5_290	31.707	82	46	2	84	163	58	131	6.73e-08	48.1
6_55	5_545	25.683	183	122	4	79	258	27	198	5.52e-09	50.1
6_55	5_80	25.405	185	119	6	83	257	26	201	5.92e-09	51.2
6_55	5_80	23.636	220	146	8	78	279	272	487	1.18e-05	40.8
6_55	5_111	29.167	168	103	8	97	257	502	660	1.68e-08	50.1
6_55	5_481	31.527	203	114	11	79	271	349	536	1.84e-08	49.7
6_55	5_480	25.510	196	125	7	79	267	351	532	5.67e-08	48.1
6_56	5_395	99.690	323	1	0	1	323	1	323	0.0	634
6_57	5_69	100.000	110	0	0	1	110	1	110	2.07e-78	221
6_58	5_403	99.646	565	2	0	1	565	1	565	0.0	1096
6_59	5_405	98.667	75	1	0	1	75	1	75	2.48e-50	147
6_59	5_406	78.689	61	13	0	3	63	8	68	1.34e-29	103
6_59	5_497	70.492	61	18	0	3	63	8	68	6.36e-27	92.4
6_59	5_468	68.293	41	13	0	22	62	45	85	8.16e-16	64.7
6_60	5_70	100.000	220	0	0	1	220	1	220	9.70e-158	430
6_61	5_72	100.000	205	0	0	1	205	1	205	1.12e-153	419
6_62	5_73	100.000	144	0	0	1	144	1	144	6.23e-107	296
6_63	5_444	99.635	274	1	0	1	274	1	274	0.0	558
6_64	5_75	100.000	617	0	0	1	617	1	617	0.0	1243
6_65	5_76	100.000	118	0	0	1	118	1	118	4.07e-79	223
6_66	5_78	100.000	97	0	0	1	97	1	97	1.98e-67	192
6_67	5_80	100.000	508	0	0	1	508	1	508	0.0	1011
6_67	5_246	30.469	512	327	14	12	505	11	511	2.24e-54	186
6_67	5_186	35.349	215	114	6	26	231	25	223	1.20e-23	94.4
6_67	5_186	32.051	78	53	0	407	484	136	213	7.16e-07	45.1
6_67	5_299	32.673	202	122	5	12	211	6	195	8.64e-16	74.7
6_67	5_486	29.630	216	130	6	8	217	2	201	1.74e-13	67.4
6_67	5_37	29.464	224	131	5	22	224	22	239	2.48e-13	65.1
6_67	5_37	21.127	213	161	4	277	484	26	236	2.44e-04	37.4
6_67	5_300	29.524	210	134	5	12	221	10	205	1.12e-12	64.7
6_67	5_300	28.326	233	135	9	261	487	2	208	4.82e-09	53.1
6_67	5_267	32.143	196	124	6	31	223	28	217	9.99e-12	60.1
6_67	5_268	26.271	236	145	9	8	221	2	230	5.98e-10	55.8
6_67	5_268	32.432	74	47	2	149	222	453	523	3.13e-04	37.4
6_67	5_283	25.405	185	119	6	26	201	83	257	9.80e-09	51.2
6_67	5_283	23.387	248	159	10	244	487	59	279	1.11e-05	41.6
6_67	5_214	28.444	225	127	11	23	224	145	358	1.79e-08	50.8
6_67	5_214	25.106	235	140	8	278	493	147	364	1.20e-05	42.0
6_67	5_290	30.476	105	70	1	7	111	38	139	3.49e-08	50.4
6_67	5_290	25.974	77	56	1	407	482	508	584	4.58e-04	37.0
6_67	5_480	31.148	183	104	8	26	201	355	522	3.63e-08	50.1
6_67	5_485	28.788	132	85	4	356	484	146	271	1.09e-07	48.1
6_67	5_240	30.488	82	54	2	407	486	232	312	3.88e-07	46.6
6_67	5_240	28.333	60	43	0	8	67	11	70	4.21e-04	37.0
6_67	5_286	23.148	216	153	7	14	220	20	231	1.88e-06	43.9
6_67	5_286	24.180	244	146	10	277	503	30	251	2.55e-04	37.4
6_67	5_368	25.532	94	63	2	398	487	609	699	5.79e-06	43.1
6_67	5_481	26.136	176	110	6	36	205	363	524	1.22e-05	42.0
6_67	5_140	25.954	131	94	2	357	484	229	359	1.30e-05	42.0
6_67	5_367	25.000	236	148	10	273	493	28	249	3.27e-04	37.4
6_67	5_545	28.492	179	117	6	26	203	31	199	3.97e-04	36.6
6_68	5_454	99.670	303	1	0	1	303	1	303	0.0	575
6_68	5_307	31.050	219	119	5	18	216	79	285	1.56e-11	59.3
6_69	5_81	100.000	184	0	0	1	184	1	184	6.02e-138	377
6_70	5_82	100.000	89	0	0	1	89	1	89	2.32e-60	174
6_71	5_83	100.000	165	0	0	1	165	1	165	6.27e-118	325
6_72	5_85	100.000	139	0	0	1	139	1	139	1.61e-99	276
6_73	5_86	100.000	534	0	0	1	534	1	534	0.0	1088
6_74	5_87	100.000	214	0	0	1	214	1	214	2.67e-154	421
6_75	5_329	99.842	632	1	0	1	632	1	632	0.0	1285
6_76	5_88	100.000	120	0	0	1	120	1	120	5.66e-85	238
6_77	5_89	100.000	227	0	0	1	227	1	227	1.90e-169	461
6_78	5_92	100.000	109	0	0	1	109	1	109	1.13e-79	224
6_79	5_93	100.000	155	0	0	1	155	1	155	7.97e-113	311
6_80	5_94	100.000	64	0	0	1	64	1	64	6.69e-43	127
6_81	5_95	100.000	116	0	0	1	116	1	116	4.00e-83	233
6_82	5_96	100.000	478	0	0	1	478	1	478	0.0	968
6_83	5_273	99.620	263	1	0	1	263	1	263	0.0	503
6_83	5_55	27.350	117	73	3	48	152	110	226	1.61e-06	42.7
6_83	5_55	34.127	126	50	5	24	118	139	262	2.54e-06	42.0
6_83	5_55	33.333	93	52	3	35	117	121	213	3.10e-05	38.9
6_84	5_412	97.802	91	2	0	1	91	1	91	1.12e-61	177
6_85	5_97	100.000	356	0	0	1	356	1	356	0.0	721
6_86	5_98	100.000	84	0	0	1	84	1	84	2.15e-57	166
6_87	5_101	100.000	489	0	0	1	489	1	489	0.0	965
6_88	5_415	99.587	242	1	0	1	242	1	242	5.04e-175	476
6_88	5_106	26.772	127	68	4	81	203	46	151	2.74e-04	35.4
6_89	5_537	99.005	201	2	0	1	201	1	201	1.30e-140	385
6_90	5_417	99.074	216	2	0	1	216	1	216	1.92e-145	399
6_91	5_103	100.000	450	0	0	1	450	1	450	0.0	899
6_92	5_104	100.000	216	0	0	1	216	1	216	1.03e-156	427
6_92	5_147	25.654	191	131	5	28	214	18	201	4.44e-10	52.0
6_93	5_105	100.000	193	0	0	1	193	1	193	2.81e-139	381
6_94	5_109	100.000	131	0	0	1	131	1	131	2.92e-94	263
6_95	5_110	100.000	150	0	0	1	150	1	150	1.58e-109	303
6_96	5_302	99.749	398	1	0	1	398	1	398	0.0	810
6_97	5_112	100.000	239	0	0	1	239	1	239	7.46e-176	478
6_98	5_113	100.000	332	0	0	1	332	1	332	0.0	667
6_99	5_114	100.000	134	0	0	1	134	1	134	3.25e-97	270
6_100	5_115	100.000	137	0	0	1	137	1	137	1.85e-97	271
6_101	5_116	100.000	37	0	0	1	37	1	37	1.06e-20	70.1
6_102	5_117	100.000	75	0	0	1	75	1	75	3.22e-53	154
6_103	5_420	99.320	147	1	0	1	147	1	147	2.34e-106	295
6_104	5_119	100.000	179	0	0	1	179	1	179	4.08e-130	357
6_105	5_120	100.000	131	0	0	1	131	1	131	2.17e-94	263
6_106	5_121	100.000	61	0	0	1	61	1	61	5.46e-42	125
6_107	5_122	100.000	181	0	0	1	181	1	181	5.08e-135	370
6_108	5_123	100.000	122	0	0	1	122	1	122	1.01e-84	238
6_109	5_124	100.000	121	0	0	1	121	1	121	1.54e-81	229
6_110	5_125	100.000	136	0	0	1	136	1	136	8.92e-100	277
6_111	5_126	100.000	227	0	0	1	227	1	227	2.08e-167	455
6_112	5_128	100.000	90	0	0	1	90	1	90	1.41e-65	187
6_113	5_129	100.000	282	0	0	1	282	1	282	0.0	566
6_114	5_132	100.000	233	0	0	1	233	1	233	3.93e-170	462
6_115	5_133	100.000	106	0	0	1	106	1	106	6.62e-75	212
6_116	5_134	100.000	205	0	0	1	205	1	205	1.55e-150	411
6_117	5_135	100.000	184	0	0	1	184	1	184	1.64e-136	374
6_118	5_138	100.000	442	0	0	1	442	1	442	0.0	874
6_118	5_166	35.897	156	83	4	218	368	172	315	3.54e-20	87.0
6_118	5_166	29.032	124	83	4	220	341	6	126	3.72e-06	43.1
6_118	5_108	37.705	61	35	1	218	275	5	65	5.97e-05	39.3
6_119	5_534	100.000	37	0	0	1	37	1	37	2.28e-22	75.9
6_120	5_427	99.727	366	1	0	1	366	1	366	0.0	722
6_120	5_292	27.358	318	207	7	61	361	6	316	8.60e-23	92.8
6_121	5_139	100.000	321	0	0	1	321	1	321	0.0	634
6_121	5_291	32.877	219	139	5	106	317	160	377	2.24e-20	85.5
6_122	5_305	99.296	142	1	0	1	142	1	142	4.74e-103	286
6_123	5_141	100.000	361	0	0	1	361	1	361	0.0	718
6_124	5_142	100.000	259	0	0	1	259	1	259	0.0	515
6_125	5_143	100.000	504	0	0	1	504	1	504	0.0	979
6_125	5_2	25.901	444	264	16	10	403	51	479	3.63e-21	91.3
6_126	5_144	100.000	91	0	0	1	91	1	91	6.57e-61	175
6_126	5_1	28.571	91	61	3	1	88	3	92	8.64e-07	38.5
6_127	5_145	100.000	98	0	0	1	98	1	98	9.50e-67	191
6_128	5_146	100.000	207	0	0	1	207	1	207	5.22e-147	402
6_129	5_149	100.000	97	0	0	1	97	1	97	7.09e-67	191
6_130	5_315	99.785	465	1	0	1	465	1	465	0.0	927
6_131	5_298	99.510	204	1	0	1	204	1	204	5.80e-143	392
6_132	5_152	100.000	336	0	0	1	336	1	336	0.0	687
6_133	5_153	100.000	337	0	0	1	337	1	337	0.0	672
6_134	5_154	100.000	240	0	0	1	240	1	240	3.03e-178	484
6_135	5_155	100.000	419	0	0	1	419	1	419	0.0	828
6_135	5_392	35.433	127	57	2	160	261	6	132	1.38e-14	69.3
6_135	5_166	25.112	223	154	7	159	375	173	388	1.91e-04	37.7
6_135	5_506	35.000	60	27	2	159	214	113	164	6.34e-04	35.8
6_136	5_156	100.000	141	0	0	1	141	1	141	1.19e-99	277
6_137	5_157	100.000	242	0	0	1	242	1	242	8.36e-173	470
6_138	5_158	100.000	102	0	0	1	102	1	102	1.53e-71	203
6_139	5_334	98.883	179	2	0	1	179	1	179	5.47e-126	347
6_140	5_159	100.000	187	0	0	1	187	1	187	4.32e-132	363
6_141	5_160	100.000	276	0	0	1	276	1	276	0.0	544
6_142	5_505	99.698	331	1	0	1	331	1	331	0.0	664
6_143	5_339	99.780	455	1	0	1	455	1	455	0.0	927
6_144	5_162	100.000	257	0	0	1	257	1	257	0.0	518
6_145	5_340	99.638	276	1	0	1	276	1	276	0.0	562
6_146	5_341	99.758	414	1	0	1	414	1	414	0.0	827
6_147	5_163	100.000	102	0	0	1	102	1	102	4.85e-70	199
6_148	5_164	100.000	376	0	0	1	376	1	376	0.0	775
6_149	5_166	100.000	437	0	0	1	437	1	437	0.0	877
6_149	5_138	35.897	156	83	4	172	315	218	368	3.73e-20	86.7
6_149	5_138	29.032	124	83	4	6	126	220	341	3.37e-06	43.5
6_149	5_108	29.530	149	90	6	5	143	9	152	4.57e-09	52.0
6_149	5_108	26.220	164	110	4	173	335	9	162	4.15e-06	42.7
6_149	5_385	40.741	54	29	1	6	59	19	69	5.89e-06	41.2
6_149	5_385	28.415	183	118	5	157	338	5	175	8.02e-06	40.8
6_149	5_167	28.108	185	98	8	174	341	10	176	4.45e-05	40.0
6_149	5_506	33.846	65	33	4	5	65	113	171	2.56e-04	37.0
6_150	5_167	100.000	598	0	0	1	598	1	598	0.0	1210
6_150	5_169	36.898	187	106	4	2	183	6	185	1.15e-24	103
6_150	5_169	23.009	226	143	9	165	370	266	480	7.14e-07	46.6
6_150	5_169	22.599	177	118	5	322	480	509	684	3.21e-06	44.3
6_150	5_270	30.093	216	126	7	10	217	117	315	7.02e-17	78.6
6_150	5_63	27.083	288	181	10	8	272	20	301	4.35e-16	75.1
6_150	5_166	28.108	185	98	8	10	176	174	341	6.09e-05	40.0
6_151	5_168	100.000	323	0	0	1	323	1	323	0.0	657
6_152	5_169	100.000	694	0	0	1	694	1	694	0.0	1425
6_152	5_167	36.898	187	106	4	6	185	2	183	1.34e-24	103
6_152	5_167	23.009	226	143	9	266	480	165	370	8.29e-07	46.6
6_152	5_167	22.599	177	118	5	509	684	322	480	3.72e-06	44.3
6_152	5_270	37.008	127	62	2	13	139	116	224	8.93e-14	68.9
6_152	5_63	34.091	132	84	3	8	138	16	145	5.03e-13	65.9
6_153	5_170	100.000	141	0	0	1	141	1	141	5.84e-104	288
6_154	5_252	99.398	166	1	0	1	166	1	166	1.34e-116	322
6_155	5_171	100.000	457	0	0	1	457	1	457	0.0	936
6_155	5_544	23.986	296	195	11	106	396	16	286	3.19e-08	49.7
6_155	5_364	26.351	148	100	5	159	302	335	477	1.08e-04	38.9
6_156	5_172	100.000	427	0	0	1	427	1	427	0.0	847
6_157	5_296	99.569	232	1	0	1	232	1	232	2.97e-173	471
6_158	5_173	100.000	93	0	0	1	93	1	93	4.68e-68	193
6_159	5_174	100.000	259	0	0	1	259	1	259	0.0	514
6_160	5_175	100.000	144	0	0	1	144	1	144	8.09e-108	298
6_161	5_176	100.000	132	0	0	1	132	1	132	6.62e-95	264
6_162	5_177	100.000	145	0	0	1	145	1	145	1.35e-102	285
6_163	5_281	99.756	410	1	0	1	410	1	410	0.0	808
6_164	5_179	100.000	181	0	0	1	181	1	181	1.17e-134	369
6_165	5_180	100.000	46	0	0	1	46	1	46	2.27e-29	92.4
6_166	5_181	100.000	195	0	0	1	195	1	195	2.39e-144	394
6_167	5_183	100.000	245	0	0	1	245	1	245	7.55e-177	481
6_168	5_478	99.857	700	1	0	1	700	1	700	0.0	1419
6_169	5_184	100.000	457	0	0	1	457	1	457	0.0	937
6_170	5_185	100.000	316	0	0	1	316	1	316	0.0	625
6_171	5_186	100.000	238	0	0	1	238	1	238	3.17e-176	479
6_171	5_80	35.349	215	114	6	25	223	26	231	5.61e-24	94.4
6_171	5_80	32.051	78	53	0	136	213	407	484	3.36e-07	45.1
6_171	5_37	40.000	85	51	0	133	217	156	240	7.21e-17	72.8
6_171	5_214	28.444	225	136	8	22	223	143	365	9.26e-17	73.6
6_171	5_267	27.805	205	136	6	22	218	20	220	2.06e-15	68.6
6_171	5_246	25.676	222	145	6	5	212	6	221	4.53e-14	65.5
6_171	5_246	25.446	224	142	7	22	225	283	501	3.18e-09	51.2
6_171	5_140	32.353	102	68	1	133	233	278	379	1.85e-12	60.8
6_171	5_140	31.915	47	32	0	22	68	63	109	8.91e-04	34.3
6_171	5_485	32.143	140	84	3	90	221	143	279	5.40e-12	59.3
6_171	5_368	30.108	93	64	1	133	224	615	707	5.55e-12	59.7
6_171	5_368	40.426	47	28	0	21	67	23	69	1.79e-07	45.8
6_171	5_290	32.292	96	63	2	127	221	500	594	1.63e-11	58.2
6_171	5_290	30.556	72	46	3	21	89	53	123	3.20e-04	35.8
6_171	5_300	29.596	223	136	8	8	221	4	214	3.94e-11	57.0
6_171	5_240	31.313	99	67	1	136	233	232	330	1.78e-10	54.7
6_171	5_111	29.630	189	109	7	38	212	501	679	1.84e-10	55.1
6_171	5_367	24.783	230	150	7	22	230	30	257	2.21e-10	54.3
6_171	5_545	27.604	192	105	6	22	197	28	201	1.27e-09	51.2
6_171	5_480	31.522	184	108	8	24	198	354	528	1.29e-09	52.4
6_171	5_283	24.272	206	141	6	25	220	83	283	2.08e-09	51.2
6_171	5_486	27.000	200	123	7	22	211	17	203	9.97e-09	49.7
6_171	5_299	27.174	184	109	7	24	196	19	188	6.62e-07	44.3
6_171	5_268	21.397	229	162	8	5	226	319	536	6.70e-07	43.9
6_171	5_268	22.363	237	149	6	5	213	1	230	1.06e-05	40.4
6_171	5_481	27.273	209	130	9	8	205	336	533	8.40e-07	43.9
6_171	5_286	26.582	79	57	1	135	212	153	231	3.01e-06	41.6
6_172	5_378	99.827	578	1	0	1	578	1	578	0.0	1160
6_176	5_372	99.753	405	1	0	1	405	1	405	0.0	808
6_177	5_187	100.000	202	0	0	1	202	1	202	1.47e-145	398
6_178	5_188	100.000	487	0	0	1	487	1	487	0.0	968
6_179	5_190	100.000	457	0	0	1	457	1	457	0.0	926
6_179	5_161	37.168	452	279	4	2	450	7	456	2.87e-104	313
6_179	5_335	21.687	332	250	6	15	341	37	363	3.00e-07	47.0
6_179	5_320	22.819	298	203	11	119	402	116	400	3.30e-06	43.5
6_180	5_376	99.346	306	2	0	1	306	1	306	0.0	627
6_180	5_433	26.897	290	174	9	10	278	21	293	8.24e-21	85.1
6_180	5_224	22.939	279	185	10	9	277	5	263	2.22e-08	48.9
6_180	5_396	23.019	265	163	8	12	261	8	246	2.43e-06	43.1
6_180	5_137	27.397	73	51	1	7	79	2	72	3.90e-05	38.9
6_180	5_41	32.877	73	43	1	186	258	180	246	2.55e-04	36.2
6_182	5_193	100.000	77	0	0	1	77	1	77	1.91e-49	145
6_183	5_194	100.000	90	0	0	1	90	1	90	1.23e-61	177
6_184	5_195	100.000	156	0	0	1	156	1	156	1.32e-117	323
6_185	5_196	100.000	126	0	0	1	126	1	126	2.38e-88	247
6_186	5_197	100.000	174	0	0	1	174	1	174	6.26e-126	346
6_187	5_236	99.344	305	2	0	1	305	1	305	0.0	617
6_187	5_544	25.949	158	98	6	150	298	56	203	1.35e-04	37.4
6_187	5_364	24.128	344	194	13	4	298	157	482	3.32e-04	36.6
6_188	5_198	100.000	156	0	0	1	156	1	156	3.10e-113	313
6_189	5_199	100.000	147	0	0	1	147	1	147	2.95e-106	294
6_190	5_200	100.000	87	0	0	1	87	1	87	2.00e-61	176
6_191	5_486	99.478	766	0	1	1	766	1	762	0.0	1497
6_191	5_299	30.788	812	476	21	1	766	1	772	2.36e-92	300
6_191	5_300	39.823	452	246	10	1	440	1	438	1.51e-89	290
6_191	5_300	33.588	131	87	0	636	766	516	646	1.60e-15	74.7
6_191	5_283	32.735	223	133	7	1	209	60	279	3.44e-24	98.6
6_191	5_37	27.488	211	126	7	17	201	23	232	5.39e-15	70.9
6_191	5_246	23.938	259	169	9	1	232	6	263	2.44e-14	70.5
6_191	5_246	23.301	206	140	4	16	203	282	487	2.86e-06	44.7
6_191	5_80	29.630	216	130	6	2	201	8	217	3.78e-13	67.0
6_191	5_480	29.897	194	126	6	1	188	336	525	4.78e-13	66.6
6_191	5_240	32.990	97	63	1	1	95	10	106	1.25e-09	55.5
6_191	5_545	27.230	213	130	7	1	199	12	213	4.16e-09	52.0
6_191	5_530	25.823	395	236	18	302	659	19	393	1.23e-08	52.4
6_191	5_485	34.483	87	53	2	119	202	183	268	2.01e-08	51.6
6_191	5_290	30.357	112	75	2	2	111	39	149	3.30e-08	51.2
6_191	5_290	31.081	74	49	1	129	200	508	581	1.66e-05	42.4
6_191	5_186	27.000	200	123	7	17	203	22	211	3.58e-08	49.7
6_191	5_214	25.561	223	120	8	15	198	141	356	9.81e-08	49.3
6_191	5_267	27.149	221	125	10	1	198	1	208	2.04e-07	47.8
6_191	5_286	29.545	88	59	2	115	200	141	227	4.33e-07	46.6
6_191	5_140	29.600	125	78	5	115	230	267	390	4.68e-07	47.4
6_191	5_368	30.476	105	65	2	129	225	618	722	4.86e-07	47.4
6_191	5_481	28.505	214	123	10	2	198	334	534	6.88e-07	47.0
6_191	5_268	26.027	219	131	9	1	204	319	521	1.36e-05	42.7
6_191	5_268	20.851	235	133	6	1	198	1	219	1.53e-05	42.4
6_191	5_367	24.880	209	125	7	16	197	29	232	1.43e-05	42.4
6_191	5_346	36.585	82	43	4	129	204	834	912	1.68e-05	42.7
6_191	5_499	28.378	74	45	1	16	81	4	77	5.42e-05	37.0
6_191	5_111	24.638	207	127	6	13	195	469	670	9.59e-05	40.0
6_192	5_202	100.000	326	0	0	1	326	1	326	0.0	649
6_193	5_203	100.000	103	0	0	1	103	1	103	4.28e-70	199
6_194	5_204	100.000	93	0	0	1	93	1	93	6.58e-61	175
6_195	5_205	100.000	278	0	0	1	278	1	278	0.0	552
6_196	5_206	100.000	64	0	0	1	64	1	64	8.13e-41	122
6_197	5_208	100.000	136	0	0	1	136	1	136	5.48e-92	257
6_198	5_210	100.000	146	0	0	1	146	1	146	2.53e-102	284
6_199	5_211	100.000	127	0	0	1	127	1	127	1.87e-87	245
6_200	5_212	100.000	153	0	0	1	153	1	153	3.83e-108	300
6_201	5_213	100.000	143	0	0	1	143	1	143	1.79e-100	279
6_202	5_423	100.000	145	0	0	1	145	1	145	9.95e-107	295
6_203	5_214	100.000	469	0	0	1	469	1	469	0.0	967
6_203	5_367	39.940	333	194	3	116	447	5	332	2.66e-73	230
6_203	5_368	44.737	114	63	0	273	386	614	727	2.45e-30	119
6_203	5_368	31.250	96	61	2	152	247	33	123	2.51e-07	47.4
6_203	5_140	45.082	122	66	1	269	389	273	394	1.34e-28	112
6_203	5_140	35.185	108	53	4	139	239	59	156	1.57e-11	60.5
6_203	5_267	26.800	250	159	8	122	370	3	229	1.75e-18	80.1
6_203	5_186	28.444	225	136	8	143	365	22	223	3.07e-16	72.8
6_203	5_240	32.520	123	71	3	247	357	190	312	7.15e-15	70.9
6_203	5_290	32.432	111	74	1	274	384	505	614	7.32e-15	71.2
6_203	5_283	30.769	195	114	7	146	336	81	258	3.05e-14	67.8
6_203	5_37	27.350	234	147	5	146	367	26	248	6.79e-14	66.6
6_203	5_485	23.404	141	104	2	251	388	164	303	1.89e-11	60.1
6_203	5_246	25.424	236	134	10	143	363	22	230	1.64e-09	54.3
6_203	5_246	25.194	258	149	8	115	355	259	489	5.61e-08	49.3
6_203	5_286	26.033	242	156	9	122	354	4	231	3.22e-09	52.0
6_203	5_300	25.688	218	138	7	142	359	16	209	1.17e-08	51.6
6_203	5_80	28.444	225	127	11	145	358	23	224	2.32e-08	50.4
6_203	5_80	24.483	290	175	11	99	364	224	493	1.24e-05	42.0
6_203	5_486	25.561	223	120	8	141	356	15	198	4.87e-08	49.7
6_203	5_299	25.592	211	123	8	142	347	16	197	4.56e-06	43.5
6_203	5_268	23.913	184	111	6	142	308	16	187	1.05e-04	38.9
6_203	5_346	29.897	97	57	4	277	364	834	928	1.81e-04	38.5
6_204	5_215	100.000	151	0	0	1	151	1	151	1.06e-108	301
6_204	5_289	32.500	120	78	2	15	132	22	140	6.41e-11	52.4
6_205	5_448	99.115	113	1	0	1	113	1	113	3.89e-81	228
6_206	5_449	97.917	96	2	0	1	96	1	96	2.32e-67	192
6_207	5_451	99.906	1065	0	1	1	1065	1	1064	0.0	2130
6_207	5_342	26.006	323	185	12	623	907	917	1223	3.59e-14	71.6
6_207	5_342	37.383	107	59	3	297	397	281	385	5.32e-10	58.2
6_208	5_218	100.000	190	0	0	1	190	1	190	3.84e-143	391
6_209	5_220	100.000	331	0	0	1	331	1	331	0.0	660
6_210	5_221	100.000	203	0	0	1	203	1	203	6.87e-147	401
6_211	5_222	100.000	149	0	0	1	149	1	149	1.70e-111	308
6_212	5_261	99.375	160	1	0	1	160	1	160	5.17e-113	312
6_213	5_224	100.000	267	0	0	1	267	1	267	0.0	541
6_213	5_433	26.148	283	176	9	3	260	19	293	1.16e-15	70.1
6_213	5_396	32.895	228	137	8	1	219	1	221	3.43e-15	69.3
6_213	5_137	23.529	272	197	8	4	265	2	272	4.25e-11	56.6
6_213	5_376	22.615	283	188	11	2	263	5	277	8.77e-08	46.6
6_213	5_41	32.203	59	40	0	183	241	188	246	1.08e-04	37.4
6_214	5_225	100.000	90	0	0	1	90	1	90	1.85e-57	166
6_215	5_226	100.000	221	0	0	1	221	1	221	2.63e-164	447
6_216	5_228	100.000	70	0	0	1	70	1	70	2.99e-44	131
6_217	5_230	100.000	95	0	0	1	95	1	95	2.36e-67	192
6_218	5_231	100.000	699	0	0	1	699	1	699	0.0	1417
6_218	5_492	26.260	754	440	25	16	692	6	720	6.95e-45	166
6_219	5_232	100.000	181	0	0	1	181	1	181	7.86e-131	359
6_220	5_52	100.000	263	0	0	1	263	19	281	0.0	527
6_221	5_235	100.000	232	0	0	1	232	1	232	5.63e-171	465
6_222	5_346	99.789	947	2	0	1	947	1	947	0.0	1932
6_222	5_267	29.801	151	85	7	783	928	90	224	3.64e-07	47.4
6_222	5_299	39.130	92	47	4	820	908	115	200	6.46e-07	47.4
6_222	5_299	28.571	147	88	6	416	562	64	193	1.51e-04	39.7
6_222	5_37	32.051	78	50	1	820	897	145	219	1.32e-06	45.8
6_222	5_37	30.000	80	54	1	479	558	145	222	5.76e-06	43.5
6_222	5_486	36.585	82	43	4	834	912	129	204	1.96e-05	42.7
6_222	5_300	36.905	84	44	4	826	906	121	198	1.72e-04	39.7
6_222	5_368	33.333	102	63	3	476	574	601	700	1.86e-04	39.7
6_222	5_140	25.168	298	194	12	628	907	63	349	2.22e-04	38.9
6_222	5_240	38.667	75	43	2	485	558	224	296	2.24e-04	38.9
6_222	5_214	29.897	97	57	4	834	928	277	364	4.02e-04	38.1
6_222	5_246	24.737	190	120	8	481	655	129	310	4.68e-04	38.1
6_222	5_367	29.825	114	68	5	833	943	161	265	4.76e-04	37.7
6_222	5_499	51.724	29	14	0	628	656	5	33	5.92e-04	34.3
6_223	5_237	100.000	242	0	0	1	242	1	242	1.62e-178	484
6_224	5_240	100.000	444	0	0	1	444	1	444	0.0	887
6_224	5_485	32.059	340	185	10	8	341	5	304	1.98e-38	138
6_224	5_290	38.624	189	111	4	205	390	481	667	3.75e-35	133
6_224	5_290	47.423	97	51	0	11	107	39	135	6.83e-23	96.3
6_224	5_140	26.786	392	248	11	10	379	43	417	3.64e-23	95.9
6_224	5_368	32.117	137	92	1	199	334	584	720	2.77e-20	88.2
6_224	5_368	40.541	37	22	0	20	56	18	54	5.98e-04	36.6
6_224	5_37	35.616	146	81	5	214	355	140	276	2.36e-17	77.0
6_224	5_37	25.962	104	55	3	24	106	21	123	8.80e-05	38.5
6_224	5_214	32.520	123	71	3	190	312	247	357	5.47e-15	71.2
6_224	5_267	34.545	110	71	1	212	321	118	226	4.39e-13	63.9
6_224	5_267	26.050	119	79	3	22	137	16	128	1.77e-05	40.8
6_224	5_283	36.170	94	54	2	24	111	78	171	8.92e-12	60.5
6_224	5_283	36.585	82	51	1	230	311	197	277	4.80e-10	55.1
6_224	5_246	30.147	136	88	4	202	333	112	244	6.83e-11	58.5
6_224	5_246	28.431	102	68	3	10	106	6	107	3.01e-08	50.1
6_224	5_246	25.287	87	64	1	224	310	404	489	3.77e-05	40.0
6_224	5_499	39.189	74	39	1	24	91	3	76	2.11e-10	51.6
6_224	5_186	31.313	99	67	1	232	330	136	233	3.32e-10	54.7
6_224	5_486	32.990	97	63	1	10	106	1	95	7.31e-10	55.5
6_224	5_367	30.357	112	75	1	204	312	131	242	1.50e-09	53.5
6_224	5_286	31.313	99	68	0	211	309	133	231	4.95e-09	51.6
6_224	5_299	32.394	142	92	3	211	351	107	245	9.28e-09	52.0
6_224	5_299	32.955	88	57	1	16	103	7	92	1.01e-08	52.0
6_224	5_300	31.915	94	62	1	10	103	1	92	1.11e-08	51.6
6_224	5_300	39.535	86	46	3	229	312	126	207	2.21e-08	50.4
6_224	5_545	36.232	69	44	0	10	78	12	80	5.67e-08	47.8
6_224	5_545	33.645	107	54	3	193	293	107	202	1.42e-06	43.5
6_224	5_80	30.488	82	54	2	232	312	407	486	3.39e-07	46.6
6_224	5_80	28.333	60	43	0	11	70	8	67	3.68e-04	37.0
6_224	5_480	30.769	78	53	1	1	77	327	404	6.36e-06	42.7
6_224	5_480	35.294	68	41	1	229	296	464	528	4.89e-05	40.0
6_224	5_268	31.765	85	54	1	226	310	150	230	1.58e-05	41.6
6_224	5_268	27.586	58	42	0	10	67	1	58	2.03e-05	41.2
6_224	5_346	38.667	75	43	2	224	296	485	558	1.12e-04	38.9
6_225	5_355	99.552	446	2	0	1	446	1	446	0.0	889
6_226	5_243	100.000	308	0	0	1	308	1	308	0.0	581
6_227	5_366	100.000	75	0	0	1	75	1	75	4.92e-47	154
6_228	5_248	100.000	184	0	0	1	184	1	184	4.54e-136	372
6_229	5_249	100.000	218	0	0	1	218	1	218	5.82e-162	441
6_230	5_250	100.000	241	0	0	1	241	1	241	0.0	490
6_231	5_385	99.432	176	1	0	1	176	1	176	8.53e-130	356
6_231	5_166	40.741	54	29	1	19	69	6	59	1.91e-06	41.6
6_231	5_166	28.415	183	118	5	5	175	157	338	2.81e-06	40.8
6_231	5_108	39.344	61	33	3	19	76	10	69	1.56e-04	35.8
6_232	5_253	100.000	76	0	0	1	76	1	76	2.69e-50	147
6_233	5_254	100.000	600	0	0	1	600	1	600	0.0	1198
6_234	5_343	99.807	517	1	0	1	517	1	517	0.0	1006
6_235	5_256	100.000	120	0	0	1	120	1	120	4.16e-85	238
6_236	5_257	100.000	694	0	0	1	694	1	694	0.0	1392
6_237	5_192	98.333	120	2	0	1	120	1	120	9.62e-84	235
6_238	5_259	100.000	335	0	0	1	335	1	335	0.0	663
6_239	5_8	99.691	324	1	0	1	324	1	324	0.0	663
6_239	5_191	41.846	325	176	7	7	324	7	325	6.91e-57	182
6_239	5_219	22.941	340	195	13	1	296	321	637	2.15e-09	52.8
6_240	5_15	99.688	321	1	0	1	321	1	321	0.0	622
6_241	5_262	100.000	212	0	0	1	212	1	212	1.02e-148	407
6_242	5_263	100.000	222	0	0	1	222	1	222	5.69e-163	444
6_243	5_265	100.000	1216	0	0	1	1216	1	1216	0.0	2397
6_244	5_439	99.779	452	1	0	1	452	1	452	0.0	919
6_245	5_31	99.699	332	1	0	1	332	1	332	0.0	661
6_246	5_267	100.000	272	0	0	1	272	1	272	0.0	542
6_246	5_37	34.188	234	133	6	19	232	22	254	2.67e-34	120
6_246	5_480	34.694	196	110	5	16	205	348	531	3.37e-19	81.6
6_246	5_214	26.800	250	159	8	3	229	122	370	7.15e-19	80.5
6_246	5_367	31.330	233	127	7	19	227	29	252	8.97e-19	79.3
6_246	5_283	28.636	220	132	4	19	225	79	286	1.53e-18	78.2
6_246	5_545	32.536	209	121	9	1	204	12	205	1.32e-16	71.6
6_246	5_186	27.805	205	136	6	20	220	22	218	2.35e-15	68.6
6_246	5_368	36.275	102	64	1	127	227	607	708	2.46e-15	70.1
6_246	5_368	33.333	75	43	3	23	91	27	100	2.74e-04	36.6
6_246	5_481	30.189	212	132	8	2	208	334	534	1.30e-14	67.8
6_246	5_300	31.081	222	129	11	1	215	1	205	8.74e-14	65.5
6_246	5_240	34.545	110	71	1	118	226	212	321	2.69e-13	63.9
6_246	5_240	26.050	119	79	3	16	128	22	137	1.09e-05	40.8
6_246	5_290	31.776	107	72	1	116	221	486	592	3.30e-13	63.9
6_246	5_290	31.915	94	55	3	16	106	50	137	3.84e-06	42.4
6_246	5_268	27.778	198	108	5	16	185	13	203	1.08e-12	62.0
6_246	5_246	27.273	220	125	10	19	218	21	225	2.06e-12	61.2
6_246	5_246	25.541	231	157	8	1	218	264	492	3.34e-06	42.4
6_246	5_140	32.500	120	77	3	104	219	244	363	2.42e-12	60.8
6_246	5_80	32.143	196	124	6	28	217	31	223	5.35e-12	60.1
6_246	5_485	24.221	289	161	9	2	236	8	292	2.61e-11	57.8
6_246	5_286	26.848	257	156	9	1	240	9	250	1.70e-08	48.5
6_246	5_299	23.618	199	141	6	16	212	13	202	3.20e-08	48.9
6_246	5_486	27.149	221	125	10	1	208	1	198	6.68e-08	47.8
6_246	5_346	29.801	151	85	7	90	224	783	928	1.25e-07	47.0
6_246	5_111	24.757	206	130	7	2	197	471	661	1.51e-07	46.6
6_246	5_499	34.722	72	43	2	19	86	4	75	2.38e-06	39.7
6_247	5_38	99.688	320	1	0	1	320	1	320	0.0	626
6_248	5_268	100.000	538	0	0	1	538	1	538	0.0	1101
6_248	5_300	25.641	234	141	6	1	230	1	205	1.09e-12	64.7
6_248	5_300	28.571	210	133	8	319	519	1	202	1.12e-09	55.1
6_248	5_267	27.778	198	108	5	13	203	16	185	2.13e-12	62.0
6_248	5_299	22.993	274	175	5	1	272	1	240	5.75e-11	59.3
6_248	5_299	24.645	211	138	8	319	518	1	201	5.25e-06	43.5
6_248	5_545	27.041	196	101	5	1	187	12	174	9.68e-11	56.6
6_248	5_80	26.271	236	145	9	2	230	8	221	6.33e-10	55.8
6_248	5_80	32.432	74	47	2	453	523	149	222	3.32e-04	37.4
6_248	5_480	23.853	218	133	6	1	213	336	525	7.43e-09	52.4
6_248	5_481	44.898	49	27	0	13	61	346	394	8.93e-08	48.9
6_248	5_246	24.599	187	125	4	1	187	6	176	4.98e-07	46.6
6_248	5_290	35.088	57	37	0	2	58	39	95	6.60e-07	46.2
6_248	5_290	23.810	84	60	1	152	231	504	587	3.39e-05	40.8
6_248	5_37	24.286	210	127	6	20	213	26	219	8.87e-07	45.1
6_248	5_186	21.397	229	162	8	319	536	5	226	1.51e-06	43.9
6_248	5_186	22.363	237	149	6	1	230	5	213	2.40e-05	40.4
6_248	5_486	26.027	219	131	9	319	521	1	204	8.68e-06	42.7
6_248	5_486	20.851	235	133	6	1	219	1	198	8.83e-06	42.7
6_248	5_240	31.765	85	54	1	150	230	226	310	1.92e-05	41.6
6_248	5_240	27.586	58	42	0	1	58	10	67	2.47e-05	41.2
6_248	5_286	22.511	231	149	6	320	525	10	235	4.39e-05	39.7
6_248	5_286	21.577	241	139	6	14	233	24	235	2.02e-04	37.7
6_248	5_214	23.913	184	111	6	16	187	142	308	1.05e-04	39.3
6_248	5_485	27.174	92	64	1	443	534	188	276	3.29e-04	37.4
6_248	5_111	25.126	199	105	10	32	217	500	667	4.59e-04	37.4
6_248	5_368	28.169	71	47	1	449	515	619	689	6.37e-04	37.0
6_249	5_71	99.606	254	1	0	1	254	1	254	0.0	522
6_250	5_270	100.000	599	0	0	1	599	1	599	0.0	1221
6_250	5_167	30.093	216	126	7	117	315	10	217	5.96e-17	78.6
6_250	5_169	37.008	127	62	2	116	224	13	139	7.85e-14	68.9
6_250	5_63	32.099	162	90	3	116	257	21	182	2.43e-13	66.6
6_251	5_217	99.623	265	1	0	3	267	2	266	0.0	506
6_252	5_307	99.824	569	1	0	1	569	1	569	0.0	1100
6_252	5_454	30.556	216	124	4	79	285	18	216	9.69e-12	60.8
6_253	5_265	26.623	154	99	6	7	151	1054	1202	1.43e-04	35.8
6_254	5_209	99.425	174	1	0	1	174	1	174	7.08e-130	356
6_255	5_422	99.119	227	2	0	1	227	1	227	1.21e-166	453
6_256	5_131	99.533	214	1	0	1	214	1	214	1.31e-156	427
6_257	5_275	100.000	107	0	0	1	107	1	107	2.27e-72	205
6_258	5_276	100.000	212	0	0	1	212	1	212	9.19e-157	427
6_259	5_277	100.000	120	0	0	1	120	1	120	5.09e-88	246
6_260	5_278	100.000	236	0	0	1	236	1	236	1.72e-172	469
6_260	5_389	33.088	136	64	8	4	113	16	150	8.13e-06	40.4
6_261	5_279	100.000	381	0	0	1	381	1	381	0.0	754
6_262	5_280	100.000	285	0	0	1	285	1	285	0.0	573
6_263	5_474	99.747	790	2	0	1	790	1	790	0.0	1606
6_263	5_465	22.941	340	205	10	393	701	440	753	1.32e-14	72.0
6_263	5_465	23.563	174	120	3	8	169	27	199	6.18e-09	53.9
6_263	5_457	24.103	195	101	6	398	592	393	540	4.80e-12	63.9
6_263	5_457	27.174	184	113	4	3	168	6	186	1.19e-08	52.8
6_263	5_431	34.444	90	58	1	29	118	3	91	6.62e-08	50.1
6_263	5_431	33.000	100	59	3	513	612	264	355	1.44e-07	48.9
6_264	5_219	99.850	665	1	0	1	665	1	665	0.0	1345
6_264	5_8	22.941	340	195	13	321	637	1	296	5.77e-09	52.8
6_264	5_191	28.452	239	134	10	325	557	9	216	1.32e-08	51.6
6_265	5_282	100.000	227	0	0	1	227	1	227	8.34e-164	446
6_266	5_285	100.000	163	0	0	1	163	1	163	7.07e-119	327
6_267	5_394	98.462	260	4	0	1	260	1	260	0.0	514
6_268	5_286	100.000	256	0	0	1	256	1	256	0.0	509
6_268	5_140	34.711	121	77	2	126	244	251	371	2.20e-16	72.8
6_268	5_283	27.358	212	142	4	5	213	56	258	1.19e-15	69.7
6_268	5_485	25.714	280	163	5	8	244	6	283	1.62e-15	70.1
6_268	5_368	30.508	118	73	2	134	250	597	706	3.45e-14	66.6
6_268	5_299	27.136	199	126	4	28	225	18	198	2.84e-13	63.9
6_268	5_246	24.138	232	162	10	27	252	22	245	3.08e-12	60.5
6_268	5_246	22.566	226	163	6	12	230	267	487	6.32e-09	50.4
6_268	5_214	25.203	246	153	8	4	231	122	354	1.87e-11	58.2
6_268	5_267	27.237	257	155	9	9	250	1	240	6.65e-11	55.8
6_268	5_37	25.806	217	145	9	27	231	23	235	8.44e-11	55.5
6_268	5_300	25.664	226	139	7	24	245	14	214	1.99e-10	55.1
6_268	5_290	33.766	77	51	0	154	230	508	584	2.66e-09	51.6
6_268	5_290	29.885	87	55	2	27	112	54	135	1.77e-04	37.0
6_268	5_240	31.313	99	68	0	133	231	211	309	2.73e-09	51.6
6_268	5_367	27.801	241	145	11	6	231	13	239	1.12e-08	49.3
6_268	5_486	23.188	207	138	6	23	227	13	200	3.66e-08	48.1
6_268	5_80	24.074	216	151	7	20	231	14	220	4.88e-08	47.8
6_268	5_80	24.180	244	146	10	30	251	277	503	1.73e-05	40.0
6_268	5_480	26.699	206	131	7	9	212	336	523	5.87e-08	47.8
6_268	5_186	22.831	219	137	7	22	231	17	212	2.16e-06	42.0
6_268	5_268	22.271	229	152	6	10	235	320	525	2.96e-06	42.4
6_268	5_268	21.992	241	138	8	24	235	14	233	2.71e-05	39.3
6_268	5_111	28.333	180	105	7	40	212	498	660	3.05e-05	39.3
6_268	5_545	20.856	187	128	6	10	193	13	182	4.27e-05	38.1
6_268	5_481	24.312	218	127	10	8	214	332	522	2.26e-04	36.6
6_268	5_346	28.889	90	53	4	136	218	815	900	3.43e-04	36.2
6_269	5_287	100.000	158	0	0	1	158	1	158	9.94e-116	319
6_270	5_3	98.936	188	2	0	1	188	1	188	1.98e-133	366
6_271	5_288	100.000	350	0	0	1	350	1	350	0.0	716
6_272	5_494	97.521	121	3	0	1	121	1	121	6.13e-78	221
6_273	5_0	100.000	220	0	0	1	220	117	336	2.25e-156	431
6_273	5_523	21.364	220	158	6	1	220	100	304	2.22e-05	38.9
6_274	5_377	99.723	361	1	0	1	361	1	361	0.0	734
6_275	5_292	100.000	351	0	0	1	351	1	351	0.0	685
6_275	5_427	27.358	318	207	7	6	316	61	361	8.74e-23	92.8
6_276	5_294	100.000	429	0	0	1	429	1	429	0.0	864
6_277	5_56	99.429	175	1	0	1	175	1	175	3.17e-125	344
6_278	5_242	99.270	274	2	0	1	274	1	274	0.0	536
6_278	5_241	25.150	167	115	4	73	233	75	237	2.42e-05	39.3
6_279	5_48	99.068	322	3	0	1	322	1	322	0.0	647
6_280	5_295	100.000	88	0	0	1	88	1	88	6.61e-60	172
6_281	5_297	100.000	452	0	0	1	452	1	452	0.0	884
6_282	5_333	97.143	385	11	0	1	385	1	385	0.0	730
6_283	5_332	99.005	402	4	0	1	402	1	402	0.0	793
6_284	5_467	99.020	408	4	0	1	408	1	408	0.0	816
6_285	5_303	100.000	297	0	0	1	297	1	297	0.0	578
6_286	5_269	99.856	695	1	0	1	695	1	695	0.0	1375
6_287	5_425	98.413	63	1	0	1	63	1	63	1.35e-41	124
6_288	5_326	99.776	892	2	0	1	892	1	892	0.0	1800
6_289	5_443	99.832	594	1	0	1	594	1	594	0.0	1189
6_289	5_272	28.413	630	325	21	34	582	29	613	4.47e-44	162
6_289	5_498	42.647	68	33	2	312	379	22	83	8.26e-09	47.8
6_290	5_147	99.038	208	2	0	1	208	1	208	6.44e-151	412
6_290	5_104	25.654	191	131	5	18	201	28	214	4.62e-10	52.0
6_291	5_308	100.000	256	0	0	1	256	1	256	0.0	510
6_292	5_20	99.654	289	1	0	1	289	1	289	0.0	554
6_293	5_312	100.000	145	0	0	1	145	1	145	1.90e-102	284
6_294	5_313	100.000	270	0	0	1	270	1	270	0.0	546
6_295	5_314	100.000	720	0	0	1	720	1	720	0.0	1484
6_296	5_284	99.737	380	1	0	1	380	1	380	0.0	773
6_297	5_321	98.969	194	2	0	1	194	1	194	7.82e-143	390
6_297	5_67	38.509	161	94	3	4	160	3	162	6.21e-28	99.4
6_298	5_304	99.128	344	3	0	1	344	1	344	0.0	676
6_298	5_14	24.308	325	166	12	64	333	46	345	8.84e-06	41.2
6_299	5_306	99.796	490	1	0	1	490	1	490	0.0	959
6_300	5_480	99.629	539	2	0	1	539	1	539	0.0	1046
6_300	5_545	39.614	207	122	3	328	533	4	208	1.74e-36	130
6_300	5_481	38.914	221	127	7	322	538	320	536	5.38e-30	118
6_300	5_267	35.204	196	109	5	348	531	16	205	5.14e-19	82.0
6_300	5_300	29.717	212	130	8	336	539	1	201	3.90e-15	72.8
6_300	5_486	30.412	194	125	6	336	525	1	188	2.92e-13	66.6
6_300	5_299	26.415	212	137	7	336	539	1	201	5.49e-12	62.8
6_300	5_111	31.138	167	94	7	369	522	502	660	6.81e-10	55.8
6_300	5_186	31.522	184	108	8	354	528	24	198	4.11e-09	52.0
6_300	5_268	23.853	218	133	6	336	525	1	213	7.19e-09	52.4
6_300	5_80	31.694	183	103	8	355	522	26	201	2.69e-08	50.4
6_300	5_283	25.510	196	125	7	351	532	79	267	7.56e-08	48.5
6_300	5_368	38.983	59	33	1	467	522	618	676	6.04e-07	46.6
6_300	5_290	27.778	90	61	2	452	538	493	581	1.30e-06	45.4
6_300	5_367	29.612	206	115	11	351	532	29	228	3.81e-06	43.5
6_300	5_485	29.412	85	52	2	441	522	172	251	4.89e-06	43.1
6_300	5_240	30.769	78	53	1	327	404	1	77	8.06e-06	42.7
6_300	5_240	35.294	68	41	1	464	528	229	296	6.53e-05	39.7
6_300	5_286	26.699	206	131	7	336	523	9	212	4.10e-05	39.7
6_300	5_499	31.915	47	32	0	351	397	4	50	4.80e-05	36.6
6_300	5_140	38.983	59	33	1	467	522	281	339	5.63e-05	40.0
6_301	5_318	100.000	65	0	0	1	65	1	65	5.06e-45	133
6_302	5_469	45.263	95	45	3	1	95	16	103	1.79e-17	70.5
6_303	5_246	99.805	512	1	0	1	512	1	512	0.0	1016
6_303	5_80	30.273	512	328	14	11	511	12	505	8.76e-54	184
6_303	5_486	23.938	259	169	9	6	263	1	232	1.41e-14	70.9
6_303	5_486	23.301	206	140	4	282	487	16	203	1.60e-06	45.1
6_303	5_283	25.108	231	157	8	6	228	60	282	5.86e-14	67.4
6_303	5_283	30.263	76	53	0	412	487	199	274	1.88e-04	37.7
6_303	5_299	25.592	211	143	5	6	215	1	198	7.91e-14	68.6
6_303	5_299	26.020	196	127	5	277	472	11	188	2.82e-10	57.0
6_303	5_186	25.676	222	145	6	6	221	5	212	9.56e-14	65.5
6_303	5_186	25.446	224	142	7	283	501	22	225	6.78e-09	51.2
6_303	5_300	25.688	218	140	7	20	235	15	212	2.45e-13	66.6
6_303	5_300	27.753	227	134	7	282	505	16	215	7.02e-13	65.5
6_303	5_37	24.576	236	141	7	13	223	14	237	3.59e-12	61.6
6_303	5_37	27.928	222	131	9	286	489	26	236	6.03e-12	61.2
6_303	5_267	27.273	220	125	10	21	225	19	218	4.14e-12	61.2
6_303	5_267	25.541	231	157	8	264	492	1	218	7.18e-06	42.0
6_303	5_545	29.954	217	111	7	5	206	11	201	1.33e-11	58.9
6_303	5_286	24.464	233	160	7	22	245	27	252	1.50e-11	59.3
6_303	5_286	21.875	224	167	5	267	487	12	230	9.79e-08	47.8
6_303	5_240	30.147	136	88	4	112	244	202	333	7.74e-11	58.5
6_303	5_240	28.431	102	68	3	6	107	10	106	3.47e-08	50.1
6_303	5_240	25.287	87	64	1	404	489	224	310	4.42e-05	40.0
6_303	5_140	36.634	101	54	3	129	223	264	360	8.89e-11	58.2
6_303	5_140	35.443	79	50	1	412	489	281	359	3.92e-07	46.6
6_303	5_140	41.071	56	29	1	6	57	43	98	6.19e-06	42.7
6_303	5_290	34.409	93	54	2	402	490	498	587	1.54e-10	57.8
6_303	5_290	29.213	89	58	2	133	220	500	584	8.52e-08	49.3
6_303	5_290	29.348	92	54	4	16	104	48	131	7.61e-07	46.2
6_303	5_214	25.424	236	134	10	22	230	143	363	1.26e-09	54.7
6_303	5_214	25.296	253	145	8	262	487	118	353	4.88e-08	49.7
6_303	5_485	23.048	269	154	9	29	246	30	296	9.37e-09	51.6
6_303	5_485	32.609	92	57	2	399	489	184	271	9.92e-07	45.4
6_303	5_368	30.097	103	62	3	129	225	601	699	4.64e-08	50.1
6_303	5_368	27.723	101	72	1	410	509	616	716	1.42e-05	42.0
6_303	5_268	24.599	187	125	4	6	176	1	187	4.82e-07	46.6
6_303	5_367	26.267	217	134	9	32	230	40	248	5.00e-06	43.1
6_303	5_367	33.333	81	53	1	410	489	160	240	6.10e-05	39.7
6_303	5_111	22.353	170	119	4	37	202	500	660	2.83e-05	40.8
6_303	5_499	41.176	34	20	0	22	55	5	38	9.59e-05	35.8
6_303	5_481	26.230	183	118	8	37	215	365	534	6.59e-04	36.6
6_303	5_346	27.184	103	72	1	373	472	795	897	7.08e-04	36.6
6_303	5_480	23.037	191	123	6	22	205	352	525	8.78e-04	36.2
6_305	5_324	100.000	121	0	0	1	121	1	121	7.29e-88	246
6_306	5_137	99.638	276	1	0	1	276	1	276	0.0	565
6_306	5_433	26.792	265	164	10	5	249	21	275	2.45e-13	63.5
6_306	5_224	23.897	272	196	8	2	272	4	265	8.68e-12	58.5
6_306	5_41	23.704	270	160	9	1	248	1	246	8.76e-06	40.4
6_306	5_376	27.397	73	51	1	2	72	7	79	4.74e-05	38.5
6_306	5_396	25.877	228	143	10	7	224	8	219	7.15e-04	35.0
6_307	5_440	99.710	690	2	0	1	690	1	690	0.0	1369
6_308	5_490	99.509	1018	5	0	1	1018	1	1018	0.0	1972
6_308	5_351	27.188	1074	663	33	6	1000	1	1034	3.82e-79	275
6_308	5_473	32.867	286	182	5	11	289	3	285	1.37e-34	137
6_308	5_473	30.928	291	137	10	545	783	737	1015	1.92e-23	101
6_308	5_473	32.231	121	72	5	361	474	477	594	1.83e-05	43.1
6_308	5_515	26.667	240	154	8	18	255	34	253	1.49e-09	56.2
6_308	5_510	20.980	796	485	29	11	699	2	760	6.11e-09	54.7
6_308	5_349	25.112	446	278	14	14	436	18	430	1.64e-07	49.7
6_309	5_79	99.457	184	1	0	1	184	1	184	6.04e-136	372
6_310	5_90	98.851	87	1	0	1	87	1	87	9.58e-62	177
6_311	5_330	100.000	197	0	0	1	197	1	197	2.24e-134	369
6_312	5_331	100.000	641	0	0	1	641	1	641	0.0	1287
6_312	5_47	44.131	639	334	9	3	626	5	635	6.73e-168	489
6_313	5_408	100.000	321	0	0	1	321	1	321	0.0	642
6_313	5_543	41.379	58	30	1	8	65	13	66	1.34e-07	47.4
6_314	5_413	100.000	99	0	0	1	99	1	99	5.99e-69	196
6_315	5_435	100.000	615	0	0	1	615	1	615	0.0	1266
6_316	5_441	100.000	317	0	0	1	317	1	317	0.0	643
6_317	5_445	100.000	225	0	0	1	225	1	225	2.64e-163	445
6_318	5_335	99.408	507	3	0	1	507	1	507	0.0	1008
6_318	5_320	43.385	325	173	6	125	444	105	423	2.42e-74	239
6_318	5_161	27.027	370	259	7	58	421	44	408	1.42e-26	107
6_318	5_190	24.291	247	181	5	37	278	15	260	7.71e-08	48.9
6_319	5_161	99.788	471	1	0	1	471	1	471	0.0	951
6_319	5_190	37.168	452	279	4	7	456	2	450	4.13e-104	313
6_319	5_335	26.757	370	260	7	44	408	58	421	1.23e-25	103
6_319	5_320	24.201	219	162	3	131	348	125	340	6.21e-08	49.3
6_320	5_336	99.379	161	1	0	1	161	1	161	1.04e-117	324
6_321	5_337	99.672	305	1	0	1	305	1	305	0.0	603
6_322	5_338	99.773	440	1	0	1	440	1	440	0.0	875
6_322	5_6	36.269	193	110	4	101	283	125	314	2.37e-26	103
6_323	5_255	99.855	691	1	0	1	691	1	691	0.0	1389
6_324	5_342	99.495	1584	8	0	1	1584	1	1584	0.0	3123
6_324	5_451	26.791	321	181	13	919	1223	624	906	6.22e-14	71.6
6_324	5_451	37.383	107	59	3	281	385	296	396	9.91e-06	44.7
6_325	5_165	99.559	227	1	0	1	227	1	227	2.50e-169	460
6_326	5_344	99.399	999	6	0	1	999	1	999	0.0	2009
6_327	5_345	99.580	238	1	0	1	238	1	238	5.64e-172	468
6_328	5_43	99.269	821	6	0	1	821	1	821	0.0	1653
6_328	5_460	22.179	514	380	10	10	510	6	512	7.86e-32	126
6_329	5_347	81.312	503	48	6	1	482	1	478	0.0	727
6_330	5_45	99.408	169	1	0	1	169	1	169	1.48e-120	332
6_331	5_349	99.448	1086	6	0	1	1086	1	1086	0.0	2124
6_331	5_351	24.889	450	276	16	23	431	12	440	7.39e-09	54.3
6_331	5_490	24.947	469	294	15	18	451	14	459	7.37e-08	50.8
6_331	5_473	23.077	221	145	5	31	226	14	234	7.33e-05	41.2
6_331	5_515	26.667	255	162	9	25	260	29	277	8.93e-05	40.8
6_331	5_510	22.707	458	302	16	16	430	5	453	2.22e-04	39.7
6_332	5_229	99.855	692	1	0	1	692	1	692	0.0	1370
6_333	5_238	99.296	142	1	0	1	142	1	142	5.78e-98	273
6_334	5_507	97.599	1083	14	2	1	1072	1	1082	0.0	2116
6_334	5_489	29.037	706	446	15	1	696	1	661	1.23e-71	246
6_334	5_472	29.947	374	210	11	5	335	7	371	2.74e-30	124
6_334	5_472	24.694	409	216	19	445	778	584	975	4.13e-09	55.1
6_334	5_509	29.677	155	101	3	13	161	10	162	4.36e-13	68.2
6_334	5_493	26.941	219	124	7	17	201	9	225	5.59e-08	51.2
6_335	5_351	96.527	1094	14	3	1	1080	1	1084	0.0	2058
6_335	5_490	27.333	1061	649	33	1	1014	6	991	1.22e-82	285
6_335	5_473	28.680	394	227	7	4	351	1	386	1.99e-43	166
6_335	5_473	26.599	297	175	10	521	777	720	1013	1.68e-14	72.8
6_335	5_473	35.088	114	70	4	357	468	472	583	4.15e-10	58.2
6_335	5_510	24.593	553	308	20	6	496	4	509	9.08e-14	70.5
6_335	5_515	24.010	404	243	14	15	394	31	394	7.02e-13	67.4
6_335	5_349	24.222	450	279	15	12	440	23	431	4.43e-08	51.6
6_336	5_239	99.809	524	1	0	1	524	1	524	0.0	1018
6_336	5_400	24.915	293	190	10	9	294	4	273	1.83e-13	67.0
6_337	5_50	99.733	374	1	0	1	374	1	374	0.0	772
6_338	5_352	99.273	1376	6	1	1	1372	1	1376	0.0	2679
6_338	5_360	68.103	1392	411	7	1	1372	1	1379	0.0	1835
6_339	5_353	93.293	328	22	0	55	382	28	355	0.0	566
6_340	5_353	54.545	209	92	2	3	211	149	354	1.10e-56	178
6_342	5_55	99.281	278	2	0	1	278	1	278	0.0	537
6_342	5_273	27.350	117	73	3	110	226	48	152	1.51e-06	42.7
6_342	5_273	30.894	123	73	4	121	243	35	145	2.76e-05	38.9
6_343	5_356	99.524	1470	7	0	1	1470	1	1470	0.0	2964
6_343	5_447	22.222	720	356	26	789	1426	188	785	1.73e-17	82.8
6_344	5_357	97.248	109	3	0	1	109	1	109	7.95e-73	207
6_344	5_151	32.812	64	42	1	38	100	79	142	1.48e-05	36.6
6_345	5_244	99.883	856	1	0	1	856	1	856	0.0	1718
6_345	5_466	31.535	593	378	12	166	746	1	577	4.38e-77	260
6_345	5_466	25.000	132	88	5	727	854	461	585	3.75e-04	38.5
6_345	5_538	58.036	112	47	0	56	167	12	123	9.98e-44	149
6_346	5_358	98.276	232	4	0	1	232	1	232	1.36e-161	441
6_347	5_62	99.885	872	1	0	1	872	1	872	0.0	1763
6_348	5_359	99.495	1982	10	0	1	1982	1	1982	0.0	3853
6_348	5_541	30.460	870	556	19	45	884	8	858	7.24e-94	322
6_348	5_514	32.087	508	286	15	60	526	37	526	2.72e-54	196
6_349	5_360	99.134	1386	6	1	1	1386	1	1380	0.0	2711
6_349	5_352	67.888	1392	424	6	1	1385	1	1376	0.0	1813
6_350	5_293	99.671	607	2	0	1	607	1	607	0.0	1217
6_351	5_245	99.327	297	2	0	1	297	1	297	0.0	596
6_352	5_361	99.024	205	2	0	1	205	1	205	1.32e-143	393
6_353	5_362	99.760	416	1	0	1	416	1	416	0.0	796
6_354	5_247	99.761	419	1	0	1	419	1	419	0.0	847
6_355	5_364	99.509	611	3	0	1	611	1	611	0.0	1221
6_355	5_544	29.483	329	224	5	285	609	15	339	1.08e-45	159
6_355	5_526	31.343	134	90	1	167	300	4	135	1.41e-16	71.6
6_355	5_236	24.566	346	194	13	155	482	2	298	3.00e-08	50.1
6_355	5_171	26.351	148	100	5	335	477	159	302	1.23e-04	39.3
6_356	5_365	99.346	306	2	0	1	306	1	306	0.0	605
6_357	5_319	99.574	939	4	0	1	939	1	939	0.0	1897
6_358	5_368	99.484	775	4	0	1	775	1	775	0.0	1523
6_358	5_140	37.349	249	138	4	530	775	204	437	1.05e-42	155
6_358	5_140	39.175	97	55	2	22	115	61	156	1.67e-12	64.7
6_358	5_214	45.536	112	61	0	614	725	273	384	5.96e-30	118
6_358	5_214	31.250	96	61	2	33	123	152	247	6.73e-07	47.0
6_358	5_367	36.646	161	82	3	570	722	118	266	2.02e-24	100
6_358	5_240	32.117	137	92	1	584	720	199	334	4.70e-20	88.2
6_358	5_290	26.761	142	97	3	584	725	480	614	2.45e-17	80.9
6_358	5_290	28.049	164	100	5	12	158	42	204	2.24e-07	48.5
6_358	5_37	39.091	110	66	1	599	708	140	248	2.57e-16	75.1
6_358	5_485	37.363	91	57	0	619	709	194	284	2.87e-15	72.8
6_358	5_267	36.275	102	64	1	607	708	127	227	7.13e-15	70.1
6_358	5_267	33.333	75	43	3	27	100	23	91	7.54e-04	36.6
6_358	5_286	30.508	118	73	2	597	706	134	250	1.59e-13	65.9
6_358	5_283	31.000	100	68	1	607	706	188	286	3.72e-13	65.5
6_358	5_186	32.258	93	62	1	615	707	133	224	1.98e-11	59.3
6_358	5_186	40.426	47	28	0	23	69	21	67	6.28e-07	45.8
6_358	5_300	34.940	83	52	1	616	698	127	207	6.41e-09	53.5
6_358	5_246	30.097	103	62	3	601	699	129	225	7.20e-08	50.1
6_358	5_246	27.723	101	72	1	616	716	410	509	2.15e-05	42.0
6_358	5_486	30.476	105	65	2	618	722	129	225	5.63e-07	47.4
6_358	5_480	38.983	59	33	1	618	676	467	522	6.94e-07	47.0
6_358	5_299	27.957	93	65	1	597	689	108	198	7.06e-07	47.0
6_358	5_80	25.532	94	63	2	609	699	398	487	8.11e-06	43.5
6_358	5_481	36.508	63	34	2	38	96	364	424	1.05e-04	39.7
6_358	5_346	33.333	102	63	3	601	700	476	574	1.37e-04	39.7
6_358	5_545	36.765	68	39	2	612	679	137	200	7.07e-04	36.2
6_358	5_268	28.169	71	47	1	619	689	449	515	0.001	36.6
6_359	5_369	99.323	443	3	0	1	443	1	443	0.0	881
6_360	5_370	99.439	1425	8	0	1	1425	1	1425	0.0	2858
6_361	5_371	99.016	305	3	0	1	305	1	305	0.0	607
6_362	5_189	99.134	231	2	0	1	231	1	231	3.93e-160	437
6_363	5_374	99.620	527	2	0	1	527	1	527	0.0	1021
6_364	5_375	99.325	741	5	0	1	741	1	741	0.0	1486
6_365	5_320	99.609	511	2	0	1	511	1	511	0.0	1043
6_365	5_335	43.077	325	174	6	105	423	125	444	5.38e-74	238
6_365	5_161	22.712	295	216	6	49	340	63	348	4.71e-08	49.7
6_365	5_190	22.819	298	203	11	116	400	119	402	3.99e-06	43.5
6_366	5_251	99.593	246	1	0	1	246	1	246	0.0	497
6_367	5_379	98.684	304	4	0	1	304	1	304	0.0	587
6_367	5_414	21.908	283	199	6	31	300	36	309	9.40e-13	62.4
6_368	5_380	99.149	705	6	0	1	705	1	705	0.0	1374
6_369	5_381	97.214	323	3	1	1	317	1	323	0.0	621
6_370	5_382	98.507	201	3	0	1	201	1	201	2.03e-147	402
6_371	5_383	99.819	553	1	0	1	553	1	553	0.0	1134
6_371	5_384	66.242	471	136	6	80	533	191	655	0.0	605
6_371	5_384	42.500	120	41	6	4	111	1	104	4.90e-14	69.3
6_371	5_528	39.794	485	270	6	44	513	134	611	7.54e-108	330
6_371	5_398	35.110	544	278	22	18	512	17	534	2.25e-74	241
6_371	5_399	32.545	550	296	17	18	514	17	544	4.73e-74	240
6_371	5_309	30.496	423	234	11	144	519	131	540	6.82e-44	159
6_372	5_384	97.583	662	14	1	1	660	1	662	0.0	1302
6_372	5_383	65.812	468	137	6	192	653	83	533	0.0	598
6_372	5_383	42.500	120	41	6	1	104	4	111	6.15e-14	69.3
6_372	5_528	43.794	427	221	5	209	633	202	611	2.15e-107	333
6_372	5_398	37.430	537	274	19	126	632	30	534	1.24e-80	260
6_372	5_399	34.989	463	244	11	204	634	107	544	4.01e-73	240
6_372	5_309	31.020	461	254	11	214	632	95	533	4.21e-51	181
6_373	5_512	94.486	2811	144	8	1	2806	1	2805	0.0	5249
6_373	5_386	90.528	739	61	6	2831	3563	1	736	0.0	1292
6_373	5_387	26.549	226	135	7	2640	2851	2830	3038	7.42e-06	46.6
6_373	5_387	24.335	263	144	12	496	739	346	572	3.55e-05	44.3
6_374	5_387	94.141	3772	197	9	1	3757	1	3763	0.0	6955
6_374	5_512	24.715	263	143	12	346	572	496	739	2.88e-05	44.7
6_375	5_388	99.134	231	2	0	1	231	1	231	1.97e-169	461
6_376	5_389	99.667	300	1	0	1	300	1	300	0.0	603
6_376	5_4	32.331	266	149	14	25	283	23	264	6.82e-24	93.6
6_376	5_278	33.088	136	64	8	16	150	4	113	8.69e-06	40.8
6_377	5_390	99.310	145	1	0	1	145	1	145	1.26e-104	290
6_378	5_291	99.740	385	1	0	1	385	1	385	0.0	766
6_378	5_139	32.877	219	139	5	160	377	106	317	2.10e-21	88.6
6_378	5_427	24.000	225	145	7	175	384	151	364	4.82e-04	36.2
6_379	5_418	99.754	407	1	0	1	407	5	411	0.0	812
6_380	5_106	99.462	186	1	0	1	186	1	186	4.30e-136	373
6_380	5_415	26.772	127	68	4	46	151	81	203	2.40e-04	35.0
6_381	5_107	83.099	213	3	1	1	180	1	213	6.96e-122	338
6_382	5_108	99.659	293	1	0	1	293	1	293	0.0	584
6_382	5_166	29.530	149	90	6	9	152	5	143	1.53e-09	52.8
6_382	5_166	35.593	59	38	0	9	67	173	231	2.66e-06	42.7
6_382	5_138	37.705	61	35	1	5	65	218	275	4.17e-05	38.9
6_382	5_385	39.344	61	33	3	10	69	19	76	2.59e-04	35.8
6_382	5_506	29.524	105	66	3	9	110	113	212	3.95e-04	35.8
6_383	5_118	99.600	250	1	0	1	250	1	250	0.0	509
6_383	5_470	27.451	204	135	5	3	203	121	314	1.37e-15	69.7
6_384	5_419	99.154	473	4	0	1	473	1	473	0.0	918
6_385	5_421	97.683	259	6	0	1	259	1	259	0.0	509
6_386	5_127	99.422	173	1	0	1	173	1	173	6.93e-125	343
6_387	5_130	99.387	163	1	0	1	163	1	163	8.57e-116	320
6_388	5_325	99.434	883	5	0	1	883	1	883	0.0	1776
6_389	5_424	99.577	709	3	0	1	709	1	709	0.0	1420
6_390	5_136	99.591	489	2	0	1	489	1	489	0.0	981
6_390	5_28	27.500	160	109	3	145	300	110	266	7.11e-12	62.0
6_390	5_28	46.809	47	22	1	439	482	489	535	5.26e-08	49.7
6_390	5_410	23.176	466	288	19	51	483	14	442	1.41e-10	57.4
6_391	5_140	99.774	443	1	0	1	443	1	443	0.0	888
6_391	5_368	37.751	249	137	4	204	437	530	775	1.23e-43	157
6_391	5_368	40.206	97	54	2	61	156	22	115	2.37e-13	66.6
6_391	5_214	45.082	122	66	1	273	394	269	389	1.42e-28	112
6_391	5_214	36.111	108	52	4	59	156	139	239	4.42e-12	62.0
6_391	5_240	27.041	392	247	11	43	417	10	379	7.30e-24	97.8
6_391	5_367	37.500	136	83	1	252	385	131	266	1.32e-23	95.9
6_391	5_367	29.630	135	70	5	32	157	7	125	5.74e-09	52.0
6_391	5_290	38.298	94	57	1	274	366	501	594	5.30e-17	77.8
6_391	5_290	30.469	128	74	3	38	165	33	145	9.14e-11	58.2
6_391	5_286	34.711	121	77	2	251	371	126	244	5.05e-16	72.4
6_391	5_37	36.719	128	73	3	261	386	139	260	1.96e-15	71.2
6_391	5_485	33.333	90	60	0	282	371	194	283	8.41e-15	70.1
6_391	5_283	42.857	84	47	1	276	359	194	276	1.05e-14	69.3
6_391	5_283	32.407	108	68	2	42	147	59	163	2.75e-07	46.6
6_391	5_186	32.353	102	68	1	278	379	133	233	3.57e-12	60.5
6_391	5_186	31.915	47	32	0	63	109	22	68	7.96e-04	35.4
6_391	5_267	32.500	120	77	3	244	363	104	219	3.69e-12	61.2
6_391	5_246	36.634	101	54	3	264	360	129	223	7.23e-11	58.2
6_391	5_246	35.443	79	50	1	281	359	412	489	3.76e-07	46.6
6_391	5_246	41.071	56	29	1	43	98	6	57	2.58e-06	43.9
6_391	5_300	32.692	104	64	3	267	367	115	215	3.94e-08	49.7
6_391	5_299	25.191	131	91	3	223	351	72	197	7.28e-08	48.9
6_391	5_486	29.600	125	78	5	267	390	115	230	2.35e-07	47.4
6_391	5_499	37.333	75	44	1	61	135	3	74	1.06e-05	38.5
6_391	5_80	25.954	131	94	2	229	359	357	484	1.07e-05	42.0
6_391	5_80	33.333	45	30	0	64	108	24	68	5.62e-04	36.6
6_391	5_545	28.689	122	83	1	37	158	6	123	2.07e-05	40.0
6_391	5_480	38.983	59	33	1	281	339	467	522	4.47e-05	40.0
6_391	5_481	27.132	129	76	4	23	138	302	425	2.18e-04	37.7
6_391	5_268	34.783	46	30	0	62	107	16	61	6.62e-04	36.2
6_392	5_426	99.361	2033	13	0	1	2033	1	2033	0.0	4070
6_393	5_496	97.630	422	10	0	1	422	1	422	0.0	830
6_394	5_327	99.479	384	2	0	1	384	1	384	0.0	764
6_395	5_328	99.638	276	1	0	1	276	1	276	0.0	548
6_395	5_5	36.255	251	125	6	1	233	1	234	9.00e-32	114
6_396	5_74	99.469	377	2	0	1	377	1	377	0.0	756
6_397	5_446	98.976	293	3	0	1	293	1	293	0.0	574
6_398	5_447	99.694	981	3	0	1	981	1	981	0.0	1975
6_398	5_356	22.531	719	355	27	188	785	789	1426	5.06e-17	80.9
6_399	5_450	99.700	666	2	0	1	666	1	666	0.0	1346
6_400	5_316	99.827	579	1	0	1	579	1	579	0.0	1177
6_400	5_488	23.592	373	216	15	197	551	38	359	6.16e-04	37.0
6_401	5_271	99.694	327	1	0	1	327	1	327	0.0	659
6_402	5_77	99.187	246	2	0	1	246	1	246	1.41e-178	485
6_403	5_452	99.802	505	1	0	1	505	1	505	0.0	1028
6_404	5_216	99.649	285	1	0	1	285	1	285	0.0	555
6_405	5_453	98.918	462	5	0	1	462	1	462	0.0	920
6_406	5_272	99.758	826	2	0	1	826	1	826	0.0	1674
6_406	5_443	28.413	630	325	21	29	613	34	582	3.06e-49	178
6_406	5_498	50.943	53	26	0	381	433	31	83	5.04e-12	57.4
6_407	5_455	99.387	816	5	0	1	816	1	816	0.0	1669
6_407	5_482	28.571	616	326	23	249	802	246	809	8.68e-45	167
6_408	5_111	99.853	679	1	0	1	679	2	680	0.0	1343
6_408	5_481	28.070	285	183	6	357	633	225	495	1.10e-14	71.6
6_408	5_300	31.285	179	100	8	499	669	32	195	5.23e-10	56.6
6_408	5_480	31.138	167	94	7	501	659	369	522	5.47e-10	56.6
6_408	5_186	29.630	189	109	7	500	678	38	212	6.60e-10	54.7
6_408	5_545	27.717	184	120	5	463	641	6	181	8.58e-09	51.2
6_408	5_283	29.167	168	103	8	501	659	97	257	3.95e-08	50.1
6_408	5_299	24.479	192	131	5	490	677	23	204	2.03e-07	48.5
6_408	5_267	26.540	211	118	10	463	660	11	197	3.74e-07	46.6
6_408	5_246	22.353	170	119	4	499	659	37	202	4.65e-05	40.8
6_408	5_499	42.857	42	23	1	501	541	22	63	9.33e-05	36.2
6_408	5_486	24.510	204	131	6	468	669	13	195	9.49e-05	40.0
6_408	5_286	28.814	177	108	5	497	659	40	212	3.43e-04	37.4
6_408	5_485	45.588	68	27	4	465	524	4	69	4.89e-04	37.4
6_408	5_268	25.126	199	105	10	499	666	32	217	5.49e-04	37.4
6_409	5_41	99.257	269	2	0	1	269	1	269	0.0	534
6_409	5_396	25.000	284	152	12	4	258	3	254	9.29e-07	43.9
6_409	5_137	24.074	270	159	9	1	246	1	248	1.49e-06	42.7
6_409	5_224	32.203	59	40	0	188	246	183	241	1.08e-04	37.4
6_409	5_376	32.877	73	43	1	180	246	186	258	1.65e-04	36.6
6_409	5_433	25.000	272	166	12	1	246	15	274	0.001	34.3
6_410	5_491	99.861	719	1	0	1	719	1	719	0.0	1429
6_411	5_39	99.558	226	1	0	1	226	1	226	1.46e-170	463
6_412	5_489	98.793	663	8	0	1	663	1	663	0.0	1290
6_412	5_507	29.094	1093	659	32	17	1018	13	1080	1.23e-108	358
6_412	5_472	31.855	248	152	8	13	248	10	252	2.07e-23	101
6_412	5_472	25.941	239	152	10	512	733	740	970	3.01e-04	38.9
6_412	5_509	26.923	156	100	7	12	159	7	156	3.21e-07	48.9
6_413	5_442	98.852	871	10	0	1	871	1	871	0.0	1694
6_414	5_33	99.457	184	1	0	1	184	1	184	2.31e-134	368
6_415	5_266	99.624	266	1	0	1	266	1	266	0.0	525
6_415	5_99	37.143	105	61	3	22	121	37	141	3.76e-14	65.5
6_416	5_30	99.435	177	1	0	1	177	1	177	2.79e-129	355
6_417	5_28	99.824	567	1	0	1	567	1	567	0.0	1144
6_417	5_410	28.163	245	158	8	14	247	18	255	1.18e-12	64.3
6_417	5_410	46.154	39	21	0	503	541	409	447	1.39e-05	42.0
6_417	5_136	27.338	139	98	2	110	245	145	283	2.75e-10	57.0
6_417	5_136	46.809	47	22	1	489	535	439	482	4.27e-08	50.1
6_418	5_27	99.299	428	3	0	1	428	1	428	0.0	850
6_419	5_436	99.769	865	2	0	1	865	1	865	0.0	1710
6_420	5_310	98.936	188	2	0	1	188	1	188	6.35e-138	377
6_421	5_24	99.755	408	1	0	1	408	1	408	0.0	823
6_422	5_434	99.249	666	5	0	1	666	1	666	0.0	1335
6_422	5_483	64.198	81	29	0	232	312	200	280	1.72e-25	106
6_423	5_432	98.750	240	3	0	1	240	1	240	0.0	498
6_424	5_431	99.027	514	5	0	1	514	1	514	0.0	1033
6_424	5_465	25.828	151	101	3	2	141	50	200	2.05e-09	54.3
6_424	5_465	34.426	61	35	2	294	349	574	634	2.68e-05	41.2
6_424	5_474	34.444	90	58	1	3	91	29	118	2.82e-08	50.8
6_424	5_474	33.000	100	59	3	264	355	513	612	1.01e-07	48.9
6_424	5_457	23.560	191	114	4	3	161	32	222	2.73e-07	47.8
6_425	5_430	99.574	469	2	0	1	469	1	469	0.0	933
6_426	5_429	98.969	194	2	0	1	194	1	194	8.57e-141	385
6_427	5_406	76.753	813	176	7	1	809	1	804	0.0	1237
6_427	5_428	95.318	598	23	1	218	810	1	598	0.0	1118
6_427	5_468	45.599	818	389	16	1	794	1	786	0.0	610
6_427	5_497	100.000	216	0	0	1	216	1	216	8.86e-151	435
6_427	5_405	71.667	60	17	0	8	67	3	62	6.01e-24	90.9
6_428	5_274	99.786	467	1	0	1	467	1	467	0.0	952
6_429	5_102	99.169	361	3	0	1	361	1	361	0.0	729
6_430	5_414	99.365	315	2	0	1	315	1	315	0.0	624
6_430	5_379	22.266	256	179	5	61	309	58	300	2.17e-12	61.2
6_431	5_100	99.729	369	1	0	1	369	1	369	0.0	742
6_432	5_227	99.543	219	1	0	1	219	1	219	2.38e-159	434
6_433	5_207	99.537	216	1	0	1	216	1	216	1.90e-156	427
6_434	5_411	99.522	418	2	0	1	418	1	418	0.0	849
6_435	5_410	99.332	449	3	0	1	449	1	449	0.0	920
6_435	5_28	28.163	245	158	8	18	255	14	247	1.05e-12	64.3
6_435	5_28	46.154	39	21	0	409	447	503	541	1.11e-05	42.0
6_435	5_136	23.176	466	288	19	14	442	51	483	1.96e-09	53.9
6_436	5_409	99.579	475	2	0	1	475	1	475	0.0	918
6_437	5_407	99.522	627	3	0	1	627	1	627	0.0	1242
6_439	5_456	99.231	520	4	0	1	520	1	520	0.0	1007
6_440	5_260	99.687	639	1	1	1	639	1	638	0.0	1243
6_441	5_457	99.635	823	3	0	1	823	1	823	0.0	1652
6_441	5_465	24.291	741	451	18	18	668	34	754	7.99e-49	181
6_441	5_474	22.781	338	192	11	393	679	398	717	1.18e-13	68.9
6_441	5_474	27.174	184	113	4	6	186	3	168	7.65e-09	53.5
6_441	5_431	24.084	191	113	4	32	222	3	161	1.10e-07	49.7
6_442	5_458	99.617	783	3	0	1	783	1	783	0.0	1559
6_443	5_223	99.107	112	1	0	1	112	1	112	3.24e-77	218
6_444	5_459	99.352	463	3	0	1	463	1	463	0.0	919
6_445	5_10	99.677	619	2	0	1	619	1	619	0.0	1245
6_446	5_191	99.702	336	0	1	1	336	1	335	0.0	672
6_446	5_8	41.538	325	178	6	7	326	7	324	7.37e-73	223
6_446	5_219	27.324	355	206	17	9	327	325	663	9.19e-14	66.6
6_447	5_6	99.700	333	1	0	1	333	1	333	0.0	662
6_447	5_338	34.375	192	115	3	125	314	101	283	5.14e-25	99.4
6_448	5_460	99.554	673	3	0	1	673	1	673	0.0	1343
6_448	5_43	22.437	517	375	10	6	512	10	510	1.36e-31	125
6_449	5_461	98.805	251	3	0	1	251	1	251	3.35e-179	487
6_450	5_462	99.438	534	3	0	1	534	1	534	0.0	1054
6_451	5_150	99.544	439	2	0	1	439	1	439	0.0	872
6_452	5_463	98.871	443	5	0	1	443	1	443	0.0	865
6_453	5_464	98.513	269	4	0	65	333	1	269	0.0	525
6_454	5_151	98.667	150	2	0	1	150	1	150	9.64e-104	288
6_454	5_357	36.842	76	47	1	67	142	26	100	1.00e-10	50.8
6_455	5_465	99.661	886	3	0	1	886	1	886	0.0	1798
6_455	5_457	24.212	698	427	16	34	711	18	633	2.87e-47	176
6_455	5_474	22.647	340	206	10	440	753	393	701	4.95e-14	70.5
6_455	5_474	23.563	174	120	3	27	199	8	169	7.17e-09	53.9
6_455	5_431	26.490	151	100	3	50	200	2	141	3.03e-09	54.7
6_455	5_431	34.426	61	35	2	574	634	294	349	4.32e-05	41.2
6_456	5_481	31.836	512	323	9	31	526	35	536	1.03e-55	190
6_456	5_480	31.604	212	135	3	321	526	331	538	1.11e-30	120
6_456	5_545	35.922	206	121	5	322	521	8	208	5.89e-24	95.1
6_456	5_267	32.353	204	117	11	327	514	2	200	7.75e-13	63.5
6_456	5_299	30.882	204	134	4	327	527	2	201	2.36e-11	60.8
6_456	5_111	32.184	174	95	8	352	510	495	660	9.43e-11	58.5
6_456	5_486	29.167	216	128	8	327	530	2	204	6.41e-09	52.8
6_456	5_300	29.167	216	137	9	327	534	2	209	3.42e-08	50.4
6_456	5_283	29.570	186	108	8	341	510	79	257	1.84e-07	47.4
6_456	5_268	35.185	54	35	0	335	388	10	63	8.93e-06	42.7
6_456	5_186	26.374	182	119	7	342	514	22	197	1.62e-05	40.8
6_456	5_240	32.787	61	41	0	327	387	11	71	4.82e-05	40.0
6_456	5_290	25.301	83	59	1	324	406	36	115	3.06e-04	37.7
6_456	5_80	25.532	188	118	5	346	517	27	208	6.46e-04	36.6
6_456	5_499	31.169	77	46	2	341	415	4	75	8.90e-04	33.1
6_457	5_473	97.705	1220	21	2	1	1220	1	1213	0.0	2368
6_457	5_351	31.988	322	208	5	1	314	4	322	3.58e-43	166
6_457	5_351	26.923	286	167	8	726	1008	521	767	2.56e-16	79.0
6_457	5_351	37.069	116	65	5	472	583	357	468	2.67e-10	59.3
6_457	5_490	33.217	286	181	5	3	285	11	289	3.84e-35	139
6_457	5_490	31.724	290	137	11	743	1022	545	783	5.00e-23	100
6_457	5_490	32.231	121	72	5	477	594	361	474	1.88e-05	43.1
6_457	5_515	24.498	249	164	5	6	249	25	254	2.42e-14	72.4
6_457	5_510	26.556	241	150	8	1	234	1	221	5.58e-11	61.6
6_457	5_510	27.778	144	84	6	974	1108	850	982	9.00e-05	41.2
6_457	5_349	22.624	221	146	6	14	234	31	226	6.50e-05	41.6
6_458	5_472	98.301	1177	16	2	1	1177	1	1173	0.0	2313
6_458	5_507	32.955	264	155	5	7	261	5	255	9.01e-30	122
6_458	5_507	25.123	406	213	19	584	973	445	775	2.08e-12	65.9
6_458	5_489	32.661	248	150	8	10	252	13	248	1.84e-24	104
6_458	5_509	28.931	159	100	4	6	161	2	150	7.03e-11	61.2
6_458	5_493	22.680	388	252	14	7	383	2	352	2.58e-05	42.7
6_458	5_350	39.474	38	23	0	281	318	260	297	4.18e-04	38.9
6_459	5_471	99.597	496	2	0	1	496	1	496	0.0	971
6_459	5_511	28.000	400	244	15	122	489	180	567	3.22e-23	97.4
6_460	5_470	99.419	344	2	0	1	344	1	344	0.0	701
6_460	5_118	27.451	204	135	5	121	314	3	203	3.06e-15	69.3
6_461	5_299	99.870	772	1	0	1	772	1	772	0.0	1504
6_461	5_300	48.402	438	198	9	1	416	1	432	8.66e-108	338
6_461	5_300	45.736	129	70	0	644	772	518	646	8.84e-23	97.8
6_461	5_486	30.693	808	478	19	1	772	1	762	6.27e-87	286
6_461	5_283	29.442	197	127	5	16	202	79	273	5.59e-19	83.2
6_461	5_80	32.673	202	122	5	6	195	12	211	1.41e-15	74.7
6_461	5_246	25.592	211	143	5	1	198	6	215	1.29e-13	68.6
6_461	5_246	26.531	196	126	5	11	188	277	472	1.45e-10	58.5
6_461	5_37	25.000	208	129	5	17	198	23	229	1.31e-13	67.0
6_461	5_480	26.415	212	137	7	1	201	336	539	8.36e-12	62.8
6_461	5_286	27.451	204	119	8	18	198	28	225	8.65e-12	60.8
6_461	5_481	31.373	204	111	9	13	200	346	536	2.63e-11	61.2
6_461	5_268	22.993	274	175	5	1	240	1	272	8.99e-11	59.3
6_461	5_268	24.645	211	138	8	1	201	319	518	7.93e-06	43.5
6_461	5_485	31.818	132	85	4	69	197	134	263	9.04e-10	55.8
6_461	5_485	52.778	36	17	0	21	56	27	62	4.63e-05	40.8
6_461	5_290	31.897	116	70	2	102	208	474	589	1.65e-09	55.5
6_461	5_290	32.673	101	60	2	2	97	39	136	2.69e-07	48.5
6_461	5_240	32.394	142	92	3	107	245	211	351	1.57e-08	52.0
6_461	5_240	32.955	88	57	1	7	92	16	103	1.77e-08	51.6
6_461	5_545	28.351	194	128	6	1	188	12	200	4.13e-08	49.3
6_461	5_267	23.618	199	141	6	13	202	16	212	8.85e-08	48.9
6_461	5_140	25.191	131	91	3	72	197	223	351	1.43e-07	48.9
6_461	5_111	24.479	192	131	5	23	204	491	678	2.96e-07	48.1
6_461	5_346	39.130	92	47	4	115	200	820	908	6.35e-07	47.4
6_461	5_346	34.524	84	50	3	115	193	479	562	1.45e-04	39.7
6_461	5_368	27.957	93	65	1	108	198	597	689	6.56e-07	47.0
6_461	5_186	27.174	184	109	7	19	188	24	196	2.09e-06	44.3
6_461	5_214	25.592	211	123	8	16	197	142	347	5.55e-06	43.9
6_461	5_499	29.730	74	44	2	16	81	4	77	2.72e-05	37.7
6_461	5_367	26.549	113	77	3	114	222	145	255	1.67e-04	38.9
6_462	5_300	99.846	650	1	0	1	650	1	650	0.0	1261
6_462	5_299	48.402	438	198	9	1	432	1	416	7.85e-108	338
6_462	5_299	39.344	183	105	1	470	646	590	772	7.80e-31	123
6_462	5_486	39.823	452	246	10	1	438	1	440	8.86e-90	290
6_462	5_486	29.348	184	126	2	467	646	579	762	2.81e-16	77.0
6_462	5_283	30.732	205	122	6	16	206	79	277	7.19e-20	85.5
6_462	5_480	29.717	212	130	8	1	201	336	539	3.41e-15	73.2
6_462	5_481	32.864	213	115	9	2	198	334	534	4.84e-15	72.8
6_462	5_37	28.169	213	128	6	18	205	24	236	2.30e-14	68.9
6_462	5_267	31.081	222	129	11	1	205	1	215	8.06e-14	66.6
6_462	5_246	28.194	227	133	7	16	215	282	505	1.33e-13	67.8
6_462	5_246	25.688	218	140	7	15	212	20	235	1.48e-13	67.8
6_462	5_80	29.524	210	134	5	10	205	12	221	5.34e-13	65.9
6_462	5_80	27.897	233	136	8	2	208	261	487	2.62e-09	54.3
6_462	5_268	25.641	234	141	6	1	205	1	230	2.27e-12	63.9
6_462	5_268	28.571	210	133	8	1	202	319	519	2.29e-09	54.7
6_462	5_290	34.066	91	58	1	119	207	498	588	1.53e-11	61.6
6_462	5_290	33.333	99	58	3	2	95	39	134	5.67e-07	47.0
6_462	5_186	28.814	236	143	8	4	222	8	235	5.51e-11	57.8
6_462	5_545	28.365	208	110	6	1	188	12	200	1.44e-10	56.2
6_462	5_111	31.285	179	100	8	32	195	500	670	5.27e-10	56.6
6_462	5_485	29.851	134	91	2	76	207	141	273	1.66e-09	54.7
6_462	5_485	43.636	55	31	0	2	56	8	62	1.10e-05	42.4
6_462	5_368	34.940	83	52	1	127	207	616	698	2.09e-09	54.7
6_462	5_286	26.407	231	131	10	14	214	24	245	4.63e-09	52.4
6_462	5_214	23.853	218	142	5	16	209	142	359	5.68e-09	53.1
6_462	5_240	39.535	86	46	3	126	207	229	312	1.00e-08	52.4
6_462	5_240	31.915	94	62	1	1	92	10	103	1.63e-08	51.6
6_462	5_140	32.692	104	64	3	115	215	267	367	2.60e-08	50.8
6_462	5_499	28.378	74	45	2	16	81	4	77	1.19e-05	38.5
6_462	5_367	32.941	85	55	1	127	209	160	244	1.24e-05	42.4
6_462	5_346	36.905	84	44	4	121	198	826	906	1.25e-04	39.3
6_463	5_469	98.566	558	8	0	1	558	1	558	0.0	1115
6_463	5_517	80.000	105	18	1	111	215	1	102	2.56e-53	171
6_463	5_549	40.909	286	131	12	191	447	1	277	1.28e-44	154
6_463	5_548	35.505	307	135	10	191	447	1	294	2.04e-34	126
6_464	5_468	97.022	806	23	1	1	806	1	805	0.0	1561
6_464	5_406	45.685	788	391	13	45	806	27	803	0.0	615
6_464	5_428	42.500	600	281	14	236	782	2	590	5.70e-130	395
6_464	5_497	52.340	235	91	3	1	233	1	216	3.37e-73	233
6_464	5_405	68.293	41	13	0	45	85	22	62	1.20e-14	64.3
6_465	5_301	99.796	979	2	0	1	979	1	979	0.0	1928
6_466	5_322	99.698	662	2	0	1	662	1	662	0.0	1326
6_467	5_323	99.568	463	2	0	1	463	1	463	0.0	932
6_468	5_475	99.257	404	3	0	1	404	1	404	0.0	810
6_469	5_178	99.563	229	1	0	1	229	1	229	2.71e-168	458
6_469	5_416	29.932	147	96	3	82	226	111	252	6.79e-09	49.3
6_470	5_476	99.383	324	2	0	1	324	1	324	0.0	639
6_471	5_477	99.471	946	5	0	1	946	1	946	0.0	1858
6_472	5_182	99.598	249	1	0	1	249	1	249	0.0	498
6_473	5_479	98.969	582	6	0	1	582	1	582	0.0	1171
6_474	5_481	99.627	536	2	0	1	536	1	536	0.0	1017
6_474	5_480	38.914	221	127	7	320	536	322	538	6.38e-30	117
6_474	5_545	34.928	209	124	6	328	531	7	208	2.74e-23	93.2
6_474	5_300	32.558	215	117	9	334	536	2	200	2.51e-15	73.2
6_474	5_267	30.189	212	132	8	334	534	2	208	4.34e-14	67.4
6_474	5_111	31.551	187	110	5	319	495	456	634	4.60e-14	69.3
6_474	5_299	31.373	204	111	9	346	536	13	200	2.30e-11	60.8
6_474	5_283	31.527	203	114	11	349	536	79	271	2.37e-08	50.1
6_474	5_268	44.898	49	27	0	346	394	13	61	8.82e-08	48.9
6_474	5_486	28.505	214	123	10	334	534	2	198	6.66e-07	46.2
6_474	5_186	27.273	209	130	9	336	533	8	205	2.77e-06	43.1
6_474	5_80	26.136	176	110	6	363	524	36	205	1.69e-05	41.6
6_474	5_290	33.333	66	43	1	331	396	36	100	2.52e-05	41.2
6_474	5_368	36.508	63	34	2	364	424	38	96	7.61e-05	39.7
6_474	5_485	38.000	100	46	5	327	415	1	95	1.34e-04	38.5
6_474	5_499	39.583	48	27	2	349	395	4	50	3.05e-04	34.7
6_474	5_140	27.132	129	76	4	302	425	23	138	6.39e-04	36.6
6_474	5_37	22.527	182	118	4	364	522	37	218	7.59e-04	36.2
6_474	5_246	26.230	183	118	8	365	534	37	215	8.34e-04	36.2
6_475	5_482	99.517	828	4	0	1	828	1	828	0.0	1669
6_475	5_455	28.734	616	325	23	246	809	249	802	2.11e-45	169
6_476	5_483	98.684	760	10	0	1	760	1	760	0.0	1524
6_476	5_535	30.240	334	204	9	309	640	206	512	7.12e-34	132
6_476	5_535	51.807	83	13	3	1	64	1	75	9.31e-12	62.8
6_476	5_366	28.529	333	193	12	310	628	301	602	6.71e-27	111
6_476	5_434	62.963	81	30	0	200	280	232	312	3.50e-25	105
6_477	5_397	99.382	647	4	0	1	647	1	647	0.0	1270
6_478	5_396	99.329	447	3	0	1	447	1	447	0.0	880
6_478	5_224	31.878	229	138	9	1	221	1	219	7.83e-17	75.1
6_478	5_41	27.675	271	161	14	3	254	4	258	2.77e-08	49.3
6_478	5_376	21.933	269	161	7	8	246	12	261	2.72e-06	43.5
6_479	5_393	98.387	186	3	0	1	186	1	186	4.33e-138	378
6_480	5_392	99.728	367	1	0	1	367	1	367	0.0	744
6_480	5_155	35.433	127	57	2	6	132	160	261	9.51e-15	69.7
6_481	5_68	99.631	271	1	0	1	271	1	271	0.0	550
6_482	5_391	100.000	1458	0	0	1	1458	1195	2652	0.0	2885
6_483	5_404	97.735	309	7	0	1	309	1	309	0.0	583
6_484	5_402	99.608	510	2	0	1	510	1	510	0.0	1043
6_485	5_401	99.598	249	1	0	1	249	1	249	1.11e-177	483
6_486	5_400	99.427	524	3	0	1	524	1	524	0.0	1009
6_486	5_239	24.573	293	191	10	4	273	9	294	3.30e-13	66.2
6_487	5_515	99.772	876	2	0	1	876	34	909	0.0	1744
6_487	5_473	25.714	245	153	5	1	221	10	249	2.42e-15	75.1
6_487	5_351	24.936	393	233	13	7	361	26	394	1.17e-13	69.3
6_487	5_490	27.083	240	153	8	1	220	18	255	3.12e-10	58.2
6_487	5_349	25.835	569	339	24	30	560	62	585	5.52e-09	54.3
6_487	5_510	27.426	237	147	7	3	224	13	239	6.65e-09	53.9
6_488	5_289	98.742	159	2	0	1	159	1	159	2.14e-116	321
6_488	5_215	32.500	120	78	2	22	140	15	132	1.04e-10	51.6
6_488	5_305	25.714	105	72	3	10	112	3	103	6.28e-05	35.8
6_489	5_484	99.677	620	2	0	1	620	1	620	0.0	1245
6_490	5_485	99.223	386	3	0	1	386	1	386	0.0	754
6_490	5_240	32.059	340	185	10	5	304	8	341	6.75e-38	136
6_490	5_290	40.146	137	82	0	166	302	481	617	1.83e-31	120
6_490	5_290	30.088	113	70	2	7	110	38	150	2.81e-11	59.3
6_490	5_368	37.363	91	57	0	194	284	619	709	1.43e-15	72.8
6_490	5_140	33.333	90	60	0	194	283	282	371	7.26e-15	70.1
6_490	5_286	25.357	280	164	5	6	283	8	244	3.09e-14	66.6
6_490	5_283	24.779	226	119	3	27	252	84	258	1.17e-13	65.5
6_490	5_186	32.143	140	84	3	143	279	90	221	8.28e-12	59.3
6_490	5_214	23.404	141	104	2	164	303	251	388	1.43e-11	60.1
6_490	5_37	25.600	250	143	8	27	272	27	237	1.57e-11	59.3
6_490	5_267	28.571	126	85	2	171	292	112	236	5.97e-11	57.0
6_490	5_246	23.333	270	154	9	29	296	28	246	2.63e-10	56.2
6_490	5_246	32.609	92	57	2	184	271	399	489	7.75e-07	45.4
6_490	5_299	30.986	142	89	5	128	263	59	197	9.28e-10	54.7
6_490	5_299	52.778	36	17	0	27	62	21	56	2.54e-05	40.4
6_490	5_300	29.333	150	99	3	129	273	60	207	1.15e-09	54.3
6_490	5_300	43.636	55	31	0	8	62	2	56	6.39e-06	42.4
6_490	5_367	26.984	126	88	2	176	297	142	267	1.88e-09	53.1
6_490	5_486	34.483	87	53	2	183	268	119	202	9.25e-09	51.6
6_490	5_486	31.579	95	58	3	8	95	2	96	7.71e-04	35.8
6_490	5_80	28.788	132	85	4	146	271	356	484	7.82e-08	48.5
6_490	5_480	29.412	85	52	2	172	251	441	522	2.91e-06	43.5
6_490	5_111	27.706	231	100	13	4	226	466	637	1.10e-05	41.6
6_490	5_481	38.000	100	46	5	1	95	327	415	9.61e-05	38.5
6_490	5_268	27.174	92	64	1	188	276	443	534	2.32e-04	37.4
6_490	5_545	50.000	46	23	0	8	53	13	58	2.77e-04	36.6
6_491	5_488	99.676	309	1	0	2	310	171	479	0.0	619
6_491	5_316	28.571	126	73	4	71	190	437	551	6.68e-04	35.4
6_492	5_406	34.462	827	441	30	1	778	1	775	1.91e-102	330
6_492	5_468	35.266	828	424	33	1	776	1	768	7.42e-100	323
6_492	5_428	32.358	615	312	24	220	779	3	568	3.92e-55	195
6_492	5_497	36.239	218	135	4	1	216	1	216	4.16e-37	133
6_492	5_405	49.091	55	21	2	26	73	21	75	1.26e-07	44.7
6_493	5_84	99.787	1411	3	0	1	1411	1	1411	0.0	2882
6_494	5_495	99.918	1217	1	0	1	1217	1	1217	0.0	2488
6_495	5_492	99.457	736	4	0	1	736	1	736	0.0	1461
6_495	5_231	26.393	754	439	25	6	720	16	692	1.84e-45	168
6_496	5_547	98.256	172	3	0	151	322	1	172	1.26e-121	342
6_496	5_536	99.254	134	1	0	1	134	1	134	4.73e-96	275
6_497	5_290	99.862	725	1	0	1	725	1	725	0.0	1468
6_497	5_240	38.624	189	111	4	481	667	205	390	6.18e-35	133
6_497	5_240	47.423	97	51	0	39	135	11	107	1.15e-22	96.3
6_497	5_485	40.146	137	82	0	481	617	166	302	3.41e-31	120
6_497	5_485	30.088	113	70	2	38	150	7	110	2.95e-11	60.1
6_497	5_368	25.735	136	99	2	481	614	590	725	2.29e-17	80.9
6_497	5_368	28.049	164	100	5	42	204	12	158	7.05e-07	47.0
6_497	5_140	38.298	94	57	1	501	594	274	366	8.22e-17	78.2
6_497	5_140	29.688	128	75	3	33	145	38	165	6.41e-10	56.2
6_497	5_214	32.432	111	74	1	505	614	274	384	1.69e-14	70.9
6_497	5_267	31.776	107	72	1	486	592	116	221	8.48e-13	63.9
6_497	5_267	31.915	94	55	3	50	137	16	106	1.01e-05	42.4
6_497	5_37	25.806	155	88	3	501	655	152	279	2.38e-12	62.8
6_497	5_37	30.952	84	39	3	53	117	22	105	1.18e-05	42.4
6_497	5_186	32.292	96	63	2	500	594	127	221	5.17e-11	58.2
6_497	5_186	30.556	72	46	3	53	123	21	89	0.001	35.8
6_497	5_246	34.409	93	54	2	498	587	402	490	2.08e-10	58.2
6_497	5_246	29.213	89	58	2	500	584	133	220	1.15e-07	49.3
6_497	5_246	29.348	92	54	4	48	131	16	104	1.17e-06	45.8
6_497	5_300	32.967	91	59	1	498	588	119	207	1.13e-09	55.8
6_497	5_300	33.333	99	58	3	39	134	2	95	5.75e-07	47.0
6_497	5_299	31.897	116	70	2	474	589	102	208	1.54e-09	55.5
6_497	5_299	30.233	129	77	3	39	164	2	120	2.55e-07	48.5
6_497	5_283	34.146	82	53	1	503	584	194	274	2.22e-09	53.9
6_497	5_283	31.707	82	46	2	58	131	84	163	2.04e-07	47.8
6_497	5_286	33.766	77	51	0	508	584	154	230	1.31e-08	51.2
6_497	5_486	30.357	112	75	2	39	149	2	111	3.15e-08	51.2
6_497	5_486	31.081	74	49	1	508	581	129	200	1.56e-05	42.4
6_497	5_80	30.476	105	70	1	38	139	7	111	5.02e-08	50.4
6_497	5_80	25.974	77	56	1	508	584	407	482	6.65e-04	37.0
6_497	5_367	28.440	109	77	1	505	612	159	267	1.53e-07	48.5
6_497	5_367	25.899	139	83	6	30	151	4	139	4.03e-04	37.7
6_497	5_545	32.877	73	49	0	36	108	10	82	7.70e-07	45.4
6_497	5_545	27.000	200	123	10	385	572	15	203	2.73e-05	40.4
6_497	5_268	35.088	57	37	0	39	95	2	58	8.98e-07	46.2
6_497	5_268	23.810	84	60	1	504	587	152	231	4.38e-05	40.8
6_497	5_499	38.028	71	32	3	58	119	9	76	1.24e-06	41.6
6_497	5_480	27.778	90	61	2	493	581	452	538	1.27e-06	45.8
6_497	5_481	33.333	66	43	1	36	100	331	396	2.82e-05	41.6
6_499	5_493	99.356	931	6	0	1	931	1	931	0.0	1832
6_499	5_507	28.959	221	117	9	9	225	17	201	4.78e-08	51.2
6_499	5_472	22.879	389	252	14	2	353	7	384	3.81e-06	45.1
6_499	5_509	30.864	162	92	7	60	208	55	209	1.93e-05	42.7
6_500	5_201	99.688	321	1	0	1	321	1	321	0.0	640
6_500	5_522	22.892	249	168	11	57	298	29	260	2.66e-05	39.7
6_501	5_469	40.972	432	212	10	3	413	148	557	5.50e-91	281
6_501	5_548	40.268	298	139	6	46	308	1	294	8.08e-61	194
6_501	5_549	32.997	297	145	12	46	308	1	277	9.27e-35	125
6_501	5_517	82.090	67	12	0	3	69	35	101	2.68e-33	115
6_502	5_501	100.000	55	0	0	1	55	1	55	5.38e-35	107
6_503	5_502	100.000	288	0	0	1	288	1	288	0.0	563
6_504	5_506	99.240	263	2	0	1	263	1	263	0.0	510
6_504	5_166	33.846	65	33	4	113	171	5	65	1.67e-04	37.0
6_504	5_166	37.931	58	31	3	111	163	171	228	0.001	34.7
6_504	5_155	35.000	60	27	2	113	164	159	214	3.24e-04	35.8
6_505	5_508	98.801	417	1	1	1	413	1	417	0.0	788
6_506	5_503	99.127	229	2	0	1	229	1	229	7.71e-166	451
6_507	5_234	98.039	51	1	0	1	51	1	51	3.93e-33	102
6_508	5_509	95.824	1389	30	6	1	1385	1	1365	0.0	2638
6_508	5_507	29.677	155	101	3	10	162	13	161	3.94e-13	68.6
6_508	5_472	29.560	159	99	4	2	150	6	161	5.34e-11	61.6
6_508	5_489	27.500	160	102	7	3	156	8	159	1.52e-07	50.1
6_508	5_493	30.864	162	92	7	55	209	60	208	2.67e-05	42.7
6_509	5_510	98.410	1824	25	2	1	1822	1	1822	0.0	3605
6_509	5_351	24.412	553	309	20	4	509	6	496	4.32e-14	72.4
6_509	5_473	26.556	241	150	8	1	221	1	234	1.97e-10	60.5
6_509	5_473	28.082	146	81	7	850	982	967	1101	3.28e-04	39.7
6_509	5_515	27.572	243	151	7	7	239	30	257	8.71e-09	54.7
6_509	5_490	21.848	801	472	31	2	760	11	699	1.42e-08	54.3
6_509	5_349	22.707	458	302	16	5	453	16	430	1.28e-04	41.2
6_510	5_511	97.770	583	5	1	1	583	1	575	0.0	1115
6_510	5_471	28.000	400	244	15	188	575	122	489	4.98e-23	97.1
6_511	5_516	97.793	589	12	1	1	589	1	588	0.0	1144
6_513	5_99	99.296	284	2	0	1	284	1	284	0.0	570
6_513	5_266	37.143	105	61	3	37	141	22	121	3.61e-14	65.5
6_514	5_91	99.867	753	1	0	1	753	1	753	0.0	1523
6_516	5_545	99.095	221	2	0	313	533	1	221	1.17e-153	433
6_516	5_480	29.175	521	347	9	16	520	19	533	3.69e-49	172
6_516	5_481	35.922	206	126	5	319	520	328	531	4.56e-24	100
6_516	5_267	32.057	209	122	8	324	517	1	204	2.97e-14	67.8
6_516	5_246	30.455	220	112	7	320	513	2	206	4.06e-11	59.7
6_516	5_300	28.365	208	110	6	324	512	1	188	4.91e-11	59.7
6_516	5_268	28.877	187	109	5	324	486	1	187	7.36e-11	58.9
6_516	5_111	28.571	189	106	7	317	489	463	638	2.02e-09	54.3
6_516	5_486	27.230	213	130	7	324	525	1	199	2.02e-09	54.3
6_516	5_186	28.125	192	104	6	340	513	22	197	6.97e-09	51.2
6_516	5_299	28.351	194	128	6	324	512	1	188	9.11e-09	52.4
6_516	5_283	25.683	183	122	4	339	510	79	258	1.53e-07	47.8
6_516	5_240	36.232	69	44	0	324	392	10	78	2.26e-07	47.4
6_516	5_240	33.645	107	54	3	419	514	193	293	7.87e-06	42.7
6_516	5_290	34.247	73	48	0	322	394	36	108	4.70e-07	47.0
6_516	5_290	29.545	132	77	7	393	515	448	572	4.48e-05	40.4
6_516	5_499	32.558	86	36	3	339	420	4	71	3.13e-06	40.0
6_516	5_140	29.412	85	53	2	308	388	30	111	1.87e-04	38.1
6_516	5_367	26.667	210	115	10	339	519	29	228	5.25e-04	36.6
6_516	5_485	50.000	46	23	0	325	370	8	53	6.30e-04	36.6
6_516	5_80	43.182	44	25	0	343	386	26	69	6.95e-04	36.6
6_516	5_368	37.313	67	38	2	449	511	612	678	8.27e-04	36.6
6_517	5_514	99.313	582	4	0	1	582	1	582	0.0	1150
6_517	5_359	35.516	397	209	11	37	417	60	425	3.55e-55	196
6_517	5_541	30.151	398	207	11	37	409	23	374	5.24e-40	150
6_518	5_504	100.000	396	0	0	1	396	1	396	0.0	807
6_519	5_399	98.529	204	3	0	1	204	1	204	1.49e-139	396
6_519	5_398	61.576	203	68	3	1	199	1	197	7.75e-76	232
6_519	5_383	30.151	199	109	8	17	206	18	195	3.23e-12	59.3
6_519	5_384	39.655	58	33	2	143	199	239	295	1.23e-06	42.7
6_519	5_528	42.857	42	23	1	144	185	230	270	6.14e-04	34.7
6_520	5_398	93.735	431	21	1	1	431	112	536	0.0	810
6_520	5_399	68.337	439	129	5	1	431	108	544	0.0	582
6_520	5_384	40.865	416	204	12	36	429	239	634	6.92e-80	254
6_520	5_383	38.753	449	221	17	1	429	98	512	2.22e-76	243
6_520	5_528	36.118	407	222	11	37	430	230	611	2.24e-60	202
6_520	5_309	31.347	453	261	10	10	429	98	533	3.24e-52	179
6_521	5_513	99.612	516	2	0	1	516	1	516	0.0	1028
6_522	5_469	44.490	490	223	13	12	478	90	553	8.01e-119	355
6_522	5_549	50.000	278	132	4	106	377	1	277	2.27e-88	266
6_522	5_517	75.490	102	23	1	31	130	1	102	2.29e-49	159
6_522	5_548	33.022	321	139	13	106	377	1	294	2.36e-30	114
6_523	5_532	99.598	249	1	0	29	277	1	249	1.30e-180	492
6_524	5_520	100.000	86	0	0	1	86	1	86	1.29e-59	171
6_525	5_533	99.490	392	2	0	1	392	1	392	0.0	788
6_526	5_522	100.000	278	0	0	1	278	1	278	0.0	536
6_526	5_201	24.364	275	181	13	5	260	32	298	1.73e-09	52.0
6_527	5_524	100.000	40	0	0	1	40	1	40	7.62e-22	73.2
6_528	5_525	99.831	591	1	0	1	591	1	591	0.0	1168
6_529	5_528	98.865	617	4	1	1	617	1	614	0.0	1211
6_529	5_383	39.588	485	271	7	137	614	44	513	8.83e-108	330
6_529	5_384	43.560	427	222	5	205	614	211	635	2.47e-106	330
6_529	5_398	32.900	538	311	16	107	614	18	535	4.08e-60	204
6_529	5_399	31.016	561	297	19	89	614	38	543	3.80e-53	185
6_529	5_309	30.024	423	248	9	232	613	118	533	9.21e-47	168
6_530	5_529	99.677	620	2	0	1	620	1	620	0.0	1246
6_532	5_530	99.018	509	5	0	1	509	1	509	0.0	983
6_532	5_486	27.358	318	164	15	19	315	302	573	5.24e-08	49.7
6_533	5_531	98.551	138	2	0	222	359	1	138	6.60e-95	277
6_534	5_64	99.781	456	1	0	1	456	1	456	0.0	910
6_535	5_519	99.454	183	1	0	1	183	1	183	3.29e-125	345
6_536	5_526	100.000	139	0	0	15	153	4	142	5.76e-99	276
6_536	5_364	32.653	147	96	2	2	146	155	300	4.31e-21	83.2
6_537	5_535	99.541	653	3	0	1	653	1	653	0.0	1308
6_537	5_366	38.485	660	339	20	11	628	109	743	7.73e-126	385
6_537	5_483	30.539	334	203	9	206	512	309	640	2.05e-34	134
6_538	5_311	98.896	634	7	0	1	634	63	696	0.0	1248
6_539	5_26	99.655	290	1	0	1	290	1	290	0.0	562
6_540	5_527	99.351	154	1	0	1	154	1	154	2.70e-107	297
6_542	5_523	99.676	309	1	0	6	314	1	309	0.0	586
6_542	5_0	25.083	303	205	10	27	309	36	336	1.43e-09	52.8
6_544	5_22	99.422	173	1	0	1	173	1	173	3.10e-126	347
6_545	5_416	99.602	251	1	0	1	251	2	252	0.0	493
6_545	5_178	29.932	147	96	3	110	251	82	226	6.80e-09	49.3
6_546	5_538	100.000	123	0	0	1	123	1	123	3.37e-90	252
6_546	5_244	57.143	119	51	0	6	124	50	168	1.56e-45	151
6_547	5_539	99.177	486	4	0	1	486	1	486	0.0	959
6_548	5_350	99.153	945	8	0	1	945	21	965	0.0	1854
6_548	5_472	23.247	271	155	11	45	277	63	318	3.72e-08	51.6
6_548	5_507	26.136	176	109	6	4	171	12	174	2.56e-04	39.3
6_549	5_541	99.573	936	4	0	1	936	1	936	0.0	1811
6_549	5_359	30.345	870	557	19	8	858	45	884	3.79e-90	310
6_549	5_514	30.102	392	215	10	23	374	37	409	3.38e-39	149
6_550	5_366	99.278	693	2	1	1	693	88	777	0.0	1380
6_550	5_535	37.879	660	329	19	39	659	11	628	1.05e-124	380
6_550	5_483	28.829	333	192	12	217	518	310	628	1.77e-27	112
6_551	5_521	99.608	255	1	0	1	255	1	255	1.43e-179	488
6_552	5_544	98.525	339	5	0	1	339	1	339	0.0	676
6_552	5_364	30.576	278	189	4	62	339	336	609	9.58e-40	142
6_552	5_236	26.582	158	97	6	56	203	150	298	7.83e-05	38.1
6_552	5_171	23.651	241	164	9	62	286	160	396	5.58e-04	35.8
6_553	5_542	99.788	945	2	0	1	945	1	945	0.0	1893
6_554	5_466	99.448	724	4	0	1	724	6	729	0.0	1418
6_554	5_244	30.952	588	378	12	1	572	171	746	6.85e-73	248
6_554	5_244	25.191	131	87	5	456	579	727	853	3.66e-04	38.1
6_555	5_233	98.889	90	1	0	1	90	1	90	4.70e-61	176
6_556	5_518	99.639	277	1	0	1	277	1	277	0.0	542
6_557	5_540	99.735	378	1	0	1	378	1	378	0.0	729
6_558	5_399	99.420	345	2	0	16	360	200	544	0.0	700
6_558	5_398	65.789	342	108	4	21	360	202	536	2.98e-154	439
6_558	5_384	35.912	362	181	7	23	360	302	636	1.99e-61	203
6_558	5_383	34.104	346	185	7	28	360	199	514	5.15e-56	186
6_558	5_309	32.267	375	205	10	14	358	178	533	5.76e-46	160
6_558	5_528	33.429	350	190	9	23	359	292	611	5.52e-44	155
6_560	5_469	42.949	468	208	14	20	462	120	553	7.06e-107	323
6_560	5_549	48.014	277	140	3	89	361	1	277	5.08e-83	252
6_560	5_517	76.471	102	22	1	14	113	1	102	4.35e-50	160
6_560	5_548	63.768	69	21	2	296	361	227	294	4.54e-20	85.1
6_560	5_548	52.459	61	26	1	89	149	1	58	2.54e-11	58.9
6_561	5_548	99.320	294	2	0	65	358	1	294	0.0	592
6_561	5_469	44.533	375	145	12	1	362	127	451	1.01e-74	236
6_561	5_517	97.753	89	2	0	1	89	14	102	2.44e-57	177
6_561	5_549	36.422	313	144	15	65	358	1	277	1.41e-38	134
6_562	5_469	36.250	320	151	9	1	319	180	447	3.15e-43	151
6_562	5_549	34.483	319	156	10	12	319	1	277	4.10e-40	137
6_562	5_548	57.333	75	30	1	247	319	220	294	5.59e-22	88.6
6_562	5_548	61.111	54	21	0	12	65	1	54	3.23e-15	69.3
6_562	5_517	100.000	36	0	0	1	36	67	102	2.03e-18	74.3
6_563	5_488	99.412	170	1	0	1	170	1	170	5.33e-124	352
6_564	5_549	98.556	277	4	0	1	277	1	277	0.0	558
6_564	5_469	41.379	290	132	12	1	281	191	451	1.08e-47	162
6_564	5_548	36.102	313	145	15	1	277	1	294	2.32e-38	131
6_564	5_517	100.000	25	0	0	1	25	78	102	3.83e-11	53.9
6_565	5_551	99.346	153	1	0	65	217	1	153	3.03e-112	313
6_566	5_552	99.410	339	2	0	1	339	1	339	0.0	696
