14_11	30_4	24.870	193	103	9	36	216	497	659	3.59e-06	38.9
14_12	30_4	25.243	206	129	8	2	197	470	660	5.21e-09	47.4
14_56	30_4	25.568	176	113	6	42	213	499	660	5.26e-06	37.7
14_91	30_2	100.000	227	0	0	1	227	1	227	2.68e-166	449
14_111	30_4	25.114	219	139	9	2	217	470	666	5.13e-06	39.7
14_118	30_6	97.600	250	6	0	1	250	1	250	1.32e-174	473
14_140	30_3	100.000	356	0	0	1	356	1	356	0.0	723
14_142	30_5	100.000	250	0	0	1	250	1	250	0.0	506
14_142	30_8	30.542	203	130	4	3	203	121	314	1.35e-18	75.1
14_152	30_4	31.214	173	96	8	32	189	499	663	1.01e-10	55.1
14_177	30_4	29.193	161	93	4	38	185	500	652	2.19e-12	57.0
14_206	30_7	86.162	542	75	0	1	542	1	542	0.0	950
14_213	30_18	31.667	60	34	1	2	61	420	472	7.87e-05	32.3
14_241	30_21	96.875	64	2	0	1	64	68	131	3.84e-43	127
14_241	30_14	46.154	52	28	0	12	63	638	689	6.93e-14	55.5
14_242	30_9	99.492	197	1	0	1	197	1	197	5.03e-141	383
14_252	30_4	99.853	679	1	0	1	679	1	679	0.0	1340
14_261	30_4	29.861	144	87	6	94	230	501	637	1.55e-10	52.4
14_268	30_4	31.034	58	40	0	128	185	602	659	2.09e-04	35.0
14_269	30_22	88.462	52	6	0	10	61	1	52	1.85e-30	94.4
14_269	30_14	43.243	37	19	1	28	62	628	664	7.60e-04	27.7
14_289	30_8	99.420	345	2	0	1	345	1	345	0.0	702
14_289	30_5	30.542	203	130	4	121	314	3	203	2.13e-18	74.7
14_314	30_1	98.125	160	2	1	1	159	1	160	5.36e-110	301
14_320	30_0	99.545	220	1	0	1	220	1	220	1.04e-158	430
14_324	30_4	43.137	51	22	2	500	547	475	521	2.86e-04	34.7
14_336	30_26	99.471	946	5	0	1	946	30	975	0.0	1885
14_359	30_4	30.876	217	114	11	315	510	458	659	6.08e-12	58.5
14_371	30_4	37.931	58	32	1	119	176	594	647	6.72e-06	39.7
14_376	30_11	97.774	584	12	1	1	584	1	583	0.0	1156
14_376	30_20	27.523	109	51	4	484	584	719	807	1.50e-04	35.0
14_377	30_4	32.530	166	93	6	369	522	501	659	6.38e-13	61.6
14_378	30_4	30.588	170	94	7	365	519	499	659	1.20e-09	51.2
14_380	30_20	99.635	822	3	0	1	822	1	822	0.0	1670
14_380	30_19	26.248	621	341	22	244	810	251	808	2.73e-34	131
14_380	30_11	27.103	107	50	4	721	807	485	583	6.66e-04	33.5
14_408	30_4	31.250	64	42	2	41	103	499	561	4.87e-04	32.7
14_417	30_18	99.655	870	3	0	1	870	1	870	0.0	1749
14_462	30_16	99.564	459	2	0	1	459	1	459	0.0	937
14_480	30_5	27.500	120	75	4	501	619	58	166	1.31e-04	35.0
14_496	30_4	36.559	93	45	5	6	87	468	557	1.11e-04	34.7
14_504	30_18	27.011	174	99	8	35	185	443	611	1.57e-04	33.9
14_536	30_10	99.720	715	2	0	1	715	1	715	0.0	1434
14_536	30_18	31.646	79	44	2	265	334	450	527	5.01e-04	33.9
14_540	30_4	25.137	183	123	5	32	204	499	677	3.85e-07	43.9
14_543	30_12	99.747	1975	5	0	1	1975	1	1975	0.0	3930
14_544	30_4	33.898	59	39	0	127	185	602	660	3.82e-05	37.4
14_545	30_4	40.000	60	36	0	127	186	601	660	3.02e-08	47.0
14_549	30_4	23.497	183	124	6	27	202	486	659	3.90e-06	40.0
14_549	30_4	33.333	39	26	0	405	443	596	634	0.001	32.3
14_554	30_17	99.176	607	5	0	1	607	1	607	0.0	1212
14_566	30_15	49.653	576	213	12	1	523	1	552	7.67e-178	504
14_566	30_24	29.828	466	256	11	93	521	165	596	2.22e-59	198
14_567	30_15	96.029	554	16	2	1	548	1	554	0.0	1073
14_567	30_24	28.986	621	334	20	7	548	8	600	2.38e-70	229
14_572	30_4	30.539	167	98	6	32	185	499	660	5.31e-08	46.6
14_573	30_21	98.077	52	1	0	1	52	1	52	9.58e-35	105
14_575	30_14	96.000	50	2	0	12	61	644	693	6.92e-29	97.8
14_575	30_21	50.000	46	23	0	12	57	85	130	3.96e-14	53.9
14_592	30_15	31.148	427	241	12	130	538	163	554	1.09e-52	180
14_592	30_24	29.372	446	249	11	116	538	198	600	2.05e-50	174
14_596	30_23	100.000	175	0	0	1	175	1	175	1.19e-125	342
14_603	30_25	100.000	86	0	0	1	86	1	86	5.10e-61	172
14_609	30_4	33.803	71	47	0	126	196	601	671	2.11e-07	42.0
14_622	30_4	30.303	198	125	6	6	195	463	655	3.08e-16	68.2
14_629	30_14	86.486	111	9	1	1	105	1	111	1.56e-58	185
14_629	30_14	96.774	31	1	0	100	130	584	614	9.14e-16	65.1
14_638	30_24	96.895	612	15	1	1	608	1	612	0.0	1207
14_638	30_15	32.218	478	270	14	147	596	103	554	1.40e-68	224
14_651	30_14	89.189	111	6	1	1	105	1	111	2.23e-59	187
14_651	30_14	95.652	69	3	0	100	168	584	652	1.24e-39	133
14_655	30_4	31.088	193	103	6	292	468	455	633	2.42e-14	66.2
14_656	30_4	29.448	326	183	16	44	343	349	653	3.84e-12	58.2
14_658	30_19	97.800	818	18	0	1	818	1	818	0.0	1640
14_658	30_20	25.363	619	341	19	251	804	244	806	2.40e-39	147
14_659	30_24	38.444	437	248	5	195	612	163	597	2.67e-100	310
14_659	30_15	33.475	472	276	12	164	611	93	550	2.70e-68	224
14_672	30_4	39.683	63	30	2	121	179	602	660	1.39e-06	42.0
