6_0	6_0	100.000	96	0	0	1	96	1	96	9.07e-66	188
6_1	6_1	100.000	589	0	0	1	589	1	589	0.0	1146
6_1	6_125	26.087	460	272	17	51	492	10	419	1.44e-21	92.8
6_2	6_2	100.000	110	0	0	1	110	1	110	1.58e-79	224
6_3	6_3	100.000	290	0	0	1	290	1	290	0.0	578
6_3	6_376	32.331	266	149	14	23	264	25	283	6.73e-24	93.6
6_4	6_4	100.000	287	0	0	1	287	1	287	0.0	577
6_4	6_395	36.220	254	121	7	1	234	1	233	8.41e-34	119
6_5	6_5	100.000	81	0	0	1	81	1	81	9.99e-58	166
6_6	6_6	100.000	189	0	0	1	189	1	189	2.93e-140	384
6_7	6_7	100.000	152	0	0	1	152	1	152	1.20e-110	306
6_8	6_8	100.000	378	0	0	1	378	1	378	0.0	754
6_9	6_9	100.000	47	0	0	1	47	1	47	3.64e-30	94.7
6_10	6_10	100.000	609	0	0	1	609	1	609	0.0	1218
6_11	6_11	100.000	353	0	0	1	353	1	353	0.0	699
6_11	6_298	27.129	317	167	15	46	345	64	333	3.57e-07	45.8
6_12	6_12	100.000	50	0	0	1	50	1	50	3.85e-32	99.8
6_12	6_165	35.556	45	26	1	6	50	5	46	1.49e-04	30.0
6_13	6_13	100.000	273	0	0	1	273	1	273	0.0	562
6_14	6_14	100.000	146	0	0	1	146	1	146	2.34e-105	292
6_15	6_15	100.000	295	0	0	1	295	1	295	0.0	590
6_16	6_16	100.000	337	0	0	1	337	1	337	0.0	685
6_17	6_17	100.000	225	0	0	1	225	1	225	3.15e-168	457
6_18	6_18	100.000	564	0	0	1	564	1	564	0.0	1105
6_18	6_520	31.278	454	262	10	97	533	9	429	3.60e-52	179
6_18	6_372	31.020	461	254	11	95	533	214	632	3.53e-51	181
6_18	6_558	31.989	372	210	8	178	533	14	358	8.75e-46	160
6_18	6_529	30.024	423	248	9	118	533	232	613	1.85e-44	161
6_18	6_371	30.496	423	234	11	131	540	144	519	6.96e-44	159
6_19	6_19	100.000	298	0	0	1	298	1	298	0.0	603
6_20	6_20	100.000	295	0	0	1	295	1	295	0.0	594
6_20	6_180	26.897	290	174	9	21	293	10	278	1.25e-20	84.7
6_20	6_213	26.502	283	175	9	19	293	3	260	5.37e-16	70.9
6_20	6_306	27.170	265	163	10	21	275	5	249	1.00e-13	64.7
6_21	6_21	100.000	170	0	0	1	170	1	170	1.20e-122	337
6_22	6_22	100.000	372	0	0	1	372	1	372	0.0	763
6_23	6_23	100.000	880	0	0	1	880	1	880	0.0	1781
6_24	6_24	100.000	259	0	0	1	259	1	259	0.0	526
6_25	6_25	100.000	413	0	0	1	413	1	413	0.0	841
6_26	6_26	100.000	111	0	0	1	111	1	111	2.66e-77	218
6_27	6_27	100.000	725	0	0	1	725	1	725	0.0	1434
6_27	6_313	42.857	56	28	1	15	66	8	63	2.79e-07	47.4
6_27	6_29	32.381	105	65	3	76	176	37	139	2.33e-05	41.2
6_28	6_28	100.000	211	0	0	1	211	1	211	2.52e-155	424
6_29	6_29	100.000	291	0	0	1	291	1	291	0.0	559
6_29	6_27	32.381	105	65	3	37	139	76	176	5.81e-06	42.0
6_30	6_30	100.000	239	0	0	1	239	1	239	6.82e-175	475
6_31	6_31	100.000	300	0	0	1	300	1	300	0.0	602
6_31	6_246	34.188	234	133	6	22	254	19	232	3.38e-35	123
6_31	6_224	35.897	156	87	5	130	276	204	355	2.39e-19	82.4
6_31	6_224	25.962	104	55	3	21	123	24	106	4.86e-05	38.9
6_31	6_171	27.854	219	136	3	22	240	21	217	1.23e-18	78.2
6_31	6_191	28.638	213	121	8	23	232	17	201	3.48e-17	76.3
6_31	6_358	39.091	110	66	1	140	248	599	708	1.06e-16	75.1
6_31	6_358	38.462	39	23	1	10	48	12	49	0.001	35.0
6_31	6_203	26.778	239	140	7	27	248	147	367	3.31e-16	73.2
6_31	6_391	36.842	114	71	1	136	248	258	371	6.59e-16	72.0
6_31	6_462	28.169	213	128	6	24	236	18	205	1.06e-15	72.0
6_31	6_67	29.464	224	131	5	22	239	22	224	2.78e-15	70.5
6_31	6_67	21.127	213	161	4	26	236	277	484	1.18e-05	40.8
6_31	6_461	25.714	210	125	6	23	229	17	198	9.90e-15	68.9
6_31	6_303	25.000	236	140	7	14	237	13	223	2.27e-14	67.8
6_31	6_303	28.959	221	128	9	27	236	287	489	1.38e-13	65.5
6_31	6_55	29.327	208	109	8	21	217	78	258	3.36e-13	63.5
6_31	6_497	25.806	155	88	3	152	279	501	655	9.27e-13	63.2
6_31	6_497	30.952	84	39	3	22	105	53	117	4.46e-06	42.4
6_31	6_490	25.600	250	143	8	27	237	27	272	1.28e-12	62.0
6_31	6_52	27.197	239	155	8	20	250	27	254	8.70e-11	56.6
6_31	6_268	31.646	79	53	1	158	235	153	231	2.45e-10	54.7
6_31	6_248	25.714	210	124	7	26	219	20	213	6.61e-08	48.1
6_31	6_222	32.051	78	50	1	145	219	820	897	4.07e-07	45.8
6_31	6_222	28.090	89	62	1	136	222	470	558	1.23e-06	44.3
6_31	6_474	22.527	182	118	4	37	218	364	522	1.46e-05	40.8
6_31	6_516	24.390	205	117	6	22	219	339	512	7.56e-05	38.5
6_32	6_32	100.000	280	0	0	1	280	1	280	0.0	562
6_33	6_33	100.000	271	0	0	1	271	1	271	0.0	534
6_34	6_34	100.000	114	0	0	1	114	1	114	6.49e-84	235
6_35	6_35	100.000	163	0	0	1	163	1	163	1.69e-119	329
6_36	6_36	100.000	326	0	0	1	326	1	326	0.0	653
6_37	6_37	100.000	639	0	0	1	639	1	639	0.0	1304
6_37	6_312	44.131	639	334	9	5	635	3	626	1.08e-169	494
6_38	6_38	100.000	171	0	0	1	171	1	171	3.93e-123	339
6_39	6_39	100.000	334	0	0	1	334	1	334	0.0	680
6_40	6_40	100.000	494	0	0	1	494	1	494	0.0	963
6_41	6_41	100.000	231	0	0	1	231	1	231	6.78e-170	462
6_42	6_42	100.000	286	0	0	1	286	1	286	0.0	555
6_42	6_278	25.749	167	114	4	75	237	73	233	3.90e-05	38.9
6_43	6_43	100.000	571	0	0	1	571	1	571	0.0	1149
6_44	6_44	100.000	236	0	0	1	236	1	236	8.85e-176	477
6_45	6_45	100.000	186	0	0	1	186	1	186	1.38e-132	364
6_46	6_46	100.000	144	0	0	1	144	1	144	5.80e-108	298
6_47	6_47	100.000	221	0	0	1	221	1	221	5.26e-162	441
6_48	6_48	100.000	204	0	0	1	204	1	204	2.18e-151	413
6_49	6_49	100.000	402	0	0	1	402	1	402	0.0	818
6_49	6_150	27.083	288	181	10	20	301	8	272	2.98e-16	75.1
6_49	6_250	32.099	162	90	3	21	182	116	257	1.82e-13	66.2
6_49	6_152	34.091	132	84	3	16	145	8	138	2.97e-13	65.9
6_50	6_50	100.000	316	0	0	1	316	1	316	0.0	632
6_51	6_51	100.000	402	0	0	1	402	1	402	0.0	806
6_52	6_52	100.000	349	0	0	1	349	1	349	0.0	715
6_52	6_203	40.240	333	193	3	5	332	116	447	4.26e-79	244
6_52	6_358	37.267	161	81	3	118	266	570	722	8.11e-31	118
6_52	6_391	37.500	136	83	1	131	266	252	385	9.93e-28	107
6_52	6_391	29.630	135	70	5	7	125	32	157	4.37e-09	52.0
6_52	6_246	31.330	233	127	7	29	252	19	227	3.41e-23	92.0
6_52	6_55	28.972	214	133	6	14	221	58	258	9.08e-19	80.5
6_52	6_171	24.783	230	150	7	30	257	22	230	1.13e-13	64.7
6_52	6_224	28.125	128	89	1	131	258	204	328	1.50e-13	65.9
6_52	6_31	33.043	115	74	2	140	254	139	250	2.44e-13	64.3
6_52	6_497	29.358	109	76	1	159	267	505	612	1.02e-12	63.5
6_52	6_497	25.899	139	83	6	4	139	30	151	2.48e-04	37.4
6_52	6_490	27.778	126	87	2	142	267	176	297	1.16e-12	62.8
6_52	6_268	38.462	78	48	0	162	239	154	231	2.26e-12	60.8
6_52	6_300	29.612	206	115	11	29	228	351	532	1.16e-08	50.8
6_52	6_303	26.267	217	134	9	40	248	32	230	3.52e-08	49.3
6_52	6_303	33.333	81	53	1	160	240	410	489	5.67e-07	45.4
6_52	6_462	32.941	85	55	1	160	244	127	209	8.20e-08	48.1
6_52	6_191	24.880	209	125	7	29	232	16	197	1.79e-07	47.4
6_52	6_222	30.702	114	67	5	161	265	833	943	3.88e-07	46.2
6_52	6_461	30.682	88	57	2	145	232	114	197	9.63e-07	45.1
6_52	6_516	26.667	210	115	10	29	228	339	519	1.41e-06	44.3
6_52	6_67	25.000	236	148	10	28	249	273	493	4.88e-06	42.4
6_52	6_248	27.143	70	47	2	163	232	449	514	3.39e-04	36.6
6_52	6_456	26.857	175	106	8	49	223	361	513	3.79e-04	36.6
6_53	6_53	100.000	73	0	0	1	73	1	73	5.57e-53	154
6_54	6_54	100.000	201	0	0	1	201	1	201	2.34e-148	405
6_54	6_297	38.509	161	94	3	3	162	4	160	6.56e-28	99.4
6_55	6_55	100.000	307	0	0	1	307	1	307	0.0	617
6_55	6_191	32.735	223	133	7	60	279	1	209	1.16e-24	99.0
6_55	6_462	30.732	205	122	6	79	277	16	206	3.13e-20	85.5
6_55	6_461	29.442	197	127	5	79	273	16	202	2.13e-19	83.2
6_55	6_246	28.636	220	132	4	79	286	19	225	2.00e-18	78.2
6_55	6_52	28.972	214	133	6	58	258	14	221	1.17e-15	71.2
6_55	6_391	42.857	84	47	1	194	276	276	359	5.62e-15	69.7
6_55	6_391	32.407	108	68	2	59	163	42	147	2.50e-07	46.2
6_55	6_203	30.583	206	123	8	90	277	153	356	2.71e-14	67.4
6_55	6_303	25.108	231	157	8	60	282	6	228	3.30e-14	67.4
6_55	6_303	30.263	76	53	0	199	274	412	487	1.01e-04	38.1
6_55	6_490	24.779	226	119	3	84	258	27	252	1.07e-13	65.5
6_55	6_358	31.000	100	68	1	188	286	607	706	1.08e-13	65.9
6_55	6_268	25.472	212	146	4	56	258	5	213	2.89e-13	63.2
6_55	6_31	27.885	208	112	7	78	258	21	217	2.97e-12	60.8
6_55	6_224	36.170	94	54	2	78	171	24	111	3.48e-12	61.2
6_55	6_224	36.585	82	51	1	197	277	230	311	3.57e-10	55.1
6_55	6_171	23.913	230	153	7	66	283	1	220	7.02e-10	53.1
6_55	6_497	34.146	82	53	1	194	274	503	584	8.67e-10	53.9
6_55	6_497	31.707	82	46	2	84	163	58	131	7.11e-08	48.1
6_55	6_67	25.405	185	119	6	83	257	26	201	6.04e-09	51.2
6_55	6_67	23.636	220	146	8	78	279	272	487	1.20e-05	40.8
6_55	6_474	31.527	203	114	11	79	271	349	536	1.75e-08	49.7
6_55	6_408	29.167	168	103	8	97	257	501	659	1.77e-08	50.1
6_55	6_300	25.510	196	125	7	79	267	351	532	4.67e-08	48.5
6_55	6_456	29.570	186	108	8	79	257	341	510	8.39e-08	47.8
6_55	6_516	25.683	183	122	4	79	258	339	510	9.74e-08	47.4
6_56	6_56	100.000	323	0	0	1	323	1	323	0.0	635
6_57	6_57	100.000	110	0	0	1	110	1	110	2.11e-78	221
6_58	6_58	100.000	565	0	0	1	565	1	565	0.0	1100
6_59	6_59	100.000	75	0	0	1	75	1	75	3.66e-51	149
6_59	6_427	71.667	60	17	0	3	62	8	67	4.32e-25	91.3
6_59	6_464	68.293	41	13	0	22	62	45	85	8.57e-16	64.7
6_59	6_492	49.091	55	21	2	21	75	26	73	8.96e-09	44.7
6_60	6_60	100.000	220	0	0	1	220	1	220	9.89e-158	430
6_61	6_61	100.000	205	0	0	1	205	1	205	1.15e-153	419
6_62	6_62	100.000	144	0	0	1	144	1	144	6.35e-107	296
6_63	6_63	100.000	274	0	0	1	274	1	274	0.0	560
6_64	6_64	100.000	617	0	0	1	617	1	617	0.0	1243
6_65	6_65	100.000	118	0	0	1	118	1	118	4.15e-79	223
6_66	6_66	100.000	97	0	0	1	97	1	97	2.02e-67	192
6_67	6_67	100.000	508	0	0	1	508	1	508	0.0	1011
6_67	6_303	30.273	512	328	14	12	505	11	511	8.86e-54	184
6_67	6_171	35.349	215	114	6	26	231	25	223	1.22e-23	94.4
6_67	6_171	32.051	78	53	0	407	484	136	213	7.30e-07	45.1
6_67	6_461	32.673	202	122	5	12	211	6	195	9.45e-16	74.7
6_67	6_191	29.630	216	130	6	8	217	2	201	1.76e-13	67.4
6_67	6_191	24.229	227	142	7	261	482	2	203	0.001	36.2
6_67	6_31	29.464	224	131	5	22	224	22	239	2.53e-13	65.1
6_67	6_31	21.127	213	161	4	277	484	26	236	2.49e-04	37.4
6_67	6_462	29.524	210	134	5	12	221	10	205	4.48e-13	65.9
6_67	6_462	28.326	233	135	9	261	487	2	208	2.01e-09	54.3
6_67	6_246	32.143	196	124	6	31	223	28	217	1.02e-11	60.1
6_67	6_248	26.271	236	145	9	8	221	2	230	6.09e-10	55.8
6_67	6_248	32.432	74	47	2	149	222	453	523	3.20e-04	37.4
6_67	6_55	25.405	185	119	6	26	201	83	257	9.90e-09	51.2
6_67	6_55	23.636	220	146	8	272	487	78	279	1.78e-05	41.2
6_67	6_203	28.444	225	127	11	23	224	145	358	1.82e-08	50.8
6_67	6_203	25.106	235	140	8	278	493	147	364	1.22e-05	42.0
6_67	6_300	31.694	183	103	8	26	201	355	522	2.37e-08	50.8
6_67	6_497	30.476	105	70	1	7	111	38	139	3.59e-08	50.4
6_67	6_497	25.974	77	56	1	407	482	508	584	4.75e-04	37.0
6_67	6_490	28.788	132	85	4	356	484	146	271	1.05e-07	48.5
6_67	6_224	30.488	82	54	2	407	486	232	312	3.95e-07	46.6
6_67	6_224	28.333	60	43	0	8	67	11	70	4.30e-04	37.0
6_67	6_268	23.148	216	153	7	14	220	20	231	1.92e-06	43.9
6_67	6_268	24.180	244	146	10	277	503	30	251	2.60e-04	37.4
6_67	6_358	25.532	94	63	2	398	487	609	699	5.56e-06	43.5
6_67	6_391	25.954	131	94	2	357	484	229	359	1.25e-05	42.0
6_67	6_391	33.333	45	30	0	24	68	64	108	6.57e-04	36.6
6_67	6_474	26.136	176	110	6	36	205	363	524	1.28e-05	42.0
6_67	6_456	25.000	184	124	4	27	208	346	517	3.54e-04	37.4
6_67	6_52	25.000	236	148	10	273	493	28	249	3.80e-04	37.0
6_67	6_516	43.182	44	25	0	26	69	343	386	6.53e-04	36.6
6_68	6_68	100.000	303	0	0	1	303	1	303	0.0	577
6_68	6_252	31.050	219	119	5	18	216	79	285	1.65e-11	59.3
6_69	6_69	100.000	184	0	0	1	184	1	184	6.14e-138	377
6_70	6_70	100.000	89	0	0	1	89	1	89	2.36e-60	174
6_71	6_71	100.000	165	0	0	1	165	1	165	6.39e-118	325
6_72	6_72	100.000	139	0	0	1	139	1	139	1.64e-99	276
6_73	6_73	100.000	534	0	0	1	534	1	534	0.0	1088
6_74	6_74	100.000	214	0	0	1	214	1	214	2.72e-154	421
6_75	6_75	100.000	632	0	0	1	632	1	632	0.0	1287
6_76	6_76	100.000	120	0	0	1	120	1	120	5.77e-85	238
6_77	6_77	100.000	227	0	0	1	227	1	227	1.94e-169	461
6_78	6_78	100.000	109	0	0	1	109	1	109	1.15e-79	224
6_79	6_79	100.000	155	0	0	1	155	1	155	8.13e-113	311
6_80	6_80	100.000	64	0	0	1	64	1	64	6.82e-43	127
6_81	6_81	100.000	116	0	0	1	116	1	116	4.08e-83	233
6_82	6_82	100.000	478	0	0	1	478	1	478	0.0	968
6_83	6_83	100.000	263	0	0	1	263	1	263	0.0	505
6_83	6_342	27.350	117	73	3	48	152	110	226	1.57e-06	42.7
6_83	6_342	33.333	93	52	3	35	117	121	213	3.13e-05	38.9
6_84	6_84	100.000	91	0	0	1	91	1	91	4.84e-63	181
6_85	6_85	100.000	356	0	0	1	356	1	356	0.0	721
6_86	6_86	100.000	84	0	0	1	84	1	84	2.19e-57	166
6_87	6_87	100.000	489	0	0	1	489	1	489	0.0	965
6_88	6_88	100.000	242	0	0	1	242	1	242	9.07e-176	478
6_88	6_380	26.772	127	68	4	81	203	46	151	2.84e-04	35.4
6_89	6_89	100.000	201	0	0	1	201	1	201	1.16e-141	388
6_90	6_90	100.000	216	0	0	1	216	1	216	3.00e-147	404
6_91	6_91	100.000	450	0	0	1	450	1	450	0.0	899
6_92	6_92	100.000	216	0	0	1	216	1	216	1.05e-156	427
6_92	6_290	25.654	191	131	5	28	214	18	201	4.85e-10	52.0
6_93	6_93	100.000	193	0	0	1	193	1	193	2.86e-139	381
6_94	6_94	100.000	131	0	0	1	131	1	131	2.98e-94	263
6_95	6_95	100.000	150	0	0	1	150	1	150	1.61e-109	303
6_96	6_96	100.000	398	0	0	1	398	1	398	0.0	811
6_97	6_97	100.000	239	0	0	1	239	1	239	7.60e-176	478
6_98	6_98	100.000	332	0	0	1	332	1	332	0.0	667
6_99	6_99	100.000	134	0	0	1	134	1	134	3.31e-97	270
6_100	6_100	100.000	137	0	0	1	137	1	137	1.88e-97	271
6_101	6_101	100.000	37	0	0	1	37	1	37	1.09e-20	70.1
6_102	6_102	100.000	75	0	0	1	75	1	75	3.29e-53	154
6_103	6_103	100.000	147	0	0	1	147	1	147	7.21e-107	296
6_104	6_104	100.000	179	0	0	1	179	1	179	4.16e-130	357
6_105	6_105	100.000	131	0	0	1	131	1	131	2.21e-94	263
6_106	6_106	100.000	61	0	0	1	61	1	61	5.57e-42	125
6_107	6_107	100.000	181	0	0	1	181	1	181	5.18e-135	370
6_108	6_108	100.000	122	0	0	1	122	1	122	1.03e-84	238
6_109	6_109	100.000	121	0	0	1	121	1	121	1.58e-81	229
6_110	6_110	100.000	136	0	0	1	136	1	136	9.09e-100	277
6_111	6_111	100.000	227	0	0	1	227	1	227	2.13e-167	455
6_112	6_112	100.000	90	0	0	1	90	1	90	1.44e-65	187
6_113	6_113	100.000	282	0	0	1	282	1	282	0.0	566
6_114	6_114	100.000	233	0	0	1	233	1	233	4.01e-170	462
6_115	6_115	100.000	106	0	0	1	106	1	106	6.75e-75	212
6_116	6_116	100.000	205	0	0	1	205	1	205	1.58e-150	411
6_117	6_117	100.000	184	0	0	1	184	1	184	1.67e-136	374
6_118	6_118	100.000	442	0	0	1	442	1	442	0.0	874
6_118	6_149	35.897	156	83	4	218	368	172	315	3.61e-20	87.0
6_118	6_149	29.032	124	83	4	220	341	6	126	3.79e-06	43.1
6_118	6_382	37.705	61	35	1	218	275	5	65	6.36e-05	38.9
6_119	6_119	100.000	70	0	0	1	70	1	70	2.76e-47	139
6_120	6_120	100.000	366	0	0	1	366	1	366	0.0	723
6_120	6_275	27.358	318	207	7	61	361	6	316	8.77e-23	92.8
6_121	6_121	100.000	321	0	0	1	321	1	321	0.0	634
6_121	6_378	32.877	219	139	5	106	317	160	377	2.19e-20	85.5
6_122	6_122	100.000	142	0	0	1	142	1	142	5.81e-104	288
6_122	6_488	25.714	105	72	3	3	103	10	112	2.43e-05	37.0
6_123	6_123	100.000	361	0	0	1	361	1	361	0.0	718
6_124	6_124	100.000	259	0	0	1	259	1	259	0.0	515
6_125	6_125	100.000	504	0	0	1	504	1	504	0.0	979
6_125	6_1	25.901	444	264	16	10	403	51	479	3.70e-21	91.3
6_126	6_126	100.000	91	0	0	1	91	1	91	6.70e-61	175
6_126	6_0	28.571	91	61	3	1	88	3	92	8.81e-07	38.5
6_127	6_127	100.000	98	0	0	1	98	1	98	9.68e-67	191
6_128	6_128	100.000	207	0	0	1	207	1	207	5.32e-147	402
6_129	6_129	100.000	97	0	0	1	97	1	97	7.23e-67	191
6_130	6_130	100.000	465	0	0	1	465	1	465	0.0	930
6_131	6_131	100.000	204	0	0	1	204	1	204	1.19e-143	393
6_132	6_132	100.000	336	0	0	1	336	1	336	0.0	687
6_133	6_133	100.000	337	0	0	1	337	1	337	0.0	672
6_134	6_134	100.000	240	0	0	1	240	1	240	3.08e-178	484
6_135	6_135	100.000	419	0	0	1	419	1	419	0.0	828
6_135	6_480	35.433	127	57	2	160	261	6	132	1.44e-14	69.3
6_135	6_149	25.112	223	154	7	159	375	173	388	1.94e-04	37.7
6_135	6_504	35.000	60	27	2	159	214	113	164	6.41e-04	35.8
6_136	6_136	100.000	141	0	0	1	141	1	141	1.21e-99	277
6_137	6_137	100.000	242	0	0	1	242	1	242	8.53e-173	470
6_138	6_138	100.000	102	0	0	1	102	1	102	1.56e-71	203
6_139	6_139	100.000	179	0	0	1	179	1	179	3.47e-127	350
6_140	6_140	100.000	187	0	0	1	187	1	187	4.41e-132	363
6_141	6_141	100.000	276	0	0	1	276	1	276	0.0	544
6_142	6_142	100.000	331	0	0	1	331	1	331	0.0	665
6_143	6_143	100.000	455	0	0	1	455	1	455	0.0	930
6_144	6_144	100.000	257	0	0	1	257	1	257	0.0	518
6_145	6_145	100.000	276	0	0	1	276	1	276	0.0	564
6_146	6_146	100.000	414	0	0	1	414	1	414	0.0	830
6_147	6_147	100.000	102	0	0	1	102	1	102	4.94e-70	199
6_148	6_148	100.000	376	0	0	1	376	1	376	0.0	775
6_149	6_149	100.000	437	0	0	1	437	1	437	0.0	877
6_149	6_118	35.897	156	83	4	172	315	218	368	3.80e-20	86.7
6_149	6_118	29.032	124	83	4	6	126	220	341	3.43e-06	43.5
6_149	6_382	29.530	149	90	6	5	143	9	152	2.32e-09	52.8
6_149	6_382	35.593	59	38	0	173	231	9	67	4.04e-06	42.7
6_149	6_231	40.741	54	29	1	6	59	19	69	4.84e-06	41.6
6_149	6_231	28.415	183	118	5	157	338	5	175	7.10e-06	40.8
6_149	6_150	28.108	185	98	8	174	341	10	176	4.54e-05	40.0
6_149	6_504	33.846	65	33	4	5	65	113	171	2.71e-04	37.0
6_150	6_150	100.000	598	0	0	1	598	1	598	0.0	1210
6_150	6_152	36.898	187	106	4	2	183	6	185	1.17e-24	103
6_150	6_152	23.009	226	143	9	165	370	266	480	7.28e-07	46.6
6_150	6_152	22.599	177	118	5	322	480	509	684	3.27e-06	44.3
6_150	6_250	30.093	216	126	7	10	217	117	315	7.16e-17	78.6
6_150	6_49	27.083	288	181	10	8	272	20	301	4.44e-16	75.1
6_150	6_149	28.108	185	98	8	10	176	174	341	6.21e-05	40.0
6_151	6_151	100.000	323	0	0	1	323	1	323	0.0	657
6_152	6_152	100.000	694	0	0	1	694	1	694	0.0	1425
6_152	6_150	36.898	187	106	4	6	185	2	183	1.36e-24	103
6_152	6_150	23.009	226	143	9	266	480	165	370	8.45e-07	46.6
6_152	6_150	22.599	177	118	5	509	684	322	480	3.80e-06	44.3
6_152	6_250	37.008	127	62	2	13	139	116	224	9.11e-14	68.9
6_152	6_49	34.091	132	84	3	8	138	16	145	5.13e-13	65.9
6_153	6_153	100.000	141	0	0	1	141	1	141	5.95e-104	288
6_154	6_154	100.000	166	0	0	1	166	1	166	3.99e-117	323
6_155	6_155	100.000	457	0	0	1	457	1	457	0.0	936
6_155	6_552	24.068	295	196	10	106	396	16	286	7.56e-09	51.6
6_155	6_355	26.351	148	100	5	159	302	335	477	1.30e-04	38.5
6_156	6_156	100.000	427	0	0	1	427	1	427	0.0	847
6_157	6_157	100.000	232	0	0	1	232	1	232	1.23e-173	471
6_158	6_158	100.000	93	0	0	1	93	1	93	4.77e-68	193
6_159	6_159	100.000	259	0	0	1	259	1	259	0.0	514
6_160	6_160	100.000	144	0	0	1	144	1	144	8.24e-108	298
6_161	6_161	100.000	132	0	0	1	132	1	132	6.75e-95	264
6_162	6_162	100.000	145	0	0	1	145	1	145	1.38e-102	285
6_163	6_163	100.000	410	0	0	1	410	1	410	0.0	811
6_164	6_164	100.000	181	0	0	1	181	1	181	1.19e-134	369
6_165	6_165	100.000	46	0	0	1	46	1	46	2.31e-29	92.4
6_166	6_166	100.000	195	0	0	1	195	1	195	2.43e-144	394
6_167	6_167	100.000	245	0	0	1	245	1	245	7.69e-177	481
6_168	6_168	100.000	700	0	0	1	700	1	700	0.0	1422
6_169	6_169	100.000	457	0	0	1	457	1	457	0.0	937
6_170	6_170	100.000	316	0	0	1	316	1	316	0.0	625
6_171	6_171	100.000	238	0	0	1	238	1	238	3.23e-176	479
6_171	6_67	35.349	215	114	6	25	223	26	231	5.72e-24	94.4
6_171	6_67	32.051	78	53	0	136	213	407	484	3.42e-07	45.1
6_171	6_31	40.000	85	51	0	133	217	156	240	7.35e-17	72.8
6_171	6_203	28.444	225	136	8	22	223	143	365	9.44e-17	73.6
6_171	6_246	27.805	205	136	6	22	218	20	220	2.10e-15	68.6
6_171	6_303	25.676	222	145	6	5	212	6	221	4.53e-14	65.5
6_171	6_303	25.446	224	142	7	22	225	283	501	3.21e-09	51.2
6_171	6_391	32.353	102	68	1	133	233	278	379	1.95e-12	60.5
6_171	6_391	31.915	47	32	0	22	68	63	109	4.36e-04	35.4
6_171	6_490	32.143	140	84	3	90	221	143	279	5.21e-12	59.3
6_171	6_358	30.108	93	64	1	133	224	615	707	5.71e-12	59.7
6_171	6_358	40.426	47	28	0	21	67	23	69	1.79e-07	45.8
6_171	6_497	32.292	96	63	2	127	221	500	594	1.73e-11	58.2
6_171	6_497	30.556	72	46	3	21	89	53	123	3.26e-04	35.8
6_171	6_462	29.596	223	136	8	8	221	4	214	2.06e-11	57.8
6_171	6_408	29.630	189	109	7	38	212	500	678	1.77e-10	55.1
6_171	6_224	31.313	99	67	1	136	233	232	330	1.81e-10	54.7
6_171	6_52	24.783	230	150	7	22	230	30	257	2.71e-10	53.9
6_171	6_55	23.913	230	153	7	1	220	66	283	7.00e-10	52.8
6_171	6_300	31.522	184	108	8	24	198	354	528	1.94e-09	51.6
6_171	6_516	28.125	192	104	6	22	197	340	513	2.92e-09	51.2
6_171	6_191	27.000	200	123	7	22	211	17	203	9.03e-09	50.1
6_171	6_461	27.174	184	109	7	24	196	19	188	6.57e-07	44.3
6_171	6_248	21.397	229	162	8	5	226	319	536	6.83e-07	43.9
6_171	6_248	22.363	237	149	6	5	213	1	230	1.08e-05	40.4
6_171	6_474	27.273	209	130	9	8	205	336	533	8.49e-07	43.9
6_171	6_268	26.582	79	57	1	135	212	153	231	3.07e-06	41.6
6_171	6_456	25.414	181	122	5	22	197	342	514	4.34e-06	41.6
6_172	6_172	100.000	578	0	0	1	578	1	578	0.0	1161
6_173	6_173	100.000	127	0	0	1	127	1	127	2.14e-88	248
6_174	6_174	100.000	285	0	0	1	285	1	285	0.0	552
6_174	6_175	42.748	262	132	5	26	281	1	250	4.89e-54	171
6_174	6_181	42.786	201	111	2	84	280	43	243	6.46e-48	155
6_175	6_175	100.000	263	0	0	1	263	1	263	0.0	518
6_175	6_174	42.748	262	132	5	1	250	26	281	4.51e-54	171
6_175	6_181	38.976	254	139	5	1	249	1	243	3.91e-48	155
6_176	6_176	100.000	411	0	0	1	411	1	411	0.0	820
6_177	6_177	100.000	202	0	0	1	202	1	202	1.50e-145	398
6_178	6_178	100.000	487	0	0	1	487	1	487	0.0	968
6_179	6_179	100.000	457	0	0	1	457	1	457	0.0	926
6_179	6_319	37.168	452	279	4	2	450	7	456	4.08e-104	313
6_179	6_318	24.291	247	181	5	15	260	37	278	7.08e-08	48.9
6_179	6_365	22.819	298	203	11	119	402	116	400	3.64e-06	43.5
6_180	6_180	100.000	306	0	0	1	306	1	306	0.0	630
6_180	6_20	26.897	290	174	9	10	278	21	293	8.74e-21	85.1
6_180	6_213	22.939	279	185	10	9	277	5	263	2.27e-08	48.9
6_180	6_478	23.019	265	163	8	12	261	8	246	2.41e-06	43.1
6_180	6_306	27.397	73	51	1	7	79	2	72	4.12e-05	38.9
6_180	6_409	32.877	73	43	1	186	258	180	246	2.79e-04	36.2
6_181	6_181	100.000	245	0	0	1	245	1	245	0.0	491
6_181	6_175	38.976	254	139	5	1	243	1	249	3.64e-48	155
6_181	6_174	42.786	201	111	2	43	243	84	280	5.55e-48	155
6_182	6_182	100.000	77	0	0	1	77	1	77	1.95e-49	145
6_183	6_183	100.000	90	0	0	1	90	1	90	1.25e-61	177
6_184	6_184	100.000	156	0	0	1	156	1	156	1.34e-117	323
6_185	6_185	100.000	126	0	0	1	126	1	126	2.42e-88	247
6_186	6_186	100.000	174	0	0	1	174	1	174	6.38e-126	346
6_187	6_187	100.000	305	0	0	1	305	1	305	0.0	619
6_187	6_355	24.128	344	194	13	4	298	157	482	1.80e-04	37.4
6_187	6_552	25.949	158	98	6	150	298	56	203	3.93e-04	35.8
6_188	6_188	100.000	156	0	0	1	156	1	156	3.16e-113	313
6_189	6_189	100.000	147	0	0	1	147	1	147	3.01e-106	294
6_190	6_190	100.000	87	0	0	1	87	1	87	2.04e-61	176
6_191	6_191	100.000	766	0	0	1	766	1	766	0.0	1510
6_191	6_461	30.788	812	476	21	1	766	1	772	1.34e-91	298
6_191	6_462	39.823	452	246	10	1	440	1	438	9.19e-90	290
6_191	6_462	33.588	131	87	0	636	766	516	646	1.78e-15	74.7
6_191	6_55	32.735	223	133	7	1	209	60	279	3.16e-24	98.6
6_191	6_31	27.488	211	126	7	17	201	23	232	5.49e-15	70.9
6_191	6_303	23.938	259	169	9	1	232	6	263	2.55e-14	70.5
6_191	6_303	23.301	206	140	4	16	203	282	487	3.20e-06	44.7
6_191	6_300	30.412	194	125	6	1	188	336	525	3.51e-13	67.0
6_191	6_67	29.630	216	130	6	2	201	8	217	3.85e-13	67.0
6_191	6_224	32.990	97	63	1	1	95	10	106	1.28e-09	55.5
6_191	6_516	27.230	213	130	7	1	199	324	525	2.66e-09	54.7
6_191	6_456	28.241	216	130	7	2	204	327	530	9.06e-09	52.8
6_191	6_532	25.823	395	236	18	302	659	19	393	1.19e-08	52.4
6_191	6_490	34.483	87	53	2	119	202	183	268	1.91e-08	51.6
6_191	6_497	30.357	112	75	2	2	111	39	149	3.34e-08	51.2
6_191	6_497	31.081	74	49	1	129	200	508	581	1.73e-05	42.4
6_191	6_171	27.000	200	123	7	17	203	22	211	3.65e-08	49.7
6_191	6_203	25.561	223	120	8	15	198	141	356	1.00e-07	49.3
6_191	6_246	27.149	221	125	10	1	198	1	208	2.08e-07	47.8
6_191	6_391	29.600	125	78	5	115	230	267	390	4.38e-07	47.4
6_191	6_268	29.545	88	59	2	115	200	141	227	4.42e-07	46.6
6_191	6_358	30.476	105	65	2	129	225	618	722	5.35e-07	47.4
6_191	6_474	28.505	214	123	10	2	198	334	534	8.19e-07	46.6
6_191	6_248	26.027	219	131	9	1	204	319	521	1.39e-05	42.7
6_191	6_248	20.851	235	133	6	1	198	1	219	1.56e-05	42.4
6_191	6_52	24.880	209	125	7	16	197	29	232	1.44e-05	42.4
6_191	6_222	36.585	82	43	4	129	204	834	912	1.67e-05	42.7
6_191	6_222	31.068	103	61	4	93	190	460	557	0.001	37.0
6_191	6_408	24.638	207	127	6	13	195	468	669	1.05e-04	40.0
6_192	6_192	100.000	326	0	0	1	326	1	326	0.0	649
6_193	6_193	100.000	103	0	0	1	103	1	103	4.37e-70	199
6_194	6_194	100.000	93	0	0	1	93	1	93	6.71e-61	175
6_195	6_195	100.000	278	0	0	1	278	1	278	0.0	552
6_196	6_196	100.000	64	0	0	1	64	1	64	8.29e-41	122
6_197	6_197	100.000	136	0	0	1	136	1	136	5.59e-92	257
6_198	6_198	100.000	146	0	0	1	146	1	146	2.58e-102	284
6_199	6_199	100.000	127	0	0	1	127	1	127	1.90e-87	245
6_200	6_200	100.000	153	0	0	1	153	1	153	3.90e-108	300
6_201	6_201	100.000	143	0	0	1	143	1	143	1.83e-100	279
6_202	6_202	100.000	145	0	0	1	145	1	145	1.10e-106	295
6_203	6_203	100.000	469	0	0	1	469	1	469	0.0	967
6_203	6_52	40.240	333	193	3	116	447	5	332	1.87e-74	233
6_203	6_358	44.737	114	63	0	273	386	614	727	2.52e-30	119
6_203	6_358	31.579	95	60	2	153	247	34	123	2.65e-07	47.4
6_203	6_391	45.082	122	66	1	269	389	273	394	1.51e-28	112
6_203	6_391	36.111	108	52	4	139	239	59	156	4.11e-12	62.4
6_203	6_246	26.800	250	159	8	122	370	3	229	1.78e-18	80.1
6_203	6_171	28.444	225	136	8	143	365	22	223	3.13e-16	72.8
6_203	6_224	32.520	123	71	3	247	357	190	312	7.29e-15	70.9
6_203	6_497	32.432	111	74	1	274	384	505	614	7.34e-15	71.6
6_203	6_55	30.645	186	110	6	153	336	90	258	5.50e-14	67.0
6_203	6_31	27.350	234	147	5	146	367	26	248	6.93e-14	66.6
6_203	6_490	23.448	145	108	2	244	388	162	303	2.03e-11	59.7
6_203	6_303	25.424	236	134	10	143	363	22	230	1.74e-09	54.3
6_203	6_303	25.194	258	149	8	115	355	259	489	5.43e-08	49.3
6_203	6_268	26.033	242	156	9	122	354	4	231	3.28e-09	52.0
6_203	6_462	25.688	218	138	7	142	359	16	209	5.57e-09	52.8
6_203	6_67	28.444	225	127	11	145	358	23	224	2.36e-08	50.4
6_203	6_67	24.483	290	175	11	99	364	224	493	1.26e-05	42.0
6_203	6_191	25.561	223	120	8	141	356	15	198	4.41e-08	50.1
6_203	6_461	25.592	211	123	8	142	347	16	197	4.69e-06	43.5
6_203	6_248	23.913	184	111	6	142	308	16	187	1.07e-04	38.9
6_203	6_222	29.897	97	57	4	277	364	834	928	1.88e-04	38.1
6_204	6_204	100.000	151	0	0	1	151	1	151	1.08e-108	301
6_204	6_488	32.500	120	78	2	15	132	22	140	1.01e-10	51.6
6_205	6_205	100.000	113	0	0	1	113	1	113	7.07e-82	230
6_206	6_206	100.000	96	0	0	1	96	1	96	1.57e-68	195
6_207	6_207	100.000	1065	0	0	1	1065	1	1065	0.0	2137
6_207	6_324	26.625	323	183	13	623	907	917	1223	5.09e-14	71.2
6_207	6_324	37.383	107	59	3	297	397	281	385	4.54e-10	58.2
6_208	6_208	100.000	190	0	0	1	190	1	190	3.91e-143	391
6_209	6_209	100.000	331	0	0	1	331	1	331	0.0	660
6_210	6_210	100.000	203	0	0	1	203	1	203	7.01e-147	401
6_211	6_211	100.000	149	0	0	1	149	1	149	1.73e-111	308
6_212	6_212	100.000	160	0	0	1	160	1	160	1.26e-113	314
6_213	6_213	100.000	267	0	0	1	267	1	267	0.0	541
6_213	6_20	26.502	283	175	9	3	260	19	293	4.86e-16	70.9
6_213	6_478	32.895	228	137	8	1	219	1	221	3.43e-15	69.3
6_213	6_306	23.897	272	196	8	4	265	2	272	8.56e-12	58.5
6_213	6_180	22.968	283	187	11	2	263	5	277	1.52e-08	48.9
6_213	6_409	32.203	59	40	0	183	241	188	246	1.09e-04	37.4
6_214	6_214	100.000	90	0	0	1	90	1	90	1.89e-57	166
6_215	6_215	100.000	221	0	0	1	221	1	221	2.68e-164	447
6_216	6_216	100.000	70	0	0	1	70	1	70	3.05e-44	131
6_217	6_217	100.000	95	0	0	1	95	1	95	2.40e-67	192
6_218	6_218	100.000	699	0	0	1	699	1	699	0.0	1417
6_218	6_495	26.393	754	439	25	16	692	6	720	1.78e-45	168
6_219	6_219	100.000	181	0	0	1	181	1	181	8.01e-131	359
6_220	6_220	100.000	263	0	0	1	263	1	263	0.0	526
6_221	6_221	100.000	232	0	0	1	232	1	232	5.74e-171	465
6_222	6_222	100.000	947	0	0	1	947	1	947	0.0	1932
6_222	6_246	29.801	151	85	7	783	928	90	224	3.71e-07	47.4
6_222	6_461	39.130	92	47	4	820	908	115	200	6.70e-07	47.4
6_222	6_461	28.571	147	88	6	416	562	64	193	1.56e-04	39.7
6_222	6_31	32.051	78	50	1	820	897	145	219	1.34e-06	45.8
6_222	6_31	30.000	80	54	1	479	558	145	222	5.87e-06	43.5
6_222	6_191	36.585	82	43	4	834	912	129	204	1.76e-05	42.7
6_222	6_391	25.168	298	194	12	628	907	63	349	1.17e-04	40.0
6_222	6_462	36.905	84	44	4	826	906	121	198	1.81e-04	39.7
6_222	6_358	33.333	102	63	3	476	574	601	700	1.91e-04	39.7
6_222	6_224	38.667	75	43	2	485	558	224	296	2.29e-04	38.9
6_222	6_203	29.897	97	57	4	834	928	277	364	4.09e-04	38.1
6_222	6_52	29.825	114	68	5	833	943	161	265	4.98e-04	37.7
6_222	6_303	24.737	190	120	8	481	655	129	310	5.03e-04	38.1
6_223	6_223	100.000	242	0	0	1	242	1	242	1.65e-178	484
6_224	6_224	100.000	444	0	0	1	444	1	444	0.0	887
6_224	6_490	32.059	340	185	10	8	341	5	304	7.91e-38	136
6_224	6_497	38.624	189	111	4	205	390	481	667	3.86e-35	133
6_224	6_497	47.423	97	51	0	11	107	39	135	7.15e-23	96.3
6_224	6_391	27.041	392	247	11	10	379	43	417	7.46e-24	97.8
6_224	6_358	32.117	137	92	1	199	334	584	720	2.75e-20	88.2
6_224	6_358	40.541	37	22	0	20	56	18	54	6.15e-04	36.6
6_224	6_31	35.616	146	81	5	214	355	140	276	2.40e-17	77.0
6_224	6_31	25.962	104	55	3	24	106	21	123	8.97e-05	38.5
6_224	6_203	32.520	123	71	3	190	312	247	357	5.57e-15	71.2
6_224	6_246	34.545	110	71	1	212	321	118	226	4.48e-13	63.9
6_224	6_246	26.050	119	79	3	22	137	16	128	1.81e-05	40.8
6_224	6_55	36.170	94	54	2	24	111	78	171	6.38e-12	60.8
6_224	6_55	36.585	82	51	1	230	311	197	277	4.72e-10	55.1
6_224	6_303	30.147	136	88	4	202	333	112	244	6.84e-11	58.5
6_224	6_303	28.431	102	68	3	10	106	6	107	3.07e-08	50.1
6_224	6_303	25.287	87	64	1	224	310	404	489	3.91e-05	40.0
6_224	6_171	31.313	99	67	1	232	330	136	233	3.38e-10	54.7
6_224	6_191	32.990	97	63	1	10	106	1	95	6.96e-10	55.5
6_224	6_52	28.030	132	92	1	204	332	131	262	7.98e-10	54.7
6_224	6_268	31.313	99	68	0	211	309	133	231	5.05e-09	51.6
6_224	6_462	39.535	86	46	3	229	312	126	207	7.34e-09	52.4
6_224	6_462	31.915	94	62	1	10	103	1	92	1.11e-08	51.6
6_224	6_461	32.394	142	92	3	211	351	107	245	9.22e-09	52.0
6_224	6_461	32.955	88	57	1	16	103	7	92	1.04e-08	51.6
6_224	6_516	36.232	69	44	0	10	78	324	392	1.61e-07	47.8
6_224	6_516	33.645	107	54	3	193	293	419	514	5.57e-06	42.7
6_224	6_67	30.488	82	54	2	232	312	407	486	3.45e-07	46.6
6_224	6_67	28.333	60	43	0	11	70	8	67	3.75e-04	37.0
6_224	6_300	30.769	78	53	1	1	77	327	404	5.55e-06	42.7
6_224	6_300	35.294	68	41	1	229	296	464	528	4.86e-05	40.0
6_224	6_248	31.765	85	54	1	226	310	150	230	1.61e-05	41.6
6_224	6_248	27.586	58	42	0	10	67	1	58	2.07e-05	41.2
6_224	6_456	32.787	61	41	0	11	71	327	387	3.37e-05	40.4
6_224	6_222	38.667	75	43	2	224	296	485	558	1.15e-04	38.9
6_225	6_225	100.000	446	0	0	1	446	1	446	0.0	892
6_226	6_226	100.000	308	0	0	1	308	1	308	0.0	581
6_227	6_227	100.000	103	0	0	1	103	1	103	6.15e-73	206
6_228	6_228	100.000	184	0	0	1	184	1	184	4.63e-136	372
6_229	6_229	100.000	218	0	0	1	218	1	218	5.93e-162	441
6_230	6_230	100.000	241	0	0	1	241	1	241	0.0	490
6_231	6_231	100.000	176	0	0	1	176	1	176	4.11e-131	359
6_231	6_149	40.741	54	29	1	19	69	6	59	1.95e-06	41.6
6_231	6_149	28.415	183	118	5	5	175	157	338	2.86e-06	40.8
6_231	6_382	39.344	61	33	3	19	76	10	69	1.45e-04	35.8
6_232	6_232	100.000	76	0	0	1	76	1	76	2.74e-50	147
6_233	6_233	100.000	600	0	0	1	600	1	600	0.0	1198
6_234	6_234	100.000	517	0	0	1	517	1	517	0.0	1008
6_235	6_235	100.000	120	0	0	1	120	1	120	4.25e-85	238
6_236	6_236	100.000	694	0	0	1	694	1	694	0.0	1392
6_237	6_237	100.000	120	0	0	1	120	1	120	7.19e-85	238
6_238	6_238	100.000	335	0	0	1	335	1	335	0.0	663
6_239	6_239	100.000	324	0	0	1	324	1	324	0.0	665
6_239	6_446	41.538	325	178	6	7	324	7	326	1.80e-57	184
6_239	6_264	22.941	340	195	13	1	296	321	637	2.14e-09	53.1
6_240	6_240	100.000	321	0	0	1	321	1	321	0.0	623
6_241	6_241	100.000	212	0	0	1	212	1	212	1.03e-148	407
6_242	6_242	100.000	222	0	0	1	222	1	222	5.80e-163	444
6_243	6_243	100.000	1216	0	0	1	1216	1	1216	0.0	2397
6_244	6_244	100.000	452	0	0	1	452	1	452	0.0	920
6_245	6_245	100.000	332	0	0	1	332	1	332	0.0	662
6_246	6_246	100.000	272	0	0	1	272	1	272	0.0	542
6_246	6_31	34.188	234	133	6	19	232	22	254	2.72e-34	120
6_246	6_300	35.204	196	109	5	16	205	348	531	2.27e-19	82.0
6_246	6_203	26.800	250	159	8	3	229	122	370	7.29e-19	80.5
6_246	6_52	31.330	233	127	7	19	227	29	252	1.09e-18	79.3
6_246	6_55	28.636	220	132	4	19	225	79	286	1.56e-18	78.2
6_246	6_358	36.275	102	64	1	127	227	607	708	2.37e-15	70.5
6_246	6_358	33.333	75	43	3	23	91	27	100	2.63e-04	36.6
6_246	6_171	27.805	205	136	6	20	220	22	218	2.40e-15	68.6
6_246	6_516	32.057	209	122	8	1	204	324	517	1.25e-14	68.2
6_246	6_474	30.189	212	132	8	2	208	334	534	1.35e-14	67.8
6_246	6_462	31.081	222	129	11	1	215	1	205	3.44e-14	66.6
6_246	6_224	34.545	110	71	1	118	226	212	321	2.74e-13	63.9
6_246	6_224	26.050	119	79	3	16	128	22	137	1.11e-05	40.8
6_246	6_456	32.353	204	117	11	2	200	327	514	3.07e-13	63.9
6_246	6_497	31.776	107	72	1	116	221	486	592	3.24e-13	63.9
6_246	6_497	31.915	94	55	3	16	106	50	137	3.84e-06	42.4
6_246	6_248	27.778	198	108	5	16	185	13	203	1.10e-12	62.0
6_246	6_303	27.273	220	125	10	19	218	21	225	2.24e-12	61.2
6_246	6_303	25.541	231	157	8	1	218	264	492	3.89e-06	42.0
6_246	6_391	32.500	120	77	3	104	219	244	363	2.31e-12	61.2
6_246	6_391	29.167	96	58	3	1	87	43	137	8.17e-04	35.0
6_246	6_67	32.143	196	124	6	28	217	31	223	5.45e-12	60.1
6_246	6_490	28.571	126	85	2	112	236	171	292	4.29e-11	57.0
6_246	6_268	26.848	257	156	9	1	240	9	250	1.74e-08	48.5
6_246	6_461	23.618	199	141	6	16	212	13	202	3.18e-08	48.9
6_246	6_191	27.149	221	125	10	1	208	1	198	7.53e-08	47.8
6_246	6_222	29.801	151	85	7	90	224	783	928	1.16e-07	47.0
6_246	6_408	25.359	209	123	8	11	197	463	660	1.47e-07	46.6
6_247	6_247	100.000	320	0	0	1	320	1	320	0.0	627
6_248	6_248	100.000	538	0	0	1	538	1	538	0.0	1101
6_248	6_462	25.641	234	141	6	1	230	1	205	1.53e-12	64.3
6_248	6_462	28.571	210	133	8	319	519	1	202	1.33e-09	55.1
6_248	6_246	27.778	198	108	5	13	203	16	185	2.18e-12	62.0
6_248	6_461	22.993	274	175	5	1	272	1	240	6.39e-11	59.3
6_248	6_461	24.645	211	138	8	319	518	1	201	5.63e-06	43.5
6_248	6_516	28.877	187	109	5	1	187	324	486	7.06e-11	58.9
6_248	6_67	26.271	236	145	9	2	230	8	221	6.45e-10	55.8
6_248	6_67	32.432	74	47	2	453	523	149	222	3.38e-04	37.4
6_248	6_300	23.853	218	133	6	1	213	336	525	6.05e-09	52.8
6_248	6_474	44.898	49	27	0	13	61	346	394	9.34e-08	48.9
6_248	6_303	24.599	187	125	4	1	187	6	176	5.17e-07	46.6
6_248	6_497	35.088	57	37	0	2	58	39	95	6.79e-07	46.2
6_248	6_497	23.810	84	60	1	152	231	504	587	3.31e-05	40.8
6_248	6_31	24.286	210	127	6	20	213	26	219	9.04e-07	45.1
6_248	6_171	21.397	229	162	8	319	536	5	226	1.54e-06	43.9
6_248	6_171	22.363	237	149	6	1	230	5	213	2.45e-05	40.4
6_248	6_191	26.027	219	131	9	319	521	1	204	7.03e-06	43.1
6_248	6_191	20.851	235	133	6	1	219	1	198	8.86e-06	42.7
6_248	6_456	35.185	54	35	0	10	63	335	388	7.98e-06	42.7
6_248	6_224	31.765	85	54	1	150	230	226	310	1.95e-05	41.6
6_248	6_224	27.586	58	42	0	1	58	10	67	2.51e-05	41.2
6_248	6_268	22.511	231	149	6	320	525	10	235	4.48e-05	39.7
6_248	6_268	21.577	241	139	6	14	233	24	235	2.06e-04	37.7
6_248	6_203	23.913	184	111	6	16	187	142	308	1.07e-04	39.3
6_248	6_490	27.174	92	64	1	443	534	188	276	3.30e-04	37.4
6_248	6_408	25.126	199	105	10	32	217	499	666	4.52e-04	37.4
6_248	6_358	28.169	71	47	1	449	515	619	689	7.01e-04	36.6
6_248	6_391	34.783	46	30	0	16	61	62	107	8.20e-04	36.2
6_249	6_249	100.000	254	0	0	1	254	1	254	0.0	523
6_250	6_250	100.000	599	0	0	1	599	1	599	0.0	1221
6_250	6_150	30.093	216	126	7	117	315	10	217	6.07e-17	78.6
6_250	6_152	37.008	127	62	2	116	224	13	139	8.00e-14	68.9
6_250	6_49	32.099	162	90	3	116	257	21	182	2.48e-13	66.6
6_251	6_251	100.000	267	0	0	1	267	1	267	0.0	513
6_252	6_252	100.000	569	0	0	1	569	1	569	0.0	1102
6_252	6_68	30.556	216	124	4	79	285	18	216	9.70e-12	60.8
6_253	6_253	100.000	161	0	0	1	161	1	161	3.50e-114	315
6_253	6_243	26.623	154	99	6	7	151	1054	1202	1.46e-04	35.8
6_254	6_254	100.000	174	0	0	1	174	1	174	1.36e-130	358
6_255	6_255	100.000	227	0	0	1	227	1	227	8.55e-168	456
6_256	6_256	100.000	214	0	0	1	214	1	214	1.58e-157	429
6_257	6_257	100.000	107	0	0	1	107	1	107	2.31e-72	205
6_258	6_258	100.000	212	0	0	1	212	1	212	9.37e-157	427
6_259	6_259	100.000	120	0	0	1	120	1	120	5.19e-88	246
6_260	6_260	100.000	236	0	0	1	236	1	236	1.76e-172	469
6_260	6_376	33.088	136	64	8	4	113	16	150	6.97e-06	40.8
6_261	6_261	100.000	381	0	0	1	381	1	381	0.0	754
6_262	6_262	100.000	285	0	0	1	285	1	285	0.0	573
6_263	6_263	100.000	790	0	0	1	790	1	790	0.0	1610
6_263	6_455	22.941	340	205	10	393	701	440	753	1.30e-14	72.4
6_263	6_455	23.563	174	120	3	8	169	27	199	6.41e-09	53.9
6_263	6_441	24.103	195	101	6	398	592	393	540	4.69e-12	63.9
6_263	6_441	27.174	184	113	4	3	168	6	186	9.27e-09	53.1
6_263	6_424	34.444	90	58	1	29	118	3	91	4.54e-08	50.8
6_263	6_424	33.000	100	59	3	513	612	264	355	1.57e-07	48.9
6_264	6_264	100.000	665	0	0	1	665	1	665	0.0	1345
6_264	6_239	22.941	340	195	13	321	637	1	296	4.38e-09	53.1
6_264	6_446	28.452	239	134	10	325	557	9	216	1.32e-08	51.6
6_265	6_265	100.000	227	0	0	1	227	1	227	8.51e-164	446
6_266	6_266	100.000	163	0	0	1	163	1	163	7.21e-119	327
6_267	6_267	100.000	260	0	0	1	260	1	260	0.0	521
6_268	6_268	100.000	256	0	0	1	256	1	256	0.0	509
6_268	6_391	34.711	121	77	2	126	244	251	371	2.22e-16	72.8
6_268	6_55	27.358	212	142	4	5	213	56	258	7.86e-16	70.5
6_268	6_490	25.714	280	163	5	8	244	6	283	2.60e-15	69.3
6_268	6_358	30.508	118	73	2	134	250	597	706	3.39e-14	66.6
6_268	6_461	27.136	199	126	4	28	225	18	198	2.81e-13	63.9
6_268	6_303	24.138	232	162	10	27	252	22	245	3.11e-12	60.5
6_268	6_303	22.566	226	163	6	12	230	267	487	4.39e-09	50.8
6_268	6_203	25.203	246	153	8	4	231	122	354	1.91e-11	58.2
6_268	6_246	27.237	257	155	9	9	250	1	240	6.78e-11	55.8
6_268	6_31	25.806	217	145	9	27	231	23	235	8.61e-11	55.5
6_268	6_462	25.664	226	139	7	24	245	14	214	1.50e-10	55.5
6_268	6_497	33.766	77	51	0	154	230	508	584	2.66e-09	52.0
6_268	6_497	29.885	87	55	2	27	112	54	135	1.80e-04	37.0
6_268	6_224	31.313	99	68	0	133	231	211	309	2.78e-09	51.6
6_268	6_52	27.801	241	145	11	6	231	13	239	1.22e-08	49.3
6_268	6_191	23.188	207	138	6	23	227	13	200	3.20e-08	48.5
6_268	6_67	24.074	216	151	7	20	231	14	220	4.97e-08	47.8
6_268	6_67	24.180	244	146	10	30	251	277	503	1.77e-05	40.0
6_268	6_300	26.699	206	131	7	9	212	336	523	7.37e-08	47.4
6_268	6_171	22.831	219	137	7	22	231	17	212	2.20e-06	42.0
6_268	6_248	22.271	229	152	6	10	235	320	525	3.01e-06	42.4
6_268	6_248	21.992	241	138	8	24	235	14	233	2.76e-05	39.3
6_268	6_408	28.333	180	105	7	40	212	497	659	3.00e-05	39.3
6_268	6_516	21.053	209	141	7	9	214	324	511	1.98e-04	36.6
6_268	6_474	24.312	218	127	10	8	214	332	522	2.33e-04	36.6
6_268	6_222	28.889	90	53	4	136	218	815	900	3.43e-04	36.2
6_269	6_269	100.000	158	0	0	1	158	1	158	1.01e-115	319
6_270	6_270	100.000	188	0	0	1	188	1	188	1.47e-134	369
6_271	6_271	100.000	350	0	0	1	350	1	350	0.0	716
6_272	6_272	100.000	121	0	0	1	121	1	121	6.43e-80	226
6_273	6_273	100.000	220	0	0	1	220	1	220	1.97e-158	432
6_273	6_542	21.364	220	158	6	1	220	105	309	2.07e-05	38.9
6_274	6_274	100.000	361	0	0	1	361	1	361	0.0	736
6_275	6_275	100.000	351	0	0	1	351	1	351	0.0	685
6_275	6_120	27.358	318	207	7	6	316	61	361	8.41e-23	92.8
6_276	6_276	100.000	429	0	0	1	429	1	429	0.0	864
6_277	6_277	100.000	175	0	0	1	175	1	175	7.52e-126	346
6_278	6_278	100.000	274	0	0	1	274	1	274	0.0	539
6_278	6_42	25.749	167	114	4	73	233	75	237	1.95e-05	39.7
6_279	6_279	100.000	322	0	0	1	322	1	322	0.0	651
6_280	6_280	100.000	88	0	0	1	88	1	88	6.74e-60	172
6_281	6_281	100.000	452	0	0	1	452	1	452	0.0	884
6_282	6_282	100.000	385	0	0	1	385	1	385	0.0	749
6_283	6_283	100.000	402	0	0	1	402	1	402	0.0	799
6_284	6_284	100.000	408	0	0	1	408	1	408	0.0	823
6_285	6_285	100.000	297	0	0	1	297	1	297	0.0	578
6_286	6_286	100.000	695	0	0	1	695	1	695	0.0	1379
6_287	6_287	100.000	63	0	0	1	63	1	63	1.13e-41	124
6_288	6_288	100.000	892	0	0	1	892	1	892	0.0	1802
6_289	6_289	100.000	594	0	0	1	594	1	594	0.0	1190
6_289	6_406	28.413	630	325	21	34	582	29	613	5.14e-44	162
6_290	6_290	100.000	210	0	0	1	210	1	210	6.07e-154	420
6_290	6_92	25.654	191	131	5	18	201	28	214	4.71e-10	52.0
6_291	6_291	100.000	256	0	0	1	256	1	256	0.0	510
6_292	6_292	100.000	289	0	0	1	289	1	289	0.0	558
6_293	6_293	100.000	145	0	0	1	145	1	145	1.94e-102	284
6_294	6_294	100.000	270	0	0	1	270	1	270	0.0	546
6_295	6_295	100.000	720	0	0	1	720	1	720	0.0	1484
6_296	6_296	100.000	380	0	0	1	380	1	380	0.0	775
6_297	6_297	100.000	194	0	0	1	194	1	194	9.59e-144	393
6_297	6_54	38.509	161	94	3	4	160	3	162	6.33e-28	99.4
6_298	6_298	100.000	344	0	0	1	344	1	344	0.0	681
6_298	6_11	24.308	325	166	12	64	333	46	345	9.01e-06	41.2
6_299	6_299	100.000	490	0	0	1	490	1	490	0.0	961
6_300	6_300	100.000	539	0	0	1	539	1	539	0.0	1047
6_300	6_516	29.081	533	352	10	7	533	8	520	5.74e-49	172
6_300	6_456	31.132	212	136	3	331	538	321	526	2.32e-30	119
6_300	6_474	38.914	221	127	7	322	538	320	536	5.14e-30	118
6_300	6_246	35.204	196	109	5	348	531	16	205	5.24e-19	82.0
6_300	6_462	29.717	212	130	8	336	539	1	201	3.28e-15	72.8
6_300	6_191	30.412	194	125	6	336	525	1	188	3.65e-13	66.6
6_300	6_461	26.415	212	137	7	336	539	1	201	5.13e-12	62.8
6_300	6_408	31.138	167	94	7	369	522	501	659	6.99e-10	55.8
6_300	6_171	31.522	184	108	8	354	528	24	198	4.19e-09	52.0
6_300	6_248	23.853	218	133	6	336	525	1	213	7.33e-09	52.4
6_300	6_67	31.694	183	103	8	355	522	26	201	2.75e-08	50.4
6_300	6_55	25.510	196	125	7	351	532	79	267	5.84e-08	48.9
6_300	6_358	38.983	59	33	1	467	522	618	676	6.00e-07	46.6
6_300	6_497	27.778	90	61	2	452	538	493	581	1.38e-06	45.4
6_300	6_52	29.612	206	115	11	351	532	29	228	3.92e-06	43.5
6_300	6_490	29.412	85	52	2	441	522	172	251	4.77e-06	43.1
6_300	6_224	30.769	78	53	1	327	404	1	77	8.22e-06	42.7
6_300	6_224	35.294	68	41	1	464	528	229	296	6.66e-05	39.7
6_300	6_268	26.699	206	131	7	336	523	9	212	4.18e-05	39.7
6_300	6_391	38.983	59	33	1	467	522	281	339	5.50e-05	40.0
6_301	6_301	100.000	65	0	0	1	65	1	65	5.15e-45	133
6_302	6_302	100.000	95	0	0	1	95	1	95	3.81e-64	184
6_302	6_463	45.263	95	45	3	1	95	16	103	1.28e-17	70.9
6_302	6_522	100.000	25	0	0	71	95	1	25	6.72e-11	51.6
6_303	6_303	100.000	512	0	0	1	512	1	512	0.0	1018
6_303	6_67	30.273	512	328	14	11	511	12	505	8.93e-54	184
6_303	6_191	23.938	259	169	9	6	263	1	232	1.42e-14	70.9
6_303	6_191	23.301	206	140	4	282	487	16	203	1.54e-06	45.1
6_303	6_55	25.108	231	157	8	6	228	60	282	5.50e-14	67.4
6_303	6_55	30.263	76	53	0	412	487	199	274	1.95e-04	37.7
6_303	6_461	25.592	211	143	5	6	215	1	198	8.21e-14	68.6
6_303	6_461	26.020	196	127	5	277	472	11	188	2.97e-10	57.0
6_303	6_171	25.676	222	145	6	6	221	5	212	9.74e-14	65.5
6_303	6_171	25.446	224	142	7	283	501	22	225	6.92e-09	51.2
6_303	6_462	25.688	218	140	7	20	235	15	212	1.40e-13	67.4
6_303	6_462	27.753	227	134	7	282	505	16	215	3.33e-13	66.2
6_303	6_31	24.576	236	141	7	13	223	14	237	3.66e-12	61.6
6_303	6_31	27.928	222	131	9	286	489	26	236	6.15e-12	61.2
6_303	6_246	27.273	220	125	10	21	225	19	218	4.22e-12	61.2
6_303	6_246	25.541	231	157	8	264	492	1	218	7.32e-06	42.0
6_303	6_268	24.464	233	160	7	22	245	27	252	1.52e-11	59.3
6_303	6_268	21.875	224	167	5	267	487	12	230	9.98e-08	47.8
6_303	6_516	30.455	220	112	7	2	206	320	513	3.49e-11	59.7
6_303	6_224	30.147	136	88	4	112	244	202	333	7.89e-11	58.5
6_303	6_224	28.431	102	68	3	6	107	10	106	3.54e-08	50.1
6_303	6_224	25.287	87	64	1	404	489	224	310	4.51e-05	40.0
6_303	6_391	36.634	101	54	3	129	223	264	360	8.59e-11	58.2
6_303	6_391	35.443	79	50	1	412	489	281	359	4.36e-07	46.6
6_303	6_391	41.071	56	29	1	6	57	43	98	3.12e-06	43.9
6_303	6_497	34.409	93	54	2	402	490	498	587	1.51e-10	58.2
6_303	6_497	29.213	89	58	2	133	220	500	584	8.83e-08	49.3
6_303	6_497	29.348	92	54	4	16	104	48	131	8.24e-07	45.8
6_303	6_490	23.420	269	153	9	29	246	30	296	3.71e-10	56.2
6_303	6_490	32.609	92	57	2	399	489	184	271	1.01e-06	45.4
6_303	6_203	25.424	236	134	10	22	230	143	363	1.28e-09	54.7
6_303	6_203	25.296	253	145	8	262	487	118	353	4.98e-08	49.7
6_303	6_358	30.097	103	62	3	129	225	601	699	4.61e-08	50.1
6_303	6_358	27.723	101	72	1	410	509	616	716	1.39e-05	42.0
6_303	6_248	24.599	187	125	4	6	176	1	187	4.92e-07	46.6
6_303	6_52	26.267	217	134	9	32	230	40	248	5.23e-06	43.1
6_303	6_52	33.333	81	53	1	410	489	160	240	6.05e-05	39.7
6_303	6_408	22.353	170	119	4	37	202	499	659	2.86e-05	41.2
6_303	6_474	26.230	183	118	8	37	215	365	534	6.96e-04	36.6
6_303	6_222	27.184	103	72	1	373	472	795	897	7.28e-04	36.6
6_304	6_304	100.000	133	0	0	1	133	1	133	3.50e-93	260
6_305	6_305	100.000	121	0	0	1	121	1	121	7.43e-88	246
6_306	6_306	100.000	276	0	0	1	276	1	276	0.0	566
6_306	6_20	27.170	265	163	10	5	249	21	275	9.37e-14	64.7
6_306	6_213	23.897	272	196	8	2	272	4	265	8.85e-12	58.5
6_306	6_409	23.704	270	160	9	1	248	1	246	4.52e-06	41.6
6_306	6_180	27.397	73	51	1	2	72	7	79	4.66e-05	38.5
6_306	6_478	25.877	228	143	10	7	224	8	219	8.55e-04	34.7
6_307	6_307	100.000	690	0	0	1	690	1	690	0.0	1372
6_308	6_308	100.000	1018	0	0	1	1018	1	1018	0.0	1981
6_308	6_335	27.186	1052	662	31	6	991	1	1014	2.35e-81	281
6_308	6_457	32.867	286	182	5	11	289	3	285	1.62e-34	137
6_308	6_457	31.724	290	137	11	545	783	743	1022	4.33e-23	100
6_308	6_457	32.231	121	72	5	361	474	477	594	1.70e-05	43.1
6_308	6_487	26.667	240	154	8	18	255	1	220	1.65e-09	56.2
6_308	6_509	21.891	804	468	31	11	699	2	760	4.19e-09	55.1
6_308	6_331	25.112	446	278	14	14	436	18	430	1.66e-07	49.7
6_309	6_309	100.000	184	0	0	1	184	1	184	5.69e-137	375
6_310	6_310	100.000	87	0	0	1	87	1	87	9.84e-63	179
6_311	6_311	100.000	197	0	0	1	197	1	197	2.29e-134	369
6_312	6_312	100.000	641	0	0	1	641	1	641	0.0	1287
6_312	6_37	44.131	639	334	9	3	626	5	635	6.86e-168	489
6_313	6_313	100.000	321	0	0	1	321	1	321	0.0	642
6_313	6_27	42.857	56	28	1	8	63	15	66	1.34e-07	47.4
6_314	6_314	100.000	99	0	0	1	99	1	99	6.11e-69	196
6_315	6_315	100.000	615	0	0	1	615	1	615	0.0	1266
6_316	6_316	100.000	317	0	0	1	317	1	317	0.0	643
6_317	6_317	100.000	225	0	0	1	225	1	225	2.69e-163	445
6_318	6_318	100.000	507	0	0	1	507	1	507	0.0	1014
6_318	6_365	43.385	325	173	6	125	444	105	423	1.46e-74	239
6_318	6_319	27.027	370	259	7	58	421	44	408	1.26e-26	107
6_318	6_179	24.291	247	181	5	37	278	15	260	7.86e-08	48.9
6_319	6_319	100.000	471	0	0	1	471	1	471	0.0	952
6_319	6_179	37.168	452	279	4	7	456	2	450	4.21e-104	313
6_319	6_318	27.027	370	259	7	44	408	58	421	1.17e-26	107
6_319	6_365	22.712	295	216	6	63	348	49	340	5.41e-08	49.3
6_320	6_320	100.000	161	0	0	1	161	1	161	6.41e-118	325
6_321	6_321	100.000	306	0	0	1	306	1	306	0.0	607
6_322	6_322	100.000	440	0	0	1	440	1	440	0.0	876
6_322	6_447	36.269	193	110	4	101	283	125	314	2.22e-26	103
6_323	6_323	100.000	691	0	0	1	691	1	691	0.0	1391
6_324	6_324	100.000	1585	0	0	1	1585	1	1585	0.0	3138
6_324	6_207	26.791	321	181	13	919	1223	625	907	6.13e-14	71.6
6_324	6_207	37.383	107	59	3	281	385	297	397	1.01e-05	44.7
6_325	6_325	100.000	227	0	0	1	227	1	227	9.20e-170	461
6_326	6_326	100.000	999	0	0	1	999	1	999	0.0	2020
6_327	6_327	100.000	238	0	0	1	238	1	238	1.06e-172	469
6_328	6_328	100.000	821	0	0	1	821	1	821	0.0	1660
6_328	6_448	22.179	514	380	10	10	510	6	512	1.89e-31	125
6_329	6_329	100.000	482	0	0	1	482	1	482	0.0	935
6_330	6_330	100.000	169	0	0	1	169	1	169	3.24e-121	334
6_331	6_331	100.000	1086	0	0	1	1086	1	1086	0.0	2138
6_331	6_335	24.889	450	276	16	23	431	12	440	1.74e-08	53.1
6_331	6_308	24.947	469	294	15	18	451	14	459	8.11e-08	50.8
6_331	6_457	23.077	221	145	5	31	226	14	234	7.17e-05	41.2
6_331	6_509	22.707	458	302	16	16	430	5	453	1.08e-04	40.8
6_331	6_487	27.523	218	136	8	62	260	30	244	1.34e-04	40.4
6_332	6_332	100.000	692	0	0	1	692	1	692	0.0	1372
6_333	6_333	100.000	142	0	0	1	142	1	142	1.43e-98	274
6_334	6_334	100.000	1072	0	0	1	1072	1	1072	0.0	2157
6_334	6_412	29.094	1093	649	31	13	1070	17	1018	4.52e-114	372
6_334	6_458	29.947	374	210	11	5	335	7	371	3.65e-30	123
6_334	6_458	24.450	409	218	19	445	778	584	976	3.16e-08	52.0
6_334	6_508	29.677	155	101	3	13	161	10	162	5.11e-13	67.8
6_334	6_499	26.941	219	124	7	17	201	9	225	6.36e-08	51.2
6_335	6_335	100.000	1080	0	0	1	1080	1	1080	0.0	2150
6_335	6_308	27.238	1061	650	33	1	1014	6	991	1.02e-82	285
6_335	6_457	31.988	322	208	5	4	322	1	314	3.21e-43	166
6_335	6_457	26.174	298	176	8	521	777	726	1020	8.48e-17	80.1
6_335	6_457	35.088	114	70	4	357	468	472	583	4.17e-10	58.5
6_335	6_509	24.593	553	308	20	6	496	4	509	3.94e-14	71.6
6_335	6_487	24.682	393	234	13	26	394	7	361	4.48e-13	67.8
6_335	6_331	24.889	450	276	16	12	440	23	431	1.95e-08	52.8
6_336	6_336	100.000	524	0	0	1	524	1	524	0.0	1021
6_336	6_486	24.573	293	191	10	9	294	4	273	4.90e-13	65.9
6_337	6_337	100.000	374	0	0	1	374	1	374	0.0	775
6_338	6_338	100.000	1372	0	0	1	1372	1	1372	0.0	2695
6_338	6_349	68.032	1392	418	7	1	1372	1	1385	0.0	1835
6_339	6_339	100.000	382	0	0	1	382	1	382	0.0	740
6_339	6_340	55.024	209	91	2	176	381	3	211	2.30e-64	199
6_340	6_340	100.000	212	0	0	1	212	1	212	8.39e-150	410
6_340	6_339	55.024	209	91	2	3	211	176	381	9.26e-57	179
6_341	6_341	100.000	93	0	0	1	93	1	93	5.85e-63	181
6_342	6_342	100.000	278	0	0	1	278	1	278	0.0	540
6_342	6_83	27.350	117	73	3	110	226	48	152	1.66e-06	42.7
6_342	6_83	33.333	93	52	3	121	213	35	117	3.31e-05	38.9
6_343	6_343	100.000	1470	0	0	1	1470	1	1470	0.0	2979
6_343	6_398	21.944	720	358	26	789	1426	188	785	6.25e-17	81.3
6_344	6_344	100.000	109	0	0	1	109	1	109	1.55e-75	213
6_344	6_454	32.812	64	42	1	38	100	79	142	7.23e-06	37.4
6_345	6_345	100.000	856	0	0	1	856	1	856	0.0	1721
6_345	6_554	30.952	588	378	12	171	746	1	572	3.71e-73	249
6_345	6_554	25.191	131	87	5	727	853	456	579	3.75e-04	38.5
6_345	6_546	58.407	113	47	0	56	168	12	124	1.83e-44	151
6_346	6_346	100.000	232	0	0	1	232	1	232	2.52e-164	448
6_347	6_347	100.000	872	0	0	1	872	1	872	0.0	1765
6_348	6_348	100.000	1982	0	0	1	1982	1	1982	0.0	3877
6_348	6_549	30.345	870	557	19	45	884	8	858	1.08e-93	321
6_348	6_517	35.264	397	210	11	60	425	37	417	1.03e-53	194
6_349	6_349	100.000	1386	0	0	1	1386	1	1386	0.0	2742
6_349	6_338	68.032	1392	418	7	1	1385	1	1372	0.0	1831
6_350	6_350	100.000	607	0	0	1	607	1	607	0.0	1220
6_351	6_351	100.000	297	0	0	1	297	1	297	0.0	599
6_352	6_352	100.000	205	0	0	1	205	1	205	5.05e-145	397
6_353	6_353	100.000	416	0	0	1	416	1	416	0.0	798
6_354	6_354	100.000	419	0	0	1	419	1	419	0.0	848
6_355	6_355	100.000	611	0	0	1	611	1	611	0.0	1226
6_355	6_552	29.483	329	224	5	285	609	15	339	3.35e-45	158
6_355	6_536	30.303	132	90	1	169	300	17	146	6.29e-15	67.4
6_355	6_187	24.277	346	195	13	155	482	2	298	3.34e-08	50.1
6_355	6_155	26.351	148	100	5	335	477	159	302	1.26e-04	39.3
6_356	6_356	100.000	306	0	0	1	306	1	306	0.0	609
6_357	6_357	100.000	939	0	0	1	939	1	939	0.0	1905
6_358	6_358	100.000	775	0	0	1	775	1	775	0.0	1531
6_358	6_391	37.349	249	138	4	530	775	204	437	1.19e-42	155
6_358	6_391	40.206	97	54	2	22	115	61	156	4.39e-13	66.6
6_358	6_203	45.536	112	61	0	614	725	273	384	6.08e-30	118
6_358	6_203	31.250	96	61	2	33	123	152	247	6.86e-07	47.0
6_358	6_52	37.267	161	81	3	570	722	118	266	1.09e-25	103
6_358	6_224	32.117	137	92	1	584	720	199	334	4.79e-20	88.2
6_358	6_497	26.761	142	97	3	584	725	480	614	2.51e-17	80.9
6_358	6_497	28.049	164	100	5	12	158	42	204	6.82e-07	47.0
6_358	6_31	39.091	110	66	1	599	708	140	248	2.62e-16	75.1
6_358	6_490	37.363	91	57	0	619	709	194	284	3.15e-15	72.8
6_358	6_246	36.275	102	64	1	607	708	127	227	7.27e-15	70.1
6_358	6_246	33.333	75	43	3	27	100	23	91	7.69e-04	36.6
6_358	6_268	30.508	118	73	2	597	706	134	250	1.62e-13	65.9
6_358	6_55	31.000	100	68	1	607	706	188	286	3.37e-13	65.9
6_358	6_171	32.258	93	62	1	615	707	133	224	2.02e-11	59.3
6_358	6_171	40.426	47	28	0	23	69	21	67	6.40e-07	45.8
6_358	6_462	34.940	83	52	1	616	698	127	207	2.39e-09	55.1
6_358	6_303	30.097	103	62	3	601	699	129	225	7.15e-08	50.1
6_358	6_303	27.723	101	72	1	616	716	410	509	2.12e-05	42.0
6_358	6_191	30.476	105	65	2	618	722	129	225	5.06e-07	47.4
6_358	6_461	27.957	93	65	1	597	689	108	198	7.32e-07	47.0
6_358	6_300	38.983	59	33	1	618	676	467	522	7.33e-07	47.0
6_358	6_67	25.532	94	63	2	609	699	398	487	8.27e-06	43.5
6_358	6_474	36.508	63	34	2	38	96	364	424	1.03e-04	40.0
6_358	6_222	33.333	102	63	3	601	700	476	574	1.46e-04	39.7
6_358	6_248	28.169	71	47	1	619	689	449	515	0.001	36.6
6_358	6_516	37.313	67	38	2	612	678	449	511	0.001	36.6
6_359	6_359	100.000	443	0	0	1	443	1	443	0.0	885
6_360	6_360	100.000	1425	0	0	1	1425	1	1425	0.0	2874
6_361	6_361	100.000	305	0	0	1	305	1	305	0.0	610
6_362	6_362	100.000	231	0	0	1	231	1	231	1.38e-161	441
6_363	6_363	100.000	527	0	0	1	527	1	527	0.0	1024
6_364	6_364	100.000	741	0	0	1	741	1	741	0.0	1495
6_365	6_365	100.000	511	0	0	1	511	1	511	0.0	1046
6_365	6_318	43.385	325	173	6	105	423	125	444	1.47e-74	239
6_365	6_319	22.712	295	216	6	49	340	63	348	5.87e-08	49.3
6_365	6_179	22.819	298	203	11	116	400	119	402	4.07e-06	43.5
6_366	6_366	100.000	246	0	0	1	246	1	246	0.0	498
6_367	6_367	100.000	304	0	0	1	304	1	304	0.0	590
6_367	6_430	22.266	256	179	5	58	300	61	309	1.08e-12	62.0
6_368	6_368	100.000	705	0	0	1	705	1	705	0.0	1385
6_369	6_369	100.000	317	0	0	1	317	1	317	0.0	634
6_370	6_370	100.000	201	0	0	1	201	1	201	8.78e-150	409
6_371	6_371	100.000	553	0	0	1	553	1	553	0.0	1135
6_371	6_372	65.180	471	141	6	80	533	189	653	0.0	595
6_371	6_372	42.500	120	41	6	4	111	1	104	5.54e-14	68.9
6_371	6_529	39.588	485	271	7	44	513	137	614	4.72e-106	326
6_371	6_520	38.753	449	221	17	98	512	1	429	8.03e-76	241
6_371	6_558	34.104	346	185	7	199	514	28	360	1.83e-55	186
6_371	6_18	30.496	423	234	11	144	519	131	540	6.82e-44	159
6_371	6_519	30.151	199	109	8	18	195	17	206	8.52e-12	59.3
6_372	6_372	100.000	660	0	0	1	660	1	660	0.0	1335
6_372	6_371	65.598	468	138	6	192	653	83	533	0.0	595
6_372	6_371	42.500	120	41	6	1	104	4	111	6.06e-14	69.3
6_372	6_529	43.091	427	224	5	209	633	205	614	1.20e-103	323
6_372	6_520	40.865	416	204	12	237	632	36	429	1.27e-79	254
6_372	6_558	35.912	362	181	7	300	634	23	360	1.56e-60	201
6_372	6_18	31.020	461	254	11	214	632	95	533	4.47e-51	181
6_372	6_519	39.655	58	33	2	237	293	143	199	4.12e-06	42.7
6_373	6_373	100.000	3563	0	0	1	3563	1	3563	0.0	7171
6_373	6_374	24.715	263	143	12	496	739	346	572	8.58e-06	46.2
6_373	6_374	24.051	237	127	10	2640	2851	2827	3035	1.77e-04	42.0
6_374	6_374	100.000	3757	0	0	1	3757	1	3757	0.0	7533
6_374	6_373	24.715	263	143	12	346	572	496	739	8.25e-06	46.2
6_374	6_373	24.051	237	127	10	2827	3035	2640	2851	2.33e-04	41.6
6_375	6_375	100.000	231	0	0	1	231	1	231	7.81e-171	464
6_376	6_376	100.000	300	0	0	1	300	1	300	0.0	605
6_376	6_3	32.331	266	149	14	25	283	23	264	6.96e-24	93.6
6_376	6_260	33.088	136	64	8	16	150	4	113	8.86e-06	40.8
6_377	6_377	100.000	145	0	0	1	145	1	145	4.02e-105	291
6_378	6_378	100.000	385	0	0	1	385	1	385	0.0	768
6_378	6_121	32.877	219	139	5	160	377	106	317	2.14e-21	88.6
6_378	6_120	24.000	225	145	7	175	384	151	364	5.05e-04	36.2
6_379	6_379	100.000	407	0	0	1	407	1	407	0.0	811
6_380	6_380	100.000	186	0	0	1	186	1	186	1.20e-136	374
6_380	6_88	26.772	127	68	4	46	151	81	203	2.18e-04	35.4
6_381	6_381	100.000	180	0	0	1	180	1	180	1.44e-132	363
6_382	6_382	100.000	293	0	0	1	293	1	293	0.0	585
6_382	6_149	29.530	149	90	6	9	152	5	143	1.56e-09	52.8
6_382	6_149	35.593	59	38	0	9	67	173	231	2.71e-06	42.7
6_382	6_118	37.705	61	35	1	5	65	218	275	4.25e-05	38.9
6_382	6_231	39.344	61	33	3	10	69	19	76	2.41e-04	35.8
6_382	6_504	29.524	105	66	3	9	110	113	212	4.25e-04	35.4
6_383	6_383	100.000	250	0	0	1	250	1	250	0.0	511
6_383	6_460	27.451	204	135	5	3	203	121	314	1.95e-15	69.3
6_384	6_384	100.000	473	0	0	1	473	1	473	0.0	926
6_385	6_385	100.000	259	0	0	1	259	1	259	0.0	523
6_386	6_386	100.000	173	0	0	1	173	1	173	2.07e-125	345
6_387	6_387	100.000	163	0	0	1	163	1	163	1.45e-116	322
6_388	6_388	100.000	883	0	0	1	883	1	883	0.0	1785
6_389	6_389	100.000	709	0	0	1	709	1	709	0.0	1426
6_390	6_390	100.000	489	0	0	1	489	1	489	0.0	983
6_390	6_417	27.500	160	109	3	145	300	110	266	7.06e-12	62.0
6_390	6_417	46.809	47	22	1	439	482	489	535	5.27e-08	49.7
6_390	6_435	23.176	466	288	19	51	483	14	442	1.40e-10	57.4
6_391	6_391	100.000	443	0	0	1	443	1	443	0.0	890
6_391	6_358	37.349	249	138	4	204	437	530	775	5.37e-43	156
6_391	6_358	40.206	97	54	2	61	156	22	115	2.38e-13	66.6
6_391	6_203	45.082	122	66	1	273	394	269	389	1.45e-28	112
6_391	6_203	36.111	108	52	4	59	156	139	239	4.51e-12	62.0
6_391	6_224	27.041	392	247	11	43	417	10	379	7.45e-24	97.8
6_391	6_52	37.500	136	83	1	252	385	131	266	1.93e-23	95.5
6_391	6_52	29.630	135	70	5	32	157	7	125	6.06e-09	52.0
6_391	6_497	38.298	94	57	1	274	366	501	594	5.40e-17	77.8
6_391	6_497	30.469	128	74	3	38	165	33	145	9.90e-11	58.2
6_391	6_268	34.711	121	77	2	251	371	126	244	5.15e-16	72.4
6_391	6_31	36.719	128	73	3	261	386	139	260	2.00e-15	71.2
6_391	6_490	33.333	90	60	0	282	371	194	283	8.42e-15	70.1
6_391	6_55	42.857	84	47	1	276	359	194	276	1.01e-14	69.3
6_391	6_55	32.407	108	68	2	42	147	59	163	3.10e-07	46.2
6_391	6_171	32.353	102	68	1	278	379	133	233	3.64e-12	60.5
6_391	6_171	31.915	47	32	0	63	109	22	68	8.11e-04	35.4
6_391	6_246	32.500	120	77	3	244	363	104	219	3.76e-12	61.2
6_391	6_303	36.634	101	54	3	264	360	129	223	7.44e-11	58.2
6_391	6_303	35.443	79	50	1	281	359	412	489	3.77e-07	46.6
6_391	6_303	41.071	56	29	1	43	98	6	57	2.70e-06	43.9
6_391	6_462	35.556	90	52	3	281	367	129	215	1.74e-08	50.8
6_391	6_461	25.191	131	91	3	223	351	72	197	7.62e-08	48.9
6_391	6_191	29.600	125	78	5	267	390	115	230	2.19e-07	47.4
6_391	6_67	25.954	131	94	2	229	359	357	484	1.09e-05	42.0
6_391	6_67	33.333	45	30	0	64	108	24	68	5.73e-04	36.6
6_391	6_300	38.983	59	33	1	281	339	467	522	4.60e-05	40.0
6_391	6_516	29.412	85	53	2	30	111	308	388	1.00e-04	38.9
6_391	6_474	27.132	129	76	4	23	138	302	425	2.28e-04	37.7
6_391	6_222	26.984	189	115	7	240	424	450	619	6.34e-04	36.6
6_391	6_248	34.783	46	30	0	62	107	16	61	6.75e-04	36.2
6_392	6_392	100.000	2033	0	0	1	2033	1	2033	0.0	4095
6_393	6_393	100.000	477	0	0	1	477	1	477	0.0	968
6_394	6_394	100.000	384	0	0	1	384	1	384	0.0	768
6_395	6_395	100.000	276	0	0	1	276	1	276	0.0	550
6_395	6_4	36.255	251	125	6	1	233	1	234	9.18e-32	114
6_396	6_396	100.000	377	0	0	1	377	1	377	0.0	759
6_397	6_397	100.000	293	0	0	1	293	1	293	0.0	579
6_398	6_398	100.000	981	0	0	1	981	1	981	0.0	1979
6_398	6_343	21.944	720	358	26	188	785	789	1426	4.47e-17	80.9
6_399	6_399	100.000	666	0	0	1	666	1	666	0.0	1351
6_400	6_400	100.000	579	0	0	1	579	1	579	0.0	1178
6_401	6_401	100.000	327	0	0	1	327	1	327	0.0	660
6_402	6_402	100.000	246	0	0	1	246	1	246	1.67e-179	488
6_403	6_403	100.000	505	0	0	1	505	1	505	0.0	1030
6_404	6_404	100.000	285	0	0	1	285	1	285	0.0	558
6_405	6_405	100.000	462	0	0	1	462	1	462	0.0	931
6_406	6_406	100.000	826	0	0	1	826	1	826	0.0	1674
6_406	6_289	28.413	630	325	21	29	613	34	582	6.07e-49	177
6_407	6_407	100.000	816	0	0	1	816	1	816	0.0	1677
6_407	6_475	28.571	616	326	23	249	802	246	809	9.95e-45	167
6_408	6_408	100.000	679	0	0	1	679	1	679	0.0	1345
6_408	6_474	28.070	285	183	6	357	633	225	495	9.79e-15	71.6
6_408	6_456	28.086	324	194	14	354	659	208	510	7.77e-11	59.3
6_408	6_462	31.285	179	100	8	499	669	32	195	5.33e-10	56.6
6_408	6_171	29.630	189	109	7	500	678	38	212	6.73e-10	54.7
6_408	6_300	31.138	167	94	7	501	659	369	522	6.92e-10	56.2
6_408	6_516	28.571	189	106	7	462	637	317	489	2.32e-09	54.7
6_408	6_55	29.167	168	103	8	501	659	97	257	4.03e-08	50.1
6_408	6_461	24.479	192	131	5	490	677	23	204	2.05e-07	48.5
6_408	6_246	26.540	211	118	10	463	660	11	197	3.81e-07	46.6
6_408	6_490	27.706	231	100	13	465	636	4	226	2.41e-05	41.6
6_408	6_303	22.353	170	119	4	499	659	37	202	4.71e-05	40.8
6_408	6_191	24.510	204	131	6	468	669	13	195	1.15e-04	39.7
6_408	6_268	28.814	177	108	5	497	659	40	212	3.49e-04	37.4
6_408	6_248	25.126	199	105	10	499	666	32	217	5.60e-04	37.4
6_409	6_409	100.000	269	0	0	1	269	1	269	0.0	536
6_409	6_478	25.000	284	152	12	4	258	3	254	9.82e-07	43.9
6_409	6_306	23.704	270	160	9	1	246	1	248	4.41e-06	41.6
6_409	6_213	32.203	59	40	0	188	246	183	241	1.10e-04	37.4
6_409	6_180	32.877	73	43	1	180	246	186	258	2.69e-04	36.2
6_410	6_410	100.000	719	0	0	1	719	1	719	0.0	1432
6_411	6_411	100.000	226	0	0	1	226	1	226	4.60e-171	464
6_412	6_412	100.000	1019	0	0	1	1019	1	1019	0.0	2026
6_412	6_334	28.598	1091	657	29	17	1018	13	1070	3.26e-105	348
6_412	6_458	32.258	248	151	8	13	248	10	252	9.81e-24	102
6_412	6_508	26.923	156	100	7	12	159	7	156	3.78e-07	48.5
6_413	6_413	100.000	871	0	0	1	871	1	871	0.0	1714
6_414	6_414	100.000	184	0	0	1	184	1	184	4.90e-135	370
6_415	6_415	100.000	266	0	0	1	266	1	266	0.0	525
6_415	6_513	37.143	105	61	3	22	121	37	141	3.16e-14	65.9
6_416	6_416	100.000	177	0	0	1	177	1	177	9.70e-130	356
6_417	6_417	100.000	567	0	0	1	567	1	567	0.0	1145
6_417	6_435	28.163	245	158	8	14	247	18	255	1.32e-12	64.3
6_417	6_435	46.154	39	21	0	503	541	409	447	1.44e-05	42.0
6_417	6_390	27.338	139	98	2	110	245	145	283	2.93e-10	57.0
6_417	6_390	46.809	47	22	1	489	535	439	482	6.11e-08	49.7
6_418	6_418	100.000	428	0	0	1	428	1	428	0.0	854
6_419	6_419	100.000	865	0	0	1	865	1	865	0.0	1714
6_420	6_420	100.000	188	0	0	1	188	1	188	1.06e-138	380
6_421	6_421	100.000	408	0	0	1	408	1	408	0.0	824
6_422	6_422	100.000	666	0	0	1	666	1	666	0.0	1345
6_422	6_476	62.963	81	30	0	232	312	200	280	2.70e-25	105
6_423	6_423	100.000	240	0	0	1	240	1	240	0.0	504
6_424	6_424	100.000	514	0	0	1	514	1	514	0.0	1041
6_424	6_455	25.828	151	101	3	2	141	50	200	2.04e-09	54.3
6_424	6_455	34.426	61	35	2	294	349	574	634	2.60e-05	41.2
6_424	6_263	34.444	90	58	1	3	91	29	118	2.95e-08	50.8
6_424	6_263	33.000	100	59	3	264	355	513	612	1.02e-07	48.9
6_424	6_441	23.560	191	114	4	3	161	32	222	2.04e-07	48.1
6_425	6_425	100.000	469	0	0	1	469	1	469	0.0	937
6_426	6_426	100.000	194	0	0	1	194	1	194	1.37e-142	390
6_427	6_427	100.000	810	0	0	1	810	1	810	0.0	1635
6_427	6_464	45.920	821	383	17	1	794	1	787	0.0	628
6_427	6_492	32.933	832	453	26	1	780	1	779	2.69e-98	318
6_427	6_59	71.667	60	17	0	8	67	3	62	4.40e-24	91.3
6_428	6_428	100.000	467	0	0	1	467	1	467	0.0	954
6_429	6_429	100.000	361	0	0	1	361	1	361	0.0	734
6_430	6_430	100.000	315	0	0	1	315	1	315	0.0	628
6_430	6_367	22.266	256	179	5	61	309	58	300	1.12e-12	62.0
6_431	6_431	100.000	369	0	0	1	369	1	369	0.0	744
6_432	6_432	100.000	219	0	0	1	219	1	219	3.15e-160	436
6_433	6_433	100.000	216	0	0	1	216	1	216	5.24e-157	428
6_434	6_434	100.000	418	0	0	1	418	1	418	0.0	851
6_435	6_435	100.000	449	0	0	1	449	1	449	0.0	922
6_435	6_417	28.163	245	158	8	18	255	14	247	1.04e-12	64.3
6_435	6_417	46.154	39	21	0	409	447	503	541	1.14e-05	42.0
6_435	6_390	23.176	466	288	19	14	442	51	483	2.26e-09	53.5
6_436	6_436	100.000	475	0	0	1	475	1	475	0.0	922
6_437	6_437	100.000	627	0	0	1	627	1	627	0.0	1246
6_438	6_438	100.000	137	0	0	1	137	1	137	2.12e-97	271
6_439	6_439	100.000	520	0	0	1	520	1	520	0.0	1014
6_440	6_440	100.000	639	0	0	1	639	1	639	0.0	1252
6_441	6_441	100.000	823	0	0	1	823	1	823	0.0	1657
6_441	6_455	24.291	741	451	18	18	668	34	754	1.20e-48	180
6_441	6_263	22.781	338	192	11	393	679	398	717	1.27e-13	68.9
6_441	6_263	27.174	184	113	4	6	186	3	168	7.80e-09	53.5
6_441	6_424	23.560	191	114	4	32	222	3	161	2.70e-07	48.1
6_442	6_442	100.000	783	0	0	1	783	1	783	0.0	1565
6_443	6_443	100.000	112	0	0	1	112	1	112	4.52e-78	220
6_444	6_444	100.000	463	0	0	1	463	1	463	0.0	924
6_445	6_445	100.000	619	0	0	1	619	1	619	0.0	1248
6_446	6_446	100.000	336	0	0	1	336	1	336	0.0	678
6_446	6_239	41.538	325	178	6	7	326	7	324	4.78e-73	224
6_446	6_264	27.324	355	206	17	9	327	325	663	9.72e-14	66.6
6_447	6_447	100.000	333	0	0	1	333	1	333	0.0	664
6_447	6_322	34.375	192	115	3	125	314	101	283	7.56e-25	99.0
6_448	6_448	100.000	673	0	0	1	673	1	673	0.0	1348
6_448	6_328	22.179	514	380	10	6	512	10	510	1.42e-31	125
6_449	6_449	100.000	251	0	0	1	251	1	251	0.0	493
6_450	6_450	100.000	534	0	0	1	534	1	534	0.0	1060
6_451	6_451	100.000	439	0	0	1	439	1	439	0.0	874
6_452	6_452	100.000	443	0	0	1	443	1	443	0.0	874
6_453	6_453	100.000	333	0	0	1	333	1	333	0.0	660
6_454	6_454	100.000	150	0	0	1	150	1	150	5.60e-105	291
6_454	6_344	35.526	76	48	1	67	142	26	100	3.11e-08	44.3
6_455	6_455	100.000	886	0	0	1	886	1	886	0.0	1805
6_455	6_441	24.212	698	427	16	34	711	18	633	2.58e-47	176
6_455	6_263	22.941	340	205	10	440	753	393	701	1.46e-14	72.4
6_455	6_263	23.563	174	120	3	27	199	8	169	7.19e-09	53.9
6_455	6_424	25.828	151	101	3	50	200	2	141	3.52e-09	54.3
6_455	6_424	34.426	61	35	2	574	634	294	349	4.48e-05	41.2
6_456	6_456	100.000	535	0	0	1	535	1	535	0.0	1040
6_456	6_474	31.836	512	323	9	31	526	35	536	7.37e-56	191
6_456	6_300	31.132	212	136	3	321	526	331	538	1.86e-30	119
6_456	6_516	31.552	393	216	17	155	521	155	520	2.97e-25	103
6_456	6_246	32.353	204	117	11	327	514	2	200	7.90e-13	63.5
6_456	6_461	30.882	204	134	4	327	527	2	201	2.49e-11	60.5
6_456	6_408	32.184	174	95	8	352	510	494	659	1.05e-10	58.5
6_456	6_191	29.167	216	128	8	327	530	2	204	6.44e-09	52.8
6_456	6_462	29.167	216	137	9	327	534	2	209	7.20e-08	49.3
6_456	6_55	29.570	186	108	8	341	510	79	257	1.75e-07	47.4
6_456	6_248	35.185	54	35	0	335	388	10	63	9.11e-06	42.7
6_456	6_171	26.374	182	119	7	342	514	22	197	1.65e-05	40.8
6_456	6_224	32.787	61	41	0	327	387	11	71	4.91e-05	40.0
6_456	6_497	25.301	83	59	1	324	406	36	115	3.12e-04	37.7
6_456	6_67	25.532	188	118	5	346	517	27	208	6.59e-04	36.6
6_457	6_457	100.000	1220	0	0	1	1220	1	1220	0.0	2440
6_457	6_335	31.988	322	208	5	1	314	4	322	4.30e-43	165
6_457	6_335	27.273	286	166	8	726	1008	521	767	1.04e-16	80.1
6_457	6_335	37.168	113	63	5	475	583	360	468	4.37e-10	58.5
6_457	6_308	32.867	286	182	5	3	285	11	289	1.74e-34	137
6_457	6_308	31.724	290	137	11	743	1022	545	783	5.14e-23	100
6_457	6_308	32.231	121	72	5	477	594	361	474	1.89e-05	43.1
6_457	6_487	25.714	245	153	5	10	249	1	221	1.30e-14	73.2
6_457	6_509	26.556	241	150	8	1	234	1	221	5.06e-11	61.6
6_457	6_509	22.749	422	255	19	728	1108	591	982	8.65e-05	41.2
6_457	6_331	23.077	221	145	5	14	234	31	226	6.80e-05	41.6
6_458	6_458	100.000	1177	0	0	1	1177	1	1177	0.0	2363
6_458	6_334	32.576	264	156	5	7	261	5	255	1.76e-29	121
6_458	6_334	24.877	406	214	19	584	973	445	775	6.27e-09	54.7
6_458	6_412	32.258	248	151	8	10	252	13	248	1.13e-23	102
6_458	6_508	28.931	159	100	4	6	161	2	150	6.89e-11	61.2
6_458	6_499	22.622	389	253	14	7	384	2	353	2.09e-05	43.1
6_458	6_548	39.474	38	23	0	281	318	240	277	4.14e-04	38.9
6_459	6_459	100.000	496	0	0	1	496	1	496	0.0	972
6_459	6_510	28.000	400	244	15	122	489	188	575	4.20e-23	97.1
6_460	6_460	100.000	344	0	0	1	344	1	344	0.0	705
6_460	6_383	27.451	204	135	5	121	314	3	203	2.68e-15	69.3
6_461	6_461	100.000	772	0	0	1	772	1	772	0.0	1507
6_461	6_462	48.402	438	198	9	1	416	1	432	9.81e-108	338
6_461	6_462	45.736	129	70	0	644	772	518	646	8.78e-23	98.2
6_461	6_191	30.788	812	476	21	1	772	1	766	1.91e-86	285
6_461	6_55	29.442	197	127	5	16	202	79	273	4.61e-19	83.6
6_461	6_67	32.673	202	122	5	6	195	12	211	1.44e-15	74.7
6_461	6_303	25.592	211	143	5	1	198	6	215	1.24e-13	68.6
6_461	6_303	26.020	196	127	5	11	188	277	472	4.48e-10	57.0
6_461	6_31	25.000	208	129	5	17	198	23	229	1.34e-13	67.0
6_461	6_300	26.415	212	137	7	1	201	336	539	7.23e-12	62.8
6_461	6_268	27.451	204	119	8	18	198	28	225	8.82e-12	60.8
6_461	6_474	31.373	204	111	9	13	200	346	536	2.82e-11	60.8
6_461	6_456	30.882	204	134	4	2	201	327	527	3.32e-11	60.8
6_461	6_248	22.993	274	175	5	1	240	1	272	9.17e-11	59.3
6_461	6_248	24.645	211	138	8	1	201	319	518	8.08e-06	43.5
6_461	6_497	31.897	116	70	2	102	208	474	589	1.69e-09	55.5
6_461	6_497	30.233	129	77	3	2	120	39	164	2.67e-07	48.5
6_461	6_490	30.986	142	89	5	59	197	128	263	1.91e-09	54.7
6_461	6_490	52.778	36	17	0	21	56	27	62	4.97e-05	40.8
6_461	6_516	28.351	194	128	6	1	188	324	512	1.25e-08	52.4
6_461	6_224	32.394	142	92	3	107	245	211	351	1.60e-08	52.0
6_461	6_224	32.955	88	57	1	7	92	16	103	1.81e-08	51.6
6_461	6_246	23.618	199	141	6	13	202	16	212	9.03e-08	48.9
6_461	6_391	25.191	131	91	3	72	197	223	351	1.33e-07	48.9
6_461	6_408	24.479	192	131	5	23	204	490	677	2.94e-07	48.1
6_461	6_222	39.130	92	47	4	115	200	820	908	6.15e-07	47.4
6_461	6_222	28.571	147	88	6	64	193	416	562	1.41e-04	39.7
6_461	6_358	27.957	93	65	1	108	198	597	689	6.81e-07	47.0
6_461	6_171	27.174	184	109	7	19	188	24	196	2.13e-06	44.3
6_461	6_203	25.592	211	123	8	16	197	142	347	5.65e-06	43.9
6_461	6_52	30.682	88	57	2	114	197	145	232	2.08e-04	38.5
6_462	6_462	100.000	650	0	0	1	650	1	650	0.0	1267
6_462	6_461	48.402	438	198	9	1	432	1	416	7.75e-108	338
6_462	6_461	39.344	183	105	1	470	646	590	772	8.32e-31	123
6_462	6_191	39.823	452	246	10	1	438	1	440	8.30e-90	290
6_462	6_191	29.348	184	126	2	467	646	583	766	2.38e-16	77.4
6_462	6_55	30.732	205	122	6	16	206	79	277	6.26e-20	85.5
6_462	6_300	29.717	212	130	8	1	201	336	539	3.21e-15	73.2
6_462	6_474	32.864	213	115	9	2	198	334	534	4.85e-15	72.8
6_462	6_31	28.169	213	128	6	18	205	24	236	2.35e-14	68.9
6_462	6_246	31.081	222	129	11	1	205	1	215	8.21e-14	66.6
6_462	6_303	25.688	218	140	7	15	212	20	235	1.52e-13	67.8
6_462	6_303	27.753	227	134	7	16	215	282	505	3.91e-13	66.6
6_462	6_67	29.524	210	134	5	10	205	12	221	5.44e-13	65.9
6_462	6_67	27.897	233	136	8	2	208	261	487	2.67e-09	54.3
6_462	6_248	25.641	234	141	6	1	205	1	230	2.31e-12	63.9
6_462	6_248	28.571	210	133	8	1	202	319	519	2.33e-09	54.7
6_462	6_497	34.066	91	58	1	119	207	498	588	1.61e-11	61.6
6_462	6_497	33.333	99	58	3	2	95	39	134	6.35e-07	47.0
6_462	6_171	28.814	236	143	8	4	222	8	235	5.62e-11	57.8
6_462	6_516	28.365	208	110	6	1	188	324	512	8.26e-11	59.3
6_462	6_408	31.285	179	100	8	32	195	499	669	5.80e-10	56.6
6_462	6_490	29.333	150	99	3	60	207	129	273	8.67e-10	55.5
6_462	6_490	43.636	55	31	0	2	56	8	62	1.20e-05	42.4
6_462	6_358	34.940	83	52	1	127	207	616	698	2.17e-09	54.7
6_462	6_268	26.407	231	131	10	14	214	24	245	4.72e-09	52.4
6_462	6_203	23.853	218	142	5	16	209	142	359	5.79e-09	53.1
6_462	6_224	39.535	86	46	3	126	207	229	312	1.02e-08	52.4
6_462	6_224	31.915	94	62	1	1	92	10	103	1.66e-08	51.6
6_462	6_391	32.692	104	64	3	115	215	267	367	2.39e-08	51.2
6_462	6_456	29.167	216	137	9	2	209	327	534	1.19e-07	48.9
6_462	6_52	32.941	85	55	1	127	209	160	244	1.20e-05	42.4
6_462	6_222	36.905	84	44	4	121	198	826	906	1.30e-04	39.3
6_463	6_463	100.000	558	0	0	1	558	1	558	0.0	1127
6_463	6_522	46.275	443	195	12	90	506	12	437	1.19e-118	354
6_463	6_560	42.949	468	208	14	120	553	20	462	1.10e-105	320
6_463	6_501	41.315	426	211	9	148	553	3	409	8.92e-83	260
6_463	6_561	44.533	375	145	12	127	451	1	362	5.20e-74	234
6_463	6_564	41.379	290	132	12	191	451	1	281	4.63e-47	160
6_463	6_562	36.250	320	151	9	180	447	1	319	4.83e-40	143
6_463	6_302	45.263	95	45	3	16	103	1	95	7.05e-17	70.9
6_464	6_464	100.000	806	0	0	1	806	1	806	0.0	1622
6_464	6_427	45.721	818	389	15	1	787	1	794	0.0	627
6_464	6_492	34.731	835	420	31	1	769	1	776	1.13e-103	333
6_464	6_59	68.293	41	13	0	45	85	22	62	9.21e-15	64.7
6_465	6_465	100.000	979	0	0	1	979	1	979	0.0	1930
6_466	6_466	100.000	662	0	0	1	662	1	662	0.0	1331
6_467	6_467	100.000	463	0	0	1	463	1	463	0.0	936
6_468	6_468	100.000	404	0	0	1	404	1	404	0.0	814
6_469	6_469	100.000	229	0	0	1	229	1	229	7.65e-169	459
6_469	6_545	29.932	147	96	3	82	226	110	251	7.28e-09	49.3
6_470	6_470	100.000	324	0	0	1	324	1	324	0.0	643
6_471	6_471	100.000	946	0	0	1	946	1	946	0.0	1866
6_472	6_472	100.000	249	0	0	1	249	1	249	0.0	500
6_473	6_473	100.000	582	0	0	1	582	1	582	0.0	1182
6_474	6_474	100.000	536	0	0	1	536	1	536	0.0	1022
6_474	6_456	31.836	512	323	9	35	536	31	526	1.16e-55	190
6_474	6_300	38.914	221	127	7	320	536	322	538	6.63e-30	117
6_474	6_516	35.922	206	126	5	328	531	319	520	5.41e-24	100
6_474	6_462	32.864	213	115	9	334	534	2	198	4.00e-15	72.8
6_474	6_246	30.189	212	132	8	334	534	2	208	4.43e-14	67.4
6_474	6_408	31.551	187	110	5	319	495	455	633	4.53e-14	69.3
6_474	6_461	31.373	204	111	9	346	536	13	200	2.33e-11	60.8
6_474	6_55	31.527	203	114	11	349	536	79	271	2.76e-08	50.1
6_474	6_248	44.898	49	27	0	346	394	13	61	8.99e-08	48.9
6_474	6_191	28.505	214	123	10	334	534	2	198	7.54e-07	46.2
6_474	6_171	27.273	209	130	9	336	533	8	205	2.82e-06	43.1
6_474	6_67	26.136	176	110	6	363	524	36	205	1.72e-05	41.6
6_474	6_497	33.333	66	43	1	331	396	36	100	2.55e-05	41.2
6_474	6_358	36.508	63	34	2	364	424	38	96	7.50e-05	39.7
6_474	6_490	38.000	100	46	5	327	415	1	95	1.40e-04	38.5
6_474	6_391	27.132	129	76	4	302	425	23	138	3.17e-04	37.7
6_474	6_31	22.527	182	118	4	364	522	37	218	7.74e-04	36.2
6_474	6_303	26.230	183	118	8	365	534	37	215	0.001	36.2
6_475	6_475	100.000	828	0	0	1	828	1	828	0.0	1679
6_475	6_407	28.571	616	326	23	246	809	249	802	6.85e-45	168
6_476	6_476	100.000	760	0	0	1	760	1	760	0.0	1544
6_476	6_537	30.240	334	204	9	309	640	206	512	7.87e-34	132
6_476	6_537	51.807	83	13	3	1	64	1	75	1.06e-11	62.4
6_476	6_550	28.097	331	197	11	310	628	217	518	3.09e-27	112
6_476	6_422	62.963	81	30	0	200	280	232	312	3.36e-25	105
6_477	6_477	100.000	648	0	0	1	648	1	648	0.0	1280
6_478	6_478	100.000	447	0	0	1	447	1	447	0.0	884
6_478	6_213	31.878	229	138	9	1	221	1	219	7.99e-17	75.1
6_478	6_409	27.306	271	162	14	3	254	4	258	1.19e-07	47.4
6_478	6_180	22.305	269	160	7	8	246	12	261	2.82e-06	43.5
6_479	6_479	100.000	186	0	0	1	186	1	186	9.47e-140	382
6_480	6_480	100.000	367	0	0	1	367	1	367	0.0	745
6_480	6_135	35.433	127	57	2	6	132	160	261	9.70e-15	69.7
6_481	6_481	100.000	271	0	0	1	271	1	271	0.0	552
6_482	6_482	100.000	1458	0	0	1	1458	1	1458	0.0	2881
6_483	6_483	100.000	309	0	0	1	309	1	309	0.0	598
6_484	6_484	100.000	510	0	0	1	510	1	510	0.0	1046
6_485	6_485	100.000	249	0	0	1	249	1	249	1.67e-178	485
6_486	6_486	100.000	524	0	0	1	524	1	524	0.0	1014
6_486	6_336	24.573	293	191	10	4	273	9	294	3.91e-13	65.9
6_487	6_487	100.000	876	0	0	1	876	1	876	0.0	1747
6_487	6_457	25.714	245	153	5	1	221	10	249	7.55e-15	73.6
6_487	6_335	24.682	393	234	13	7	361	26	394	3.48e-13	67.8
6_487	6_308	26.667	240	154	8	1	220	18	255	1.37e-09	56.2
6_487	6_509	27.426	237	147	7	3	224	13	239	7.70e-09	53.9
6_487	6_331	25.659	569	340	24	30	560	62	585	1.47e-08	52.8
6_488	6_488	100.000	159	0	0	1	159	1	159	3.80e-117	323
6_488	6_204	32.500	120	78	2	22	140	15	132	1.06e-10	51.6
6_488	6_122	25.714	105	72	3	10	112	3	103	2.72e-05	37.0
6_489	6_489	100.000	620	0	0	1	620	1	620	0.0	1248
6_490	6_490	100.000	386	0	0	1	386	1	386	0.0	763
6_490	6_224	32.059	340	185	10	5	304	8	341	6.88e-38	136
6_490	6_497	40.146	137	82	0	166	302	481	617	1.73e-31	120
6_490	6_497	30.088	113	70	2	7	110	38	150	2.77e-11	59.7
6_490	6_358	37.363	91	57	0	194	284	619	709	1.40e-15	72.8
6_490	6_391	33.333	90	60	0	194	283	282	371	7.33e-15	70.1
6_490	6_268	25.357	280	164	5	6	283	8	244	3.15e-14	66.6
6_490	6_55	24.779	226	119	3	27	252	84	258	1.14e-13	65.9
6_490	6_171	32.143	140	84	3	143	279	90	221	8.45e-12	59.3
6_490	6_203	23.404	141	104	2	164	303	251	388	1.46e-11	60.1
6_490	6_31	25.600	250	143	8	27	272	27	237	1.60e-11	59.3
6_490	6_246	28.571	126	85	2	171	292	112	236	6.09e-11	57.0
6_490	6_52	27.778	126	87	2	176	297	142	267	1.13e-10	57.0
6_490	6_303	23.420	269	153	9	30	296	29	246	2.80e-10	56.2
6_490	6_303	32.609	92	57	2	184	271	399	489	7.63e-07	45.4
6_490	6_462	29.333	150	99	3	129	273	60	207	5.82e-10	55.5
6_490	6_462	43.636	55	31	0	8	62	2	56	6.58e-06	42.4
6_490	6_461	30.986	142	89	5	128	263	59	197	9.55e-10	54.7
6_490	6_461	52.778	36	17	0	27	62	21	56	2.48e-05	40.8
6_490	6_191	34.483	87	53	2	183	268	119	202	9.37e-09	51.6
6_490	6_191	31.579	95	58	3	8	95	2	96	7.28e-04	35.8
6_490	6_67	28.788	132	85	4	146	271	356	484	7.98e-08	48.5
6_490	6_300	29.412	85	52	2	172	251	441	522	2.97e-06	43.5
6_490	6_408	27.706	231	100	13	4	226	465	636	1.12e-05	41.6
6_490	6_474	38.000	100	46	5	1	95	327	415	8.99e-05	38.9
6_490	6_248	27.174	92	64	1	188	276	443	534	2.36e-04	37.4
6_490	6_516	50.000	46	23	0	8	53	325	370	4.19e-04	36.6
6_491	6_491	100.000	310	0	0	1	310	1	310	0.0	624
6_491	6_400	28.571	126	73	4	71	190	437	551	6.13e-04	35.8
6_492	6_492	100.000	810	0	0	1	810	1	810	0.0	1617
6_492	6_464	35.351	826	427	32	1	776	1	769	6.53e-104	333
6_492	6_427	33.655	829	451	28	1	779	1	780	1.90e-100	324
6_492	6_59	49.091	55	21	2	26	73	21	75	1.01e-07	44.7
6_493	6_493	100.000	1411	0	0	1	1411	1	1411	0.0	2889
6_494	6_494	100.000	1217	0	0	1	1217	1	1217	0.0	2491
6_495	6_495	100.000	736	0	0	1	736	1	736	0.0	1469
6_495	6_218	26.393	754	439	25	6	720	16	692	1.87e-45	168
6_496	6_496	100.000	322	0	0	1	322	1	322	0.0	651
6_497	6_497	100.000	725	0	0	1	725	1	725	0.0	1470
6_497	6_224	38.624	189	111	4	481	667	205	390	6.30e-35	133
6_497	6_224	47.423	97	51	0	39	135	11	107	1.17e-22	96.3
6_497	6_490	40.146	137	82	0	481	617	166	302	3.25e-31	120
6_497	6_490	30.088	113	70	2	38	150	7	110	5.20e-11	59.7
6_497	6_358	25.735	136	99	2	481	614	590	725	2.56e-17	80.5
6_497	6_358	28.049	164	100	5	42	204	12	158	7.19e-07	47.0
6_497	6_391	38.298	94	57	1	501	594	274	366	8.84e-17	77.8
6_497	6_391	30.469	128	74	3	33	145	38	165	1.62e-10	58.2
6_497	6_203	32.432	111	74	1	505	614	274	384	1.73e-14	70.9
6_497	6_246	31.776	107	72	1	486	592	116	221	8.64e-13	63.9
6_497	6_246	31.915	94	55	3	50	137	16	106	1.02e-05	42.4
6_497	6_31	25.806	155	88	3	501	655	152	279	2.43e-12	62.8
6_497	6_31	30.952	84	39	3	53	117	22	105	1.21e-05	42.4
6_497	6_462	34.066	91	58	1	498	588	119	207	1.82e-11	61.6
6_497	6_462	33.333	99	58	3	39	134	2	95	6.23e-07	47.0
6_497	6_171	32.292	96	63	2	500	594	127	221	5.27e-11	58.2
6_497	6_171	30.556	72	46	3	53	123	21	89	0.001	35.8
6_497	6_303	34.409	93	54	2	498	587	402	490	2.14e-10	58.2
6_497	6_303	29.213	89	58	2	500	584	133	220	1.25e-07	49.3
6_497	6_303	29.348	92	54	4	48	131	16	104	1.17e-06	45.8
6_497	6_461	31.897	116	70	2	474	589	102	208	1.58e-09	55.5
6_497	6_461	30.233	129	77	3	39	164	2	120	2.51e-07	48.5
6_497	6_55	34.146	82	53	1	503	584	194	274	2.38e-09	53.9
6_497	6_55	31.707	82	46	2	58	131	84	163	2.19e-07	47.8
6_497	6_52	29.358	109	76	1	505	612	159	267	1.00e-08	52.0
6_497	6_52	25.899	139	83	6	30	151	4	139	4.37e-04	37.4
6_497	6_268	33.766	77	51	0	508	584	154	230	1.34e-08	51.2
6_497	6_191	30.357	112	75	2	39	149	2	111	2.88e-08	51.6
6_497	6_191	31.081	74	49	1	508	581	129	200	1.50e-05	42.7
6_497	6_67	30.476	105	70	1	38	139	7	111	5.12e-08	50.4
6_497	6_67	25.974	77	56	1	508	584	407	482	6.78e-04	37.0
6_497	6_516	34.247	73	48	0	36	108	322	394	4.65e-07	47.4
6_497	6_516	29.545	132	77	7	448	572	393	515	5.56e-05	40.4
6_497	6_248	35.088	57	37	0	39	95	2	58	9.15e-07	46.2
6_497	6_248	23.810	84	60	1	504	587	152	231	4.46e-05	40.8
6_497	6_300	27.778	90	61	2	493	581	452	538	1.40e-06	45.8
6_497	6_474	33.333	66	43	1	36	100	331	396	2.73e-05	41.6
6_497	6_456	25.301	83	59	1	36	115	324	406	2.75e-04	38.5
6_498	6_498	100.000	62	0	0	1	62	1	62	5.00e-42	125
6_499	6_499	100.000	931	0	0	1	931	1	931	0.0	1844
6_499	6_334	26.941	219	124	7	9	225	17	201	6.72e-08	50.8
6_499	6_458	22.622	389	253	14	2	353	7	384	9.62e-06	43.9
6_499	6_508	30.864	162	92	7	60	208	55	209	1.94e-05	42.7
6_500	6_500	100.000	321	0	0	1	321	1	321	0.0	642
6_500	6_526	22.892	249	168	11	57	298	29	260	2.71e-05	39.7
6_501	6_501	100.000	430	0	0	1	430	1	430	0.0	865
6_501	6_560	55.955	445	142	14	1	413	44	466	1.23e-141	408
6_501	6_522	55.432	451	134	10	1	413	61	482	3.23e-135	392
6_501	6_561	44.638	345	152	6	3	312	22	362	3.94e-88	267
6_501	6_463	41.355	428	208	10	3	409	148	553	2.68e-82	258
6_501	6_562	40.187	321	143	9	35	308	1	319	7.23e-52	172
6_501	6_564	33.667	300	147	11	46	312	1	281	1.01e-37	133
6_502	6_502	100.000	55	0	0	1	55	1	55	5.49e-35	107
6_503	6_503	100.000	288	0	0	1	288	1	288	0.0	563
6_504	6_504	100.000	263	0	0	1	263	1	263	0.0	512
6_504	6_149	33.846	65	33	4	113	171	5	65	1.70e-04	37.0
6_504	6_135	35.000	60	27	2	113	164	159	214	3.31e-04	35.8
6_504	6_382	29.524	105	66	3	113	212	9	110	3.78e-04	35.4
6_505	6_505	100.000	413	0	0	1	413	1	413	0.0	798
6_506	6_506	100.000	229	0	0	1	229	1	229	1.82e-167	456
6_507	6_507	100.000	51	0	0	1	51	1	51	5.19e-34	104
6_508	6_508	100.000	1385	0	0	1	1385	1	1385	0.0	2778
6_508	6_334	29.677	155	101	3	10	162	13	161	1.29e-12	67.0
6_508	6_458	28.931	159	100	4	2	150	6	161	1.12e-10	60.5
6_508	6_412	26.923	156	100	7	7	156	12	159	5.19e-07	48.5
6_508	6_499	30.864	162	92	7	55	209	60	208	3.06e-05	42.7
6_509	6_509	100.000	1822	0	0	1	1822	1	1822	0.0	3669
6_509	6_335	24.593	553	308	20	4	509	6	496	1.17e-13	70.9
6_509	6_457	26.556	241	150	8	1	221	1	234	7.49e-11	61.6
6_509	6_457	22.651	415	264	17	591	982	728	1108	4.94e-04	39.3
6_509	6_308	21.891	804	468	31	2	760	11	699	6.60e-09	55.1
6_509	6_487	27.426	237	147	7	13	239	3	224	1.70e-08	53.9
6_509	6_331	22.707	458	302	16	5	453	16	430	1.55e-04	40.8
6_510	6_510	100.000	583	0	0	1	583	1	583	0.0	1147
6_510	6_459	28.000	400	244	15	188	575	122	489	4.28e-23	97.4
6_511	6_511	100.000	589	0	0	1	589	1	589	0.0	1177
6_512	6_512	100.000	70	0	0	1	70	1	70	3.71e-47	139
6_513	6_513	100.000	284	0	0	1	284	1	284	0.0	575
6_513	6_415	37.143	105	61	3	37	141	22	121	3.38e-14	65.9
6_514	6_514	100.000	753	0	0	1	753	1	753	0.0	1525
6_515	6_515	100.000	730	0	0	1	730	1	730	0.0	1488
6_516	6_516	100.000	533	0	0	1	533	1	533	0.0	1036
6_516	6_300	29.367	521	346	9	16	520	19	533	8.08e-49	172
6_516	6_456	29.735	528	311	22	20	520	27	521	6.08e-26	105
6_516	6_474	35.922	206	126	5	319	520	328	531	4.78e-24	100
6_516	6_246	32.057	209	122	8	324	517	1	204	3.03e-14	67.8
6_516	6_303	30.455	220	112	7	320	513	2	206	4.28e-11	59.7
6_516	6_462	28.365	208	110	6	324	512	1	188	5.32e-11	59.3
6_516	6_248	28.877	187	109	5	324	486	1	187	7.50e-11	58.9
6_516	6_408	28.571	189	106	7	317	489	462	637	1.97e-09	54.3
6_516	6_191	27.570	214	128	8	324	525	1	199	2.39e-09	54.3
6_516	6_171	28.125	192	104	6	340	513	22	197	7.11e-09	51.2
6_516	6_461	28.351	194	128	6	324	512	1	188	8.67e-09	52.4
6_516	6_55	25.683	183	122	4	339	510	79	258	1.69e-07	47.4
6_516	6_224	36.232	69	44	0	324	392	10	78	2.31e-07	47.4
6_516	6_224	33.645	107	54	3	419	514	193	293	8.03e-06	42.7
6_516	6_497	34.247	73	48	0	322	394	36	108	5.09e-07	46.6
6_516	6_497	29.545	132	77	7	393	515	448	572	4.73e-05	40.4
6_516	6_391	29.412	85	53	2	308	388	30	111	1.23e-04	38.9
6_516	6_52	26.667	210	115	10	339	519	29	228	5.49e-04	36.6
6_516	6_490	50.000	46	23	0	325	370	8	53	6.71e-04	36.6
6_516	6_67	43.182	44	25	0	343	386	26	69	7.09e-04	36.6
6_516	6_358	37.313	67	38	2	449	511	612	678	8.66e-04	36.2
6_517	6_517	100.000	582	0	0	1	582	1	582	0.0	1158
6_517	6_348	35.264	397	210	11	37	417	60	425	2.31e-54	194
6_517	6_549	30.151	398	207	11	37	409	23	374	5.24e-40	150
6_518	6_518	100.000	396	0	0	1	396	1	396	0.0	807
6_519	6_519	100.000	206	0	0	1	206	1	206	1.06e-149	409
6_519	6_520	80.435	92	18	0	108	199	1	92	1.62e-46	153
6_519	6_371	30.151	199	109	8	17	206	18	195	3.18e-12	59.3
6_519	6_372	39.655	58	33	2	143	199	237	293	1.31e-06	42.7
6_519	6_529	42.857	42	23	1	144	185	233	273	6.38e-04	34.7
6_520	6_520	100.000	431	0	0	1	431	1	431	0.0	863
6_520	6_558	66.082	342	107	4	97	431	21	360	4.51e-155	438
6_520	6_372	40.865	416	204	12	36	429	237	632	9.78e-80	254
6_520	6_371	38.753	449	221	17	1	429	98	512	6.26e-76	241
6_520	6_529	36.228	403	227	10	37	430	233	614	3.56e-60	201
6_520	6_18	31.278	454	262	10	9	429	97	533	2.75e-52	179
6_520	6_519	80.435	92	18	0	1	92	108	199	3.39e-46	153
6_521	6_521	100.000	516	0	0	1	516	1	516	0.0	1031
6_522	6_522	100.000	482	0	0	1	482	1	482	0.0	967
6_522	6_560	71.938	449	123	2	36	482	19	466	0.0	651
6_522	6_501	55.876	451	132	11	61	482	1	413	1.62e-137	398
6_522	6_463	44.490	490	223	13	12	478	90	553	2.59e-110	333
6_522	6_564	50.709	282	132	4	106	381	1	281	2.74e-92	277
6_522	6_561	38.817	389	160	14	44	381	1	362	1.43e-65	211
6_522	6_562	36.778	329	152	10	95	377	1	319	3.65e-44	152
6_522	6_302	100.000	25	0	0	1	25	71	95	3.44e-10	51.6
6_523	6_523	100.000	277	0	0	1	277	1	277	0.0	539
6_524	6_524	100.000	86	0	0	1	86	1	86	1.32e-59	171
6_525	6_525	100.000	392	0	0	1	392	1	392	0.0	792
6_526	6_526	100.000	278	0	0	1	278	1	278	0.0	536
6_526	6_500	24.364	275	181	13	5	260	32	298	1.88e-09	52.0
6_527	6_527	100.000	40	0	0	1	40	1	40	7.77e-22	73.2
6_528	6_528	100.000	591	0	0	1	591	1	591	0.0	1170
6_529	6_529	100.000	617	0	0	1	617	1	617	0.0	1229
6_529	6_371	39.588	485	271	7	137	614	44	513	3.34e-108	332
6_529	6_372	43.619	431	224	5	201	614	205	633	1.60e-107	333
6_529	6_520	36.409	401	229	10	233	614	37	430	2.10e-60	202
6_529	6_18	30.024	423	248	9	232	613	118	533	8.51e-47	168
6_529	6_558	33.714	350	189	9	295	614	23	359	3.08e-44	156
6_530	6_530	100.000	620	0	0	1	620	1	620	0.0	1249
6_531	6_531	100.000	250	0	0	1	250	1	250	3.34e-178	484
6_532	6_532	100.000	509	0	0	1	509	1	509	0.0	994
6_532	6_191	27.157	313	175	16	19	315	302	577	2.38e-08	50.8
6_533	6_533	100.000	449	0	0	1	449	1	449	0.0	908
6_534	6_534	100.000	456	0	0	1	456	1	456	0.0	912
6_535	6_535	100.000	183	0	0	1	183	1	183	4.51e-126	347
6_536	6_536	100.000	153	0	0	1	153	1	153	3.89e-110	305
6_536	6_355	32.653	147	96	2	2	146	155	300	4.23e-21	83.2
6_537	6_537	100.000	653	0	0	1	653	1	653	0.0	1312
6_537	6_550	38.520	662	339	20	11	628	22	659	1.24e-126	385
6_537	6_476	30.240	334	204	9	206	512	309	640	6.19e-34	132
6_538	6_538	100.000	634	0	0	1	634	1	634	0.0	1268
6_539	6_539	100.000	290	0	0	1	290	1	290	0.0	565
6_540	6_540	100.000	154	0	0	1	154	1	154	4.86e-108	299
6_541	6_541	100.000	135	0	0	1	135	1	135	1.46e-95	266
6_542	6_542	100.000	314	0	0	1	314	1	314	0.0	598
6_542	6_273	21.364	220	158	6	105	309	1	220	5.44e-05	38.1
6_543	6_543	100.000	238	0	0	1	238	1	238	9.30e-173	470
6_544	6_544	100.000	173	0	0	1	173	1	173	4.90e-127	349
6_545	6_545	100.000	251	0	0	1	251	1	251	0.0	496
6_545	6_469	29.932	147	96	3	110	251	82	226	7.98e-09	49.3
6_546	6_546	100.000	125	0	0	1	125	1	125	9.59e-92	256
6_546	6_345	58.407	113	47	0	12	124	56	168	2.81e-45	151
6_547	6_547	100.000	486	0	0	1	486	1	486	0.0	966
6_548	6_548	100.000	945	0	0	1	945	1	945	0.0	1870
6_548	6_458	23.247	271	155	11	45	277	63	318	3.79e-08	51.6
6_548	6_334	26.286	175	110	5	4	171	12	174	5.23e-04	38.1
6_549	6_549	100.000	936	0	0	1	936	1	936	0.0	1820
6_549	6_348	30.345	870	557	19	8	858	45	884	2.53e-89	307
6_549	6_517	30.151	398	207	11	23	374	37	409	8.20e-40	150
6_550	6_550	100.000	693	0	0	1	693	1	693	0.0	1392
6_550	6_537	38.182	660	327	19	39	659	11	628	1.64e-123	377
6_550	6_476	28.097	331	197	11	217	518	310	628	4.56e-27	111
6_551	6_551	100.000	255	0	0	1	255	1	255	2.23e-180	491
6_552	6_552	100.000	339	0	0	1	339	1	339	0.0	687
6_552	6_355	30.576	278	189	4	62	339	336	609	1.47e-39	142
6_552	6_187	25.949	158	98	6	56	203	150	298	4.37e-04	35.8
6_552	6_155	23.651	241	164	9	62	286	160	396	5.69e-04	35.8
6_553	6_553	100.000	945	0	0	1	945	1	945	0.0	1897
6_554	6_554	100.000	724	0	0	1	724	1	724	0.0	1427
6_554	6_345	30.952	588	378	12	1	572	171	746	8.44e-73	248
6_554	6_345	25.191	131	87	5	456	579	727	853	3.80e-04	38.1
6_555	6_555	100.000	90	0	0	1	90	1	90	1.04e-61	177
6_556	6_556	100.000	277	0	0	1	277	1	277	0.0	544
6_557	6_557	100.000	378	0	0	1	378	1	378	0.0	732
6_558	6_558	100.000	360	0	0	1	360	1	360	0.0	724
6_558	6_520	66.082	342	107	4	21	360	97	431	3.77e-155	438
6_558	6_372	35.912	362	181	7	23	360	300	634	7.86e-61	201
6_558	6_371	34.104	346	185	7	28	360	199	514	1.19e-55	186
6_558	6_18	31.989	372	210	8	14	358	178	533	5.59e-46	160
6_558	6_529	32.759	348	195	7	23	359	295	614	8.85e-43	152
6_559	6_559	100.000	411	0	0	1	411	1	411	0.0	835
6_560	6_560	100.000	467	0	0	1	467	1	467	0.0	950
6_560	6_522	72.247	454	123	2	14	466	31	482	0.0	635
6_560	6_463	42.949	468	208	14	20	462	120	553	4.30e-98	300
6_560	6_564	49.110	281	139	3	89	365	1	281	9.72e-87	262
6_560	6_501	81.871	171	30	1	296	466	244	413	1.88e-84	261
6_560	6_561	60.000	125	45	2	27	149	1	122	3.41e-42	148
6_560	6_561	64.384	73	22	2	296	365	291	362	6.19e-22	91.7
6_560	6_562	48.739	119	51	5	252	361	202	319	5.03e-23	94.0
6_560	6_562	66.667	66	19	2	78	143	1	63	1.46e-19	84.0
6_561	6_561	100.000	362	0	0	1	362	1	362	0.0	732
6_561	6_501	44.638	345	152	6	22	362	3	312	9.63e-81	248
6_561	6_463	44.533	375	145	12	1	362	127	451	7.28e-67	216
6_561	6_522	38.817	389	160	14	1	362	44	381	9.55e-66	211
6_561	6_560	61.157	121	42	2	1	118	27	145	2.72e-42	148
6_561	6_560	64.384	73	22	2	291	362	296	365	5.63e-22	91.3
6_561	6_564	37.224	317	144	15	65	362	1	281	1.60e-41	142
6_561	6_562	34.808	339	167	9	54	358	1	319	2.00e-41	142
6_562	6_562	100.000	319	0	0	1	319	1	319	0.0	640
6_562	6_501	40.187	321	143	8	1	319	35	308	1.24e-48	163
6_562	6_522	36.778	329	152	10	1	319	95	377	8.51e-48	162
6_562	6_560	39.755	327	146	15	1	319	78	361	1.69e-44	153
6_562	6_463	36.250	320	151	9	1	319	180	447	5.38e-43	150
6_562	6_564	34.154	325	149	11	12	319	1	277	7.65e-40	136
6_562	6_561	67.692	65	21	0	1	65	54	118	3.16e-22	90.5
6_562	6_561	75.000	52	13	0	268	319	307	358	1.30e-21	88.6
6_563	6_563	100.000	170	0	0	1	170	1	170	1.22e-126	348
6_564	6_564	100.000	281	0	0	1	281	1	281	0.0	575
6_564	6_522	50.709	282	132	4	1	281	106	381	1.27e-92	277
6_564	6_560	49.110	281	139	3	1	281	89	365	5.03e-87	262
6_564	6_463	41.379	290	132	12	1	281	191	451	2.02e-47	161
6_564	6_561	37.224	317	144	15	1	281	65	362	1.24e-41	142
6_564	6_562	33.746	323	153	10	1	277	12	319	2.27e-37	129
6_564	6_501	33.887	301	145	11	1	281	46	312	1.13e-31	116
6_565	6_565	100.000	217	0	0	1	217	1	217	2.42e-160	437
6_566	6_566	100.000	339	0	0	1	339	1	339	0.0	698
