6_0	7_6	100.000	96	0	0	1	96	1	96	9.36e-66	188
6_1	7_7	100.000	589	0	0	1	589	1	589	0.0	1146
6_1	7_319	26.087	460	272	17	51	492	10	419	1.49e-21	92.8
6_2	7_12	100.000	110	0	0	1	110	1	110	1.63e-79	224
6_3	7_13	100.000	290	0	0	1	290	1	290	0.0	578
6_3	7_162	32.331	266	149	14	23	264	25	283	3.98e-24	94.4
6_4	7_14	100.000	287	0	0	1	287	1	287	0.0	577
6_4	7_188	35.827	254	122	7	1	234	1	233	4.27e-33	117
6_5	7_15	100.000	81	0	0	1	81	1	81	1.03e-57	166
6_6	7_21	100.000	189	0	0	1	189	1	189	3.02e-140	384
6_7	7_23	100.000	152	0	0	1	152	1	152	1.24e-110	306
6_8	7_569	100.000	362	0	0	17	378	1	362	0.0	721
6_9	7_26	100.000	47	0	0	1	47	1	47	3.76e-30	94.7
6_10	7_27	100.000	609	0	0	1	609	1	609	0.0	1218
6_11	7_29	100.000	353	0	0	1	353	1	353	0.0	699
6_11	7_309	27.129	317	167	15	46	345	64	333	4.40e-07	45.4
6_12	7_40	100.000	50	0	0	1	50	1	50	3.98e-32	99.8
6_12	7_392	35.556	45	26	1	6	50	5	46	1.53e-04	30.0
6_13	7_41	100.000	273	0	0	1	273	1	273	0.0	562
6_14	7_48	100.000	146	0	0	1	146	1	146	2.42e-105	292
6_15	7_49	100.000	295	0	0	1	295	1	295	0.0	590
6_16	7_50	100.000	337	0	0	1	337	1	337	0.0	685
6_17	7_54	100.000	225	0	0	1	225	1	225	3.25e-168	457
6_18	7_56	100.000	564	0	0	1	564	1	564	0.0	1105
6_18	7_403	31.670	461	251	12	95	533	214	632	4.25e-52	183
6_18	7_456	31.614	446	261	9	99	533	122	534	2.10e-51	179
6_18	7_457	30.901	466	255	14	97	533	116	543	5.46e-49	173
6_18	7_334	30.496	423	246	10	118	533	237	618	9.44e-48	171
6_18	7_525	30.496	423	234	11	131	540	141	516	7.60e-44	159
6_19	7_58	100.000	298	0	0	1	298	1	298	0.0	603
6_20	7_60	100.000	295	0	0	1	295	1	295	0.0	594
6_20	7_427	26.897	290	174	9	21	293	10	278	1.29e-20	84.7
6_20	7_509	26.502	283	175	9	19	293	3	260	5.54e-16	70.9
6_20	7_304	27.170	265	163	10	21	275	5	249	9.05e-14	64.7
6_20	7_96	25.368	272	165	12	15	274	1	246	2.53e-04	36.2
6_21	7_61	100.000	170	0	0	1	170	1	170	1.24e-122	337
6_22	7_63	100.000	372	0	0	1	372	1	372	0.0	763
6_23	7_70	100.000	880	0	0	1	880	1	880	0.0	1781
6_24	7_71	100.000	259	0	0	1	259	1	259	0.0	526
6_25	7_73	100.000	413	0	0	1	413	1	413	0.0	841
6_26	7_77	100.000	111	0	0	1	111	1	111	2.74e-77	218
6_27	7_78	100.000	725	0	0	1	725	1	725	0.0	1434
6_27	7_228	42.857	56	28	1	15	66	8	63	3.01e-07	47.4
6_27	7_81	32.381	105	65	3	76	176	37	139	2.41e-05	41.2
6_28	7_80	100.000	211	0	0	1	211	1	211	2.60e-155	424
6_29	7_81	100.000	291	0	0	1	291	1	291	0.0	559
6_29	7_78	32.381	105	65	3	37	139	76	176	5.99e-06	42.0
6_30	7_82	100.000	239	0	0	1	239	1	239	7.04e-175	475
6_31	7_84	100.000	300	0	0	1	300	1	300	0.0	602
6_31	7_83	34.188	234	133	6	22	254	19	232	9.67e-35	122
6_31	7_126	35.897	156	87	5	130	276	204	355	3.81e-19	81.6
6_31	7_126	25.962	104	55	3	21	123	24	106	5.15e-05	38.9
6_31	7_408	27.854	219	136	3	22	240	21	217	1.27e-18	78.2
6_31	7_462	28.638	213	121	8	23	232	17	201	3.59e-17	76.3
6_31	7_158	39.091	110	66	1	140	248	599	708	1.12e-16	75.1
6_31	7_158	38.462	39	23	1	10	48	12	49	0.001	35.0
6_31	7_484	26.778	239	140	7	27	248	147	367	3.41e-16	73.2
6_31	7_312	36.641	131	75	3	136	260	258	386	6.08e-16	72.4
6_31	7_43	28.169	213	128	6	24	236	18	205	1.56e-15	71.2
6_31	7_206	29.464	224	131	5	22	239	22	224	2.87e-15	70.5
6_31	7_206	21.127	213	161	4	26	236	277	484	1.22e-05	40.8
6_31	7_42	25.714	210	125	6	23	229	17	198	1.01e-14	68.9
6_31	7_446	25.000	236	140	7	14	237	13	223	2.12e-14	67.8
6_31	7_446	28.054	221	130	8	27	236	287	489	9.99e-14	65.9
6_31	7_167	29.327	208	109	8	21	217	78	258	3.46e-13	63.5
6_31	7_10	25.723	311	162	12	27	298	27	307	7.35e-13	62.8
6_31	7_1	25.806	155	88	3	152	279	501	655	1.01e-12	63.2
6_31	7_1	30.952	84	39	3	22	105	53	117	4.85e-06	42.4
6_31	7_157	27.197	239	155	8	20	250	27	254	8.98e-11	56.6
6_31	7_181	31.646	79	53	1	158	235	153	231	2.57e-10	54.3
6_31	7_306	25.714	210	124	7	26	219	20	213	7.66e-08	47.8
6_31	7_99	32.051	78	50	1	145	219	820	897	4.23e-07	45.8
6_31	7_99	28.090	89	62	1	136	222	470	558	1.27e-06	44.3
6_31	7_401	22.527	182	118	4	37	218	364	522	1.38e-05	40.8
6_31	7_35	24.878	205	116	6	22	219	339	512	2.50e-05	40.0
6_32	7_95	100.000	280	0	0	1	280	1	280	0.0	562
6_33	7_97	100.000	271	0	0	1	271	1	271	0.0	534
6_34	7_101	100.000	114	0	0	1	114	1	114	6.70e-84	235
6_35	7_104	100.000	163	0	0	1	163	1	163	1.75e-119	329
6_36	7_105	100.000	326	0	0	1	326	1	326	0.0	653
6_37	7_112	100.000	639	0	0	1	639	1	639	0.0	1304
6_37	7_434	44.288	639	333	9	5	635	3	626	2.62e-170	495
6_38	7_116	100.000	171	0	0	1	171	1	171	4.05e-123	339
6_39	7_118	100.000	334	0	0	1	334	1	334	0.0	680
6_40	7_123	100.000	494	0	0	1	494	1	494	0.0	963
6_41	7_124	100.000	231	0	0	1	231	1	231	6.99e-170	462
6_42	7_127	100.000	286	0	0	1	286	1	286	0.0	555
6_42	7_128	25.150	167	115	4	75	237	73	233	1.29e-04	37.4
6_43	7_129	100.000	571	0	0	1	571	1	571	0.0	1149
6_44	7_132	100.000	236	0	0	1	236	1	236	9.14e-176	477
6_45	7_133	100.000	186	0	0	1	186	1	186	1.42e-132	364
6_46	7_136	100.000	144	0	0	1	144	1	144	5.99e-108	298
6_47	7_138	100.000	221	0	0	1	221	1	221	5.43e-162	441
6_48	7_139	100.000	204	0	0	1	204	1	204	2.24e-151	413
6_49	7_142	100.000	402	0	0	1	402	1	402	0.0	818
6_49	7_367	27.083	288	181	10	20	301	8	272	3.08e-16	75.1
6_49	7_197	32.099	162	90	3	21	182	116	257	2.03e-13	66.2
6_49	7_369	34.091	132	84	3	16	145	8	138	3.07e-13	65.9
6_50	7_150	100.000	316	0	0	1	316	1	316	0.0	632
6_51	7_151	100.000	402	0	0	1	402	1	402	0.0	806
6_52	7_157	100.000	349	0	0	1	349	1	349	0.0	715
6_52	7_484	40.240	333	193	3	5	332	116	447	4.40e-79	244
6_52	7_158	37.267	161	81	3	118	266	570	722	7.98e-31	118
6_52	7_312	37.500	136	83	1	131	266	252	385	1.04e-27	107
6_52	7_312	29.630	135	70	5	7	125	32	157	3.95e-09	52.0
6_52	7_83	31.330	233	127	7	29	252	19	227	5.24e-23	91.7
6_52	7_167	28.972	214	133	6	14	221	58	258	9.37e-19	80.5
6_52	7_408	24.783	230	150	7	30	257	22	230	1.17e-13	64.7
6_52	7_126	27.907	129	83	2	131	259	204	322	1.78e-13	65.5
6_52	7_84	33.043	115	74	2	140	254	139	250	2.51e-13	64.3
6_52	7_1	29.358	109	76	1	159	267	505	612	9.69e-13	63.5
6_52	7_1	25.899	139	83	6	4	139	30	151	2.56e-04	37.4
6_52	7_10	27.778	126	87	2	142	267	176	297	1.15e-12	62.8
6_52	7_181	38.462	78	48	0	162	239	154	231	2.56e-12	60.8
6_52	7_400	28.780	205	118	10	29	228	351	532	7.12e-09	51.6
6_52	7_446	26.267	217	134	9	40	248	32	230	4.26e-08	48.9
6_52	7_446	33.333	81	53	1	160	240	410	489	6.12e-07	45.4
6_52	7_43	32.941	85	55	1	160	244	127	209	1.74e-07	47.4
6_52	7_462	24.880	209	125	7	29	232	16	197	1.84e-07	47.4
6_52	7_99	30.702	114	67	5	161	265	833	943	3.97e-07	46.2
6_52	7_42	30.682	88	57	2	145	232	114	197	1.06e-06	44.7
6_52	7_35	26.341	205	122	8	29	228	339	519	2.13e-06	43.9
6_52	7_206	25.000	236	148	10	28	249	273	493	5.03e-06	42.4
6_52	7_306	27.143	70	47	2	163	232	449	514	3.53e-04	36.6
6_52	7_36	26.857	175	106	8	49	223	361	513	3.85e-04	36.6
6_53	7_163	100.000	73	0	0	1	73	1	73	5.75e-53	154
6_54	7_164	100.000	201	0	0	1	201	1	201	2.41e-148	405
6_54	7_165	38.509	161	94	3	3	162	4	160	6.42e-28	99.4
6_55	7_167	100.000	307	0	0	1	307	1	307	0.0	617
6_55	7_462	32.735	223	133	7	60	279	1	209	1.20e-24	99.0
6_55	7_43	30.732	205	122	6	79	277	16	206	9.60e-21	87.0
6_55	7_42	29.442	197	127	5	79	273	16	202	2.21e-19	83.2
6_55	7_83	28.636	220	132	4	79	286	19	225	2.49e-18	77.8
6_55	7_157	28.972	214	133	6	58	258	14	221	1.21e-15	71.2
6_55	7_312	42.857	84	47	1	194	276	276	359	6.07e-15	69.3
6_55	7_312	31.481	108	69	2	59	163	42	147	1.19e-06	43.9
6_55	7_484	30.583	206	123	8	90	277	153	356	2.79e-14	67.4
6_55	7_446	25.108	231	157	8	60	282	6	228	3.47e-14	67.4
6_55	7_446	30.263	76	53	0	199	274	412	487	1.12e-04	38.1
6_55	7_10	24.779	226	119	3	84	258	27	252	7.59e-14	65.9
6_55	7_158	31.000	100	68	1	188	286	607	706	1.11e-13	65.9
6_55	7_181	25.472	212	146	4	56	258	5	213	1.56e-13	63.9
6_55	7_84	27.885	208	112	7	78	258	21	217	3.06e-12	60.8
6_55	7_126	36.170	94	54	2	78	171	24	111	3.76e-12	60.8
6_55	7_126	36.585	82	51	1	197	277	230	311	3.79e-10	55.1
6_55	7_408	23.913	230	153	7	66	283	1	220	7.24e-10	53.1
6_55	7_1	34.146	82	53	1	194	274	503	584	8.94e-10	53.9
6_55	7_1	31.707	82	46	2	84	163	58	131	6.95e-08	48.1
6_55	7_206	25.405	185	119	6	83	257	26	201	6.23e-09	51.2
6_55	7_206	23.636	220	146	8	78	279	272	487	1.24e-05	40.8
6_55	7_264	29.167	168	103	8	97	257	502	660	1.77e-08	50.1
6_55	7_401	31.527	203	114	11	79	271	349	536	1.79e-08	49.7
6_55	7_400	25.510	196	125	7	79	267	351	532	6.64e-08	48.1
6_55	7_36	29.570	186	108	8	79	257	341	510	8.35e-08	47.8
6_55	7_35	24.865	185	121	5	79	258	339	510	2.63e-07	46.2
6_56	7_174	100.000	323	0	0	1	323	1	323	0.0	635
6_57	7_178	100.000	110	0	0	1	110	1	110	2.18e-78	221
6_58	7_182	100.000	565	0	0	1	565	1	565	0.0	1100
6_59	7_183	100.000	75	0	0	1	75	1	75	3.77e-51	149
6_59	7_45	78.689	61	13	0	3	63	8	68	1.48e-29	103
6_59	7_44	68.293	41	13	0	22	62	45	85	8.34e-16	64.7
6_59	7_411	43.284	67	31	2	9	75	14	73	9.71e-10	47.8
6_60	7_184	100.000	220	0	0	1	220	1	220	1.02e-157	430
6_61	7_191	100.000	205	0	0	1	205	1	205	1.18e-153	419
6_62	7_192	100.000	144	0	0	1	144	1	144	6.55e-107	296
6_63	7_193	100.000	274	0	0	1	274	1	274	0.0	560
6_64	7_198	100.000	617	0	0	1	617	1	617	0.0	1243
6_65	7_201	100.000	118	0	0	1	118	1	118	4.28e-79	223
6_66	7_203	100.000	97	0	0	1	97	1	97	2.09e-67	192
6_67	7_206	100.000	508	0	0	1	508	1	508	0.0	1011
6_67	7_446	30.392	510	327	13	12	504	11	509	4.89e-54	185
6_67	7_408	35.349	215	114	6	26	231	25	223	1.26e-23	94.4
6_67	7_408	32.051	78	53	0	407	484	136	213	7.53e-07	45.1
6_67	7_42	32.673	202	122	5	12	211	6	195	9.67e-16	74.7
6_67	7_462	29.630	216	130	6	8	217	2	201	1.81e-13	67.4
6_67	7_462	24.229	227	142	7	261	482	2	203	0.001	36.2
6_67	7_84	29.464	224	131	5	22	224	22	239	2.61e-13	65.1
6_67	7_84	21.127	213	161	4	277	484	26	236	2.57e-04	37.4
6_67	7_43	29.524	210	134	5	12	221	10	205	1.23e-12	64.7
6_67	7_43	28.326	233	135	9	261	487	2	208	5.03e-09	53.1
6_67	7_83	32.143	196	124	6	31	223	28	217	7.83e-12	60.5
6_67	7_306	26.271	236	145	9	8	221	2	230	3.36e-10	56.6
6_67	7_306	32.432	74	47	2	149	222	453	523	3.27e-04	37.7
6_67	7_167	25.405	185	119	6	26	201	83	257	1.02e-08	51.2
6_67	7_167	23.636	220	146	8	272	487	78	279	1.83e-05	41.2
6_67	7_484	28.444	225	127	11	23	224	145	358	1.88e-08	50.8
6_67	7_484	25.106	235	140	8	278	493	147	364	1.26e-05	42.0
6_67	7_1	30.476	105	70	1	7	111	38	139	3.80e-08	50.4
6_67	7_1	25.974	77	56	1	407	482	508	584	4.94e-04	37.0
6_67	7_400	31.148	183	104	8	26	201	355	522	4.02e-08	50.1
6_67	7_10	28.788	132	85	4	356	484	146	271	1.14e-07	48.1
6_67	7_126	27.723	101	70	2	407	505	232	331	3.11e-07	47.0
6_67	7_126	28.333	60	43	0	8	67	11	70	4.51e-04	37.0
6_67	7_181	23.148	216	153	7	14	220	20	231	6.35e-07	45.4
6_67	7_181	24.180	244	146	10	277	503	30	251	2.32e-04	37.4
6_67	7_158	25.532	94	63	2	398	487	609	699	5.59e-06	43.5
6_67	7_401	26.136	176	110	6	36	205	363	524	1.22e-05	42.0
6_67	7_312	25.954	131	94	2	357	484	229	359	1.37e-05	42.0
6_67	7_36	25.000	184	124	4	27	208	346	517	3.35e-04	37.4
6_67	7_157	25.000	236	148	10	273	493	28	249	3.92e-04	37.0
6_67	7_35	43.182	44	25	0	26	69	343	386	6.85e-04	36.6
6_68	7_207	100.000	303	0	0	1	303	1	303	0.0	577
6_68	7_496	31.050	219	119	5	18	216	79	285	1.02e-11	59.7
6_69	7_208	100.000	184	0	0	1	184	1	184	6.33e-138	377
6_70	7_209	100.000	89	0	0	1	89	1	89	2.44e-60	174
6_71	7_213	100.000	165	0	0	1	165	1	165	6.59e-118	325
6_72	7_217	100.000	139	0	0	1	139	1	139	1.69e-99	276
6_73	7_221	100.000	534	0	0	1	534	1	534	0.0	1088
6_74	7_223	100.000	214	0	0	1	214	1	214	2.81e-154	421
6_75	7_224	100.000	632	0	0	1	632	1	632	0.0	1287
6_76	7_225	100.000	120	0	0	1	120	1	120	5.96e-85	238
6_77	7_226	100.000	227	0	0	1	227	1	227	2.00e-169	461
6_78	7_233	100.000	109	0	0	1	109	1	109	1.19e-79	224
6_79	7_234	100.000	155	0	0	1	155	1	155	8.39e-113	311
6_80	7_236	100.000	64	0	0	1	64	1	64	7.04e-43	127
6_81	7_237	100.000	116	0	0	1	116	1	116	4.21e-83	233
6_82	7_238	100.000	478	0	0	1	478	1	478	0.0	968
6_83	7_239	100.000	263	0	0	1	263	1	263	0.0	505
6_83	7_130	27.350	117	73	3	48	152	110	226	1.70e-06	42.7
6_83	7_130	34.127	126	50	5	24	118	139	262	2.68e-06	42.0
6_83	7_130	33.333	93	52	3	35	117	121	213	3.26e-05	38.9
6_84	7_240	100.000	91	0	0	1	91	1	91	4.99e-63	181
6_85	7_241	100.000	356	0	0	1	356	1	356	0.0	721
6_86	7_243	100.000	84	0	0	1	84	1	84	2.26e-57	166
6_87	7_246	100.000	489	0	0	1	489	1	489	0.0	965
6_88	7_249	100.000	242	0	0	1	242	1	242	9.36e-176	478
6_88	7_259	26.772	127	68	4	81	203	46	151	2.88e-04	35.4
6_89	7_251	100.000	201	0	0	1	201	1	201	1.19e-141	388
6_90	7_252	100.000	216	0	0	1	216	1	216	3.09e-147	404
6_91	7_255	100.000	450	0	0	1	450	1	450	0.0	899
6_92	7_256	100.000	216	0	0	1	216	1	216	1.08e-156	427
6_92	7_565	25.654	191	131	5	28	214	55	238	5.62e-10	52.4
6_93	7_258	100.000	193	0	0	1	193	1	193	2.95e-139	381
6_94	7_262	100.000	131	0	0	1	131	1	131	3.07e-94	263
6_95	7_263	100.000	150	0	0	1	150	1	150	1.66e-109	303
6_96	7_265	100.000	398	0	0	1	398	1	398	0.0	811
6_97	7_266	100.000	239	0	0	1	239	1	239	7.84e-176	478
6_98	7_270	100.000	332	0	0	1	332	1	332	0.0	667
6_99	7_271	100.000	134	0	0	1	134	1	134	3.42e-97	270
6_100	7_272	100.000	137	0	0	1	137	1	137	1.94e-97	271
6_101	7_273	100.000	37	0	0	1	37	1	37	1.12e-20	70.1
6_102	7_274	100.000	75	0	0	1	75	1	75	3.39e-53	154
6_103	7_278	100.000	147	0	0	1	147	1	147	7.44e-107	296
6_104	7_281	100.000	179	0	0	1	179	1	179	4.29e-130	357
6_105	7_282	100.000	131	0	0	1	131	1	131	2.28e-94	263
6_106	7_283	100.000	61	0	0	1	61	1	61	5.74e-42	125
6_107	7_284	100.000	181	0	0	1	181	1	181	5.35e-135	370
6_108	7_286	100.000	122	0	0	1	122	1	122	1.06e-84	238
6_109	7_287	100.000	121	0	0	1	121	1	121	1.63e-81	229
6_110	7_288	100.000	136	0	0	1	136	1	136	9.38e-100	277
6_111	7_289	100.000	227	0	0	1	227	1	227	2.19e-167	455
6_112	7_291	100.000	90	0	0	1	90	1	90	1.49e-65	187
6_113	7_292	100.000	282	0	0	1	282	1	282	0.0	566
6_114	7_295	100.000	233	0	0	1	233	1	233	4.13e-170	462
6_115	7_296	100.000	106	0	0	1	106	1	106	6.97e-75	212
6_116	7_297	100.000	205	0	0	1	205	1	205	1.64e-150	411
6_117	7_300	100.000	184	0	0	1	184	1	184	1.72e-136	374
6_118	7_305	100.000	442	0	0	1	442	1	442	0.0	874
6_118	7_365	35.897	156	83	4	218	368	172	315	3.72e-20	87.0
6_118	7_365	29.032	124	83	4	220	341	6	126	3.91e-06	43.1
6_118	7_261	37.705	61	35	1	218	275	5	65	6.28e-05	39.3
6_119	7_308	100.000	70	0	0	1	70	1	70	2.85e-47	139
6_120	7_310	100.000	366	0	0	1	366	1	366	0.0	723
6_120	7_155	27.358	318	207	7	61	361	6	316	1.68e-22	92.0
6_121	7_311	100.000	321	0	0	1	321	1	321	0.0	634
6_121	7_156	32.877	219	139	5	106	317	160	377	2.16e-20	85.5
6_122	7_315	100.000	142	0	0	1	142	1	142	6.00e-104	288
6_123	7_316	100.000	361	0	0	1	361	1	361	0.0	718
6_124	7_318	100.000	259	0	0	1	259	1	259	0.0	515
6_125	7_319	100.000	504	0	0	1	504	1	504	0.0	979
6_125	7_7	25.901	444	264	16	10	403	51	479	3.82e-21	91.3
6_126	7_320	100.000	91	0	0	1	91	1	91	6.91e-61	175
6_126	7_6	28.571	91	61	3	1	88	3	92	9.09e-07	38.5
6_127	7_321	100.000	98	0	0	1	98	1	98	9.99e-67	191
6_128	7_322	100.000	207	0	0	1	207	1	207	5.49e-147	402
6_129	7_324	100.000	97	0	0	1	97	1	97	7.46e-67	191
6_130	7_326	100.000	465	0	0	1	465	1	465	0.0	930
6_131	7_330	100.000	204	0	0	1	204	1	204	1.23e-143	393
6_132	7_333	100.000	336	0	0	1	336	1	336	0.0	687
6_133	7_336	100.000	337	0	0	1	337	1	337	0.0	672
6_134	7_337	100.000	240	0	0	1	240	1	240	3.18e-178	484
6_135	7_338	100.000	419	0	0	1	419	1	419	0.0	828
6_135	7_170	36.220	127	56	2	160	261	6	132	6.51e-15	70.1
6_135	7_365	25.112	223	154	7	159	375	173	388	2.00e-04	37.7
6_135	7_544	35.000	60	27	2	159	214	113	164	6.61e-04	35.8
6_136	7_341	100.000	141	0	0	1	141	1	141	1.25e-99	277
6_137	7_343	100.000	242	0	0	1	242	1	242	8.80e-173	470
6_138	7_344	100.000	102	0	0	1	102	1	102	1.61e-71	203
6_139	7_345	100.000	179	0	0	1	179	1	179	3.58e-127	350
6_140	7_346	100.000	187	0	0	1	187	1	187	4.55e-132	363
6_141	7_348	100.000	276	0	0	1	276	1	276	0.0	544
6_142	7_351	100.000	331	0	0	1	331	1	331	0.0	665
6_143	7_354	100.000	455	0	0	1	455	1	455	0.0	930
6_144	7_356	100.000	257	0	0	1	257	1	257	0.0	518
6_145	7_357	100.000	276	0	0	1	276	1	276	0.0	564
6_146	7_358	100.000	414	0	0	1	414	1	414	0.0	830
6_147	7_361	100.000	102	0	0	1	102	1	102	5.10e-70	199
6_148	7_363	100.000	376	0	0	1	376	1	376	0.0	775
6_149	7_365	100.000	437	0	0	1	437	1	437	0.0	877
6_149	7_305	35.897	156	83	4	172	315	218	368	3.93e-20	86.7
6_149	7_305	29.032	124	83	4	6	126	220	341	3.54e-06	43.5
6_149	7_261	29.530	149	90	6	5	143	9	152	4.81e-09	52.0
6_149	7_261	26.220	164	110	4	173	335	9	162	4.36e-06	42.7
6_149	7_402	40.741	54	29	1	6	59	19	69	5.13e-06	41.6
6_149	7_402	28.415	183	118	5	157	338	5	175	6.80e-06	41.2
6_149	7_367	28.108	185	98	8	174	341	10	176	4.68e-05	40.0
6_149	7_544	33.846	65	33	4	5	65	113	171	2.79e-04	37.0
6_150	7_367	100.000	598	0	0	1	598	1	598	0.0	1210
6_150	7_369	36.898	187	106	4	2	183	6	185	1.21e-24	103
6_150	7_369	23.009	226	143	9	165	370	266	480	7.51e-07	46.6
6_150	7_369	22.599	177	118	5	322	480	509	684	3.38e-06	44.3
6_150	7_197	30.093	216	126	7	10	217	117	315	7.45e-17	78.6
6_150	7_142	27.083	288	181	10	8	272	20	301	4.58e-16	75.1
6_150	7_365	28.108	185	98	8	10	176	174	341	6.41e-05	40.0
6_151	7_368	100.000	323	0	0	1	323	1	323	0.0	657
6_152	7_369	100.000	694	0	0	1	694	1	694	0.0	1425
6_152	7_367	36.898	187	106	4	6	185	2	183	1.41e-24	103
6_152	7_367	23.009	226	143	9	266	480	165	370	8.72e-07	46.6
6_152	7_367	22.599	177	118	5	509	684	322	480	3.92e-06	44.3
6_152	7_197	37.008	127	62	2	13	139	116	224	9.56e-14	68.9
6_152	7_142	34.091	132	84	3	8	138	16	145	5.29e-13	65.9
6_153	7_370	100.000	141	0	0	1	141	1	141	6.14e-104	288
6_154	7_371	100.000	166	0	0	1	166	1	166	4.12e-117	323
6_155	7_373	100.000	457	0	0	1	457	1	457	0.0	936
6_155	7_581	23.729	295	197	10	106	396	16	286	7.10e-08	48.5
6_156	7_374	100.000	427	0	0	1	427	1	427	0.0	847
6_157	7_375	100.000	232	0	0	1	232	1	232	1.27e-173	471
6_158	7_377	100.000	93	0	0	1	93	1	93	4.92e-68	193
6_159	7_382	100.000	259	0	0	1	259	1	259	0.0	514
6_160	7_383	100.000	144	0	0	1	144	1	144	8.51e-108	298
6_161	7_384	100.000	132	0	0	1	132	1	132	6.96e-95	264
6_162	7_387	100.000	145	0	0	1	145	1	145	1.42e-102	285
6_163	7_388	100.000	410	0	0	1	410	1	410	0.0	811
6_164	7_391	100.000	181	0	0	1	181	1	181	1.23e-134	369
6_165	7_392	100.000	46	0	0	1	46	1	46	2.38e-29	92.4
6_166	7_395	100.000	195	0	0	1	195	1	195	2.51e-144	394
6_167	7_397	100.000	245	0	0	1	245	1	245	7.94e-177	481
6_168	7_398	100.000	700	0	0	1	700	1	700	0.0	1422
6_169	7_404	100.000	457	0	0	1	457	1	457	0.0	937
6_170	7_406	100.000	316	0	0	1	316	1	316	0.0	625
6_171	7_408	100.000	238	0	0	1	238	1	238	3.33e-176	479
6_171	7_206	35.349	215	114	6	25	223	26	231	5.91e-24	94.4
6_171	7_206	32.051	78	53	0	136	213	407	484	3.53e-07	45.1
6_171	7_84	40.000	85	51	0	133	217	156	240	7.58e-17	72.8
6_171	7_484	28.444	225	136	8	22	223	143	365	9.74e-17	73.6
6_171	7_83	27.805	205	136	6	22	218	20	220	1.71e-15	68.6
6_171	7_446	25.676	222	145	6	5	212	6	221	4.63e-14	65.5
6_171	7_446	25.446	224	142	7	22	225	283	501	3.20e-09	51.2
6_171	7_312	32.353	102	68	1	133	233	278	379	1.94e-12	60.8
6_171	7_312	31.915	47	32	0	22	68	63	109	0.001	34.3
6_171	7_10	32.143	140	84	3	90	221	143	279	5.37e-12	59.3
6_171	7_158	30.108	93	64	1	133	224	615	707	6.00e-12	59.3
6_171	7_158	40.426	47	28	0	21	67	23	69	1.95e-07	45.8
6_171	7_1	32.292	96	63	2	127	221	500	594	1.70e-11	58.2
6_171	7_1	30.556	72	46	3	21	89	53	123	3.33e-04	35.8
6_171	7_43	29.596	223	136	8	8	221	4	214	3.88e-11	57.0
6_171	7_264	29.630	189	109	7	38	212	501	679	1.93e-10	55.1
6_171	7_126	31.313	99	67	1	136	233	232	330	2.05e-10	54.7
6_171	7_157	24.783	230	150	7	22	230	30	257	2.80e-10	53.9
6_171	7_400	32.065	184	107	8	24	198	354	528	4.24e-10	53.9
6_171	7_167	23.913	230	153	7	1	220	66	283	7.22e-10	52.8
6_171	7_35	28.646	192	103	6	22	197	340	513	9.44e-10	52.8
6_171	7_462	27.000	200	123	7	22	211	17	203	9.32e-09	50.1
6_171	7_42	27.174	184	109	7	24	196	19	188	6.48e-07	44.3
6_171	7_306	21.397	229	162	8	5	226	319	536	7.31e-07	43.9
6_171	7_306	22.363	237	149	6	5	213	1	230	1.07e-05	40.4
6_171	7_401	27.273	209	130	9	8	205	336	533	9.42e-07	43.5
6_171	7_181	26.582	79	57	1	135	212	153	231	3.38e-06	41.6
6_171	7_36	25.414	181	122	5	22	197	342	514	3.94e-06	42.0
6_172	7_410	100.000	578	0	0	1	578	1	578	0.0	1161
6_173	7_412	100.000	127	0	0	1	127	1	127	2.21e-88	248
6_174	7_413	100.000	285	0	0	1	285	1	285	0.0	552
6_174	7_414	42.748	262	132	5	26	281	1	250	5.05e-54	171
6_174	7_415	42.786	201	111	2	84	280	43	243	6.52e-48	155
6_175	7_414	100.000	263	0	0	1	263	1	263	0.0	518
6_175	7_413	42.748	262	132	5	1	250	26	281	4.66e-54	171
6_175	7_415	38.281	256	138	6	1	249	1	243	9.53e-48	154
6_176	7_417	100.000	411	0	0	1	411	1	411	0.0	820
6_177	7_419	100.000	202	0	0	1	202	1	202	1.54e-145	398
6_178	7_420	100.000	487	0	0	1	487	1	487	0.0	968
6_179	7_426	100.000	457	0	0	1	457	1	457	0.0	926
6_179	7_349	37.168	452	279	4	2	450	7	456	3.02e-104	313
6_179	7_347	21.988	332	249	6	15	341	37	363	7.50e-08	48.9
6_179	7_425	22.819	298	203	11	119	402	116	400	3.72e-06	43.5
6_180	7_427	100.000	306	0	0	1	306	1	306	0.0	630
6_180	7_60	26.897	290	174	9	10	278	21	293	9.02e-21	85.1
6_180	7_509	22.939	279	185	10	9	277	5	263	2.34e-08	48.9
6_180	7_175	23.019	265	163	8	12	261	8	246	2.89e-06	42.7
6_180	7_304	27.397	73	51	1	7	79	2	72	4.11e-05	38.9
6_180	7_96	32.877	73	43	1	186	258	180	246	2.68e-04	36.2
6_181	7_415	99.592	245	1	0	1	245	1	245	2.64e-180	489
6_181	7_414	38.976	254	139	5	1	243	1	249	3.75e-48	155
6_181	7_413	42.786	201	111	2	43	243	84	280	5.73e-48	155
6_182	7_435	100.000	77	0	0	1	77	1	77	2.01e-49	145
6_183	7_437	100.000	90	0	0	1	90	1	90	1.29e-61	177
6_184	7_438	100.000	156	0	0	1	156	1	156	1.39e-117	323
6_185	7_439	100.000	126	0	0	1	126	1	126	2.50e-88	247
6_186	7_440	100.000	174	0	0	1	174	1	174	6.59e-126	346
6_187	7_441	100.000	305	0	0	1	305	1	305	0.0	619
6_187	7_152	24.709	344	192	13	4	298	157	482	3.08e-05	39.7
6_187	7_581	25.949	158	98	5	150	298	56	203	5.10e-04	35.4
6_188	7_450	100.000	156	0	0	1	156	1	156	3.26e-113	313
6_189	7_453	100.000	147	0	0	1	147	1	147	3.10e-106	294
6_190	7_455	100.000	87	0	0	1	87	1	87	2.10e-61	176
6_191	7_462	100.000	766	0	0	1	766	1	766	0.0	1510
6_191	7_42	30.750	813	475	21	1	766	1	772	5.23e-92	300
6_191	7_43	40.044	452	245	10	1	440	1	438	3.50e-90	291
6_191	7_43	33.588	131	87	0	636	766	516	646	1.69e-15	74.7
6_191	7_167	32.735	223	133	7	1	209	60	279	3.26e-24	98.6
6_191	7_84	27.488	211	126	7	17	201	23	232	5.67e-15	70.9
6_191	7_446	23.938	259	169	9	1	232	6	263	2.37e-14	70.9
6_191	7_446	23.301	206	140	4	16	203	282	487	2.93e-06	44.7
6_191	7_206	29.630	216	130	6	2	201	8	217	3.98e-13	67.0
6_191	7_400	29.897	194	126	6	1	188	336	525	5.25e-13	66.6
6_191	7_126	32.990	97	63	1	1	95	10	106	1.25e-09	55.5
6_191	7_35	27.230	213	130	7	1	199	324	525	2.58e-09	54.7
6_191	7_546	25.823	395	236	18	302	659	86	460	8.80e-09	53.1
6_191	7_36	28.708	209	138	6	2	204	327	530	9.35e-09	52.8
6_191	7_10	34.483	87	53	2	119	202	183	268	2.00e-08	51.6
6_191	7_1	30.357	112	75	2	2	111	39	149	3.59e-08	51.2
6_191	7_1	31.081	74	49	1	129	200	508	581	1.78e-05	42.4
6_191	7_408	27.000	200	123	7	17	203	22	211	3.77e-08	49.7
6_191	7_484	25.561	223	120	8	15	198	141	356	1.03e-07	49.3
6_191	7_83	26.818	220	127	9	1	198	1	208	1.81e-07	47.8
6_191	7_181	29.545	88	59	2	115	200	141	227	4.90e-07	46.2
6_191	7_312	29.600	125	78	5	115	230	267	390	4.93e-07	47.4
6_191	7_158	30.476	105	65	2	129	225	618	722	5.34e-07	47.4
6_191	7_401	28.505	214	123	10	2	198	334	534	7.11e-07	47.0
6_191	7_306	26.027	219	131	9	1	204	319	521	1.48e-05	42.7
6_191	7_306	20.851	235	133	6	1	198	1	219	1.70e-05	42.4
6_191	7_157	24.880	209	125	7	16	197	29	232	1.49e-05	42.4
6_191	7_99	36.585	82	43	4	129	204	834	912	1.70e-05	42.7
6_191	7_99	31.068	103	61	4	93	190	460	557	0.001	37.0
6_191	7_264	24.638	207	127	6	13	195	469	670	1.01e-04	40.0
6_192	7_560	100.000	319	0	0	8	326	1	319	0.0	633
6_193	7_470	100.000	103	0	0	1	103	1	103	4.50e-70	199
6_194	7_471	100.000	93	0	0	1	93	1	93	6.92e-61	175
6_195	7_472	100.000	278	0	0	1	278	1	278	0.0	552
6_196	7_475	100.000	64	0	0	1	64	1	64	8.55e-41	122
6_197	7_477	100.000	136	0	0	1	136	1	136	5.77e-92	257
6_198	7_479	100.000	146	0	0	1	146	1	146	2.66e-102	284
6_199	7_480	100.000	127	0	0	1	127	1	127	1.96e-87	245
6_200	7_481	100.000	153	0	0	1	153	1	153	4.03e-108	300
6_201	7_482	100.000	143	0	0	1	143	1	143	1.89e-100	279
6_202	7_483	100.000	145	0	0	1	145	1	145	1.13e-106	295
6_203	7_484	100.000	469	0	0	1	469	1	469	0.0	967
6_203	7_157	40.240	333	193	3	116	447	5	332	1.93e-74	233
6_203	7_158	44.737	114	63	0	273	386	614	727	2.58e-30	119
6_203	7_158	31.579	95	60	2	153	247	34	123	2.83e-07	47.4
6_203	7_312	45.082	122	66	1	269	389	273	394	1.41e-28	112
6_203	7_312	35.185	108	53	4	139	239	59	156	1.65e-11	60.5
6_203	7_83	26.800	250	159	8	122	370	3	229	2.68e-18	79.3
6_203	7_408	28.444	225	136	8	143	365	22	223	3.23e-16	72.8
6_203	7_126	32.520	123	71	3	247	357	190	312	7.33e-15	70.9
6_203	7_1	32.432	111	74	1	274	384	505	614	7.91e-15	71.2
6_203	7_167	30.645	186	110	6	153	336	90	258	5.67e-14	67.0
6_203	7_84	27.350	234	147	5	146	367	26	248	7.15e-14	66.6
6_203	7_10	23.448	145	108	2	244	388	162	303	2.02e-11	60.1
6_203	7_446	25.424	236	134	10	143	363	22	230	1.75e-09	54.3
6_203	7_446	25.194	258	149	8	115	355	259	489	6.27e-08	49.3
6_203	7_181	26.033	242	156	9	122	354	4	231	3.78e-09	52.0
6_203	7_43	25.688	218	138	7	142	359	16	209	1.34e-08	51.6
6_203	7_206	28.444	225	127	11	145	358	23	224	2.44e-08	50.4
6_203	7_206	24.483	290	175	11	99	364	224	493	1.30e-05	42.0
6_203	7_462	25.561	223	120	8	141	356	15	198	4.55e-08	50.1
6_203	7_42	25.592	211	123	8	142	347	16	197	5.32e-06	43.1
6_203	7_306	23.913	184	111	6	142	308	16	187	8.96e-05	39.3
6_203	7_99	29.897	97	57	4	277	364	834	928	1.97e-04	38.1
6_204	7_485	100.000	151	0	0	1	151	1	151	1.12e-108	301
6_204	7_5	32.500	120	78	2	15	132	22	140	7.63e-11	52.0
6_205	7_489	100.000	113	0	0	1	113	1	113	7.29e-82	230
6_206	7_490	100.000	96	0	0	1	96	1	96	1.62e-68	195
6_207	7_492	100.000	1065	0	0	1	1065	1	1065	0.0	2137
6_207	7_359	26.625	323	183	13	623	907	917	1223	7.37e-14	70.9
6_207	7_359	37.383	107	59	3	297	397	281	385	4.93e-10	58.2
6_208	7_498	100.000	190	0	0	1	190	1	190	4.03e-143	391
6_209	7_501	100.000	331	0	0	1	331	1	331	0.0	660
6_210	7_502	100.000	203	0	0	1	203	1	203	7.23e-147	401
6_211	7_506	100.000	149	0	0	1	149	1	149	1.79e-111	308
6_212	7_507	100.000	160	0	0	1	160	1	160	1.30e-113	314
6_213	7_509	100.000	267	0	0	1	267	1	267	0.0	541
6_213	7_60	26.502	283	175	9	3	260	19	293	5.02e-16	70.9
6_213	7_175	32.895	228	137	8	1	219	1	221	3.60e-15	69.3
6_213	7_304	23.529	272	197	8	4	265	2	272	4.47e-11	56.6
6_213	7_427	22.968	283	187	11	2	263	5	277	1.56e-08	48.9
6_213	7_96	32.203	59	40	0	183	241	188	246	1.14e-04	37.4
6_214	7_512	100.000	90	0	0	1	90	1	90	1.95e-57	166
6_215	7_513	100.000	221	0	0	1	221	1	221	2.77e-164	447
6_216	7_515	100.000	70	0	0	1	70	1	70	3.14e-44	131
6_217	7_522	100.000	95	0	0	1	95	1	95	2.48e-67	192
6_218	7_528	100.000	699	0	0	1	699	1	699	0.0	1417
6_218	7_464	25.878	769	431	26	16	692	6	727	1.78e-44	165
6_219	7_530	100.000	181	0	0	1	181	1	181	8.27e-131	359
6_220	7_122	100.000	263	0	0	1	263	19	281	0.0	527
6_221	7_537	100.000	232	0	0	1	232	1	232	5.93e-171	465
6_222	7_99	99.894	947	1	0	1	947	1	947	0.0	1930
6_222	7_83	29.801	151	85	7	783	928	90	224	2.68e-07	47.8
6_222	7_42	39.130	92	47	4	820	908	115	200	6.91e-07	47.4
6_222	7_42	28.571	147	88	6	416	562	64	193	1.59e-04	39.7
6_222	7_84	32.051	78	50	1	820	897	145	219	1.38e-06	45.8
6_222	7_84	30.000	80	54	1	479	558	145	222	6.06e-06	43.5
6_222	7_462	36.585	82	43	4	834	912	129	204	1.81e-05	42.7
6_222	7_43	36.905	84	44	4	826	906	121	198	1.76e-04	39.7
6_222	7_158	33.333	102	63	3	476	574	601	700	1.92e-04	39.7
6_222	7_126	38.667	75	43	2	485	558	224	296	2.26e-04	38.9
6_222	7_312	25.168	298	194	12	628	907	63	349	2.34e-04	38.9
6_222	7_484	29.897	97	57	4	834	928	277	364	4.22e-04	38.1
6_222	7_446	24.737	190	120	8	481	655	129	310	4.76e-04	38.1
6_222	7_157	29.825	114	68	5	833	943	161	265	5.14e-04	37.7
6_223	7_108	99.587	242	1	0	1	242	1	242	7.50e-178	483
6_224	7_126	99.550	444	2	0	1	444	1	444	0.0	885
6_224	7_10	32.059	340	185	10	8	341	5	304	5.07e-38	137
6_224	7_1	38.624	189	111	4	205	390	481	667	4.09e-35	132
6_224	7_1	47.423	97	51	0	11	107	39	135	7.65e-23	95.9
6_224	7_312	26.786	392	248	11	10	379	43	417	3.83e-23	95.9
6_224	7_158	32.117	137	92	1	199	334	584	720	2.64e-20	88.2
6_224	7_158	40.541	37	22	0	20	56	18	54	6.24e-04	36.6
6_224	7_84	35.616	146	81	5	214	355	140	276	2.48e-17	77.0
6_224	7_84	25.962	104	55	3	24	106	21	123	9.26e-05	38.5
6_224	7_484	32.520	123	71	3	190	312	247	357	5.75e-15	71.2
6_224	7_83	34.545	110	71	1	212	321	118	226	1.05e-12	62.8
6_224	7_83	26.050	119	79	3	22	137	16	128	1.85e-05	40.8
6_224	7_167	36.170	94	54	2	24	111	78	171	6.58e-12	60.8
6_224	7_167	36.585	82	51	1	230	311	197	277	4.87e-10	55.1
6_224	7_446	30.147	136	88	4	202	333	112	244	6.81e-11	58.5
6_224	7_446	28.431	102	68	3	10	106	6	107	3.03e-08	50.1
6_224	7_446	25.287	87	64	1	224	310	404	489	3.96e-05	40.0
6_224	7_408	31.313	99	67	1	232	330	136	233	3.49e-10	54.7
6_224	7_462	32.990	97	63	1	10	106	1	95	7.18e-10	55.5
6_224	7_157	28.030	132	92	1	204	332	131	262	8.23e-10	54.7
6_224	7_181	31.313	99	68	0	211	309	133	231	5.92e-09	51.2
6_224	7_42	32.394	142	92	3	211	351	107	245	1.07e-08	51.6
6_224	7_42	32.955	88	57	1	16	103	7	92	1.08e-08	51.6
6_224	7_43	31.915	94	62	1	10	103	1	92	1.14e-08	51.6
6_224	7_43	39.535	86	46	3	229	312	126	207	2.35e-08	50.4
6_224	7_35	36.232	69	44	0	10	78	324	392	1.64e-07	47.8
6_224	7_35	33.645	107	54	3	193	293	419	514	4.75e-06	43.1
6_224	7_206	30.488	82	54	2	232	312	407	486	3.56e-07	46.6
6_224	7_206	28.333	60	43	0	11	70	8	67	3.87e-04	37.0
6_224	7_400	30.769	78	53	1	1	77	327	404	6.63e-06	42.7
6_224	7_400	35.294	68	41	1	229	296	464	528	5.10e-05	40.0
6_224	7_306	31.765	85	54	1	226	310	150	230	1.19e-05	42.0
6_224	7_306	27.586	58	42	0	10	67	1	58	2.29e-05	40.8
6_224	7_36	32.787	61	41	0	11	71	327	387	3.44e-05	40.4
6_224	7_99	38.667	75	43	2	224	296	485	558	1.21e-04	38.9
6_225	7_443	99.776	446	1	0	1	446	1	446	0.0	891
6_226	7_134	99.675	308	1	0	1	308	1	308	0.0	579
6_227	7_218	39.241	79	46	2	1	77	1	79	2.49e-09	47.8
6_227	7_212	39.474	76	42	3	1	73	1	75	1.70e-08	45.4
6_228	7_423	99.457	184	1	0	1	184	1	184	2.48e-135	371
6_229	7_429	99.541	218	1	0	1	218	1	218	8.05e-162	441
6_230	7_430	99.585	241	1	0	1	241	1	241	1.07e-180	490
6_231	7_402	99.432	176	1	0	1	176	1	176	2.65e-130	357
6_231	7_365	40.741	54	29	1	19	69	6	59	2.01e-06	41.6
6_231	7_365	28.415	183	118	5	5	175	157	338	2.95e-06	40.8
6_231	7_261	39.344	61	33	3	19	76	10	69	1.64e-04	35.8
6_232	7_366	98.684	76	1	0	1	76	1	76	5.14e-49	144
6_233	7_362	99.833	600	1	0	1	600	1	600	0.0	1197
6_234	7_360	99.420	517	3	0	1	517	1	517	0.0	1001
6_235	7_339	99.167	120	1	0	1	120	1	120	3.94e-84	236
6_236	7_335	99.856	694	1	0	1	694	1	694	0.0	1389
6_237	7_433	98.333	120	2	0	1	120	1	120	1.01e-83	235
6_238	7_18	99.701	335	1	0	1	335	1	335	0.0	662
6_239	7_22	99.691	324	1	0	1	324	1	324	0.0	663
6_239	7_432	41.846	325	176	7	7	324	7	325	7.27e-57	182
6_239	7_500	22.941	340	195	13	1	296	321	637	2.26e-09	52.8
6_240	7_32	99.688	321	1	0	1	321	1	321	0.0	622
6_241	7_34	99.528	212	1	0	1	212	1	212	8.22e-148	405
6_242	7_57	99.550	222	1	0	1	222	1	222	1.64e-162	442
6_243	7_69	99.918	1216	1	0	1	1216	1	1216	0.0	2396
6_243	7_219	26.623	154	99	6	1054	1202	7	151	0.001	36.2
6_244	7_72	99.778	451	1	0	1	451	1	451	0.0	916
6_245	7_76	99.699	332	1	0	1	332	1	332	0.0	661
6_246	7_83	99.632	272	1	0	1	272	1	272	0.0	541
6_246	7_84	34.188	234	133	6	19	232	22	254	2.81e-34	120
6_246	7_400	34.694	196	110	5	16	205	348	531	3.42e-19	81.6
6_246	7_484	26.800	250	159	8	3	229	122	370	7.52e-19	80.5
6_246	7_157	31.330	233	127	7	19	227	29	252	1.12e-18	79.3
6_246	7_167	28.636	220	132	4	19	225	79	286	1.61e-18	78.2
6_246	7_158	36.275	102	64	1	127	227	607	708	2.47e-15	70.5
6_246	7_158	33.333	75	43	3	23	91	27	100	2.83e-04	36.6
6_246	7_408	27.805	205	136	6	20	220	22	218	2.47e-15	68.6
6_246	7_401	30.189	212	132	8	2	208	334	534	1.42e-14	67.8
6_246	7_35	32.075	212	118	6	1	204	324	517	2.25e-14	67.4
6_246	7_43	31.081	222	129	11	1	215	1	205	9.63e-14	65.5
6_246	7_126	34.545	110	71	1	118	226	212	321	2.65e-13	63.9
6_246	7_126	26.050	119	79	3	16	128	22	137	1.14e-05	40.8
6_246	7_36	32.353	204	117	11	2	200	327	514	3.03e-13	63.9
6_246	7_1	31.776	107	72	1	116	221	486	592	3.23e-13	63.9
6_246	7_1	31.915	94	55	3	16	106	50	137	4.00e-06	42.4
6_246	7_306	27.778	198	108	5	16	185	13	203	1.43e-12	62.0
6_246	7_446	27.273	220	125	10	19	218	21	225	2.05e-12	61.2
6_246	7_446	25.541	231	157	8	1	218	264	492	3.42e-06	42.4
6_246	7_312	32.500	120	77	3	104	219	244	363	2.54e-12	60.8
6_246	7_206	32.143	196	124	6	28	217	31	223	5.63e-12	60.1
6_246	7_10	24.221	289	161	9	2	236	8	292	3.24e-11	57.4
6_246	7_181	26.848	257	156	9	1	240	9	250	1.56e-08	48.9
6_246	7_42	23.618	199	141	6	16	212	13	202	3.25e-08	48.9
6_246	7_462	27.149	221	125	10	1	208	1	198	7.77e-08	47.8
6_246	7_99	29.801	151	85	7	90	224	783	928	1.18e-07	47.0
6_246	7_264	24.757	206	130	7	2	197	471	661	1.59e-07	46.6
6_247	7_85	99.688	320	1	0	1	320	1	320	0.0	626
6_248	7_306	99.814	538	1	0	1	538	1	538	0.0	1097
6_248	7_43	25.641	234	141	6	1	230	1	205	1.20e-12	64.7
6_248	7_43	28.571	210	133	8	319	519	1	202	1.12e-09	55.5
6_248	7_83	27.778	198	108	5	13	203	16	185	2.07e-12	62.4
6_248	7_42	22.993	274	175	5	1	272	1	240	6.53e-11	59.3
6_248	7_42	24.645	211	138	8	319	518	1	201	6.12e-06	43.5
6_248	7_35	28.342	187	110	5	1	187	324	486	2.55e-10	57.4
6_248	7_206	26.271	236	145	9	2	230	8	221	6.66e-10	55.8
6_248	7_206	32.432	74	47	2	453	523	149	222	3.49e-04	37.4
6_248	7_400	23.853	218	133	6	1	213	336	525	7.75e-09	52.4
6_248	7_401	44.898	49	27	0	13	61	346	394	9.39e-08	48.9
6_248	7_446	24.064	187	126	4	1	187	6	176	5.33e-07	46.6
6_248	7_1	35.088	57	37	0	2	58	39	95	7.07e-07	46.2
6_248	7_1	23.810	84	60	1	152	231	504	587	3.66e-05	40.8
6_248	7_84	24.286	210	127	6	20	213	26	219	9.33e-07	45.1
6_248	7_408	21.397	229	162	8	319	536	5	226	1.59e-06	43.9
6_248	7_408	22.363	237	149	6	1	230	5	213	2.53e-05	40.4
6_248	7_462	26.027	219	131	9	319	521	1	204	7.25e-06	43.1
6_248	7_462	20.851	235	133	6	1	219	1	198	9.14e-06	42.7
6_248	7_36	35.185	54	35	0	10	63	335	388	8.23e-06	42.7
6_248	7_126	31.765	85	54	1	150	230	226	310	1.91e-05	41.6
6_248	7_126	27.586	58	42	0	1	58	10	67	2.69e-05	41.2
6_248	7_181	22.078	231	150	6	320	525	10	235	4.15e-05	40.0
6_248	7_181	20.732	246	135	6	14	233	24	235	1.88e-04	37.7
6_248	7_484	23.913	184	111	6	16	187	142	308	1.10e-04	39.3
6_248	7_10	27.174	92	64	1	443	534	188	276	3.28e-04	37.4
6_248	7_264	25.126	199	105	10	32	217	500	667	4.82e-04	37.4
6_248	7_158	28.169	71	47	1	449	515	619	689	7.11e-04	36.6
6_249	7_190	99.606	254	1	0	1	254	1	254	0.0	522
6_250	7_197	99.833	599	1	0	1	599	1	599	0.0	1219
6_250	7_367	30.093	216	126	7	117	315	10	217	6.27e-17	78.6
6_250	7_369	37.008	127	62	2	116	224	13	139	8.25e-14	68.9
6_250	7_142	32.099	162	90	3	116	257	21	182	2.56e-13	66.6
6_251	7_494	99.623	265	1	0	3	267	2	266	0.0	506
6_252	7_496	99.649	569	2	0	1	569	1	569	0.0	1100
6_252	7_207	30.556	216	124	4	79	285	18	216	1.00e-11	60.8
6_253	7_219	99.379	161	1	0	1	161	1	161	1.71e-113	313
6_253	7_69	26.623	154	99	6	7	151	1054	1202	1.47e-04	35.8
6_254	7_478	99.425	174	1	0	1	174	1	174	7.45e-130	356
6_255	7_298	99.559	227	1	0	1	227	1	227	8.00e-167	454
6_256	7_294	99.533	214	1	0	1	214	1	214	1.37e-156	427
6_257	7_285	99.065	107	1	0	1	107	1	107	4.04e-72	205
6_258	7_276	99.057	212	2	0	1	212	1	212	9.07e-156	425
6_259	7_269	98.333	120	2	0	1	120	1	120	1.90e-86	242
6_260	7_268	99.576	236	1	0	1	236	1	236	2.07e-171	466
6_260	7_162	33.088	136	64	8	4	113	16	150	6.56e-06	40.8
6_261	7_267	99.475	381	2	0	1	381	1	381	0.0	750
6_262	7_257	99.298	285	2	0	1	285	1	285	0.0	568
6_263	7_386	99.873	790	1	0	1	790	1	790	0.0	1607
6_263	7_331	22.941	340	205	10	393	701	440	753	1.46e-14	72.0
6_263	7_331	23.563	174	120	3	8	169	27	199	6.44e-09	53.9
6_263	7_30	24.103	195	101	6	398	592	393	540	4.76e-12	63.9
6_263	7_30	27.174	184	113	4	3	168	6	186	9.32e-09	53.1
6_263	7_52	34.444	90	58	1	29	118	3	91	4.89e-08	50.4
6_263	7_52	33.000	100	59	3	513	612	264	355	1.58e-07	48.9
6_264	7_500	99.850	665	1	0	1	665	1	665	0.0	1345
6_264	7_22	22.941	340	195	13	321	637	1	296	6.07e-09	52.8
6_264	7_432	28.452	239	134	10	325	557	9	216	1.39e-08	51.6
6_265	7_389	99.559	227	1	0	1	227	1	227	1.27e-163	446
6_266	7_172	99.387	163	1	0	1	163	1	163	3.06e-118	326
6_267	7_173	98.077	260	5	0	1	260	1	260	0.0	514
6_268	7_181	99.609	256	1	0	1	256	1	256	0.0	507
6_268	7_312	34.711	121	77	2	126	244	251	371	2.32e-16	72.8
6_268	7_167	27.358	212	142	4	5	213	56	258	8.11e-16	70.5
6_268	7_10	25.714	280	163	5	8	244	6	283	2.66e-15	69.3
6_268	7_158	30.508	118	73	2	134	250	597	706	3.56e-14	66.6
6_268	7_42	27.136	199	126	4	28	225	18	198	3.24e-13	63.5
6_268	7_446	24.138	232	162	10	27	252	22	245	3.12e-12	60.5
6_268	7_446	22.566	226	163	6	12	230	267	487	6.58e-09	50.4
6_268	7_484	25.203	246	153	8	4	231	122	354	1.97e-11	58.2
6_268	7_84	25.806	217	145	9	27	231	23	235	8.88e-11	55.5
6_268	7_43	25.664	226	139	7	24	245	14	214	2.08e-10	55.1
6_268	7_83	26.794	209	139	6	9	214	1	198	2.87e-10	53.9
6_268	7_126	31.313	99	68	0	133	231	211	309	2.72e-09	51.6
6_268	7_1	33.766	77	51	0	154	230	508	584	2.82e-09	51.6
6_268	7_1	29.885	87	55	2	27	112	54	135	1.89e-04	37.0
6_268	7_157	27.801	241	145	11	6	231	13	239	1.26e-08	49.3
6_268	7_462	23.188	207	138	6	23	227	13	200	3.30e-08	48.5
6_268	7_206	24.074	216	151	7	20	231	14	220	5.13e-08	47.8
6_268	7_206	24.180	244	146	10	30	251	277	503	1.82e-05	40.0
6_268	7_400	26.699	206	131	7	9	212	336	523	6.17e-08	47.8
6_268	7_408	22.831	219	137	7	22	231	17	212	2.27e-06	42.0
6_268	7_306	22.271	229	152	6	10	235	320	525	3.08e-06	42.4
6_268	7_306	21.992	241	138	8	24	235	14	233	3.97e-05	38.9
6_268	7_264	28.333	180	105	7	40	212	498	660	3.21e-05	39.3
6_268	7_401	24.312	218	127	10	8	214	332	522	2.12e-04	36.6
6_268	7_35	21.053	209	141	7	9	214	324	511	2.25e-04	36.6
6_268	7_99	28.889	90	53	4	136	218	815	900	3.51e-04	36.2
6_269	7_460	99.367	158	1	0	1	158	1	158	1.81e-114	316
6_270	7_11	98.936	188	2	0	1	188	1	188	2.08e-133	366
6_271	7_8	99.714	350	1	0	1	350	1	350	0.0	715
6_272	7_214	99.174	121	1	0	1	121	1	121	5.77e-79	223
6_273	7_2	100.000	220	0	0	1	220	117	336	2.36e-156	431
6_273	7_572	21.364	220	158	6	1	220	100	304	2.34e-05	38.9
6_274	7_428	99.723	361	1	0	1	361	1	361	0.0	734
6_275	7_155	99.715	351	1	0	1	351	1	351	0.0	684
6_275	7_310	27.358	318	207	7	6	316	61	361	8.68e-23	92.8
6_276	7_135	99.767	429	1	0	1	429	1	429	0.0	862
6_277	7_131	99.429	175	1	0	1	175	1	175	3.34e-125	344
6_278	7_128	98.905	274	3	0	1	274	1	274	0.0	536
6_278	7_127	25.749	167	114	4	73	233	75	237	2.01e-05	39.7
6_279	7_113	99.068	322	3	0	1	322	1	322	0.0	647
6_280	7_109	98.864	88	1	0	1	88	1	88	3.16e-59	171
6_281	7_372	99.779	452	1	0	1	452	1	452	0.0	881
6_282	7_342	98.701	385	5	0	1	385	1	385	0.0	738
6_283	7_340	100.000	291	0	0	1	291	1	291	0.0	581
6_283	7_553	98.864	88	1	0	315	402	1	88	3.42e-55	172
6_284	7_381	99.510	408	2	0	1	408	1	408	0.0	819
6_285	7_301	99.327	297	2	0	1	297	1	297	0.0	576
6_286	7_307	99.712	695	2	0	1	695	1	695	0.0	1376
6_287	7_536	98.148	54	1	0	1	54	3	56	3.99e-33	103
6_288	7_314	99.888	892	1	0	1	892	1	892	0.0	1802
6_289	7_189	99.832	594	1	0	1	594	1	594	0.0	1188
6_289	7_210	28.413	630	325	21	34	582	29	613	4.70e-44	162
6_290	7_565	99.038	208	2	0	1	208	38	245	6.02e-151	414
6_290	7_256	25.654	191	131	5	18	201	28	214	4.86e-10	52.0
6_291	7_51	99.219	256	2	0	1	256	1	256	0.0	507
6_292	7_53	99.654	289	1	0	1	289	1	289	0.0	554
6_293	7_89	98.621	145	2	0	1	145	1	145	1.70e-101	282
6_294	7_253	99.630	270	1	0	1	270	1	270	0.0	545
6_295	7_235	99.861	720	1	0	1	720	1	720	0.0	1483
6_296	7_168	99.474	380	2	0	1	380	1	380	0.0	770
6_297	7_165	99.485	194	1	0	1	194	1	194	7.45e-143	390
6_297	7_164	38.509	161	94	3	4	160	3	162	6.53e-28	99.4
6_298	7_309	99.419	344	2	0	1	344	1	344	0.0	678
6_298	7_29	24.308	325	166	12	64	333	46	345	9.30e-06	41.2
6_299	7_317	99.592	490	2	0	1	490	1	490	0.0	957
6_300	7_400	99.629	539	2	0	1	539	1	539	0.0	1045
6_300	7_35	29.081	533	352	10	7	533	8	520	6.17e-49	172
6_300	7_36	31.132	212	136	3	331	538	321	526	3.67e-30	118
6_300	7_401	38.914	221	127	7	322	538	320	536	6.27e-30	118
6_300	7_83	35.204	196	109	5	348	531	16	205	8.33e-19	81.3
6_300	7_43	29.717	212	130	8	336	539	1	201	4.21e-15	72.8
6_300	7_462	30.412	194	125	6	336	525	1	188	3.76e-13	66.6
6_300	7_42	26.415	212	137	7	336	539	1	201	6.14e-12	62.8
6_300	7_264	31.138	167	94	7	369	522	502	660	7.16e-10	55.8
6_300	7_408	31.522	184	108	8	354	528	24	198	4.32e-09	52.0
6_300	7_306	23.853	218	133	6	336	525	1	213	6.53e-09	52.8
6_300	7_206	31.694	183	103	8	355	522	26	201	2.83e-08	50.4
6_300	7_167	25.510	196	125	7	351	532	79	267	6.03e-08	48.9
6_300	7_158	38.983	59	33	1	467	522	618	676	6.08e-07	46.6
6_300	7_1	27.778	90	61	2	452	538	493	581	1.35e-06	45.4
6_300	7_157	29.612	206	115	11	351	532	29	228	4.04e-06	43.5
6_300	7_10	29.412	85	52	2	441	522	172	251	4.88e-06	43.1
6_300	7_126	30.769	78	53	1	327	404	1	77	8.34e-06	42.7
6_300	7_126	35.294	68	41	1	464	528	229	296	6.47e-05	39.7
6_300	7_312	38.983	59	33	1	467	522	281	339	5.92e-05	40.0
6_300	7_181	26.214	206	132	7	336	523	9	212	1.47e-04	38.1
6_301	7_94	98.462	65	1	0	1	65	1	65	3.37e-44	131
6_302	7_466	98.947	95	1	0	1	95	17	111	1.45e-63	183
6_302	7_468	50.526	95	40	3	1	95	19	106	2.23e-21	77.0
6_302	7_465	49.474	95	41	3	1	95	19	106	2.99e-21	76.6
6_302	7_561	50.000	94	40	3	1	94	19	105	3.02e-21	75.9
6_302	7_527	49.474	95	41	3	1	95	19	106	4.15e-21	76.3
6_302	7_505	45.263	95	45	3	1	95	16	103	1.01e-18	70.1
6_303	7_446	99.609	512	2	0	1	512	1	512	0.0	1015
6_303	7_206	30.273	512	328	14	11	511	12	505	9.21e-54	184
6_303	7_462	23.938	259	169	9	6	263	1	232	1.47e-14	70.9
6_303	7_462	23.301	206	140	4	282	487	16	203	1.59e-06	45.1
6_303	7_167	25.108	231	157	8	6	228	60	282	5.68e-14	67.4
6_303	7_167	30.263	76	53	0	412	487	199	274	2.01e-04	37.7
6_303	7_42	25.592	211	143	5	6	215	1	198	8.77e-14	68.6
6_303	7_42	26.020	196	127	5	277	472	11	188	3.04e-10	57.0
6_303	7_408	25.676	222	145	6	6	221	5	212	1.01e-13	65.5
6_303	7_408	25.446	224	142	7	283	501	22	225	7.14e-09	51.2
6_303	7_43	25.688	218	140	7	20	235	15	212	2.62e-13	66.6
6_303	7_43	27.753	227	134	7	282	505	16	215	7.59e-13	65.5
6_303	7_84	24.576	236	141	7	13	223	14	237	3.78e-12	61.6
6_303	7_84	27.928	222	131	9	286	489	26	236	6.34e-12	61.2
6_303	7_181	24.893	233	159	7	22	245	27	252	4.68e-12	60.8
6_303	7_181	21.875	224	167	5	267	487	12	230	9.93e-08	47.8
6_303	7_83	26.818	220	126	10	21	225	19	218	2.97e-11	58.5
6_303	7_83	25.541	231	157	8	264	492	1	218	5.93e-06	42.4
6_303	7_126	30.147	136	88	4	112	244	202	333	7.13e-11	58.5
6_303	7_126	28.431	102	68	3	6	107	10	106	3.43e-08	50.1
6_303	7_126	25.287	87	64	1	404	489	224	310	4.12e-05	40.4
6_303	7_312	36.634	101	54	3	129	223	264	360	9.35e-11	58.2
6_303	7_312	35.443	79	50	1	412	489	281	359	4.12e-07	46.6
6_303	7_312	41.071	56	29	1	6	57	43	98	6.51e-06	42.7
6_303	7_35	30.000	220	113	7	2	206	320	513	1.54e-10	57.8
6_303	7_1	34.409	93	54	2	402	490	498	587	1.64e-10	57.8
6_303	7_1	29.213	89	58	2	133	220	500	584	8.73e-08	49.3
6_303	7_1	29.348	92	54	4	16	104	48	131	8.07e-07	46.2
6_303	7_10	23.420	269	153	9	29	246	30	296	1.03e-09	54.7
6_303	7_10	32.609	92	57	2	399	489	184	271	1.05e-06	45.4
6_303	7_484	25.424	236	134	10	22	230	143	363	1.33e-09	54.7
6_303	7_484	25.296	253	145	8	262	487	118	353	5.14e-08	49.7
6_303	7_158	30.097	103	62	3	129	225	601	699	4.71e-08	50.1
6_303	7_158	27.723	101	72	1	410	509	616	716	1.47e-05	42.0
6_303	7_306	24.378	201	108	6	6	176	1	187	5.68e-07	46.6
6_303	7_157	26.267	217	134	9	32	230	40	248	5.40e-06	43.1
6_303	7_157	33.333	81	53	1	410	489	160	240	6.25e-05	39.7
6_303	7_264	22.353	170	119	4	37	202	500	660	2.98e-05	40.8
6_303	7_401	26.230	183	118	8	37	215	365	534	6.58e-04	36.6
6_303	7_99	27.184	103	72	1	373	472	795	897	7.44e-04	36.6
6_304	7_517	97.744	133	3	0	1	133	1	133	4.58e-90	252
6_305	7_280	99.174	121	1	0	1	121	1	121	8.97e-87	243
6_306	7_304	99.638	276	1	0	1	276	1	276	0.0	565
6_306	7_60	27.170	265	163	10	5	249	21	275	9.67e-14	64.7
6_306	7_509	23.897	272	196	8	2	272	4	265	9.13e-12	58.5
6_306	7_96	23.704	270	160	9	1	248	1	246	9.22e-06	40.4
6_306	7_427	27.397	73	51	1	2	72	7	79	4.81e-05	38.5
6_306	7_175	25.877	228	143	10	7	224	8	219	7.73e-04	35.0
6_307	7_86	99.710	690	2	0	1	690	1	690	0.0	1369
6_308	7_91	99.411	1018	6	0	1	1018	1	1018	0.0	1969
6_308	7_111	26.452	1085	689	33	6	1015	1	1051	3.54e-78	272
6_308	7_37	32.867	286	182	5	11	289	3	285	1.54e-34	137
6_308	7_37	30.928	291	137	10	545	783	738	1016	2.09e-23	101
6_308	7_37	32.231	121	72	5	361	474	477	594	1.85e-05	43.1
6_308	7_4	27.083	240	153	8	18	255	1	220	2.32e-10	58.9
6_308	7_448	21.375	800	478	30	11	699	2	761	1.16e-09	57.0
6_308	7_106	25.112	446	278	14	14	436	18	430	1.89e-07	49.7
6_309	7_205	99.457	184	1	0	1	184	1	184	6.35e-136	372
6_310	7_227	98.851	87	1	0	1	87	1	87	1.01e-61	177
6_311	7_222	98.477	197	3	0	1	197	1	197	9.30e-133	365
6_312	7_434	99.844	641	1	0	1	641	1	641	0.0	1285
6_312	7_112	44.131	639	334	9	3	626	5	635	7.08e-168	489
6_313	7_228	99.688	321	1	0	1	321	1	321	0.0	641
6_313	7_78	42.857	56	28	1	8	63	15	66	1.38e-07	47.4
6_314	7_242	98.990	99	1	0	1	99	1	99	3.17e-68	194
6_315	7_511	99.837	615	1	0	1	615	1	615	0.0	1264
6_316	7_87	99.685	317	1	0	1	317	1	317	0.0	641
6_317	7_194	99.556	225	1	0	1	225	1	225	1.11e-162	443
6_318	7_347	99.803	507	1	0	1	507	1	507	0.0	1012
6_318	7_425	43.385	325	173	6	125	444	105	423	1.14e-74	239
6_318	7_349	27.027	370	259	7	58	421	44	408	1.49e-26	107
6_318	7_426	24.291	247	181	5	37	278	15	260	8.11e-08	48.9
6_319	7_349	99.788	471	1	0	1	471	1	471	0.0	951
6_319	7_426	37.168	452	279	4	7	456	2	450	4.34e-104	313
6_319	7_347	27.027	370	259	7	44	408	58	421	2.66e-26	106
6_319	7_425	22.712	295	216	6	63	348	49	340	5.68e-08	49.3
6_320	7_350	98.758	161	2	0	1	161	1	161	5.75e-117	322
6_321	7_352	99.344	305	2	0	1	305	1	305	0.0	601
6_322	7_353	99.545	440	2	0	1	440	1	440	0.0	874
6_322	7_20	36.269	193	110	4	101	283	125	314	2.50e-26	103
6_323	7_355	99.855	691	1	0	1	691	1	691	0.0	1390
6_324	7_359	99.432	1584	9	0	1	1584	1	1584	0.0	3115
6_324	7_492	26.791	321	181	13	919	1223	625	907	6.33e-14	71.6
6_324	7_492	37.383	107	59	3	281	385	297	397	1.04e-05	44.7
6_325	7_364	99.559	227	1	0	1	227	1	227	2.63e-169	460
6_326	7_376	99.499	999	5	0	1	999	1	999	0.0	2011
6_327	7_98	99.160	238	2	0	1	238	1	238	1.01e-171	467
6_328	7_100	99.269	821	6	0	1	821	1	821	0.0	1653
6_328	7_19	22.179	514	380	10	10	510	6	512	9.87e-32	126
6_329	7_102	97.303	482	10	1	1	482	1	479	0.0	903
6_330	7_103	99.408	169	1	0	1	169	1	169	1.55e-120	332
6_331	7_106	99.171	1086	9	0	1	1086	1	1086	0.0	2120
6_331	7_111	24.889	450	276	16	23	431	12	440	6.33e-08	51.2
6_331	7_91	24.947	469	294	15	18	451	14	459	1.15e-07	50.4
6_331	7_37	23.077	221	145	5	31	226	14	234	5.59e-05	41.6
6_331	7_4	27.523	218	136	8	62	260	30	244	1.65e-04	40.0
6_332	7_520	99.855	692	1	0	1	692	1	692	0.0	1370
6_333	7_442	98.592	142	2	0	1	142	1	142	1.88e-97	271
6_334	7_110	97.854	1072	19	4	1	1072	1	1068	0.0	2095
6_334	7_90	29.029	1092	651	30	13	1070	17	1018	3.76e-115	375
6_334	7_38	29.947	374	210	11	5	335	7	371	2.78e-30	124
6_334	7_38	24.450	409	217	18	445	778	584	975	1.26e-09	56.6
6_334	7_447	29.677	155	101	3	13	161	10	162	3.98e-13	68.2
6_334	7_3	26.941	219	124	7	17	201	9	225	6.35e-08	51.2
6_335	7_111	95.933	1082	22	2	1	1080	1	1062	0.0	2052
6_335	7_91	27.333	1061	649	33	1	1014	6	991	8.57e-83	285
6_335	7_37	28.680	394	227	7	4	351	1	386	2.19e-43	166
6_335	7_37	25.926	297	177	9	521	777	721	1014	3.47e-15	75.1
6_335	7_448	24.729	554	306	21	6	496	4	509	2.25e-14	72.4
6_335	7_4	24.682	393	234	13	26	394	7	361	3.95e-13	68.2
6_335	7_106	24.222	450	279	15	12	440	23	431	3.97e-08	52.0
6_336	7_115	99.618	524	2	0	1	524	1	524	0.0	1017
6_336	7_458	24.301	465	302	18	9	462	4	429	2.14e-13	67.0
6_337	7_117	99.733	374	1	0	1	374	1	374	0.0	772
6_338	7_119	99.128	1376	8	1	1	1372	1	1376	0.0	2671
6_338	7_144	68.032	1392	418	7	1	1372	1	1385	0.0	1835
6_339	7_120	99.215	382	3	0	1	382	1	382	0.0	733
6_339	7_538	55.024	209	91	2	176	381	3	211	2.37e-64	199
6_340	7_538	100.000	212	0	0	1	212	1	212	8.66e-150	410
6_340	7_120	55.024	209	91	2	3	211	176	381	1.39e-56	179
6_342	7_130	99.281	278	2	0	1	278	1	278	0.0	537
6_342	7_239	27.350	117	73	3	110	226	48	152	1.71e-06	42.7
6_342	7_239	33.333	93	52	3	121	213	35	117	3.41e-05	38.9
6_343	7_444	99.728	1470	4	0	1	1470	1	1470	0.0	2972
6_343	7_196	22.222	720	356	26	789	1426	188	785	2.02e-17	82.8
6_344	7_533	98.165	109	2	0	1	109	1	109	6.20e-74	209
6_344	7_329	32.812	64	42	1	38	100	79	142	1.56e-05	36.6
6_345	7_137	99.650	856	3	0	1	856	1	856	0.0	1715
6_345	7_332	35.378	701	429	11	56	746	12	698	1.12e-129	404
6_345	7_332	25.000	132	88	5	727	854	582	706	3.71e-04	38.5
6_346	7_140	98.707	232	3	0	1	232	1	232	1.00e-161	441
6_347	7_141	99.885	872	1	0	1	872	1	872	0.0	1763
6_348	7_143	99.295	1985	11	1	1	1982	1	1985	0.0	3846
6_348	7_436	30.343	903	577	20	12	884	3	883	7.75e-95	325
6_348	7_503	35.264	397	210	11	60	425	37	417	9.60e-54	194
6_349	7_144	99.567	1386	6	0	1	1386	1	1386	0.0	2729
6_349	7_119	67.888	1392	424	6	1	1385	1	1376	0.0	1810
6_350	7_445	99.506	607	3	0	1	607	1	607	0.0	1216
6_351	7_146	99.663	297	1	0	1	297	1	297	0.0	597
6_352	7_147	99.512	205	1	0	1	205	1	205	3.29e-144	395
6_353	7_148	99.519	416	2	0	1	416	1	416	0.0	795
6_354	7_149	99.523	419	2	0	1	419	1	419	0.0	844
6_355	7_152	99.509	611	3	0	1	611	1	611	0.0	1220
6_355	7_581	31.058	293	195	4	285	574	15	303	1.27e-41	147
6_355	7_186	29.600	125	86	1	176	300	2	124	3.42e-14	64.7
6_355	7_441	24.277	346	195	13	155	482	2	298	3.45e-08	50.1
6_355	7_373	26.351	148	100	5	335	477	159	302	1.30e-04	39.3
6_356	7_153	99.673	306	1	0	1	306	1	306	0.0	607
6_357	7_154	99.361	939	6	0	1	939	1	939	0.0	1895
6_358	7_158	99.742	775	2	0	1	775	1	775	0.0	1526
6_358	7_312	37.349	249	138	4	530	775	204	437	1.11e-42	155
6_358	7_312	39.175	97	55	2	22	115	61	156	1.76e-12	64.7
6_358	7_484	45.536	112	61	0	614	725	273	384	6.27e-30	118
6_358	7_484	31.250	96	61	2	33	123	152	247	7.08e-07	47.0
6_358	7_157	37.267	161	81	3	570	722	118	266	1.12e-25	103
6_358	7_126	32.847	137	91	1	584	720	199	334	3.61e-20	88.6
6_358	7_1	26.761	142	97	3	584	725	480	614	2.51e-17	80.9
6_358	7_1	28.049	164	100	5	12	158	42	204	2.52e-07	48.5
6_358	7_84	39.091	110	66	1	599	708	140	248	2.70e-16	75.1
6_358	7_10	37.363	91	57	0	619	709	194	284	3.37e-15	72.8
6_358	7_83	36.275	102	64	1	607	708	127	227	1.19e-14	69.7
6_358	7_83	33.333	75	43	3	27	100	23	91	8.07e-04	36.6
6_358	7_181	30.508	118	73	2	597	706	134	250	1.87e-13	65.9
6_358	7_167	31.000	100	68	1	607	706	188	286	3.47e-13	65.9
6_358	7_408	32.258	93	62	1	615	707	133	224	2.09e-11	59.3
6_358	7_408	40.426	47	28	0	23	69	21	67	6.60e-07	45.8
6_358	7_43	34.940	83	52	1	616	698	127	207	6.57e-09	53.5
6_358	7_446	30.097	103	62	3	601	699	129	225	6.89e-08	50.1
6_358	7_446	27.723	101	72	1	616	716	410	509	2.17e-05	42.0
6_358	7_462	30.476	105	65	2	618	722	129	225	5.22e-07	47.4
6_358	7_400	38.983	59	33	1	618	676	467	522	7.37e-07	47.0
6_358	7_42	27.957	93	65	1	597	689	108	198	8.22e-07	47.0
6_358	7_206	25.532	94	63	2	609	699	398	487	8.53e-06	43.5
6_358	7_401	36.508	63	34	2	38	96	364	424	1.15e-04	39.7
6_358	7_99	33.333	102	63	3	601	700	476	574	1.47e-04	39.7
6_358	7_35	37.313	67	38	2	612	678	449	511	0.001	37.0
6_359	7_159	99.323	443	3	0	1	443	1	443	0.0	879
6_360	7_416	99.158	1425	12	0	1	1425	1	1425	0.0	2846
6_361	7_449	99.344	305	2	0	1	305	1	305	0.0	608
6_362	7_421	99.134	231	2	0	1	231	1	231	4.14e-160	437
6_363	7_422	99.241	527	4	0	1	527	1	527	0.0	1014
6_364	7_451	99.055	741	7	0	1	741	1	741	0.0	1483
6_365	7_425	99.804	511	1	0	1	511	1	511	0.0	1045
6_365	7_347	43.385	325	173	6	105	423	125	444	1.42e-74	239
6_365	7_349	22.712	295	216	6	49	340	63	348	4.96e-08	49.7
6_365	7_426	22.819	298	203	11	116	400	119	402	4.20e-06	43.5
6_366	7_431	99.187	246	2	0	1	246	1	246	0.0	495
6_367	7_409	99.671	304	1	0	1	304	1	304	0.0	589
6_367	7_247	21.908	283	199	6	31	300	36	309	1.05e-12	62.0
6_368	7_407	99.149	705	6	0	1	705	1	705	0.0	1374
6_369	7_452	98.738	317	3	1	1	317	1	316	0.0	621
6_370	7_405	99.502	201	1	0	1	201	1	201	3.94e-149	407
6_371	7_525	99.455	550	3	0	4	553	1	550	0.0	1122
6_371	7_403	65.393	471	140	6	80	533	189	653	0.0	598
6_371	7_403	42.500	120	41	6	4	111	1	104	3.86e-14	69.7
6_371	7_334	39.175	485	273	5	44	513	142	619	2.92e-107	329
6_371	7_457	32.668	551	295	17	18	514	17	545	9.41e-75	242
6_371	7_456	35.110	544	278	22	18	512	17	534	2.22e-74	241
6_371	7_56	30.496	423	234	11	144	519	131	540	7.04e-44	159
6_372	7_403	98.636	660	9	0	1	660	1	660	0.0	1318
6_372	7_525	65.385	468	139	6	192	653	80	530	0.0	594
6_372	7_525	43.333	120	40	6	1	104	1	108	9.27e-14	68.6
6_372	7_334	43.794	427	221	5	209	633	210	619	2.99e-107	333
6_372	7_456	37.430	537	274	19	126	632	30	534	1.29e-80	260
6_372	7_457	34.914	464	244	11	204	634	107	545	7.03e-73	240
6_372	7_56	31.020	461	254	11	214	632	95	533	4.61e-51	181
6_373	7_160	93.989	3377	184	9	195	3563	1	3366	0.0	6195
6_373	7_518	100.000	154	0	0	1	154	1	154	2.43e-104	327
6_373	7_526	25.660	265	138	13	496	739	346	572	6.03e-05	43.5
6_374	7_526	94.183	3799	164	12	1	3757	1	3784	0.0	6990
6_374	7_160	24.715	263	143	12	346	572	302	545	1.38e-05	45.8
6_375	7_161	99.567	231	1	0	1	231	1	231	4.61e-170	462
6_376	7_162	99.667	300	1	0	1	300	1	300	0.0	603
6_376	7_13	32.331	266	149	14	25	283	23	264	7.18e-24	93.6
6_376	7_268	33.088	136	64	8	16	150	4	113	8.42e-06	40.8
6_377	7_454	98.621	145	2	0	1	145	1	145	1.89e-104	290
6_378	7_156	99.481	385	2	0	1	385	1	385	0.0	765
6_378	7_311	32.877	219	139	5	160	377	106	317	2.21e-21	88.6
6_378	7_310	24.000	225	145	7	175	384	151	364	5.21e-04	36.2
6_379	7_254	99.754	407	1	0	1	407	5	411	0.0	810
6_380	7_259	99.462	186	1	0	1	186	1	186	4.52e-136	373
6_380	7_249	26.772	127	68	4	46	151	81	203	2.25e-04	35.4
6_381	7_260	83.099	213	3	1	1	180	1	213	7.32e-122	338
6_382	7_261	99.659	293	1	0	1	293	1	293	0.0	584
6_382	7_365	29.530	149	90	6	9	152	5	143	1.61e-09	52.8
6_382	7_365	35.593	59	38	0	9	67	173	231	2.80e-06	42.7
6_382	7_305	37.705	61	35	1	5	65	218	275	4.39e-05	38.9
6_382	7_402	39.344	61	33	3	10	69	19	76	2.37e-04	35.8
6_382	7_544	29.524	105	66	3	9	110	113	212	4.38e-04	35.4
6_383	7_275	99.600	250	1	0	1	250	1	250	0.0	509
6_383	7_39	27.451	204	135	5	3	203	121	314	1.44e-15	69.7
6_384	7_277	99.789	473	1	0	1	473	1	473	0.0	926
6_385	7_279	98.842	259	3	0	1	259	1	259	0.0	518
6_386	7_290	99.422	173	1	0	1	173	1	173	7.29e-125	343
6_387	7_293	99.387	163	1	0	1	163	1	163	9.02e-116	320
6_388	7_299	99.660	883	3	0	1	883	1	883	0.0	1780
6_389	7_302	99.718	709	2	0	1	709	1	709	0.0	1422
6_390	7_303	99.591	489	2	0	1	489	1	489	0.0	981
6_390	7_68	27.500	160	109	3	145	300	110	266	7.48e-12	62.0
6_390	7_68	46.809	47	22	1	439	482	489	535	5.54e-08	49.7
6_390	7_474	23.176	466	288	19	51	483	14	442	1.38e-10	57.8
6_391	7_312	99.774	443	1	0	1	443	1	443	0.0	888
6_391	7_158	37.751	249	137	4	204	437	530	775	1.29e-43	157
6_391	7_158	40.206	97	54	2	61	156	22	115	2.50e-13	66.6
6_391	7_484	45.082	122	66	1	273	394	269	389	1.50e-28	112
6_391	7_484	36.111	108	52	4	59	156	139	239	4.65e-12	62.0
6_391	7_126	27.296	392	246	11	43	417	10	379	2.03e-24	99.8
6_391	7_157	37.500	136	83	1	252	385	131	266	1.99e-23	95.5
6_391	7_157	29.630	135	70	5	32	157	7	125	6.26e-09	52.0
6_391	7_1	38.298	94	57	1	274	366	501	594	5.48e-17	77.8
6_391	7_1	30.469	128	74	3	38	165	33	145	9.61e-11	58.2
6_391	7_181	34.711	121	77	2	251	371	126	244	5.73e-16	72.4
6_391	7_84	36.719	128	73	3	261	386	139	260	2.07e-15	71.2
6_391	7_10	33.333	90	60	0	282	371	194	283	8.84e-15	70.1
6_391	7_167	42.857	84	47	1	276	359	194	276	1.04e-14	69.3
6_391	7_167	32.407	108	68	2	42	147	59	163	3.19e-07	46.2
6_391	7_83	32.500	120	77	3	244	363	104	219	1.96e-12	62.0
6_391	7_408	32.353	102	68	1	278	379	133	233	3.75e-12	60.5
6_391	7_408	31.915	47	32	0	63	109	22	68	8.37e-04	35.4
6_391	7_446	36.634	101	54	3	264	360	129	223	7.28e-11	58.5
6_391	7_446	35.443	79	50	1	281	359	412	489	3.82e-07	46.6
6_391	7_446	41.071	56	29	1	43	98	6	57	2.55e-06	43.9
6_391	7_43	32.692	104	64	3	267	367	115	215	3.70e-08	50.1
6_391	7_42	25.191	131	91	3	223	351	72	197	8.35e-08	48.9
6_391	7_462	29.600	125	78	5	267	390	115	230	2.26e-07	47.4
6_391	7_206	25.954	131	94	2	229	359	357	484	1.13e-05	42.0
6_391	7_206	33.333	45	30	0	64	108	24	68	5.91e-04	36.6
6_391	7_400	38.983	59	33	1	281	339	467	522	4.70e-05	40.0
6_391	7_35	29.412	85	53	2	30	111	308	388	1.01e-04	38.9
6_391	7_401	27.132	129	76	4	23	138	302	425	2.31e-04	37.7
6_391	7_99	26.984	189	115	7	240	424	450	619	5.65e-04	36.6
6_391	7_306	34.783	46	30	0	62	107	16	61	6.85e-04	36.2
6_392	7_313	99.508	2033	10	0	1	2033	1	2033	0.0	4075
6_393	7_487	97.904	477	10	0	1	477	1	477	0.0	947
6_393	7_486	97.065	477	14	0	1	477	1	477	0.0	943
6_393	7_488	97.292	480	10	1	1	477	1	480	0.0	941
6_394	7_187	99.740	384	1	0	1	384	1	384	0.0	766
6_395	7_188	99.638	276	1	0	1	276	1	276	0.0	549
6_395	7_14	36.255	251	125	6	1	233	1	234	9.47e-32	114
6_396	7_550	99.180	366	3	0	12	377	1	366	0.0	734
6_397	7_195	99.317	293	2	0	1	293	1	293	0.0	576
6_398	7_196	99.388	981	6	0	1	981	1	981	0.0	1970
6_398	7_444	21.944	720	358	26	188	785	789	1426	6.25e-17	80.5
6_399	7_199	99.700	666	2	0	1	666	1	666	0.0	1347
6_400	7_200	99.827	579	1	0	1	579	1	579	0.0	1177
6_400	7_510	23.592	373	216	15	197	551	38	359	6.77e-04	36.6
6_401	7_491	99.388	327	2	0	1	327	1	327	0.0	658
6_402	7_202	99.187	246	2	0	1	246	1	246	1.48e-178	485
6_403	7_204	99.604	505	2	0	1	505	1	505	0.0	1026
6_404	7_493	99.649	285	1	0	1	285	1	285	0.0	555
6_405	7_495	99.784	462	1	0	1	462	1	462	0.0	929
6_406	7_210	99.637	826	3	0	1	826	1	826	0.0	1671
6_406	7_189	28.413	630	325	21	29	613	34	582	6.33e-49	177
6_407	7_211	99.144	818	5	1	1	816	1	818	0.0	1664
6_407	7_497	28.571	616	326	23	249	802	246	809	8.49e-45	168
6_408	7_264	99.853	679	1	0	1	679	2	680	0.0	1343
6_408	7_401	28.070	285	183	6	357	633	225	495	9.51e-15	72.0
6_408	7_36	32.184	174	95	8	494	659	352	510	1.15e-10	58.9
6_408	7_400	31.138	167	94	7	501	659	369	522	6.00e-10	56.6
6_408	7_43	31.285	179	100	8	499	669	32	195	6.04e-10	56.6
6_408	7_408	29.630	189	109	7	500	678	38	212	6.94e-10	54.7
6_408	7_35	28.042	189	107	7	462	637	317	489	9.23e-09	52.8
6_408	7_167	29.167	168	103	8	501	659	97	257	4.15e-08	50.1
6_408	7_42	24.479	192	131	5	490	677	23	204	2.18e-07	48.5
6_408	7_83	25.118	211	125	8	463	662	11	199	3.37e-07	47.0
6_408	7_446	22.353	170	119	4	499	659	37	202	4.73e-05	40.8
6_408	7_462	24.510	204	131	6	468	669	13	195	1.19e-04	39.7
6_408	7_181	28.814	177	108	5	497	659	40	212	3.04e-04	37.7
6_408	7_10	45.588	68	27	4	465	524	4	69	5.33e-04	37.4
6_409	7_96	99.257	269	2	0	1	269	1	269	0.0	534
6_409	7_175	25.000	284	152	12	4	258	3	254	9.60e-07	43.9
6_409	7_304	24.074	270	159	9	1	246	1	248	1.57e-06	42.7
6_409	7_509	32.203	59	40	0	188	246	183	241	1.14e-04	37.4
6_409	7_427	32.877	73	43	1	180	246	186	258	2.77e-04	36.2
6_410	7_93	99.722	719	2	0	1	719	1	719	0.0	1427
6_411	7_92	99.558	226	1	0	1	226	1	226	1.54e-170	463
6_412	7_90	99.313	1019	7	0	1	1019	1	1019	0.0	2017
6_412	7_110	29.094	1093	645	31	17	1018	13	1066	2.35e-110	362
6_412	7_38	31.855	248	152	8	13	248	10	252	1.91e-23	101
6_412	7_38	26.360	239	151	10	512	733	740	970	2.67e-04	39.3
6_412	7_447	26.923	156	100	7	12	159	7	156	3.55e-07	48.9
6_413	7_88	99.082	871	8	0	1	871	1	871	0.0	1697
6_414	7_79	99.457	184	1	0	1	184	1	184	2.43e-134	368
6_415	7_75	99.248	266	2	0	1	266	1	266	0.0	522
6_415	7_244	37.143	105	61	3	22	121	37	141	3.96e-14	65.5
6_416	7_74	99.435	177	1	0	1	177	1	177	2.93e-129	355
6_417	7_68	99.824	567	1	0	1	567	1	567	0.0	1144
6_417	7_474	28.163	245	158	8	14	247	18	255	1.32e-12	64.3
6_417	7_474	46.154	39	21	0	503	541	409	447	1.53e-05	42.0
6_417	7_303	27.338	139	98	2	110	245	145	283	2.90e-10	57.0
6_417	7_303	46.809	47	22	1	489	535	439	482	4.50e-08	50.1
6_418	7_67	99.299	428	3	0	1	428	1	428	0.0	850
6_419	7_66	99.884	865	1	0	1	865	1	865	0.0	1714
6_420	7_65	99.468	188	1	0	1	188	1	188	1.44e-138	379
6_421	7_62	99.755	408	1	0	1	408	1	408	0.0	823
6_422	7_469	99.700	666	2	0	1	666	1	666	0.0	1342
6_422	7_218	64.198	81	29	0	232	312	279	359	7.41e-26	107
6_423	7_59	99.583	240	1	0	1	240	1	240	0.0	501
6_424	7_52	99.611	514	2	0	1	514	1	514	0.0	1039
6_424	7_331	25.828	151	101	3	2	141	50	200	2.30e-09	54.3
6_424	7_331	34.426	61	35	2	294	349	574	634	2.75e-05	41.2
6_424	7_386	34.444	90	58	1	3	91	29	118	2.94e-08	50.8
6_424	7_386	33.000	100	59	3	264	355	513	612	1.06e-07	48.9
6_424	7_30	23.560	191	114	4	3	161	32	222	2.05e-07	48.1
6_425	7_47	98.934	469	5	0	1	469	1	469	0.0	927
6_426	7_46	98.969	194	2	0	1	194	1	194	2.91e-141	387
6_427	7_45	76.658	814	177	7	1	810	1	805	0.0	1237
6_427	7_44	45.335	836	398	16	1	808	1	805	0.0	619
6_427	7_411	32.690	829	459	24	1	780	1	779	1.23e-102	330
6_427	7_183	71.667	60	17	0	8	67	3	62	4.54e-24	91.3
6_428	7_250	99.572	467	2	0	1	467	1	467	0.0	951
6_429	7_248	99.169	361	3	0	1	361	1	361	0.0	729
6_430	7_247	99.683	315	1	0	1	315	1	315	0.0	625
6_430	7_409	22.266	256	179	5	61	309	58	300	1.43e-12	61.6
6_431	7_245	99.729	369	1	0	1	369	1	369	0.0	742
6_432	7_514	99.543	219	1	0	1	219	1	219	2.50e-159	434
6_433	7_476	99.537	216	1	0	1	216	1	216	1.99e-156	427
6_434	7_232	99.522	418	2	0	1	418	1	418	0.0	848
6_435	7_474	99.777	449	1	0	1	449	1	449	0.0	920
6_435	7_68	28.163	245	158	8	18	255	14	247	1.10e-12	64.3
6_435	7_68	46.154	39	21	0	409	447	503	541	1.17e-05	42.0
6_435	7_303	23.176	466	288	19	14	442	51	483	2.07e-09	53.9
6_436	7_229	99.368	475	3	0	1	475	1	475	0.0	916
6_437	7_473	99.681	627	2	0	1	627	1	627	0.0	1242
6_438	7_220	97.794	136	1	1	1	136	1	134	3.44e-91	255
6_439	7_33	99.423	520	3	0	1	520	1	520	0.0	1009
6_440	7_31	99.844	639	0	1	1	639	1	638	0.0	1244
6_441	7_30	99.878	823	1	0	1	823	1	823	0.0	1655
6_441	7_331	24.291	741	451	18	18	668	34	754	9.28e-49	180
6_441	7_386	22.781	338	192	11	393	679	398	717	1.20e-13	69.3
6_441	7_386	27.174	184	113	4	6	186	3	168	7.84e-09	53.5
6_441	7_52	23.560	191	114	4	32	222	3	161	2.81e-07	48.1
6_442	7_28	99.872	783	1	0	1	783	1	783	0.0	1562
6_443	7_508	99.107	112	1	0	1	112	1	112	3.40e-77	218
6_444	7_25	99.568	463	2	0	1	463	1	463	0.0	920
6_445	7_24	99.677	619	2	0	1	619	1	619	0.0	1245
6_446	7_432	99.702	336	0	1	1	336	1	335	0.0	672
6_446	7_22	41.538	325	178	6	7	326	7	324	7.75e-73	223
6_446	7_500	27.324	355	206	17	9	327	325	663	9.67e-14	66.6
6_447	7_20	99.700	333	1	0	1	333	1	333	0.0	662
6_447	7_353	34.375	192	115	3	125	314	101	283	3.53e-25	100
6_448	7_19	99.703	673	2	0	1	673	1	673	0.0	1347
6_448	7_100	22.437	517	375	10	6	512	10	510	1.43e-31	125
6_449	7_17	99.203	251	2	0	1	251	1	251	1.34e-179	488
6_450	7_16	99.251	534	4	0	1	534	1	534	0.0	1053
6_451	7_325	99.544	439	2	0	1	439	1	439	0.0	872
6_452	7_327	99.097	443	4	0	1	443	1	443	0.0	867
6_453	7_328	99.099	333	3	0	1	333	1	333	0.0	655
6_454	7_329	98.667	150	2	0	1	150	1	150	1.01e-103	288
6_454	7_533	35.526	76	48	1	67	142	26	100	2.28e-08	44.7
6_455	7_331	99.774	886	2	0	1	886	1	886	0.0	1800
6_455	7_30	24.212	698	427	16	34	711	18	633	2.47e-47	176
6_455	7_386	22.941	340	205	10	440	753	393	701	1.55e-14	72.0
6_455	7_386	23.563	174	120	3	27	199	8	169	7.23e-09	53.9
6_455	7_52	25.828	151	101	3	50	200	2	141	3.86e-09	54.3
6_455	7_52	34.426	61	35	2	574	634	294	349	4.62e-05	41.2
6_456	7_36	99.439	535	3	0	1	535	1	535	0.0	1034
6_456	7_401	31.836	512	323	9	31	526	35	536	1.12e-55	190
6_456	7_400	31.604	212	135	3	321	526	331	538	1.16e-30	120
6_456	7_35	31.202	391	220	16	155	521	155	520	7.25e-25	102
6_456	7_83	32.353	204	117	11	327	514	2	200	9.54e-13	63.2
6_456	7_42	30.882	204	134	4	327	527	2	201	2.57e-11	60.5
6_456	7_264	32.184	174	95	8	352	510	495	660	9.92e-11	58.5
6_456	7_462	29.167	216	128	8	327	530	2	204	6.64e-09	52.8
6_456	7_43	29.167	216	137	9	327	534	2	209	3.51e-08	50.4
6_456	7_167	29.570	186	108	8	341	510	79	257	1.80e-07	47.4
6_456	7_306	35.185	54	35	0	335	388	10	63	8.92e-06	42.7
6_456	7_408	26.374	182	119	7	342	514	22	197	1.70e-05	40.8
6_456	7_126	32.787	61	41	0	327	387	11	71	5.15e-05	40.0
6_456	7_1	25.301	83	59	1	324	406	36	115	3.24e-04	37.7
6_456	7_206	25.532	188	118	5	346	517	27	208	6.80e-04	36.6
6_457	7_37	97.623	1220	23	3	1	1220	1	1214	0.0	2366
6_457	7_111	31.677	322	209	5	1	314	4	322	4.71e-42	162
6_457	7_111	27.273	286	166	8	726	1008	521	767	1.12e-16	80.1
6_457	7_111	37.500	96	57	3	472	566	357	450	4.84e-10	58.5
6_457	7_91	33.217	286	181	5	3	285	11	289	3.80e-35	139
6_457	7_91	31.724	290	137	11	743	1022	545	783	4.59e-23	100
6_457	7_91	32.231	121	72	5	477	594	361	474	1.79e-05	43.5
6_457	7_4	25.714	245	153	5	10	249	1	221	9.00e-15	73.6
6_457	7_448	26.556	241	150	8	1	234	1	221	4.71e-11	62.0
6_457	7_448	27.083	144	85	6	974	1108	851	983	2.32e-04	39.7
6_457	7_106	22.624	221	146	6	14	234	31	226	8.10e-05	41.2
6_458	7_38	98.131	1177	18	2	1	1177	1	1173	0.0	2311
6_458	7_110	32.576	264	156	5	7	261	5	255	4.58e-29	120
6_458	7_110	24.069	403	218	18	584	972	445	773	1.61e-08	53.1
6_458	7_90	32.661	248	150	8	10	252	13	248	4.06e-24	103
6_458	7_447	28.931	159	100	4	6	161	2	150	6.69e-11	61.2
6_458	7_3	22.680	388	252	14	7	383	2	352	2.90e-05	42.7
6_458	7_107	39.474	38	23	0	281	318	260	297	4.29e-04	38.9
6_459	7_529	98.790	496	6	0	1	496	1	496	0.0	961
6_459	7_558	28.000	400	244	15	122	489	194	581	3.55e-23	97.4
6_460	7_39	99.709	344	1	0	1	344	1	344	0.0	702
6_460	7_275	27.451	204	135	5	121	314	3	203	3.22e-15	69.3
6_461	7_42	99.611	772	3	0	1	772	1	772	0.0	1499
6_461	7_43	48.630	438	197	9	1	416	1	432	1.78e-108	340
6_461	7_43	45.736	129	70	0	644	772	518	646	9.30e-23	97.8
6_461	7_462	30.788	812	476	21	1	772	1	766	1.97e-86	285
6_461	7_167	29.442	197	127	5	16	202	79	273	4.75e-19	83.6
6_461	7_206	32.673	202	122	5	6	195	12	211	1.48e-15	74.7
6_461	7_446	25.592	211	143	5	1	198	6	215	1.28e-13	68.6
6_461	7_446	26.531	196	126	5	11	188	277	472	1.43e-10	58.5
6_461	7_84	25.000	208	129	5	17	198	23	229	1.38e-13	67.0
6_461	7_400	26.887	212	136	7	1	201	336	539	2.93e-12	64.3
6_461	7_181	27.586	203	118	8	19	198	29	225	1.16e-11	60.5
6_461	7_401	31.373	204	111	9	13	200	346	536	2.76e-11	61.2
6_461	7_36	30.882	204	134	4	2	201	327	527	3.93e-11	60.5
6_461	7_306	22.993	274	175	5	1	240	1	272	9.62e-11	59.3
6_461	7_306	24.645	211	138	8	1	201	319	518	9.40e-06	43.1
6_461	7_1	31.897	116	70	2	102	208	474	589	1.64e-09	55.5
6_461	7_1	32.673	101	60	2	2	97	39	136	2.78e-07	48.5
6_461	7_10	30.986	142	89	5	59	197	128	263	2.13e-09	54.7
6_461	7_10	52.778	36	17	0	21	56	27	62	5.35e-05	40.4
6_461	7_35	28.351	194	128	6	1	188	324	512	1.35e-08	52.4
6_461	7_126	32.955	88	57	1	7	92	16	103	1.97e-08	51.6
6_461	7_126	32.394	142	92	3	107	245	211	351	2.24e-08	51.6
6_461	7_83	23.618	199	141	6	13	202	16	212	5.05e-08	49.7
6_461	7_312	25.191	131	91	3	72	197	223	351	1.51e-07	48.9
6_461	7_264	24.479	192	131	5	23	204	491	678	3.12e-07	48.1
6_461	7_99	39.130	92	47	4	115	200	820	908	6.35e-07	47.4
6_461	7_99	28.571	147	88	6	64	193	416	562	1.46e-04	39.7
6_461	7_158	27.957	93	65	1	108	198	597	689	7.08e-07	47.0
6_461	7_408	27.174	184	109	7	19	188	24	196	2.20e-06	44.3
6_461	7_484	25.592	211	123	8	16	197	142	347	5.83e-06	43.9
6_461	7_157	30.682	88	57	2	114	197	145	232	2.15e-04	38.5
6_462	7_43	99.692	650	2	0	1	650	1	650	0.0	1258
6_462	7_42	48.630	438	197	9	1	432	1	416	1.79e-108	340
6_462	7_42	39.344	183	105	1	470	646	590	772	8.97e-31	122
6_462	7_462	39.823	452	246	10	1	438	1	440	8.56e-90	290
6_462	7_462	29.348	184	126	2	467	646	583	766	2.46e-16	77.4
6_462	7_167	30.732	205	122	6	16	206	79	277	6.46e-20	85.5
6_462	7_400	30.189	212	129	8	1	201	336	539	1.43e-15	74.3
6_462	7_401	32.864	213	115	9	2	198	334	534	5.32e-15	72.4
6_462	7_84	28.169	213	128	6	18	205	24	236	2.42e-14	68.9
6_462	7_83	31.081	222	129	11	1	205	1	215	5.34e-14	67.4
6_462	7_446	28.194	227	133	7	16	215	282	505	1.37e-13	68.2
6_462	7_446	25.688	218	140	7	15	212	20	235	1.56e-13	67.8
6_462	7_206	29.524	210	134	5	10	205	12	221	5.61e-13	65.9
6_462	7_206	27.897	233	136	8	2	208	261	487	2.75e-09	54.3
6_462	7_306	25.641	234	141	6	1	205	1	230	2.86e-12	63.9
6_462	7_306	28.571	210	133	8	1	202	319	519	2.60e-09	54.3
6_462	7_1	34.066	91	58	1	119	207	498	588	1.62e-11	61.6
6_462	7_1	33.333	99	58	3	2	95	39	134	6.39e-07	47.0
6_462	7_408	28.814	236	143	8	4	222	8	235	5.80e-11	57.8
6_462	7_35	28.365	208	110	6	1	188	324	512	9.22e-11	58.9
6_462	7_264	31.285	179	100	8	32	195	500	670	5.55e-10	56.6
6_462	7_10	29.333	150	99	3	60	207	129	273	1.01e-09	55.5
6_462	7_10	43.636	55	31	0	2	56	8	62	1.28e-05	42.4
6_462	7_158	34.940	83	52	1	127	207	616	698	2.28e-09	54.7
6_462	7_484	23.853	218	142	5	16	209	142	359	5.98e-09	53.1
6_462	7_181	26.141	241	139	10	14	224	24	255	6.35e-09	52.0
6_462	7_126	37.374	99	56	3	126	220	229	325	9.07e-09	52.4
6_462	7_126	31.915	94	62	1	1	92	10	103	1.68e-08	51.6
6_462	7_312	32.692	104	64	3	115	215	267	367	2.73e-08	50.8
6_462	7_36	29.167	216	137	9	2	209	327	534	1.37e-07	48.9
6_462	7_157	32.941	85	55	1	127	209	160	244	1.23e-05	42.4
6_462	7_99	36.905	84	44	4	121	198	826	906	1.34e-04	39.3
6_463	7_582	98.848	434	5	0	125	558	1	434	0.0	877
6_463	7_580	45.773	485	195	14	124	557	1	468	5.90e-109	329
6_463	7_575	47.191	445	190	14	143	557	1	430	7.12e-108	325
6_463	7_574	42.928	403	174	13	148	516	4	384	2.10e-88	275
6_463	7_573	41.958	429	186	14	143	516	1	421	1.11e-81	258
6_463	7_505	97.222	108	3	0	1	108	1	108	8.45e-66	205
6_463	7_465	73.077	104	28	0	5	108	8	111	1.86e-44	149
6_463	7_527	70.192	104	31	0	5	108	8	111	8.01e-43	144
6_463	7_468	69.231	104	32	0	5	108	8	111	1.15e-42	144
6_463	7_561	69.388	98	30	0	5	102	8	105	2.55e-40	137
6_463	7_466	45.370	108	52	3	6	106	7	114	3.11e-20	81.6
6_464	7_44	97.643	806	18	1	1	806	1	805	0.0	1580
6_464	7_45	45.431	788	393	13	45	806	27	803	0.0	612
6_464	7_411	34.731	835	420	30	1	769	1	776	1.80e-106	340
6_464	7_183	68.293	41	13	0	45	85	22	62	9.50e-15	64.7
6_465	7_380	99.898	979	1	0	1	979	1	979	0.0	1930
6_466	7_385	99.849	662	1	0	1	662	1	662	0.0	1327
6_467	7_516	99.136	463	4	0	1	463	1	463	0.0	927
6_468	7_499	99.505	404	2	0	1	404	1	404	0.0	812
6_469	7_390	99.563	229	1	0	1	229	1	229	2.85e-168	458
6_469	7_531	29.932	147	96	3	82	226	111	252	6.26e-09	49.3
6_470	7_393	99.691	324	1	0	1	324	1	324	0.0	641
6_471	7_394	99.577	946	4	0	1	946	1	946	0.0	1859
6_472	7_396	99.598	249	1	0	1	249	1	249	0.0	498
6_473	7_399	99.141	582	5	0	1	582	1	582	0.0	1171
6_474	7_401	99.627	536	2	0	1	536	1	536	0.0	1017
6_474	7_36	31.445	512	325	9	35	536	31	526	1.40e-54	187
6_474	7_400	38.914	221	127	7	320	536	322	538	6.29e-30	118
6_474	7_35	35.407	209	123	6	328	531	319	520	1.27e-23	99.0
6_474	7_43	32.558	215	117	9	334	536	2	200	2.55e-15	73.2
6_474	7_83	30.189	212	132	8	334	534	2	208	2.87e-14	67.8
6_474	7_264	31.551	187	110	5	319	495	456	634	4.84e-14	69.3
6_474	7_42	31.373	204	111	9	346	536	13	200	2.64e-11	60.5
6_474	7_167	31.527	203	114	11	349	536	79	271	2.85e-08	50.1
6_474	7_306	44.898	49	27	0	346	394	13	61	9.04e-08	48.9
6_474	7_462	28.505	214	123	10	334	534	2	198	7.78e-07	46.2
6_474	7_408	27.273	209	130	9	336	533	8	205	2.91e-06	43.1
6_474	7_206	26.136	176	110	6	363	524	36	205	1.78e-05	41.6
6_474	7_1	33.333	66	43	1	331	396	36	100	2.63e-05	41.2
6_474	7_158	36.508	63	34	2	364	424	38	96	7.54e-05	39.7
6_474	7_10	38.000	100	46	5	327	415	1	95	1.53e-04	38.5
6_474	7_312	27.132	129	76	4	302	425	23	138	6.72e-04	36.6
6_474	7_84	22.527	182	118	4	364	522	37	218	7.99e-04	36.2
6_474	7_446	26.230	183	118	8	365	534	37	215	8.33e-04	36.2
6_475	7_497	99.638	828	3	0	1	828	1	828	0.0	1673
6_475	7_211	28.479	618	326	21	246	809	249	804	1.92e-45	170
6_476	7_218	99.211	760	6	0	1	760	80	839	0.0	1531
6_476	7_212	30.838	334	202	9	309	640	285	591	3.44e-34	134
6_476	7_212	54.545	77	20	3	1	64	80	154	7.86e-12	63.2
6_476	7_542	28.097	331	197	11	310	628	250	551	5.38e-27	111
6_476	7_469	62.963	81	30	0	200	280	232	312	3.72e-25	105
6_477	7_176	99.382	647	4	0	1	647	1	647	0.0	1269
6_478	7_175	99.329	447	3	0	1	447	1	447	0.0	880
6_478	7_509	31.878	229	138	9	1	221	1	219	8.24e-17	75.1
6_478	7_96	27.675	271	161	14	3	254	4	258	2.92e-08	49.3
6_478	7_427	22.305	269	160	7	8	246	12	261	2.91e-06	43.5
6_479	7_171	98.925	186	2	0	1	186	1	186	1.23e-138	379
6_480	7_170	99.183	367	3	0	1	367	1	367	0.0	740
6_480	7_338	35.433	127	57	2	6	132	160	261	1.00e-14	69.7
6_481	7_169	99.631	271	1	0	1	271	1	271	0.0	550
6_482	7_166	99.863	1458	2	0	1	1458	1195	2652	0.0	2880
6_483	7_461	97.735	309	7	0	1	309	1	309	0.0	584
6_484	7_459	99.804	510	1	0	1	510	1	510	0.0	1045
6_485	7_179	99.598	249	1	0	1	249	1	249	1.02e-177	483
6_486	7_458	99.618	524	2	0	1	524	1	524	0.0	1011
6_486	7_115	24.573	293	191	10	4	273	9	294	1.91e-13	67.0
6_487	7_4	99.429	876	5	0	1	876	1	876	0.0	1738
6_487	7_37	25.714	245	153	5	1	221	10	249	5.97e-15	73.9
6_487	7_111	24.936	393	233	13	7	361	26	394	2.26e-13	68.6
6_487	7_91	27.083	240	153	8	1	220	18	255	3.31e-10	58.2
6_487	7_106	25.835	569	339	24	30	560	62	585	6.54e-09	53.9
6_487	7_448	27.426	237	147	7	3	224	13	239	8.36e-09	53.9
6_488	7_5	99.371	159	1	0	1	159	1	159	4.24e-117	323
6_488	7_485	32.500	120	78	2	22	140	15	132	1.09e-10	51.6
6_488	7_315	25.714	105	72	3	10	112	3	103	2.81e-05	37.0
6_489	7_9	99.516	620	3	0	1	620	1	620	0.0	1242
6_490	7_10	99.482	386	2	0	1	386	1	386	0.0	757
6_490	7_126	32.059	340	185	10	5	304	8	341	8.78e-38	136
6_490	7_1	40.146	137	82	0	166	302	481	617	1.82e-31	120
6_490	7_1	30.088	113	70	2	7	110	38	150	2.96e-11	59.3
6_490	7_158	37.363	91	57	0	194	284	619	709	1.45e-15	72.8
6_490	7_312	33.333	90	60	0	194	283	282	371	7.64e-15	70.1
6_490	7_181	25.357	280	164	5	6	283	8	244	3.02e-14	66.6
6_490	7_167	24.779	226	119	3	27	252	84	258	1.18e-13	65.9
6_490	7_408	32.143	140	84	3	143	279	90	221	8.71e-12	59.3
6_490	7_484	23.404	141	104	2	164	303	251	388	1.51e-11	60.1
6_490	7_84	25.600	250	143	8	27	272	27	237	1.65e-11	59.3
6_490	7_157	27.778	126	87	2	176	297	142	267	1.16e-10	57.0
6_490	7_446	23.333	270	154	9	29	296	28	246	2.79e-10	56.2
6_490	7_446	32.609	92	57	2	184	271	399	489	8.01e-07	45.4
6_490	7_83	27.778	126	86	2	171	292	112	236	4.31e-10	54.7
6_490	7_42	30.986	142	89	5	128	263	59	197	1.01e-09	54.7
6_490	7_42	52.778	36	17	0	27	62	21	56	2.56e-05	40.8
6_490	7_43	29.333	150	99	3	129	273	60	207	1.17e-09	54.3
6_490	7_43	43.636	55	31	0	8	62	2	56	6.84e-06	42.4
6_490	7_462	34.483	87	53	2	183	268	119	202	9.66e-09	51.6
6_490	7_462	31.579	95	58	3	8	95	2	96	7.51e-04	35.8
6_490	7_206	28.788	132	85	4	146	271	356	484	8.23e-08	48.5
6_490	7_400	29.412	85	52	2	172	251	441	522	3.12e-06	43.5
6_490	7_264	27.706	231	100	13	4	226	466	637	1.16e-05	41.6
6_490	7_401	38.000	100	46	5	1	95	327	415	9.60e-05	38.9
6_490	7_306	27.174	92	64	1	188	276	443	534	2.44e-04	37.4
6_490	7_35	50.000	46	23	0	8	53	325	370	4.55e-04	36.6
6_491	7_510	99.676	309	1	0	2	310	171	479	0.0	619
6_491	7_200	28.571	126	73	4	71	190	437	551	6.49e-04	35.8
6_492	7_411	94.815	810	42	0	1	810	1	810	0.0	1512
6_492	7_45	34.341	827	442	30	1	778	1	775	7.43e-102	328
6_492	7_44	34.951	824	432	29	1	776	1	768	5.50e-101	326
6_492	7_183	49.091	55	21	2	26	73	21	75	1.04e-07	44.7
6_493	7_216	99.787	1411	3	0	1	1411	1	1411	0.0	2882
6_494	7_215	99.753	1217	3	0	1	1217	1	1217	0.0	2486
6_495	7_464	99.058	743	0	1	1	736	1	743	0.0	1462
6_495	7_528	26.393	754	439	25	6	720	16	692	1.93e-45	168
6_495	7_185	37.179	78	31	4	190	259	124	191	7.92e-04	37.0
6_496	7_0	99.379	322	2	0	1	322	1	322	0.0	649
6_497	7_1	99.724	725	2	0	1	725	1	725	0.0	1466
6_497	7_126	37.766	188	114	2	481	667	205	390	8.61e-35	132
6_497	7_126	47.423	97	51	0	39	135	11	107	1.32e-22	95.9
6_497	7_10	40.146	137	82	0	481	617	166	302	3.72e-31	120
6_497	7_10	30.088	113	70	2	38	150	7	110	3.57e-11	60.1
6_497	7_158	25.735	136	99	2	481	614	590	725	2.56e-17	80.9
6_497	7_158	28.049	164	100	5	42	204	12	158	7.55e-07	47.0
6_497	7_312	38.298	94	57	1	501	594	274	366	8.65e-17	78.2
6_497	7_312	29.688	128	75	3	33	145	38	165	6.74e-10	56.2
6_497	7_484	32.432	111	74	1	505	614	274	384	1.78e-14	70.9
6_497	7_83	31.776	107	72	1	486	592	116	221	7.84e-13	63.9
6_497	7_83	31.915	94	55	3	50	137	16	106	9.85e-06	42.4
6_497	7_84	25.806	155	88	3	501	655	152	279	2.51e-12	62.8
6_497	7_84	30.952	84	39	3	53	117	22	105	1.25e-05	42.4
6_497	7_408	32.292	96	63	2	500	594	127	221	5.43e-11	58.2
6_497	7_446	34.409	93	54	2	498	587	402	490	2.12e-10	58.2
6_497	7_446	29.213	89	58	2	500	584	133	220	1.20e-07	49.3
6_497	7_446	29.348	92	54	4	48	131	16	104	1.11e-06	46.2
6_497	7_43	32.967	91	59	1	498	588	119	207	1.13e-09	55.8
6_497	7_43	33.333	99	58	3	39	134	2	95	5.95e-07	47.0
6_497	7_42	31.897	116	70	2	474	589	102	208	1.71e-09	55.5
6_497	7_42	30.233	129	77	3	39	164	2	120	2.66e-07	48.5
6_497	7_167	34.146	82	53	1	503	584	194	274	2.46e-09	53.9
6_497	7_167	31.707	82	46	2	58	131	84	163	2.26e-07	47.8
6_497	7_157	29.358	109	76	1	505	612	159	267	1.03e-08	52.0
6_497	7_157	25.899	139	83	6	30	151	4	139	4.51e-04	37.4
6_497	7_181	33.766	77	51	0	508	584	154	230	1.36e-08	51.2
6_497	7_462	30.357	112	75	2	39	149	2	111	2.97e-08	51.6
6_497	7_462	31.081	74	49	1	508	581	129	200	1.55e-05	42.7
6_497	7_206	30.476	105	70	1	38	139	7	111	5.28e-08	50.4
6_497	7_206	25.974	77	56	1	508	584	407	482	6.99e-04	37.0
6_497	7_35	34.247	73	48	0	36	108	322	394	4.89e-07	47.4
6_497	7_35	29.008	131	79	6	448	572	393	515	8.51e-05	40.0
6_497	7_306	35.088	57	37	0	39	95	2	58	9.94e-07	46.2
6_497	7_306	28.788	66	43	1	504	569	152	213	5.06e-05	40.8
6_497	7_400	27.778	90	61	2	493	581	452	538	1.43e-06	45.8
6_497	7_401	33.333	66	43	1	36	100	331	396	2.74e-05	41.6
6_497	7_36	25.301	83	59	1	36	115	324	406	2.56e-04	38.5
6_498	7_4	98.387	62	1	0	1	62	876	937	3.60e-38	127
6_499	7_3	99.785	931	2	0	1	931	1	931	0.0	1840
6_499	7_110	27.523	218	124	7	9	225	17	201	3.07e-08	52.0
6_499	7_38	22.622	389	253	14	2	353	7	384	6.49e-06	44.3
6_499	7_447	30.864	162	92	7	60	208	55	209	6.54e-05	41.2
6_500	7_463	99.688	321	1	0	1	321	1	321	0.0	640
6_500	7_571	22.892	249	168	11	57	298	29	260	2.80e-05	39.7
6_501	7_573	54.031	459	162	9	3	414	6	462	1.54e-134	390
6_501	7_574	53.070	456	146	13	1	417	2	428	1.47e-130	378
6_501	7_580	44.196	448	209	7	3	413	25	468	2.63e-114	338
6_501	7_575	40.972	432	231	10	3	415	6	432	2.18e-89	273
6_501	7_582	41.355	428	216	10	3	413	24	433	7.27e-84	259
6_502	7_539	100.000	55	0	0	1	55	1	55	5.66e-35	107
6_503	7_540	100.000	288	0	0	1	288	1	288	0.0	563
6_503	7_424	100.000	161	0	0	128	288	1	161	1.91e-110	311
6_504	7_544	100.000	263	0	0	1	263	1	263	0.0	512
6_504	7_365	33.846	65	33	4	113	171	5	65	1.76e-04	37.0
6_504	7_338	35.000	60	27	2	113	164	159	214	3.41e-04	35.8
6_505	7_114	98.789	413	5	0	1	413	1	413	0.0	785
6_506	7_541	99.127	229	2	0	1	229	1	229	8.11e-166	451
6_507	7_534	98.039	51	1	0	1	51	1	51	4.14e-33	102
6_508	7_447	95.337	1394	36	5	1	1385	1	1374	0.0	2546
6_508	7_110	29.677	155	101	3	10	162	13	161	9.14e-13	67.4
6_508	7_38	29.560	159	99	4	2	150	6	161	5.62e-11	61.6
6_508	7_90	27.564	156	99	7	7	156	12	159	1.05e-07	50.8
6_508	7_3	30.864	162	92	7	55	209	60	208	2.90e-05	42.7
6_509	7_448	98.245	1823	28	3	1	1822	1	1820	0.0	3598
6_509	7_111	24.381	525	296	18	4	486	6	471	2.36e-13	69.7
6_509	7_37	26.556	241	150	8	1	221	1	234	6.41e-11	62.0
6_509	7_37	21.963	642	394	26	403	982	506	1102	3.63e-05	43.1
6_509	7_91	22.472	801	467	34	2	760	11	699	9.88e-09	54.7
6_509	7_4	27.426	237	147	7	13	239	3	224	2.71e-08	53.1
6_509	7_106	22.707	458	302	16	5	453	16	430	2.10e-04	40.4
6_510	7_558	98.642	589	2	1	1	583	1	589	0.0	1137
6_510	7_529	27.750	400	245	15	188	575	122	489	2.37e-22	95.1
6_511	7_567	97.453	589	15	0	1	589	1	589	0.0	1144
6_511	7_568	96.944	589	18	0	1	589	1	589	0.0	1137
6_511	7_566	94.088	592	32	3	1	589	1	592	0.0	1062
6_512	7_579	97.561	41	1	0	30	70	1	41	7.48e-25	82.0
6_512	7_578	95.122	41	2	0	30	70	1	41	1.15e-24	81.6
6_513	7_244	99.296	284	2	0	1	284	1	284	0.0	570
6_513	7_75	37.143	105	61	3	37	141	22	121	1.20e-13	64.3
6_514	7_230	99.867	753	1	0	1	753	1	753	0.0	1523
6_515	7_576	98.586	707	10	0	24	730	1	707	0.0	1428
6_516	7_35	99.437	533	3	0	1	533	1	533	0.0	1032
6_516	7_400	29.175	521	347	9	16	520	19	533	2.37e-48	170
6_516	7_36	29.545	528	312	22	20	520	27	521	2.79e-25	103
6_516	7_401	35.922	206	126	5	319	520	328	531	4.72e-24	100
6_516	7_83	32.057	209	122	8	324	517	1	204	4.79e-14	67.0
6_516	7_446	30.455	220	112	7	320	513	2	206	4.02e-11	59.7
6_516	7_43	28.365	208	110	6	324	512	1	188	4.77e-11	59.7
6_516	7_306	28.877	187	109	5	324	486	1	187	8.59e-11	58.5
6_516	7_264	28.571	189	106	7	317	489	463	638	2.12e-09	54.3
6_516	7_462	27.570	214	128	8	324	525	1	199	2.47e-09	54.3
6_516	7_408	28.125	192	104	6	340	513	22	197	7.33e-09	51.2
6_516	7_42	28.351	194	128	6	324	512	1	188	9.92e-09	52.4
6_516	7_167	25.683	183	122	4	339	510	79	258	1.75e-07	47.4
6_516	7_126	36.232	69	44	0	324	392	10	78	2.38e-07	47.4
6_516	7_126	33.645	107	54	3	419	514	193	293	8.07e-06	42.7
6_516	7_1	34.247	73	48	0	322	394	36	108	5.20e-07	46.6
6_516	7_1	29.545	132	77	7	393	515	448	572	4.67e-05	40.4
6_516	7_312	29.412	85	53	2	308	388	30	111	1.97e-04	38.1
6_516	7_157	26.667	210	115	10	339	519	29	228	5.67e-04	36.6
6_516	7_10	50.000	46	23	0	325	370	8	53	6.98e-04	36.6
6_516	7_206	43.182	44	25	0	343	386	26	69	7.31e-04	36.6
6_516	7_158	37.313	67	38	2	449	511	612	678	0.001	36.2
6_517	7_503	99.485	582	3	0	1	582	1	582	0.0	1154
6_517	7_143	35.516	397	209	11	37	417	60	425	3.59e-55	196
6_517	7_436	29.844	449	225	15	1	409	1	399	8.69e-41	153
6_518	7_180	99.747	396	1	0	1	396	1	396	0.0	805
6_519	7_457	98.537	205	3	0	1	205	1	205	1.25e-140	399
6_519	7_456	61.576	203	68	3	1	199	1	197	6.44e-76	233
6_519	7_525	30.151	199	109	8	17	206	15	192	4.30e-12	58.9
6_519	7_403	39.655	58	33	2	143	199	237	293	1.37e-06	42.7
6_519	7_334	42.857	42	23	1	144	185	238	278	8.12e-04	34.3
6_520	7_456	93.735	431	21	1	1	431	112	536	0.0	810
6_520	7_457	68.182	440	129	5	1	431	108	545	0.0	582
6_520	7_403	40.330	424	195	12	36	429	237	632	2.55e-79	253
6_520	7_525	38.753	449	221	17	1	429	95	509	2.72e-76	242
6_520	7_334	36.364	407	221	11	37	430	238	619	4.21e-61	204
6_520	7_56	31.278	454	262	10	9	429	97	533	2.84e-52	179
6_521	7_177	99.612	516	2	0	1	516	19	534	0.0	1027
6_522	7_574	68.941	425	129	2	60	482	1	424	0.0	570
6_522	7_575	53.350	403	181	4	63	459	6	407	3.16e-145	418
6_522	7_573	50.644	466	174	10	63	482	6	461	1.30e-122	361
6_522	7_582	43.516	455	213	12	42	478	1	429	2.31e-102	308
6_522	7_580	40.763	498	209	17	41	482	1	468	1.60e-95	291
6_522	7_466	100.000	30	0	0	1	30	87	116	2.79e-13	61.6
6_523	7_570	99.639	277	1	0	1	277	17	293	0.0	539
6_524	7_554	100.000	86	0	0	1	86	1	86	1.36e-59	171
6_525	7_562	100.000	392	0	0	1	392	1	392	0.0	792
6_526	7_571	100.000	278	0	0	1	278	1	278	0.0	536
6_526	7_463	24.364	275	181	13	5	260	32	298	1.82e-09	52.0
6_527	7_577	100.000	40	0	0	1	40	1	40	8.01e-22	73.2
6_528	7_559	99.662	591	2	0	1	591	1	591	0.0	1165
6_529	7_334	97.120	625	7	3	1	617	1	622	0.0	1195
6_529	7_525	39.588	485	271	7	137	614	41	510	3.44e-108	332
6_529	7_403	43.326	427	223	5	205	614	209	633	1.88e-105	328
6_529	7_456	32.900	538	311	16	107	614	18	535	4.16e-60	204
6_529	7_457	31.016	561	298	19	89	614	38	544	6.20e-53	185
6_529	7_56	30.024	423	248	9	232	613	118	533	8.78e-47	168
6_530	7_555	99.839	620	1	0	1	620	1	620	0.0	1247
6_531	7_121	97.436	234	6	0	1	234	1	234	1.89e-161	442
6_532	7_546	99.018	509	5	0	1	509	68	576	0.0	984
6_532	7_462	27.157	313	175	16	19	315	302	577	2.46e-08	50.8
6_533	7_125	99.555	449	2	0	1	449	1	449	0.0	902
6_534	7_145	99.781	456	1	0	1	456	1	456	0.0	910
6_535	7_551	99.454	183	1	0	1	183	1	183	3.46e-125	345
6_536	7_186	98.473	131	2	0	23	153	1	131	1.19e-91	257
6_536	7_152	32.653	147	96	2	2	146	155	300	4.81e-21	83.2
6_537	7_212	99.541	653	3	0	1	653	80	732	0.0	1308
6_537	7_542	38.462	663	340	21	9	628	55	692	4.09e-125	382
6_537	7_218	30.539	334	203	9	206	512	388	719	1.38e-33	132
6_538	7_519	99.369	634	4	0	1	634	63	696	0.0	1254
6_539	7_64	99.655	290	1	0	1	290	1	290	0.0	562
6_540	7_231	99.351	154	1	0	1	154	58	211	1.17e-106	298
6_541	7_557	93.750	112	6	1	1	112	1	111	1.18e-72	207
6_542	7_572	99.676	309	1	0	6	314	1	309	0.0	586
6_542	7_2	25.083	303	205	10	27	309	36	336	1.51e-09	52.8
6_543	7_467	99.580	238	1	0	1	238	1	238	5.82e-166	468
6_544	7_55	99.422	173	1	0	1	173	1	173	3.26e-126	347
6_545	7_531	99.203	251	2	0	1	251	2	252	2.63e-180	490
6_545	7_390	29.932	147	96	3	110	251	82	226	7.15e-09	49.3
6_546	7_332	100.000	125	0	0	1	125	1	125	2.78e-87	265
6_546	7_137	57.143	119	51	0	6	124	50	168	1.64e-45	151
6_547	7_552	99.383	486	3	0	1	486	1	486	0.0	962
6_548	7_107	99.259	945	7	0	1	945	21	965	0.0	1858
6_548	7_38	23.247	271	155	11	45	277	63	318	3.68e-08	51.6
6_548	7_110	26.286	175	110	5	4	171	12	174	1.92e-04	39.7
6_549	7_436	99.145	936	8	0	1	936	26	961	0.0	1802
6_549	7_143	30.345	870	557	19	8	858	45	884	4.22e-90	310
6_549	7_503	30.151	398	207	11	23	374	37	409	1.18e-39	150
6_550	7_542	96.392	693	5	2	1	693	54	726	0.0	1332
6_550	7_212	38.123	682	335	21	17	659	74	707	4.12e-128	391
6_550	7_218	28.829	333	192	12	217	518	389	707	2.79e-27	112
6_551	7_564	99.608	255	1	0	1	255	1	255	1.50e-179	488
6_552	7_581	98.339	301	5	0	1	301	1	301	0.0	595
6_552	7_152	30.216	278	190	4	62	339	336	609	1.65e-38	139
6_552	7_549	97.826	46	1	0	256	301	1	46	2.46e-26	94.4
6_552	7_441	25.949	158	98	6	56	203	150	298	4.51e-04	35.8
6_552	7_373	23.651	241	164	9	62	286	160	396	5.87e-04	35.8
6_553	7_563	99.683	945	3	0	1	945	1	945	0.0	1892
6_554	7_332	99.448	724	4	0	1	724	127	850	0.0	1419
6_554	7_137	31.122	588	377	12	1	572	171	746	1.69e-73	250
6_554	7_137	25.191	131	87	5	456	579	727	853	3.92e-04	38.1
6_555	7_524	98.718	78	1	0	13	90	1	78	1.34e-51	151
6_556	7_547	99.639	277	1	0	1	277	1	277	0.0	542
6_557	7_548	99.206	378	3	0	1	378	1	378	0.0	727
6_558	7_457	100.000	343	0	0	18	360	203	545	0.0	702
6_558	7_456	65.789	342	108	4	21	360	202	536	3.13e-154	439
6_558	7_403	35.635	362	182	7	23	360	300	634	1.34e-60	201
6_558	7_525	34.104	346	185	7	28	360	196	511	6.67e-56	186
6_558	7_56	31.989	372	210	8	14	358	178	533	5.76e-46	160
6_558	7_334	33.429	350	190	9	23	359	300	619	5.19e-44	155
6_559	7_467	99.513	411	2	0	1	411	249	659	0.0	833
6_560	7_574	95.519	424	19	0	43	466	1	424	0.0	804
6_560	7_575	50.701	428	203	5	46	467	6	431	1.33e-139	403
6_560	7_582	42.857	462	207	13	25	462	1	429	1.49e-97	295
6_560	7_573	67.857	224	62	5	252	466	239	461	3.76e-83	259
6_560	7_573	70.408	98	26	2	46	143	6	100	1.61e-36	135
6_560	7_580	53.073	179	74	5	296	467	294	469	9.08e-48	166
6_560	7_580	62.097	124	42	2	24	145	1	121	1.06e-43	155
6_561	7_580	99.448	362	2	0	1	362	4	365	0.0	730
6_561	7_575	45.205	365	145	15	17	362	1	329	2.49e-75	234
6_561	7_582	44.533	375	145	13	1	362	3	327	7.12e-68	215
6_561	7_573	78.788	99	21	0	17	115	1	99	1.36e-46	160
6_561	7_573	75.000	56	14	0	307	362	305	360	3.39e-23	95.1
6_561	7_574	63.000	100	34	1	22	118	4	103	5.23e-35	127
6_561	7_574	61.644	73	24	2	291	362	254	323	6.81e-21	88.2
6_562	7_573	99.060	319	3	0	1	319	38	356	0.0	640
6_562	7_575	37.048	332	152	11	1	319	38	325	6.20e-47	159
6_562	7_574	39.450	327	147	15	1	319	36	319	1.69e-44	152
6_562	7_582	35.938	320	152	9	1	319	56	323	1.29e-42	147
6_562	7_580	67.692	65	21	0	1	65	57	121	6.56e-22	90.5
6_562	7_580	57.333	75	30	1	247	319	287	361	1.77e-21	89.4
6_563	7_510	100.000	170	0	0	1	170	1	170	1.22e-124	354
6_564	7_575	99.288	281	2	0	1	281	49	329	0.0	573
6_564	7_574	48.754	281	140	3	1	281	47	323	1.19e-86	260
6_564	7_582	41.034	290	133	12	1	281	67	327	1.36e-47	159
6_564	7_580	37.224	317	144	15	1	281	68	365	5.40e-41	142
6_564	7_573	33.535	331	151	10	1	281	49	360	1.21e-38	136
6_565	7_583	99.145	117	1	0	101	217	1	117	1.75e-82	236
6_566	7_543	99.705	339	1	0	1	339	1	339	0.0	696
