30_0	17_238	99.545	220	1	0	1	220	1	220	3.63e-157	429
30_1	17_276	98.750	160	1	1	1	160	1	159	2.34e-109	303
30_2	17_550	99.559	227	1	0	1	227	1	227	5.70e-164	447
30_3	17_116	100.000	356	0	0	1	356	1	356	0.0	723
30_4	17_328	99.705	679	2	0	1	679	1	679	0.0	1337
30_4	17_587	24.816	407	262	14	272	655	122	507	8.28e-16	75.5
30_4	17_229	28.931	477	268	24	215	653	73	516	4.77e-13	66.6
30_4	17_563	31.797	217	112	11	458	659	315	510	2.59e-11	61.2
30_4	17_164	29.193	161	93	4	500	652	38	185	1.39e-10	57.0
30_4	17_394	31.214	173	96	8	499	663	32	189	1.85e-09	55.5
30_4	17_223	29.861	144	87	6	501	637	98	234	7.86e-09	52.4
30_4	17_545	30.409	171	93	7	499	659	365	519	8.43e-09	53.1
30_4	17_423	31.282	195	119	7	470	660	2	185	2.36e-07	48.5
30_4	17_17	25.243	206	129	8	470	660	2	197	2.45e-07	47.4
30_4	17_388	25.000	172	102	5	499	660	32	186	1.53e-06	45.8
30_4	17_393	24.590	183	124	5	499	677	32	204	3.15e-06	45.1
30_4	17_274	27.317	205	114	7	470	660	2	185	5.59e-06	44.3
30_4	17_273	44.000	50	24	1	602	647	127	176	6.47e-05	40.8
30_4	17_272	38.095	63	31	2	602	660	127	185	8.39e-05	40.4
30_4	17_352	25.114	219	139	9	470	666	2	217	1.16e-04	39.7
30_4	17_270	37.931	58	32	1	594	647	119	176	1.17e-04	39.7
30_4	17_16	24.870	193	103	9	497	659	36	216	1.33e-04	38.9
30_4	17_259	22.941	170	118	5	499	659	37	202	1.34e-04	39.7
30_4	17_271	37.288	59	33	1	593	647	118	176	1.84e-04	39.3
30_4	17_58	25.568	176	113	6	499	660	42	213	2.73e-04	37.7
30_4	17_389	33.898	59	39	0	602	660	127	185	5.76e-04	37.7
30_5	17_119	100.000	250	0	0	1	250	1	250	0.0	506
30_5	17_558	30.542	203	130	4	3	203	121	314	2.90e-17	74.7
30_6	17_97	97.600	250	6	0	1	250	1	250	2.60e-173	473
30_7	17_479	99.077	542	5	0	1	542	1	542	0.0	1076
30_8	17_558	99.130	345	3	0	1	345	1	345	0.0	700
30_8	17_119	30.542	203	130	4	121	314	3	203	3.66e-17	75.1
30_9	17_570	98.985	197	2	0	1	197	1	197	7.39e-139	381
30_10	17_348	99.860	715	1	0	1	715	1	715	0.0	1435
30_11	17_546	98.459	584	8	1	1	583	1	584	0.0	1162
30_12	17_391	98.886	1975	22	0	1	1975	1	1975	0.0	3900
30_13	17_54	98.291	117	2	0	1	117	1	117	1.46e-80	227
30_14	17_428	96.537	693	24	0	1	693	1	693	0.0	1338
30_14	17_654	36.040	505	284	9	189	689	37	506	4.96e-82	264
30_14	17_301	97.273	110	3	0	584	693	100	209	1.72e-66	213
30_14	17_301	87.387	111	8	1	1	111	1	105	5.16e-56	185
30_14	17_647	36.012	336	187	5	357	687	10	322	3.05e-56	190
30_14	17_646	32.873	362	195	10	2	343	3	336	1.41e-31	121
30_14	17_581	42.857	84	42	3	609	690	52	131	3.63e-13	62.0
30_15	17_597	97.942	486	10	0	1	486	1	486	0.0	964
30_15	17_417	50.351	570	214	12	1	552	1	519	1.69e-175	501
30_15	17_615	28.939	622	339	21	7	554	8	600	1.66e-68	227
30_15	17_635	33.615	473	276	12	93	551	165	613	3.71e-67	224
30_15	17_439	30.065	459	268	12	131	554	98	538	4.03e-51	179
30_16	17_459	99.346	459	3	0	1	459	1	459	0.0	936
30_17	17_487	99.671	607	2	0	1	607	1	607	0.0	1217
30_18	17_489	99.770	870	2	0	1	870	1	870	0.0	1749
30_19	17_534	97.922	818	17	0	1	818	1	818	0.0	1644
30_19	17_543	26.833	641	350	24	235	808	222	810	3.58e-41	157
30_20	17_543	99.027	822	8	0	1	822	1	822	0.0	1659
30_20	17_534	25.525	619	340	19	244	806	251	804	1.08e-31	127
30_21	17_581	97.710	131	3	0	1	131	1	131	3.18e-91	255
30_21	17_647	49.333	75	35	2	55	128	250	322	1.55e-19	77.4
30_21	17_654	48.052	77	37	2	55	130	432	506	1.06e-15	67.0
30_21	17_301	42.857	84	42	3	52	131	125	206	1.10e-14	62.8
30_21	17_428	42.857	84	42	3	52	131	609	690	3.35e-14	62.8
30_22	17_425	88.462	52	6	0	1	52	10	61	2.27e-29	94.4
30_23	17_625	100.000	175	0	0	1	175	1	175	2.35e-124	342
30_24	17_615	99.346	612	4	0	1	612	1	612	0.0	1241
30_24	17_635	38.161	435	248	5	163	595	196	611	5.61e-98	307
30_24	17_417	29.614	466	258	10	165	596	88	517	4.53e-58	198
30_24	17_597	33.538	325	174	9	213	519	165	465	4.20e-48	170
30_24	17_439	29.148	446	250	11	198	600	116	538	7.24e-48	171
30_25	17_626	96.512	86	3	0	1	86	1	86	2.62e-58	168
30_26	17_588	99.894	946	1	0	30	975	1	946	0.0	1890
