30_0	22_324	99.091	220	2	0	1	220	1	220	1.99e-156	427
30_1	22_162	98.750	160	2	0	1	160	1	160	1.17e-111	309
30_2	22_95	100.000	227	0	0	1	227	1	227	5.11e-165	449
30_3	22_131	100.000	356	0	0	1	356	1	356	0.0	723
30_4	22_519	99.705	679	2	0	1	679	1	679	0.0	1335
30_4	22_431	27.114	402	249	12	255	633	115	495	2.45e-14	70.9
30_4	22_672	30.061	326	181	16	349	653	44	343	7.20e-14	68.2
30_4	22_180	29.193	161	93	4	500	652	38	185	1.35e-10	57.0
30_4	22_430	31.138	167	94	7	501	659	369	522	6.35e-10	56.6
30_4	22_433	31.214	173	96	8	499	663	32	189	2.21e-09	55.1
30_4	22_255	29.861	144	87	6	501	637	94	230	6.57e-09	52.4
30_4	22_204	31.176	170	93	7	499	659	365	519	8.33e-09	53.1
30_4	22_15	25.243	206	129	8	470	660	2	197	2.38e-07	47.4
30_4	22_380	31.707	164	100	5	499	660	32	185	4.65e-07	47.8
30_4	22_247	25.137	183	123	5	499	677	32	204	1.00e-06	46.6
30_4	22_648	28.058	139	89	3	520	655	7	137	1.17e-06	43.9
30_4	22_440	38.333	60	37	0	601	660	127	186	1.51e-06	45.8
30_4	22_542	28.079	203	115	11	470	660	2	185	1.47e-05	42.7
30_4	22_536	23.497	183	124	6	486	659	27	202	5.90e-05	40.4
30_4	22_107	25.114	219	139	9	470	666	2	217	1.10e-04	39.7
30_4	22_540	37.931	58	32	1	594	647	119	176	1.17e-04	39.7
30_4	22_14	24.870	193	103	9	497	659	36	216	1.29e-04	38.9
30_4	22_60	25.568	176	113	6	499	660	42	213	2.64e-04	37.7
30_4	22_439	33.898	59	39	0	602	660	127	185	5.69e-04	37.7
30_5	22_134	100.000	250	0	0	1	250	1	250	0.0	506
30_5	22_157	30.542	203	130	4	3	203	121	314	2.57e-17	75.1
30_6	22_543	98.800	250	3	0	1	250	1	250	6.32e-175	476
30_7	22_522	84.686	542	83	0	1	542	1	542	0.0	935
30_8	22_157	100.000	345	0	0	1	345	1	345	0.0	706
30_8	22_134	30.542	203	130	4	121	314	3	203	3.55e-17	75.1
30_9	22_320	98.477	197	3	0	1	197	1	197	4.05e-139	382
30_10	22_264	99.860	715	1	0	1	715	1	715	0.0	1435
30_11	22_643	97.942	583	12	0	1	583	1	583	0.0	1164
30_12	22_437	98.734	1975	25	0	1	1975	1	1975	0.0	3897
30_14	22_370	95.109	552	27	0	142	693	1	552	0.0	1061
30_14	22_568	89.686	223	23	0	142	364	1	223	1.34e-142	410
30_14	22_667	35.395	582	326	12	112	689	1	536	9.48e-88	280
30_14	22_579	42.857	84	42	3	609	690	52	131	3.52e-13	62.0
30_14	22_194	27.425	299	168	15	257	540	256	520	1.56e-12	65.1
30_15	22_356	98.375	554	6	1	1	554	1	551	0.0	1104
30_15	22_357	50.175	572	212	12	1	552	1	519	9.90e-177	504
30_15	22_650	29.459	628	337	22	1	554	1	596	9.92e-69	228
30_15	22_675	33.475	472	276	12	93	550	176	623	8.44e-67	223
30_15	22_469	30.913	427	242	12	163	554	130	538	5.50e-51	179
30_16	22_196	99.346	459	3	0	1	459	1	459	0.0	935
30_17	22_398	99.012	607	6	0	1	607	1	607	0.0	1210
30_18	22_325	99.885	870	1	0	1	870	1	870	0.0	1752
30_19	22_487	97.555	818	20	0	1	818	1	818	0.0	1641
30_19	22_534	26.248	621	341	21	251	808	244	810	2.37e-41	157
30_20	22_534	98.905	822	9	0	1	822	1	822	0.0	1659
30_20	22_487	25.440	625	341	20	244	810	251	808	5.25e-32	128
30_21	22_579	97.710	131	3	0	1	131	1	131	3.09e-91	255
30_21	22_667	48.052	77	37	2	55	130	462	536	1.01e-15	67.0
30_21	22_370	42.857	84	42	3	52	131	468	549	1.22e-14	63.9
30_22	22_194	79.487	39	8	0	14	52	526	564	4.41e-16	64.7
30_23	22_642	98.276	174	3	0	1	174	1	174	2.06e-120	333
30_24	22_650	97.059	612	14	1	1	612	1	608	0.0	1210
30_24	22_675	38.673	437	247	5	163	597	207	624	8.85e-100	312
30_24	22_356	29.260	622	334	21	8	600	7	551	8.09e-70	231
30_24	22_357	29.614	466	258	10	165	596	88	517	4.91e-58	198
30_24	22_469	29.148	446	250	11	198	600	116	538	1.21e-48	173
30_26	22_690	99.462	930	5	0	46	975	1	930	0.0	1853
