1_14	30_8	84.412	340	53	0	1	340	1	340	0.0	604
1_14	30_5	29.902	204	130	6	121	314	3	203	6.00e-18	73.6
1_22	30_15	32.527	455	254	12	97	533	131	550	6.75e-57	191
1_22	30_24	28.000	450	250	12	115	537	198	600	1.92e-47	166
1_33	30_4	22.951	183	102	8	20	193	485	637	2.29e-04	33.1
1_46	30_25	96.491	57	2	0	303	359	30	86	2.32e-34	115
1_46	30_25	90.000	30	3	0	1	30	1	30	6.86e-14	58.5
1_53	30_18	81.007	874	160	2	1	872	1	870	0.0	1427
1_66	30_0	100.000	220	0	0	1	220	1	220	5.95e-159	430
1_83	30_18	25.698	179	113	6	35	195	443	619	2.37e-05	36.6
1_89	30_3	90.449	356	34	0	1	356	1	356	0.0	670
1_101	30_4	92.047	679	54	0	2	680	1	679	0.0	1203
1_108	30_5	83.200	250	42	0	1	250	1	250	3.60e-161	438
1_108	30_8	27.586	203	136	4	3	203	121	314	1.42e-17	72.0
1_126	30_10	89.016	701	77	0	1	701	1	701	0.0	1226
1_126	30_18	31.646	79	44	2	265	334	450	527	4.44e-04	33.9
1_168	30_2	77.974	227	50	0	1	227	1	227	3.03e-133	366
1_174	30_16	89.278	457	49	0	1	457	1	457	0.0	832
1_177	30_4	30.070	143	79	4	38	167	500	634	7.43e-12	55.5
1_233	30_4	31.250	64	42	2	41	103	499	561	4.10e-04	33.1
1_252	30_13	55.660	106	46	1	6	111	4	108	5.36e-33	103
1_262	30_4	27.746	173	104	7	35	197	499	660	2.69e-08	45.1
1_265	30_4	24.348	230	127	13	2	217	470	666	2.93e-04	33.9
1_284	30_8	32.000	75	47	2	125	199	2	72	7.59e-04	30.8
1_286	30_4	27.381	168	106	7	97	257	501	659	1.90e-09	49.3
1_290	30_4	27.778	180	106	7	40	212	497	659	7.78e-06	37.4
1_298	30_17	82.702	607	105	0	1	607	1	607	0.0	995
1_300	30_23	78.286	175	38	0	1	175	1	175	5.52e-101	280
1_322	30_4	31.214	173	96	8	32	189	499	663	1.17e-10	55.1
1_330	30_11	96.741	583	18	1	1	582	1	583	0.0	1143
1_330	30_20	28.037	107	49	4	484	582	721	807	3.26e-04	33.9
1_331	30_4	30.570	193	104	6	319	495	455	633	1.59e-13	63.5
1_391	30_9	73.469	196	52	0	3	198	1	196	1.14e-104	291
1_409	30_4	22.353	170	119	5	37	202	499	659	2.47e-06	40.4
1_414	30_12	25.777	1094	648	44	403	1422	968	1971	7.87e-62	224
1_414	30_12	26.486	185	111	8	211	387	596	763	9.28e-06	40.8
1_428	30_24	53.407	455	185	8	88	522	159	606	2.66e-164	472
1_428	30_15	34.927	481	257	15	72	516	94	554	1.69e-78	249
1_429	30_24	48.702	655	281	10	3	648	4	612	0.0	580
1_429	30_15	35.318	487	251	16	188	636	94	554	3.33e-81	259
1_437	30_4	32.335	167	90	8	359	510	501	659	1.19e-10	54.3
1_442	30_4	25.137	183	123	5	32	204	499	677	5.77e-08	46.6
1_447	30_4	31.138	167	94	7	369	522	501	659	3.70e-11	56.2
1_448	30_20	67.676	826	262	2	1	825	1	822	0.0	1163
1_448	30_19	27.553	617	333	22	250	813	253	808	4.36e-35	134
1_448	30_11	33.333	99	54	5	724	810	485	583	1.57e-04	35.4
1_477	30_19	74.390	820	205	2	1	818	1	817	0.0	1262
1_477	30_20	25.832	871	475	34	21	805	21	806	1.72e-46	169
1_477	30_11	35.714	70	42	2	347	416	119	185	5.38e-04	33.9
1_489	30_4	24.873	197	119	6	13	185	468	659	6.36e-05	36.6
1_490	30_4	44.118	68	28	4	4	69	465	524	2.35e-05	37.0
1_490	30_4	38.889	36	22	0	191	226	601	636	4.39e-04	32.7
1_493	30_14	34.483	667	378	15	43	655	28	689	3.72e-94	297
1_493	30_21	48.052	77	37	2	581	655	55	130	9.67e-21	80.1
1_526	30_4	28.333	180	116	5	318	489	463	637	1.66e-10	53.9
1_531	30_15	61.977	526	182	9	1	509	28	552	0.0	620
1_531	30_24	36.207	406	216	8	127	509	213	598	1.04e-69	226
1_551	30_24	38.073	436	249	5	203	619	164	597	4.92e-98	304
1_551	30_15	33.582	402	227	10	246	619	162	551	4.55e-60	201
1_562	30_4	29.834	181	112	6	19	190	499	673	5.58e-12	54.7
1_564	30_26	73.975	976	248	4	1	971	1	975	0.0	1441
1_577	30_15	52.953	508	206	9	8	496	59	552	4.76e-169	480
1_577	30_24	30.443	519	282	13	23	494	110	596	6.57e-61	202
