IDMs42	IDMs42	100.000	778866	0	0	1	778866	1	778866	0.0	1.405e+06
IDMs42	IDMs42	99.991	10899	0	1	260908	271805	250028	260926	0.0	19648
IDMs42	IDMs42	99.991	10899	0	1	250028	260926	260908	271805	0.0	19648
IDMs42	IDMs42	97.567	8178	129	15	612618	620781	608734	616855	0.0	13847
IDMs42	IDMs42	97.567	8178	129	15	608734	616855	612618	620781	0.0	13847
IDMs42	IDMs42	96.136	4296	99	12	616499	620781	608734	612975	0.0	7006
IDMs42	IDMs42	96.136	4296	99	12	608734	612975	616499	620781	0.0	7006
IDMs42	IDMs42	75.108	4395	985	36	188252	192602	144146	139817	0.0	2930
IDMs42	IDMs42	75.108	4395	985	36	139817	144146	192602	188252	0.0	2930
IDMs42	IDMs42	96.098	820	12	3	402340	403159	358966	358167	0.0	1340
IDMs42	IDMs42	96.098	820	12	3	358167	358966	403159	402340	0.0	1340
IDMs42	IDMs42	96.415	809	18	2	388940	389748	358964	358167	0.0	1330
IDMs42	IDMs42	96.415	809	18	2	358167	358964	389748	388940	0.0	1330
IDMs42	IDMs42	94.964	834	25	3	402342	403171	388940	389760	0.0	1317
IDMs42	IDMs42	94.964	834	25	3	388940	389760	402342	403171	0.0	1317
IDMs42	IDMs42	76.105	1720	336	19	343755	345445	341963	343636	0.0	1232
IDMs42	IDMs42	76.105	1720	336	19	341963	343636	343755	345445	0.0	1232
IDMs42	IDMs42	85.438	982	129	7	403752	404724	357520	356544	0.0	1108
IDMs42	IDMs42	85.438	982	129	7	356544	357520	404724	403752	0.0	1108
IDMs42	IDMs42	74.282	1637	316	27	286703	288294	284384	285960	0.0	1028
IDMs42	IDMs42	74.282	1637	316	27	284384	285960	286703	288294	0.0	1028
IDMs42	IDMs42	97.255	510	12	1	484397	484906	388948	389455	0.0	855
IDMs42	IDMs42	97.255	510	12	1	388948	389455	484397	484906	0.0	855
IDMs42	IDMs42	96.429	504	15	2	484397	484900	358956	358456	0.0	822
IDMs42	IDMs42	96.429	504	15	2	358456	358956	484900	484397	0.0	822
IDMs42	IDMs42	94.455	523	14	3	484397	484906	402350	402870	0.0	813
IDMs42	IDMs42	94.455	523	14	3	402350	402870	484397	484906	0.0	813
IDMs42	IDMs42	97.763	447	10	0	656179	656625	655468	655914	0.0	762
IDMs42	IDMs42	97.763	447	10	0	655468	655914	656179	656625	0.0	762
IDMs42	IDMs42	89.775	489	47	2	392210	392698	390440	390925	0.0	651
IDMs42	IDMs42	89.775	489	47	2	390440	390925	392210	392698	0.0	651
IDMs42	IDMs42	95.627	343	15	0	683725	684067	673649	673307	6.62e-155	552
IDMs42	IDMs42	95.627	343	15	0	673307	673649	684067	683725	6.62e-155	552
IDMs42	IDMs42	78.034	651	137	2	737595	738245	403174	402530	2.64e-147	526
IDMs42	IDMs42	78.034	651	137	2	402530	403174	738245	737595	2.64e-147	526
IDMs42	IDMs42	77.344	640	144	1	737607	738245	389754	389115	1.28e-138	498
IDMs42	IDMs42	77.344	640	144	1	389115	389754	738245	737607	1.28e-138	498
IDMs42	IDMs42	76.777	633	138	1	737613	738245	358167	358790	2.82e-134	483
IDMs42	IDMs42	76.777	633	138	1	358167	358790	737613	738245	2.82e-134	483
IDMs42	IDMs42	100.000	265	0	0	624879	625143	621711	621975	3.43e-133	479
IDMs42	IDMs42	100.000	265	0	0	621711	621975	624879	625143	3.43e-133	479
IDMs42	IDMs42	69.957	1175	320	18	735293	736447	405473	404312	1.20e-132	477
IDMs42	IDMs42	69.957	1175	320	18	404312	405473	736447	735293	1.20e-132	477
IDMs42	IDMs42	87.089	395	43	5	148631	149021	145422	145812	6.21e-130	468
IDMs42	IDMs42	87.089	395	43	5	145422	145812	148631	149021	6.21e-130	468
IDMs42	IDMs42	89.444	360	32	6	620426	620781	608734	609091	1.12e-126	457
IDMs42	IDMs42	89.444	360	32	6	608734	609091	620426	620781	1.12e-126	457
IDMs42	IDMs42	70.816	956	237	14	146812	147755	144218	145143	8.63e-122	442
IDMs42	IDMs42	70.816	956	237	14	144218	145143	146812	147755	8.63e-122	442
IDMs42	IDMs42	67.876	1351	367	31	402737	404062	391209	392517	7.57e-110	401
IDMs42	IDMs42	67.876	1351	367	31	391209	392517	402737	404062	7.57e-110	401
IDMs42	IDMs42	72.982	607	162	2	742162	742767	739754	740359	4.19e-94	349
IDMs42	IDMs42	72.982	607	162	2	739754	740359	742162	742767	4.19e-94	349
IDMs42	IDMs42	74.297	498	104	9	737607	738096	391632	391151	5.45e-80	303
IDMs42	IDMs42	74.297	498	104	9	391151	391632	738096	737607	5.45e-80	303
IDMs42	IDMs42	75.349	430	99	5	733405	733832	732145	732569	5.11e-74	282
IDMs42	IDMs42	75.349	430	99	5	732145	732569	733405	733832	5.11e-74	282
IDMs42	IDMs42	94.798	173	6	1	733162	733334	732489	732658	3.22e-70	270
IDMs42	IDMs42	94.798	173	6	1	732489	732658	733162	733334	3.22e-70	270
IDMs42	IDMs42	72.781	507	109	11	391151	391638	389264	389760	3.22e-70	269
IDMs42	IDMs42	72.781	507	109	11	389264	389760	391151	391638	3.22e-70	269
IDMs42	IDMs42	75.058	429	80	11	391209	391624	358583	358169	3.93e-69	267
IDMs42	IDMs42	75.058	429	80	11	358169	358583	391624	391209	3.93e-69	267
IDMs42	IDMs42	76.176	340	79	1	737908	738245	484903	484564	3.68e-63	246
IDMs42	IDMs42	76.176	340	79	1	484564	484903	738245	737908	3.68e-63	246
IDMs42	IDMs42	100.000	133	0	0	242372	242504	242006	242138	1.56e-61	241
IDMs42	IDMs42	100.000	133	0	0	242006	242138	242372	242504	1.56e-61	241
IDMs42	IDMs42	70.573	384	111	2	736066	736447	356573	356956	5.46e-42	177
IDMs42	IDMs42	70.573	384	111	2	356573	356956	736066	736447	5.46e-42	177
IDMs42	IDMs42	76.151	239	53	2	684577	684813	424985	425221	8.11e-40	169
IDMs42	IDMs42	76.151	239	53	2	424985	425221	684577	684813	8.11e-40	169
IDMs42	IDMs42	67.713	446	138	1	671800	672239	210842	211287	5.12e-36	157
IDMs42	IDMs42	67.713	446	138	1	210842	211287	671800	672239	5.12e-36	157
IDMs42	IDMs42	71.940	335	73	10	403755	404080	390440	390762	1.79e-35	155
IDMs42	IDMs42	71.940	335	73	10	390440	390762	403755	404080	1.79e-35	155
IDMs42	IDMs42	85.135	148	14	6	286066	286209	284083	284226	7.59e-34	149
IDMs42	IDMs42	84.459	148	15	5	284083	284226	286066	286209	7.59e-34	149
IDMs42	IDMs42	71.477	298	73	7	390471	390762	357486	357195	1.67e-29	134
IDMs42	IDMs42	71.477	298	73	7	357195	357486	390762	390471	1.67e-29	134
IDMs42	IDMs42	69.086	372	77	12	399547	399905	398598	398944	5.84e-29	133
IDMs42	IDMs42	69.086	372	77	12	398598	398944	399547	399905	5.84e-29	133
IDMs42	IDMs42	66.806	479	145	7	398504	398975	397650	398121	7.11e-28	129
IDMs42	IDMs42	66.806	479	145	7	397650	398121	398504	398975	7.11e-28	129
IDMs42	IDMs42	93.023	86	6	0	733324	733409	732710	732795	7.11e-28	129
IDMs42	IDMs42	93.023	86	6	0	732710	732795	733324	733409	7.11e-28	129
IDMs42	IDMs42	86.408	103	14	0	127027	127129	126442	126544	3.02e-26	123
IDMs42	IDMs42	65.580	552	178	6	739774	740319	362858	363403	3.02e-26	123
IDMs42	IDMs42	64.350	1108	290	42	735382	736432	393867	392808	3.02e-26	123
IDMs42	IDMs42	64.350	1108	290	42	392808	393867	736432	735382	3.02e-26	123
IDMs42	IDMs42	65.580	552	178	6	362858	363403	739774	740319	3.02e-26	123
IDMs42	IDMs42	72.727	209	57	0	736857	737065	357300	357508	3.68e-25	121
IDMs42	IDMs42	72.727	209	57	0	357300	357508	736857	737065	3.68e-25	121
IDMs42	IDMs42	86.735	98	13	0	127049	127146	126434	126531	1.29e-24	119
IDMs42	IDMs42	67.200	375	107	5	399557	399929	397754	398114	1.57e-23	114
IDMs42	IDMs42	67.200	375	107	5	397754	398114	399557	399929	1.57e-23	114
IDMs42	IDMs42	70.782	243	63	3	392279	392517	357451	357213	5.47e-23	113
IDMs42	IDMs42	70.782	243	63	3	357213	357451	392517	392279	5.47e-23	113
IDMs42	IDMs42	77.465	142	30	2	405261	405401	393743	393883	8.12e-21	105
IDMs42	IDMs42	77.465	142	30	2	393743	393883	405261	405401	8.12e-21	105
IDMs42	IDMs42	68.421	285	81	4	130216	130496	30535	30814	1.20e-18	99.6
IDMs42	IDMs42	68.421	285	81	4	30535	30814	130216	130496	1.20e-18	99.6
IDMs42	IDMs42	72.683	205	37	8	187945	188131	146695	146492	1.20e-18	99.6
IDMs42	IDMs42	72.683	205	37	8	146492	146695	188131	187945	1.20e-18	99.6
IDMs42	IDMs42	82.292	96	17	0	127004	127099	126449	126544	4.20e-18	97.8
IDMs42	IDMs42	65.526	409	139	2	174209	174616	29632	30039	1.47e-17	96.0
IDMs42	IDMs42	65.526	409	139	2	29632	30039	174209	174616	1.47e-17	96.0
IDMs42	IDMs42	70.588	221	57	4	590564	590780	220988	221204	1.47e-17	96.0
IDMs42	IDMs42	70.588	221	57	4	220988	221204	590564	590780	1.47e-17	96.0
IDMs42	IDMs42	73.077	182	34	6	703217	703393	315047	314876	1.47e-17	95.1
IDMs42	IDMs42	73.077	182	34	6	314876	315047	703393	703217	1.47e-17	95.1
IDMs42	IDMs42	65.873	378	113	6	131343	131712	31653	32022	2.18e-15	88.7
IDMs42	IDMs42	65.873	378	113	6	31653	32022	131343	131712	2.18e-15	88.7
IDMs42	IDMs42	85.333	75	11	0	342106	342180	35053	34979	7.60e-15	86.9
IDMs42	IDMs42	66.866	335	106	5	149103	149434	188012	187680	7.60e-15	86.9
IDMs42	IDMs42	85.333	75	11	0	34979	35053	342180	342106	7.60e-15	86.9
IDMs42	IDMs42	91.525	59	5	0	332325	332383	332383	332325	2.65e-14	85.1
IDMs42	IDMs42	69.349	261	70	8	723829	724084	187426	187171	2.65e-14	84.2
IDMs42	IDMs42	69.349	261	70	8	187171	187426	724084	723829	2.65e-14	84.2
IDMs42	IDMs42	91.379	58	5	0	342125	342182	287862	287805	9.26e-14	83.3
IDMs42	IDMs42	91.379	58	5	0	287805	287862	342182	342125	9.26e-14	83.3
IDMs42	IDMs42	68.720	211	63	1	736857	737064	403975	403765	9.26e-14	82.4
IDMs42	IDMs42	68.720	211	63	1	403765	403975	737064	736857	9.26e-14	82.4
IDMs42	IDMs42	81.111	90	13	2	616409	616497	609086	609172	3.23e-13	81.5
IDMs42	IDMs42	81.111	90	13	2	616409	616497	612970	613056	3.23e-13	81.5
IDMs42	IDMs42	81.111	90	13	2	616409	616497	616850	616936	3.23e-13	81.5
IDMs42	IDMs42	82.278	79	14	0	343896	343974	35052	34974	3.23e-13	80.6
IDMs42	IDMs42	82.278	79	14	0	34974	35052	343974	343896	3.23e-13	80.6
IDMs42	IDMs42	80.952	84	10	2	16990	17070	17070	16990	3.94e-12	77.0
IDMs42	IDMs42	95.745	47	2	0	356507	356553	388828	388782	3.94e-12	77.0
IDMs42	IDMs42	65.683	542	151	21	756778	757297	690735	691263	3.94e-12	77.0
IDMs42	IDMs42	65.683	542	151	21	690735	691263	756778	757297	3.94e-12	77.0
IDMs42	IDMs42	97.727	44	1	0	127103	127146	126716	126759	1.37e-11	76.1
IDMs42	IDMs42	97.727	44	1	0	126716	126759	127103	127146	1.37e-11	76.1
IDMs42	IDMs42	82.051	78	13	1	98630	98707	98512	98588	1.37e-11	75.2
IDMs42	IDMs42	82.051	78	13	1	98512	98588	98630	98707	1.37e-11	75.2
IDMs42	IDMs42	73.913	138	25	5	734389	734519	406429	406296	1.37e-11	75.2
IDMs42	IDMs42	73.913	138	25	5	406296	406429	734519	734389	1.37e-11	75.2
IDMs42	IDMs42	85.714	63	9	0	660757	660819	276806	276868	4.80e-11	74.3
IDMs42	IDMs42	85.714	63	9	0	276806	276868	660757	660819	4.80e-11	74.3
IDMs42	IDMs42	68.932	206	51	5	484702	484900	391140	391339	4.80e-11	73.4
IDMs42	IDMs42	68.932	206	51	5	391140	391339	484702	484900	4.80e-11	73.4
IDMs42	IDMs42	66.148	257	87	0	284717	284973	34241	34497	1.67e-10	72.5
IDMs42	IDMs42	66.148	257	87	0	34241	34497	284717	284973	1.67e-10	72.5
IDMs42	IDMs42	73.826	149	26	8	6170	6312	5176	5317	5.84e-10	69.8
IDMs42	IDMs42	73.826	149	26	8	5176	5317	6170	6312	5.84e-10	69.8
IDMs42	IDMs42	72.222	126	27	2	672423	672544	211465	211586	2.04e-09	68.9
IDMs42	IDMs42	77.778	90	10	3	612534	612616	609086	609172	2.04e-09	68.9
IDMs42	IDMs42	77.778	90	10	3	612534	612616	612970	613056	2.04e-09	68.9
IDMs42	IDMs42	77.778	90	10	3	612534	612616	616850	616936	2.04e-09	68.9
IDMs42	IDMs42	72.222	126	27	2	211465	211586	672423	672544	2.04e-09	68.9
IDMs42	IDMs42	85.965	57	8	0	126716	126772	126488	126544	2.04e-09	68.0
IDMs42	IDMs42	100.000	37	0	0	126737	126773	127004	127040	2.04e-09	68.0
IDMs42	IDMs42	80.488	82	11	3	620344	620424	609095	609172	2.04e-09	68.0
IDMs42	IDMs42	80.488	82	11	3	620344	620424	612979	613056	2.04e-09	68.0
IDMs42	IDMs42	80.488	82	11	3	620344	620424	616859	616936	2.04e-09	68.0
IDMs42	IDMs42	80.263	76	14	1	129968	130042	30299	30374	7.12e-09	67.1
IDMs42	IDMs42	80.263	76	14	1	30299	30374	129968	130042	7.12e-09	67.1
IDMs42	IDMs42	77.381	84	19	0	733749	733832	733162	733245	7.12e-09	67.1
IDMs42	IDMs42	77.381	84	19	0	733162	733245	733749	733832	7.12e-09	67.1
IDMs42	IDMs42	93.023	43	3	0	199873	199915	199915	199873	2.48e-08	65.3
IDMs42	IDMs42	76.471	85	20	0	103918	104002	102097	102181	2.48e-08	64.4
IDMs42	IDMs42	76.471	85	20	0	102097	102181	103918	104002	2.48e-08	64.4
IDMs42	IDMs42	72.263	137	33	4	505619	505751	160010	159875	8.67e-08	63.5
IDMs42	IDMs42	79.012	81	15	2	482986	483065	483065	482986	8.67e-08	63.5
IDMs42	IDMs42	69.048	168	50	2	287687	287853	34859	35025	8.67e-08	62.6
IDMs42	IDMs42	69.048	168	50	2	34859	35025	287687	287853	8.67e-08	62.6
IDMs42	IDMs42	66.383	235	71	3	742515	742745	363191	363421	8.67e-08	62.6
IDMs42	IDMs42	66.383	235	71	3	363191	363421	742515	742745	8.67e-08	62.6
IDMs42	IDMs42	77.632	76	17	0	229378	229453	229258	229333	3.03e-07	61.7
IDMs42	IDMs42	77.632	76	17	0	229258	229333	229378	229453	3.03e-07	61.7
IDMs42	IDMs42	72.642	106	29	0	285326	285431	344137	344032	3.03e-07	61.7
IDMs42	IDMs42	64.858	387	119	9	255310	255689	51165	51541	3.03e-07	60.8
IDMs42	IDMs42	64.858	387	119	9	266189	266568	51165	51541	3.03e-07	60.8
IDMs42	IDMs42	82.759	58	10	0	127073	127130	126716	126773	3.03e-07	60.8
IDMs42	IDMs42	82.759	58	10	0	126716	126773	127073	127130	3.03e-07	60.8
IDMs42	IDMs42	64.858	387	119	9	51165	51541	255310	255689	3.03e-07	60.8
IDMs42	IDMs42	64.858	387	119	9	51165	51541	266189	266568	3.03e-07	60.8
IDMs42	IDMs42	72.222	108	30	0	287678	287785	344137	344030	3.03e-07	60.8
IDMs42	IDMs42	72.650	117	30	2	740665	740780	738635	738750	3.03e-07	60.8
IDMs42	IDMs42	72.650	117	30	2	738635	738750	740665	740780	3.03e-07	60.8
IDMs42	IDMs42	66.534	251	72	6	589235	589479	218653	218897	1.06e-06	59.0
IDMs42	IDMs42	77.778	72	16	0	342471	342542	287522	287451	1.06e-06	59.0
IDMs42	IDMs42	77.778	72	16	0	287451	287522	342542	342471	1.06e-06	59.0
IDMs42	IDMs42	90.476	42	4	0	758490	758531	581219	581178	1.06e-06	59.0
IDMs42	IDMs42	66.534	251	72	6	218653	218897	589235	589479	1.06e-06	59.0
IDMs42	IDMs42	90.476	42	4	0	581178	581219	758531	758490	1.06e-06	59.0
IDMs42	IDMs42	77.465	71	16	0	626064	626134	208221	208291	3.69e-06	57.2
IDMs42	IDMs42	77.465	71	16	0	208221	208291	626064	626134	3.69e-06	57.2
IDMs42	IDMs42	69.841	126	38	0	692393	692518	756808	756933	3.69e-06	57.2
IDMs42	IDMs42	88.372	43	5	0	48333	48375	88610	88568	1.29e-05	56.3
IDMs42	IDMs42	81.034	58	11	0	126716	126773	126458	126515	1.29e-05	56.3
IDMs42	IDMs42	86.275	51	3	2	419919	419967	419967	419919	1.29e-05	56.3
IDMs42	IDMs42	81.667	60	5	2	187945	187998	524088	524029	1.29e-05	56.3
IDMs42	IDMs42	89.362	47	3	2	633472	633517	633517	633472	1.29e-05	56.3
IDMs42	IDMs42	75.269	93	14	4	764450	764538	129784	129697	1.29e-05	55.4
IDMs42	IDMs42	90.909	44	2	2	187964	188005	524029	524072	1.29e-05	55.4
IDMs42	IDMs42	73.077	104	26	2	666724	666826	629711	629609	1.29e-05	55.4
IDMs42	IDMs42	73.077	104	26	2	629609	629711	666826	666724	1.29e-05	55.4
IDMs42	IDMs42	75.269	93	14	4	129697	129784	764538	764450	1.29e-05	55.4
IDMs42	IDMs42	88.095	42	5	0	581173	581214	202609	202650	4.49e-05	54.5
IDMs42	IDMs42	73.626	91	22	1	342098	342188	285537	285449	4.49e-05	54.5
IDMs42	IDMs42	73.626	91	22	1	285449	285537	342188	342098	4.49e-05	54.5
IDMs42	IDMs42	71.698	106	28	1	590619	590722	351692	351797	4.49e-05	54.5
IDMs42	IDMs42	76.543	81	17	2	395155	395234	395234	395155	4.49e-05	54.5
IDMs42	IDMs42	88.095	42	5	0	202609	202650	581173	581214	4.49e-05	54.5
IDMs42	IDMs42	71.698	106	28	1	351692	351797	590619	590722	4.49e-05	54.5
IDMs42	IDMs42	77.108	83	12	4	404098	404176	100907	100986	4.49e-05	53.6
IDMs42	IDMs42	80.952	63	5	3	187946	188001	149093	149155	4.49e-05	53.6
IDMs42	IDMs42	72.917	96	20	2	724164	724256	187077	186985	4.49e-05	53.6
IDMs42	IDMs42	80.952	63	5	3	149093	149155	187946	188001	4.49e-05	53.6
IDMs42	IDMs42	82.759	58	8	2	242120	242176	242176	242120	4.49e-05	53.6
IDMs42	IDMs42	72.917	96	20	2	186985	187077	724256	724164	4.49e-05	53.6
IDMs42	IDMs42	83.019	53	8	1	631177	631229	8986	8935	1.57e-04	52.7
IDMs42	IDMs42	73.626	91	19	2	133225	133314	98915	99001	1.57e-04	52.7
IDMs42	IDMs42	73.626	91	19	2	98915	99001	133225	133314	1.57e-04	52.7
IDMs42	IDMs42	87.805	41	5	0	273840	273880	273880	273840	1.57e-04	52.7
IDMs42	IDMs42	79.688	64	9	2	438528	438591	567390	567331	1.57e-04	52.7
IDMs42	IDMs42	75.294	85	19	2	734067	734150	734150	734067	1.57e-04	52.7
IDMs42	IDMs42	69.343	137	30	4	724627	724757	186659	186529	1.57e-04	51.8
IDMs42	IDMs42	100.000	28	0	0	239243	239270	239270	239243	1.57e-04	51.8
IDMs42	IDMs42	69.343	137	30	4	186529	186659	724757	724627	1.57e-04	51.8
IDMs42	IDMs42	75.949	79	12	3	328652	328723	98142	98064	5.47e-04	50.9
IDMs42	IDMs42	83.019	53	5	2	246493	246543	246543	246493	5.47e-04	50.9
IDMs42	IDMs42	75.949	79	12	3	98064	98142	328723	328652	5.47e-04	50.9
IDMs42	IDMs42	91.429	35	3	0	369022	369056	369056	369022	5.47e-04	50.9
IDMs42	IDMs42	75.949	79	17	2	111347	111424	412466	412389	5.47e-04	50.9
IDMs42	IDMs42	80.000	55	11	0	713844	713898	415349	415295	5.47e-04	50.9
IDMs42	IDMs42	88.095	42	4	1	627010	627050	599855	599896	5.47e-04	50.9
IDMs42	IDMs42	88.095	42	4	1	627010	627050	599902	599861	5.47e-04	50.9
IDMs42	IDMs42	80.000	55	11	0	415295	415349	713898	713844	5.47e-04	50.9
IDMs42	IDMs42	85.714	42	6	0	188151	188192	148092	148051	5.47e-04	50.0
IDMs42	IDMs42	79.365	63	10	2	209749	209809	177260	177199	5.47e-04	50.0
IDMs42	IDMs42	85.714	42	6	0	148051	148092	188192	188151	5.47e-04	50.0
IDMs42	IDMs42	78.378	74	10	4	212960	213030	213030	212960	5.47e-04	50.0
IDMs42	IDMs42	77.419	62	14	0	343914	343975	287862	287801	5.47e-04	50.0
IDMs42	IDMs42	80.645	62	7	3	772376	772435	319959	320017	5.47e-04	50.0
IDMs42	IDMs42	77.419	62	14	0	287801	287862	343975	343914	5.47e-04	50.0
IDMs42	IDMs42	81.481	54	9	1	645864	645917	421649	421597	5.47e-04	50.0
IDMs42	IDMs42	93.750	32	2	0	443632	443663	443663	443632	5.47e-04	50.0
IDMs42	IDMs42	81.481	54	9	1	421597	421649	645917	645864	5.47e-04	50.0
IDMs42	IDMs42	88.372	43	3	2	106911	106952	106952	106911	0.002	49.1
IDMs42	IDMs42	91.667	36	2	1	488367	488402	107230	107196	0.002	49.1
IDMs42	IDMs42	81.633	49	9	0	126725	126773	126437	126485	0.002	49.1
IDMs42	IDMs42	84.091	44	7	0	127027	127070	126730	126773	0.002	49.1
IDMs42	IDMs42	84.091	44	7	0	126730	126773	127027	127070	0.002	49.1
IDMs42	IDMs42	77.966	59	13	0	590117	590175	219407	219465	0.002	49.1
IDMs42	IDMs42	80.000	60	9	2	484608	484664	224482	224541	0.002	49.1
IDMs42	IDMs42	76.712	73	15	2	342275	342346	287733	287662	0.002	49.1
IDMs42	IDMs42	76.712	73	15	2	287662	287733	342346	342275	0.002	49.1
IDMs42	IDMs42	80.000	60	9	2	224482	224541	484608	484664	0.002	49.1
IDMs42	IDMs42	77.966	59	13	0	219407	219465	590117	590175	0.002	49.1
IDMs42	IDMs42	96.552	29	1	0	356677	356705	719958	719930	0.002	49.1
IDMs42	IDMs42	71.429	98	22	2	285407	285501	34931	35025	0.002	48.2
IDMs42	IDMs42	71.429	98	22	2	34931	35025	285407	285501	0.002	48.2
IDMs42	IDMs42	82.979	47	5	1	730018	730061	367099	367145	0.002	48.2
IDMs42	IDMs42	73.333	90	22	2	474059	474148	377189	377102	0.002	48.2
IDMs42	IDMs42	78.571	70	8	4	394698	394765	391058	391122	0.002	48.2
IDMs42	IDMs42	78.571	70	8	4	391058	391122	394698	394765	0.002	48.2
IDMs42	IDMs42	79.412	68	8	4	482910	482974	482974	482910	0.002	48.2
IDMs42	IDMs42	69.853	136	31	5	111259	111387	674966	674834	0.002	48.2
IDMs42	IDMs42	88.889	36	4	0	107249	107284	694897	694862	0.002	48.2
IDMs42	IDMs42	77.586	58	13	0	254299	254356	49341	49398	0.007	47.3
IDMs42	IDMs42	77.586	58	13	0	265178	265235	49341	49398	0.007	47.3
IDMs42	IDMs42	79.245	53	11	0	76566	76618	76618	76566	0.007	47.3
IDMs42	IDMs42	77.586	58	13	0	127043	127100	126716	126773	0.007	47.3
IDMs42	IDMs42	77.586	58	13	0	126716	126773	127043	127100	0.007	47.3
IDMs42	IDMs42	90.909	33	3	0	656198	656230	187997	187965	0.007	47.3
IDMs42	IDMs42	90.909	33	3	0	655487	655519	187997	187965	0.007	47.3
IDMs42	IDMs42	79.245	53	11	0	192477	192529	192529	192477	0.007	47.3
IDMs42	IDMs42	77.586	58	13	0	49341	49398	254299	254356	0.007	47.3
IDMs42	IDMs42	77.586	58	13	0	49341	49398	265178	265235	0.007	47.3
IDMs42	IDMs42	72.381	105	23	4	448800	448901	448901	448800	0.007	47.3
IDMs42	IDMs42	90.909	33	3	0	187965	187997	655519	655487	0.007	47.3
IDMs42	IDMs42	90.909	33	3	0	187965	187997	656230	656198	0.007	47.3
IDMs42	IDMs42	66.834	199	58	5	692400	692593	690772	690967	0.007	47.3
IDMs42	IDMs42	66.834	199	58	5	690772	690967	692400	692593	0.007	47.3
IDMs42	IDMs42	93.333	30	2	0	239242	239271	100876	100905	0.007	46.4
IDMs42	IDMs42	81.132	53	6	2	206808	206857	149151	149100	0.007	46.4
IDMs42	IDMs42	88.571	35	4	0	660789	660823	202660	202626	0.007	46.4
IDMs42	IDMs42	80.769	52	9	1	149101	149151	206859	206808	0.007	46.4
IDMs42	IDMs42	93.333	30	2	0	247256	247285	247285	247256	0.007	46.4
IDMs42	IDMs42	76.667	60	14	0	344867	344926	284614	284555	0.007	46.4
IDMs42	IDMs42	75.281	89	15	5	183861	183948	343693	343775	0.007	46.4
IDMs42	IDMs42	76.667	60	14	0	284555	284614	344926	344867	0.007	46.4
IDMs42	IDMs42	77.273	66	12	2	397373	397435	395178	395243	0.007	46.4
IDMs42	IDMs42	77.273	66	12	2	395178	395243	397373	397435	0.007	46.4
IDMs42	IDMs42	82.979	47	7	1	519764	519809	453006	453052	0.007	46.4
IDMs42	IDMs42	88.571	35	4	0	80270	80304	458191	458225	0.007	46.4
IDMs42	IDMs42	82.979	47	7	1	453006	453052	519764	519809	0.007	46.4
IDMs42	IDMs42	88.571	35	4	0	202626	202660	660823	660789	0.007	46.4
IDMs42	IDMs42	67.273	165	44	4	688536	688695	669162	669003	0.007	46.4
IDMs42	IDMs42	67.273	165	44	4	669003	669162	688695	688536	0.007	46.4
IDMs42	IDMs42	90.625	32	3	0	722041	722072	15339	15370	0.023	45.5
IDMs42	IDMs42	86.047	43	3	2	273934	273975	15692	15652	0.023	45.5
IDMs42	IDMs42	72.840	81	15	2	164500	164579	17038	16964	0.023	45.5
IDMs42	IDMs42	96.296	27	1	0	756786	756812	76189	76215	0.023	45.5
IDMs42	IDMs42	80.851	47	9	0	127094	127140	127004	127050	0.023	45.5
IDMs42	IDMs42	77.586	58	10	1	464556	464613	160805	160859	0.023	45.5
IDMs42	IDMs42	86.486	37	5	0	187040	187076	187076	187040	0.023	45.5
IDMs42	IDMs42	83.333	42	7	0	758490	758531	202655	202614	0.023	45.5
IDMs42	IDMs42	70.103	97	29	0	362962	363058	221094	220998	0.023	45.5
IDMs42	IDMs42	81.633	49	8	1	389168	389215	224493	224541	0.023	45.5
IDMs42	IDMs42	81.633	49	8	1	402583	402630	224493	224541	0.023	45.5
IDMs42	IDMs42	81.633	49	8	1	358690	358737	224541	224493	0.023	45.5
IDMs42	IDMs42	96.296	27	1	0	248881	248907	248907	248881	0.023	45.5
IDMs42	IDMs42	86.047	43	3	2	15652	15692	273975	273934	0.023	45.5
IDMs42	IDMs42	69.167	120	33	2	342229	342346	285427	285310	0.023	45.5
IDMs42	IDMs42	69.167	120	33	2	285310	285427	342346	342229	0.023	45.5
IDMs42	IDMs42	73.611	72	19	0	287451	287522	344352	344281	0.023	45.5
IDMs42	IDMs42	81.633	49	8	1	224493	224541	358737	358690	0.023	45.5
IDMs42	IDMs42	70.103	97	29	0	220998	221094	363058	362962	0.023	45.5
IDMs42	IDMs42	81.633	49	8	1	224493	224541	389168	389215	0.023	45.5
IDMs42	IDMs42	81.633	49	8	1	224493	224541	402583	402630	0.023	45.5
IDMs42	IDMs42	79.630	54	10	1	725142	725195	406627	406679	0.023	45.5
IDMs42	IDMs42	80.851	47	9	0	574585	574631	498793	498747	0.023	45.5
IDMs42	IDMs42	96.296	27	1	0	131923	131949	505699	505725	0.023	45.5
IDMs42	IDMs42	86.486	37	5	0	239234	239270	524024	524060	0.023	45.5
IDMs42	IDMs42	96.296	27	1	0	573111	573137	573137	573111	0.023	45.5
IDMs42	IDMs42	80.851	47	9	0	498747	498793	574631	574585	0.023	45.5
IDMs42	IDMs42	75.758	66	14	1	727447	727512	614394	614331	0.023	45.5
IDMs42	IDMs42	75.758	66	14	1	727447	727512	618274	618211	0.023	45.5
IDMs42	IDMs42	91.176	34	2	1	187049	187081	626870	626903	0.023	45.5
IDMs42	IDMs42	86.486	37	5	0	261130	261166	635540	635504	0.023	45.5
IDMs42	IDMs42	86.486	37	5	0	250251	250287	635540	635504	0.023	45.5
IDMs42	IDMs42	79.032	62	8	3	25352	25413	656868	656812	0.023	45.5
IDMs42	IDMs42	86.486	37	5	0	683013	683049	683049	683013	0.023	45.5
IDMs42	IDMs42	90.625	32	3	0	15339	15370	722041	722072	0.023	45.5
IDMs42	IDMs42	87.179	39	4	1	455907	455945	725618	725581	0.023	45.5
IDMs42	IDMs42	75.758	66	14	1	618211	618274	727512	727447	0.023	45.5
IDMs42	IDMs42	75.758	66	14	1	614331	614394	727512	727447	0.023	45.5
IDMs42	IDMs42	82.979	47	3	2	141559	141603	742740	742697	0.023	45.5
IDMs42	IDMs42	96.296	27	1	0	76189	76215	756786	756812	0.023	45.5
IDMs42	IDMs42	83.333	42	7	0	202614	202655	758531	758490	0.023	45.5
IDMs42	IDMs42	93.103	29	2	0	115036	115064	48344	48372	0.023	44.6
IDMs42	IDMs42	82.609	46	7	1	543369	543414	88707	88751	0.023	44.6
IDMs42	IDMs42	88.235	34	4	0	341923	341956	100910	100877	0.023	44.6
IDMs42	IDMs42	88.235	34	4	0	239237	239270	100910	100877	0.023	44.6
IDMs42	IDMs42	93.103	29	2	0	48344	48372	115036	115064	0.023	44.6
IDMs42	IDMs42	84.615	39	6	0	486818	486856	118018	117980	0.023	44.6
IDMs42	IDMs42	93.103	29	2	0	127112	127140	126437	126465	0.023	44.6
IDMs42	IDMs42	93.103	29	2	0	126437	126465	127112	127140	0.023	44.6
IDMs42	IDMs42	100.000	24	0	0	211563	211586	133202	133225	0.023	44.6
IDMs42	IDMs42	81.818	44	8	0	48351	48394	171705	171662	0.023	44.6
IDMs42	IDMs42	73.973	73	17	1	540432	540502	180166	180094	0.023	44.6
IDMs42	IDMs42	89.474	38	2	2	201679	201715	201715	201679	0.023	44.6
IDMs42	IDMs42	69.403	134	31	5	221160	221288	218743	218871	0.023	44.6
IDMs42	IDMs42	69.403	134	31	5	218743	218871	221160	221288	0.023	44.6
IDMs42	IDMs42	100.000	24	0	0	187961	187984	259408	259385	0.023	44.6
IDMs42	IDMs42	100.000	24	0	0	187961	187984	270287	270264	0.023	44.6
IDMs42	IDMs42	76.562	64	10	2	708567	708627	285879	285818	0.023	44.6
IDMs42	IDMs42	88.235	34	4	0	303243	303276	303276	303243	0.023	44.6
IDMs42	IDMs42	88.235	34	4	0	313327	313360	313360	313327	0.023	44.6
IDMs42	IDMs42	88.235	34	4	0	515899	515932	327141	327108	0.023	44.6
IDMs42	IDMs42	81.818	44	8	0	476346	476389	476389	476346	0.023	44.6
IDMs42	IDMs42	84.615	39	6	0	117980	118018	486856	486818	0.023	44.6
IDMs42	IDMs42	81.818	55	7	3	417075	417127	497192	497139	0.023	44.6
IDMs42	IDMs42	88.235	34	4	0	515834	515867	515867	515834	0.023	44.6
IDMs42	IDMs42	93.103	29	2	0	239242	239270	524061	524033	0.023	44.6
IDMs42	IDMs42	82.609	46	7	1	88707	88751	543369	543414	0.023	44.6
IDMs42	IDMs42	93.103	29	2	0	491589	491617	549455	549427	0.023	44.6
IDMs42	IDMs42	100.000	24	0	0	569115	569138	569138	569115	0.023	44.6
IDMs42	IDMs42	76.562	64	10	2	285818	285879	708627	708567	0.023	44.6
IDMs42	IDMs42	75.714	70	15	2	542550	542617	44993	44924	0.081	43.7
IDMs42	IDMs42	90.323	31	3	0	149127	149157	55794	55764	0.081	43.7
IDMs42	IDMs42	82.927	41	7	0	335477	335517	99414	99374	0.081	43.7
IDMs42	IDMs42	80.435	46	9	0	307143	307188	113587	113632	0.081	43.7
IDMs42	IDMs42	84.444	45	5	2	131832	131875	131875	131832	0.081	43.7
IDMs42	IDMs42	80.851	47	6	1	159610	159656	146274	146231	0.081	43.7
IDMs42	IDMs42	90.323	31	3	0	55764	55794	149157	149127	0.081	43.7
IDMs42	IDMs42	68.485	165	40	7	381661	381819	156107	155949	0.081	43.7
IDMs42	IDMs42	80.851	47	6	1	146231	146274	159656	159610	0.081	43.7
IDMs42	IDMs42	82.000	50	2	3	227737	227781	161390	161343	0.081	43.7
IDMs42	IDMs42	90.625	32	0	1	615610	615638	184713	184744	0.081	43.7
IDMs42	IDMs42	86.842	38	4	1	518942	518978	187965	188002	0.081	43.7
IDMs42	IDMs42	90.323	31	3	0	239238	239268	206807	206837	0.081	43.7
IDMs42	IDMs42	96.154	26	1	0	636232	636257	206835	206810	0.081	43.7
IDMs42	IDMs42	90.323	31	3	0	206807	206837	239238	239268	0.081	43.7
IDMs42	IDMs42	79.245	53	5	2	281407	281453	281263	281315	0.081	43.7
IDMs42	IDMs42	79.245	53	5	2	281263	281315	281407	281453	0.081	43.7
IDMs42	IDMs42	80.435	46	9	0	113587	113632	307143	307188	0.081	43.7
IDMs42	IDMs42	82.353	51	4	3	170947	170997	349999	349954	0.081	43.7
IDMs42	IDMs42	96.154	26	1	0	521206	521231	363668	363693	0.081	43.7
IDMs42	IDMs42	83.721	43	6	1	419175	419216	398898	398940	0.081	43.7
IDMs42	IDMs42	75.000	68	11	2	209784	209845	402337	402270	0.081	43.7
IDMs42	IDMs42	80.851	47	6	1	727593	727636	423099	423053	0.081	43.7
IDMs42	IDMs42	85.000	40	4	1	64699	64738	458202	458239	0.081	43.7
IDMs42	IDMs42	86.111	36	5	0	528475	528510	461164	461199	0.081	43.7
IDMs42	IDMs42	90.323	31	3	0	599191	599221	500511	500481	0.081	43.7
IDMs42	IDMs42	86.842	38	4	1	187965	188002	518942	518978	0.081	43.7
IDMs42	IDMs42	96.154	26	1	0	363668	363693	521206	521231	0.081	43.7
IDMs42	IDMs42	74.242	66	17	0	631074	631139	523937	524002	0.081	43.7
IDMs42	IDMs42	86.111	36	5	0	461164	461199	528475	528510	0.081	43.7
IDMs42	IDMs42	75.714	70	15	2	44924	44993	542617	542550	0.081	43.7
IDMs42	IDMs42	90.323	31	3	0	707995	708025	547906	547876	0.081	43.7
IDMs42	IDMs42	96.154	26	1	0	1710	1735	571673	571698	0.081	43.7
IDMs42	IDMs42	75.758	66	11	2	407372	407432	631058	630993	0.081	43.7
IDMs42	IDMs42	96.154	26	1	0	206810	206835	636257	636232	0.081	43.7
IDMs42	IDMs42	86.486	37	2	1	607070	607103	717891	717855	0.081	43.7
IDMs42	IDMs42	80.851	47	6	1	423053	423099	727636	727593	0.081	43.7
IDMs42	IDMs42	78.182	55	10	1	183048	183100	772259	772313	0.081	43.7
IDMs42	IDMs42	92.857	28	2	0	12581	12608	12608	12581	0.081	42.8
IDMs42	IDMs42	92.857	28	2	0	94610	94637	31431	31458	0.081	42.8
IDMs42	IDMs42	85.000	40	5	1	82283	82322	48326	48364	0.081	42.8
IDMs42	IDMs42	92.857	28	2	0	372000	372027	60522	60495	0.081	42.8
IDMs42	IDMs42	84.211	38	6	0	131922	131959	86310	86273	0.081	42.8
IDMs42	IDMs42	92.857	28	2	0	31431	31458	94610	94637	0.081	42.8
IDMs42	IDMs42	100.000	23	0	0	127124	127146	127004	127026	0.081	42.8
IDMs42	IDMs42	84.211	38	6	0	170957	170994	139743	139706	0.081	42.8
IDMs42	IDMs42	84.211	38	6	0	141553	141590	141590	141553	0.081	42.8
IDMs42	IDMs42	92.857	28	2	0	155216	155243	155243	155216	0.081	42.8
IDMs42	IDMs42	77.358	53	12	0	636999	637051	169051	168999	0.081	42.8
IDMs42	IDMs42	84.211	38	6	0	585524	585561	190974	190937	0.081	42.8
IDMs42	IDMs42	84.211	38	6	0	204554	204591	204591	204554	0.081	42.8
IDMs42	IDMs42	85.000	40	5	1	610553	610592	206665	206627	0.081	42.8
IDMs42	IDMs42	66.825	211	56	8	342907	343110	284761	284558	0.081	42.8
IDMs42	IDMs42	77.358	53	12	0	342471	342523	285170	285118	0.081	42.8
IDMs42	IDMs42	77.358	53	12	0	285118	285170	342523	342471	0.081	42.8
IDMs42	IDMs42	66.825	211	56	8	284558	284761	343110	342907	0.081	42.8
IDMs42	IDMs42	93.333	30	1	1	544393	544422	359937	359909	0.081	42.8
IDMs42	IDMs42	77.358	53	7	1	540475	540522	363558	363506	0.081	42.8
IDMs42	IDMs42	77.778	54	9	1	50052	50102	399673	399620	0.081	42.8
IDMs42	IDMs42	84.211	38	6	0	438551	438588	438588	438551	0.081	42.8
IDMs42	IDMs42	92.857	28	2	0	654795	654822	455917	455944	0.081	42.8
IDMs42	IDMs42	100.000	23	0	0	753364	753386	457097	457075	0.081	42.8
IDMs42	IDMs42	87.879	33	4	0	461768	461800	460914	460946	0.081	42.8
IDMs42	IDMs42	87.879	33	4	0	460914	460946	461768	461800	0.081	42.8
IDMs42	IDMs42	78.947	57	10	2	442065	442121	497109	497163	0.081	42.8
IDMs42	IDMs42	92.857	28	2	0	703025	703052	499090	499117	0.081	42.8
IDMs42	IDMs42	92.857	28	2	0	661118	661145	515966	515939	0.081	42.8
IDMs42	IDMs42	81.132	53	5	3	638542	638592	562153	562104	0.081	42.8
IDMs42	IDMs42	84.211	38	6	0	190937	190974	585561	585524	0.081	42.8
IDMs42	IDMs42	79.167	48	10	0	589947	589994	588788	588835	0.081	42.8
IDMs42	IDMs42	79.167	48	10	0	588788	588835	589947	589994	0.081	42.8
IDMs42	IDMs42	83.333	42	5	1	187961	188000	604046	604005	0.081	42.8
IDMs42	IDMs42	73.418	79	18	2	601861	601937	606748	606671	0.081	42.8
IDMs42	IDMs42	85.000	40	5	1	206627	206665	610592	610553	0.081	42.8
IDMs42	IDMs42	80.000	50	9	1	691113	691162	624743	624791	0.081	42.8
IDMs42	IDMs42	77.358	53	12	0	168999	169051	637051	636999	0.081	42.8
IDMs42	IDMs42	81.132	53	5	3	562104	562153	638592	638542	0.081	42.8
IDMs42	IDMs42	92.857	28	2	0	721541	721568	641042	641069	0.081	42.8
IDMs42	IDMs42	92.857	28	2	0	455917	455944	654795	654822	0.081	42.8
IDMs42	IDMs42	92.857	28	2	0	729964	729991	690661	690634	0.081	42.8
IDMs42	IDMs42	92.857	28	2	0	641042	641069	721541	721568	0.081	42.8
IDMs42	IDMs42	100.000	23	0	0	457075	457097	753386	753364	0.081	42.8
IDMs42	IDMs42	90.000	30	3	0	454913	454942	6046	6075	0.28	41.9
IDMs42	IDMs42	76.471	68	12	3	82329	82394	11073	11138	0.28	41.9
IDMs42	IDMs42	86.111	36	2	1	351823	351858	21556	21524	0.28	41.9
IDMs42	IDMs42	90.625	32	2	1	104443	104474	46932	46902	0.28	41.9
IDMs42	IDMs42	82.609	46	5	2	734793	734838	62608	62566	0.28	41.9
IDMs42	IDMs42	85.366	41	3	2	402036	402076	67542	67505	0.28	41.9
IDMs42	IDMs42	90.000	30	3	0	166529	166558	72735	72706	0.28	41.9
IDMs42	IDMs42	76.364	55	13	0	79178	79232	78674	78728	0.28	41.9
IDMs42	IDMs42	76.364	55	13	0	78674	78728	79178	79232	0.28	41.9
IDMs42	IDMs42	76.471	68	12	3	11073	11138	82329	82394	0.28	41.9
IDMs42	IDMs42	90.000	30	3	0	131917	131946	94403	94374	0.28	41.9
IDMs42	IDMs42	90.625	32	2	1	48345	48375	100904	100873	0.28	41.9
IDMs42	IDMs42	90.625	32	2	1	46902	46932	104474	104443	0.28	41.9
IDMs42	IDMs42	90.625	32	2	1	734440	734470	109580	109611	0.28	41.9
IDMs42	IDMs42	96.000	25	1	0	667166	667190	115140	115116	0.28	41.9
IDMs42	IDMs42	85.714	35	5	0	149121	149155	146672	146638	0.28	41.9
IDMs42	IDMs42	85.714	35	5	0	146638	146672	149155	149121	0.28	41.9
IDMs42	IDMs42	84.615	39	4	1	320851	320889	188832	188796	0.28	41.9
IDMs42	IDMs42	85.714	35	5	0	140958	140992	191391	191425	0.28	41.9
IDMs42	IDMs42	74.603	63	7	2	37600	37662	240830	240777	0.28	41.9
IDMs42	IDMs42	75.342	73	14	3	704978	705048	245741	245811	0.28	41.9
IDMs42	IDMs42	96.000	25	1	0	529186	529210	286594	286618	0.28	41.9
IDMs42	IDMs42	81.395	43	4	1	62132	62170	290093	290135	0.28	41.9
IDMs42	IDMs42	77.193	57	12	1	320138	320193	296923	296867	0.28	41.9
IDMs42	IDMs42	69.159	107	27	2	317686	317789	317066	317169	0.28	41.9
IDMs42	IDMs42	69.159	107	27	2	317066	317169	317686	317789	0.28	41.9
IDMs42	IDMs42	77.193	57	12	1	296867	296923	320193	320138	0.28	41.9
IDMs42	IDMs42	84.615	39	4	1	188796	188832	320889	320851	0.28	41.9
IDMs42	IDMs42	90.625	32	2	1	76608	76639	335262	335292	0.28	41.9
IDMs42	IDMs42	86.111	36	2	1	21524	21556	351858	351823	0.28	41.9
IDMs42	IDMs42	80.435	46	6	1	7853	7895	384371	384326	0.28	41.9
IDMs42	IDMs42	85.366	41	3	2	67505	67542	402076	402036	0.28	41.9
IDMs42	IDMs42	96.296	27	0	1	723171	723196	441001	440975	0.28	41.9
IDMs42	IDMs42	75.000	76	16	3	438605	438679	456722	456795	0.28	41.9
IDMs42	IDMs42	78.846	52	10	1	144117	144167	458407	458458	0.28	41.9
IDMs42	IDMs42	77.778	54	10	1	319932	319985	484466	484415	0.28	41.9
IDMs42	IDMs42	79.630	54	9	2	349484	349535	509135	509188	0.28	41.9
IDMs42	IDMs42	96.000	25	1	0	286594	286618	529186	529210	0.28	41.9
IDMs42	IDMs42	78.689	61	10	3	754205	754264	606773	606715	0.28	41.9
IDMs42	IDMs42	90.625	32	2	1	721702	721733	608511	608541	0.28	41.9
IDMs42	IDMs42	86.111	36	2	1	585802	585837	624652	624620	0.28	41.9
IDMs42	IDMs42	96.000	25	1	0	115116	115140	667190	667166	0.28	41.9
IDMs42	IDMs42	90.625	32	2	1	608511	608541	721702	721733	0.28	41.9
IDMs42	IDMs42	79.245	53	7	2	44432	44483	726227	726276	0.28	41.9
IDMs42	IDMs42	82.609	46	5	2	62566	62608	734838	734793	0.28	41.9
IDMs42	IDMs42	96.000	25	1	0	189203	189227	743728	743752	0.28	41.9
IDMs42	IDMs42	86.486	37	4	1	34432	34468	769672	769707	0.28	41.9
IDMs42	IDMs42	83.784	37	6	0	443626	443662	6756	6792	0.28	41.0
IDMs42	IDMs42	83.784	37	6	0	142168	142204	26838	26802	0.28	41.0
IDMs42	IDMs42	92.593	27	2	0	727630	727656	32238	32264	0.28	41.0
IDMs42	IDMs42	87.500	32	4	0	391971	392002	52150	52181	0.28	41.0
IDMs42	IDMs42	77.586	58	10	2	185329	185385	71925	71870	0.28	41.0
IDMs42	IDMs42	78.723	47	10	0	366875	366921	77992	77946	0.28	41.0
IDMs42	IDMs42	83.784	37	6	0	464549	464585	88546	88510	0.28	41.0
IDMs42	IDMs42	87.500	32	4	0	359047	359078	98445	98414	0.28	41.0
IDMs42	IDMs42	87.500	32	4	0	391241	391272	115474	115505	0.28	41.0
IDMs42	IDMs42	88.235	34	3	1	317029	317062	120760	120728	0.28	41.0
IDMs42	IDMs42	87.500	32	4	0	691990	692021	125629	125598	0.28	41.0
IDMs42	IDMs42	80.952	42	8	0	149985	150026	133207	133166	0.28	41.0
IDMs42	IDMs42	86.111	36	3	1	549557	549590	141144	141179	0.28	41.0
IDMs42	IDMs42	83.784	37	6	0	26802	26838	142204	142168	0.28	41.0
IDMs42	IDMs42	100.000	22	0	0	764917	764938	182905	182884	0.28	41.0
IDMs42	IDMs42	81.395	43	5	1	363360	363402	183952	183991	0.28	41.0
IDMs42	IDMs42	77.586	58	10	2	71870	71925	185385	185329	0.28	41.0
IDMs42	IDMs42	92.593	27	2	0	79264	79290	189137	189163	0.28	41.0
IDMs42	IDMs42	86.842	38	2	2	387170	387204	190767	190804	0.28	41.0
IDMs42	IDMs42	87.500	32	4	0	610438	610469	191383	191414	0.28	41.0
IDMs42	IDMs42	80.000	50	6	2	505694	505741	194716	194763	0.28	41.0
IDMs42	IDMs42	76.119	67	11	3	155684	155746	199854	199789	0.28	41.0
IDMs42	IDMs42	83.784	37	6	0	629420	629456	223158	223194	0.28	41.0
IDMs42	IDMs42	84.615	39	5	1	658724	658762	242909	242946	0.28	41.0
IDMs42	IDMs42	93.103	29	1	1	506494	506521	244857	244885	0.28	41.0
IDMs42	IDMs42	72.727	66	6	2	281381	281440	281270	281329	0.28	41.0
IDMs42	IDMs42	75.000	68	14	2	140959	141026	290971	290907	0.28	41.0
IDMs42	IDMs42	88.889	36	2	2	376997	377031	302457	302491	0.28	41.0
IDMs42	IDMs42	88.235	34	3	1	120728	120760	317062	317029	0.28	41.0
IDMs42	IDMs42	80.435	46	7	1	147125	147170	333899	333856	0.28	41.0
IDMs42	IDMs42	87.500	32	4	0	355868	355899	336015	335984	0.28	41.0
IDMs42	IDMs42	92.593	27	2	0	468237	468263	354077	354051	0.28	41.0
IDMs42	IDMs42	87.500	32	4	0	98414	98445	359078	359047	0.28	41.0
IDMs42	IDMs42	81.395	43	5	1	183952	183991	363360	363402	0.28	41.0
IDMs42	IDMs42	78.723	47	10	0	77946	77992	366921	366875	0.28	41.0
IDMs42	IDMs42	88.889	36	2	2	302457	302491	376997	377031	0.28	41.0
IDMs42	IDMs42	85.000	40	2	2	385933	385970	385970	385933	0.28	41.0
IDMs42	IDMs42	87.500	32	4	0	52150	52181	391971	392002	0.28	41.0
IDMs42	IDMs42	72.727	77	6	4	397834	397898	402477	402404	0.28	41.0
IDMs42	IDMs42	71.717	99	22	4	734922	735017	405878	405783	0.28	41.0
IDMs42	IDMs42	83.784	37	6	0	106194	106230	415827	415791	0.28	41.0
IDMs42	IDMs42	80.000	50	6	2	582700	582746	426773	426821	0.28	41.0
IDMs42	IDMs42	83.784	37	6	0	50012	50048	481707	481743	0.28	41.0
IDMs42	IDMs42	88.235	34	3	1	572517	572550	494756	494724	0.28	41.0
IDMs42	IDMs42	93.103	29	1	1	244857	244885	506494	506521	0.28	41.0
IDMs42	IDMs42	93.103	29	1	1	732885	732912	518580	518608	0.28	41.0
IDMs42	IDMs42	77.143	70	12	4	520125	520192	520192	520125	0.28	41.0
IDMs42	IDMs42	86.842	38	2	2	488367	488403	524032	524067	0.28	41.0
IDMs42	IDMs42	83.784	37	6	0	637779	637815	534905	534941	0.28	41.0
IDMs42	IDMs42	88.235	34	3	1	167502	167535	534925	534957	0.28	41.0
IDMs42	IDMs42	76.364	55	9	1	320618	320672	547132	547182	0.28	41.0
IDMs42	IDMs42	80.952	42	8	0	42020	42061	547598	547639	0.28	41.0
IDMs42	IDMs42	86.111	36	3	1	141144	141179	549557	549590	0.28	41.0
IDMs42	IDMs42	67.606	142	36	4	16518	16650	554025	553885	0.28	41.0
IDMs42	IDMs42	92.593	27	2	0	651188	651214	558003	558029	0.28	41.0
IDMs42	IDMs42	79.245	53	8	2	28988	29038	567315	567366	0.28	41.0
IDMs42	IDMs42	73.611	72	14	2	633417	633488	567382	567316	0.28	41.0
IDMs42	IDMs42	87.500	32	4	0	594074	594105	567349	567318	0.28	41.0
IDMs42	IDMs42	92.593	27	2	0	702645	702671	585453	585427	0.28	41.0
IDMs42	IDMs42	83.784	37	6	0	620123	620159	585930	585894	0.28	41.0
IDMs42	IDMs42	83.784	37	6	0	616234	616270	585930	585894	0.28	41.0
IDMs42	IDMs42	83.784	37	6	0	612359	612395	585930	585894	0.28	41.0
IDMs42	IDMs42	92.593	27	2	0	98592	98618	585922	585896	0.28	41.0
IDMs42	IDMs42	87.500	32	4	0	567318	567349	594105	594074	0.28	41.0
IDMs42	IDMs42	74.242	66	15	1	727447	727512	610510	610447	0.28	41.0
IDMs42	IDMs42	87.500	32	4	0	472461	472492	612521	612552	0.28	41.0
IDMs42	IDMs42	87.500	32	4	0	472461	472492	616396	616427	0.28	41.0
IDMs42	IDMs42	81.250	48	6	2	66270	66317	624909	624865	0.28	41.0
IDMs42	IDMs42	92.593	27	2	0	236047	236073	631025	631051	0.28	41.0
IDMs42	IDMs42	73.611	72	14	2	567316	567382	633488	633417	0.28	41.0
IDMs42	IDMs42	84.615	39	5	1	242909	242946	658724	658762	0.28	41.0
IDMs42	IDMs42	80.435	46	7	1	660691	660736	674954	674911	0.28	41.0
IDMs42	IDMs42	87.500	32	4	0	125598	125629	692021	691990	0.28	41.0
IDMs42	IDMs42	78.723	47	10	0	699716	699762	698702	698656	0.28	41.0
IDMs42	IDMs42	87.879	33	1	1	361811	361843	715848	715819	0.28	41.0
IDMs42	IDMs42	88.235	34	3	1	467607	467639	719845	719812	0.28	41.0
IDMs42	IDMs42	74.242	66	15	1	610447	610510	727512	727447	0.28	41.0
IDMs42	IDMs42	92.593	27	2	0	337201	337227	729536	729510	0.28	41.0
IDMs42	IDMs42	93.103	29	1	1	518580	518608	732885	732912	0.28	41.0
IDMs42	IDMs42	100.000	22	0	0	182884	182905	764938	764917	0.28	41.0
IDMs42	IDMs42	81.395	43	5	1	395676	395718	765151	765190	0.28	41.0
IDMs42	IDMs42	87.500	32	4	0	474527	474558	776289	776258	0.28	41.0
IDMs42	IDMs42	79.167	48	8	1	292839	292884	7213	7260	0.99	40.1
IDMs42	IDMs42	77.551	49	11	0	188235	188283	11193	11145	0.99	40.1
IDMs42	IDMs42	81.395	43	6	1	735962	736004	12481	12441	0.99	40.1
IDMs42	IDMs42	95.833	24	1	0	157381	157404	12896	12919	0.99	40.1
IDMs42	IDMs42	76.786	56	12	1	337160	337214	24344	24289	0.99	40.1
IDMs42	IDMs42	95.833	24	1	0	648739	648762	27113	27136	0.99	40.1
IDMs42	IDMs42	95.833	24	1	0	474122	474145	40424	40447	0.99	40.1
IDMs42	IDMs42	82.051	39	7	0	739617	739655	50048	50010	0.99	40.1
IDMs42	IDMs42	80.000	50	7	2	125387	125433	54966	54917	0.99	40.1
IDMs42	IDMs42	95.833	24	1	0	726339	726362	62216	62193	0.99	40.1
IDMs42	IDMs42	80.392	51	4	3	228160	228204	62544	62594	0.99	40.1
IDMs42	IDMs42	82.500	40	4	1	72420	72459	69071	69107	0.99	40.1
IDMs42	IDMs42	95.833	24	1	0	174962	174985	72807	72784	0.99	40.1
IDMs42	IDMs42	86.111	36	4	1	772373	772408	73241	73207	0.99	40.1
IDMs42	IDMs42	80.000	50	7	2	315811	315860	74190	74236	0.99	40.1
IDMs42	IDMs42	88.571	35	1	2	555209	555241	74758	74725	0.99	40.1
IDMs42	IDMs42	78.182	55	9	2	58585	58639	87822	87771	0.99	40.1
IDMs42	IDMs42	74.576	59	15	0	185699	185757	100975	101033	0.99	40.1
IDMs42	IDMs42	82.051	39	7	0	389330	389368	106957	106919	0.99	40.1
IDMs42	IDMs42	90.323	31	2	1	228370	228400	125432	125461	0.99	40.1
IDMs42	IDMs42	95.833	24	1	0	391208	391231	125568	125545	0.99	40.1
IDMs42	IDMs42	79.167	48	8	1	332610	332657	129732	129777	0.99	40.1
IDMs42	IDMs42	82.927	41	6	1	315672	315712	134733	134694	0.99	40.1
IDMs42	IDMs42	85.294	34	5	0	576171	576204	141379	141412	0.99	40.1
IDMs42	IDMs42	70.408	98	17	4	355094	355189	145057	144970	0.99	40.1
IDMs42	IDMs42	95.833	24	1	0	159692	159715	155767	155790	0.99	40.1
IDMs42	IDMs42	95.833	24	1	0	155767	155790	159692	159715	0.99	40.1
IDMs42	IDMs42	89.655	29	3	0	269644	269672	161365	161337	0.99	40.1
IDMs42	IDMs42	89.655	29	3	0	258765	258793	161365	161337	0.99	40.1
IDMs42	IDMs42	76.786	56	12	1	527030	527084	164406	164351	0.99	40.1
IDMs42	IDMs42	95.833	24	1	0	72784	72807	174985	174962	0.99	40.1
IDMs42	IDMs42	79.545	44	9	0	411731	411774	175587	175544	0.99	40.1
IDMs42	IDMs42	80.435	46	8	1	700947	700992	180157	180201	0.99	40.1
IDMs42	IDMs42	89.655	29	3	0	441442	441470	182771	182799	0.99	40.1
IDMs42	IDMs42	90.909	33	1	2	214775	214806	183908	183877	0.99	40.1
IDMs42	IDMs42	89.655	29	3	0	441535	441563	187109	187137	0.99	40.1
IDMs42	IDMs42	82.051	39	7	0	758013	758051	204261	204223	0.99	40.1
IDMs42	IDMs42	78.182	55	9	2	584554	584606	217875	217822	0.99	40.1
IDMs42	IDMs42	89.655	29	3	0	738643	738671	226748	226720	0.99	40.1
IDMs42	IDMs42	80.392	51	4	3	62544	62594	228160	228204	0.99	40.1
IDMs42	IDMs42	90.323	31	2	1	125432	125461	228370	228400	0.99	40.1
IDMs42	IDMs42	85.294	34	5	0	310284	310317	238267	238234	0.99	40.1
IDMs42	IDMs42	89.655	29	3	0	636229	636257	239269	239241	0.99	40.1
IDMs42	IDMs42	82.051	39	7	0	542084	542122	248629	248591	0.99	40.1
IDMs42	IDMs42	90.323	31	2	1	320842	320871	275861	275891	0.99	40.1
IDMs42	IDMs42	79.167	48	8	1	7213	7260	292839	292884	0.99	40.1
IDMs42	IDMs42	80.000	45	6	1	628348	628389	307390	307434	0.99	40.1
IDMs42	IDMs42	85.294	34	5	0	238234	238267	310317	310284	0.99	40.1
IDMs42	IDMs42	82.927	41	6	1	134694	134733	315712	315672	0.99	40.1
IDMs42	IDMs42	86.111	36	4	1	727126	727160	329212	329177	0.99	40.1
IDMs42	IDMs42	85.106	47	3	4	330607	330651	330651	330607	0.99	40.1
IDMs42	IDMs42	78.333	60	5	4	399556	399615	332330	332279	0.99	40.1
IDMs42	IDMs42	85.294	34	5	0	557526	557559	334356	334323	0.99	40.1
IDMs42	IDMs42	78.846	52	7	2	483966	484014	339703	339753	0.99	40.1
IDMs42	IDMs42	85.294	34	5	0	284089	284122	343669	343636	0.99	40.1
IDMs42	IDMs42	70.408	98	17	4	144970	145057	355189	355094	0.99	40.1
IDMs42	IDMs42	85.294	34	5	0	62250	62283	356708	356675	0.99	40.1
IDMs42	IDMs42	82.927	41	6	1	152977	153017	363496	363535	0.99	40.1
IDMs42	IDMs42	81.250	48	7	2	399356	399402	369040	369086	0.99	40.1
IDMs42	IDMs42	82.051	39	7	0	106919	106957	389368	389330	0.99	40.1
IDMs42	IDMs42	95.833	24	1	0	125545	125568	391231	391208	0.99	40.1
IDMs42	IDMs42	81.250	48	7	2	369040	369086	399356	399402	0.99	40.1
IDMs42	IDMs42	85.294	34	5	0	62250	62283	404560	404593	0.99	40.1
IDMs42	IDMs42	89.655	29	3	0	17640	17668	406666	406638	0.99	40.1
IDMs42	IDMs42	79.545	44	9	0	175544	175587	411774	411731	0.99	40.1
IDMs42	IDMs42	77.551	49	11	0	728818	728866	412375	412327	0.99	40.1
IDMs42	IDMs42	78.947	57	8	3	633431	633485	419457	419403	0.99	40.1
IDMs42	IDMs42	89.655	29	3	0	182771	182799	441442	441470	0.99	40.1
IDMs42	IDMs42	89.655	29	3	0	187109	187137	441535	441563	0.99	40.1
IDMs42	IDMs42	89.655	29	3	0	315290	315318	456766	456794	0.99	40.1
IDMs42	IDMs42	83.721	43	5	2	164571	164612	458871	458912	0.99	40.1
IDMs42	IDMs42	70.930	86	24	1	742300	742385	461847	461763	0.99	40.1
IDMs42	IDMs42	82.051	39	7	0	480042	480080	480080	480042	0.99	40.1
IDMs42	IDMs42	78.846	52	7	2	339703	339753	483966	484014	0.99	40.1
IDMs42	IDMs42	89.655	29	3	0	151493	151521	500499	500527	0.99	40.1
IDMs42	IDMs42	76.364	55	5	2	496035	496089	507695	507741	0.99	40.1
IDMs42	IDMs42	89.655	29	3	0	600310	600338	511795	511767	0.99	40.1
IDMs42	IDMs42	87.879	33	2	1	62555	62587	518172	518142	0.99	40.1
IDMs42	IDMs42	79.545	44	9	0	627008	627051	524072	524029	0.99	40.1
IDMs42	IDMs42	88.571	35	1	2	488367	488400	524061	524029	0.99	40.1
IDMs42	IDMs42	78.431	51	10	1	585831	585880	541191	541241	0.99	40.1
IDMs42	IDMs42	89.655	29	3	0	560169	560197	552260	552288	0.99	40.1
IDMs42	IDMs42	89.655	29	3	0	552260	552288	560169	560197	0.99	40.1
IDMs42	IDMs42	82.051	39	7	0	711542	711580	575870	575832	0.99	40.1
IDMs42	IDMs42	85.294	34	5	0	141379	141412	576171	576204	0.99	40.1
IDMs42	IDMs42	83.333	42	3	2	704839	704878	577141	577102	0.99	40.1
IDMs42	IDMs42	84.211	38	4	1	740485	740522	578610	578575	0.99	40.1
IDMs42	IDMs42	78.182	55	9	2	217822	217875	584606	584554	0.99	40.1
IDMs42	IDMs42	95.833	24	1	0	540955	540978	606515	606538	0.99	40.1
IDMs42	IDMs42	86.842	38	3	2	656197	656233	627050	627014	0.99	40.1
IDMs42	IDMs42	86.842	38	3	2	655486	655522	627050	627014	0.99	40.1
IDMs42	IDMs42	80.000	45	6	1	307390	307434	628348	628389	0.99	40.1
IDMs42	IDMs42	89.655	29	3	0	239241	239269	636257	636229	0.99	40.1
IDMs42	IDMs42	95.833	24	1	0	27113	27136	648739	648762	0.99	40.1
IDMs42	IDMs42	82.051	39	7	0	656195	656233	655522	655484	0.99	40.1
IDMs42	IDMs42	82.051	39	7	0	655484	655522	655522	655484	0.99	40.1
IDMs42	IDMs42	86.842	38	3	2	627014	627050	655522	655486	0.99	40.1
IDMs42	IDMs42	82.051	39	7	0	656195	656233	656233	656195	0.99	40.1
IDMs42	IDMs42	82.051	39	7	0	655484	655522	656233	656195	0.99	40.1
IDMs42	IDMs42	86.842	38	3	2	627014	627050	656233	656197	0.99	40.1
IDMs42	IDMs42	95.833	24	1	0	321652	321675	656869	656846	0.99	40.1
IDMs42	IDMs42	77.966	59	8	3	661625	661679	659153	659210	0.99	40.1
IDMs42	IDMs42	77.966	59	8	3	659153	659210	661625	661679	0.99	40.1
IDMs42	IDMs42	76.190	63	13	2	327118	327180	683381	683441	0.99	40.1
IDMs42	IDMs42	82.051	39	7	0	259572	259610	690517	690555	0.99	40.1
IDMs42	IDMs42	82.051	39	7	0	270451	270489	690517	690555	0.99	40.1
IDMs42	IDMs42	79.592	49	5	2	683164	683212	690761	690718	0.99	40.1
IDMs42	IDMs42	85.294	34	5	0	634059	634092	691534	691567	0.99	40.1
IDMs42	IDMs42	87.879	33	2	1	646154	646186	693032	693002	0.99	40.1
IDMs42	IDMs42	90.000	30	0	1	738148	738177	703046	703072	0.99	40.1
IDMs42	IDMs42	83.333	42	3	2	577102	577141	704878	704839	0.99	40.1
IDMs42	IDMs42	82.051	39	7	0	575832	575870	711580	711542	0.99	40.1
IDMs42	IDMs42	89.655	29	3	0	470257	470285	717903	717875	0.99	40.1
IDMs42	IDMs42	95.833	24	1	0	400764	400787	723690	723713	0.99	40.1
IDMs42	IDMs42	95.833	24	1	0	62193	62216	726362	726339	0.99	40.1
IDMs42	IDMs42	86.111	36	4	1	329177	329212	727160	727126	0.99	40.1
IDMs42	IDMs42	77.551	49	11	0	412327	412375	728866	728818	0.99	40.1
IDMs42	IDMs42	85.294	34	5	0	739484	739517	731288	731321	0.99	40.1
IDMs42	IDMs42	90.000	30	0	1	703046	703072	738148	738177	0.99	40.1
IDMs42	IDMs42	89.655	29	3	0	226720	226748	738671	738643	0.99	40.1
IDMs42	IDMs42	85.294	34	5	0	731288	731321	739484	739517	0.99	40.1
IDMs42	IDMs42	82.051	39	7	0	50010	50048	739655	739617	0.99	40.1
IDMs42	IDMs42	86.111	36	4	1	144117	144151	740957	740922	0.99	40.1
IDMs42	IDMs42	70.930	86	24	1	461763	461847	742385	742300	0.99	40.1
IDMs42	IDMs42	86.111	36	4	1	626747	626782	743822	743856	0.99	40.1
IDMs42	IDMs42	86.111	36	4	1	660193	660228	743841	743875	0.99	40.1
IDMs42	IDMs42	82.927	41	6	1	567317	567356	767876	767836	0.99	40.1
IDMs42	IDMs42	78.000	50	8	1	353508	353557	767879	767925	0.99	40.1
IDMs42	IDMs42	85.294	34	5	0	556014	556047	777015	776982	0.99	40.1
IDMs42	IDMs42	90.323	31	2	1	473124	473153	778104	778074	0.99	40.1
IDMs42	IDMs42	80.000	50	7	2	341320	341367	778705	778753	0.99	40.1
IDMs42	IDMs42	87.879	33	3	1	296460	296492	2267	2236	0.99	39.2
IDMs42	IDMs42	92.308	26	2	0	777858	777883	7136	7111	0.99	39.2
IDMs42	IDMs42	83.333	36	6	0	170957	170992	13674	13639	0.99	39.2
IDMs42	IDMs42	87.097	31	4	0	116448	116478	18806	18776	0.99	39.2
IDMs42	IDMs42	84.211	38	5	1	703035	703072	23743	23779	0.99	39.2
IDMs42	IDMs42	90.000	30	1	1	587179	587206	25198	25227	0.99	39.2
IDMs42	IDMs42	83.333	36	6	0	585017	585052	28258	28223	0.99	39.2
IDMs42	IDMs42	71.053	76	22	0	173996	174071	29419	29494	0.99	39.2
IDMs42	IDMs42	80.488	41	8	0	58394	58434	40317	40277	0.99	39.2
IDMs42	IDMs42	78.846	52	3	3	228157	228200	43127	43178	0.99	39.2
IDMs42	IDMs42	92.857	28	1	1	273081	273107	51818	51845	0.99	39.2
IDMs42	IDMs42	90.000	30	1	1	187973	188000	55795	55766	0.99	39.2
IDMs42	IDMs42	87.879	33	3	1	454677	454709	59629	59660	0.99	39.2
IDMs42	IDMs42	90.000	30	1	1	142053	142082	66542	66515	0.99	39.2
IDMs42	IDMs42	83.333	42	4	2	269125	269166	73532	73494	0.99	39.2
IDMs42	IDMs42	83.333	42	4	2	258246	258287	73532	73494	0.99	39.2
IDMs42	IDMs42	79.070	43	3	1	420168	420204	80329	80287	0.99	39.2
IDMs42	IDMs42	87.879	33	3	1	723174	723206	87814	87783	0.99	39.2
IDMs42	IDMs42	71.053	76	22	0	94036	94111	94111	94036	0.99	39.2
IDMs42	IDMs42	87.097	31	4	0	314875	314905	98787	98817	0.99	39.2
IDMs42	IDMs42	83.333	36	6	0	689899	689934	102263	102228	0.99	39.2
IDMs42	IDMs42	92.857	28	1	1	464775	464801	102373	102400	0.99	39.2
IDMs42	IDMs42	84.211	38	5	1	741555	741592	107743	107707	0.99	39.2
IDMs42	IDMs42	87.097	31	4	0	18776	18806	116478	116448	0.99	39.2
IDMs42	IDMs42	87.097	31	4	0	710703	710733	120280	120310	0.99	39.2
IDMs42	IDMs42	84.211	38	5	1	308347	308384	131301	131265	0.99	39.2
IDMs42	IDMs42	92.308	26	2	0	764517	764542	131903	131878	0.99	39.2
IDMs42	IDMs42	100.000	21	0	0	606568	606588	137010	136990	0.99	39.2
IDMs42	IDMs42	90.000	30	1	1	66515	66542	142082	142053	0.99	39.2
IDMs42	IDMs42	74.390	82	13	5	186609	186689	143182	143108	0.99	39.2
IDMs42	IDMs42	92.308	26	2	0	665951	665976	153319	153344	0.99	39.2
IDMs42	IDMs42	87.500	32	1	1	520659	520690	164769	164797	0.99	39.2
IDMs42	IDMs42	83.333	36	6	0	13639	13674	170992	170957	0.99	39.2
IDMs42	IDMs42	80.000	45	7	1	318006	318050	180166	180124	0.99	39.2
IDMs42	IDMs42	92.308	26	2	0	599021	599046	184515	184540	0.99	39.2
IDMs42	IDMs42	90.000	30	1	1	55766	55795	188000	187973	0.99	39.2
IDMs42	IDMs42	92.308	26	2	0	531468	531493	191547	191522	0.99	39.2
IDMs42	IDMs42	92.308	26	2	0	192222	192247	192247	192222	0.99	39.2
IDMs42	IDMs42	87.500	32	1	1	308207	308235	192478	192447	0.99	39.2
IDMs42	IDMs42	73.529	68	17	1	140081	140148	194767	194833	0.99	39.2
IDMs42	IDMs42	78.261	46	10	0	585281	585326	196751	196796	0.99	39.2
IDMs42	IDMs42	79.167	48	9	1	500172	500218	211893	211940	0.99	39.2
IDMs42	IDMs42	87.500	32	1	1	693394	693425	227531	227559	0.99	39.2
IDMs42	IDMs42	78.846	52	3	3	43127	43178	228157	228200	0.99	39.2
IDMs42	IDMs42	83.333	42	4	2	73494	73532	258287	258246	0.99	39.2
IDMs42	IDMs42	83.333	36	6	0	655484	655519	259369	259404	0.99	39.2
IDMs42	IDMs42	83.333	36	6	0	656195	656230	259369	259404	0.99	39.2
IDMs42	IDMs42	83.333	42	4	2	73494	73532	269166	269125	0.99	39.2
IDMs42	IDMs42	83.333	36	6	0	655484	655519	270248	270283	0.99	39.2
IDMs42	IDMs42	83.333	36	6	0	656195	656230	270248	270283	0.99	39.2
IDMs42	IDMs42	92.857	28	1	1	51818	51845	273081	273107	0.99	39.2
IDMs42	IDMs42	83.333	36	6	0	592319	592354	275521	275486	0.99	39.2
IDMs42	IDMs42	80.488	41	8	0	769058	769098	277941	277901	0.99	39.2
IDMs42	IDMs42	87.879	33	3	1	2236	2267	296492	296460	0.99	39.2
IDMs42	IDMs42	84.211	38	5	1	131265	131301	308384	308347	0.99	39.2
IDMs42	IDMs42	92.308	26	2	0	672399	672424	314131	314156	0.99	39.2
IDMs42	IDMs42	87.097	31	4	0	98787	98817	314875	314905	0.99	39.2
IDMs42	IDMs42	80.851	47	6	2	641442	641488	323039	322996	0.99	39.2
IDMs42	IDMs42	87.097	31	4	0	47192	47222	328550	328580	0.99	39.2
IDMs42	IDMs42	83.333	36	6	0	723505	723540	334583	334548	0.99	39.2
IDMs42	IDMs42	78.261	46	10	0	534101	534146	335615	335570	0.99	39.2
IDMs42	IDMs42	92.308	26	2	0	559541	559566	337868	337843	0.99	39.2
IDMs42	IDMs42	81.395	43	7	1	546832	546874	338043	338084	0.99	39.2
IDMs42	IDMs42	87.500	32	1	1	723585	723613	341929	341960	0.99	39.2
IDMs42	IDMs42	87.097	31	4	0	196902	196932	355571	355601	0.99	39.2
IDMs42	IDMs42	100.000	21	0	0	217624	217644	357643	357663	0.99	39.2
IDMs42	IDMs42	74.194	62	8	2	357812	357869	357869	357812	0.99	39.2
IDMs42	IDMs42	75.000	64	12	2	291120	291183	361072	361013	0.99	39.2
IDMs42	IDMs42	86.486	37	2	2	526060	526094	364005	363970	0.99	39.2
IDMs42	IDMs42	93.333	30	0	2	363984	364012	364012	363984	0.99	39.2
IDMs42	IDMs42	87.879	33	3	1	413808	413840	366959	366928	0.99	39.2
IDMs42	IDMs42	87.097	31	4	0	537714	537744	380107	380137	0.99	39.2
IDMs42	IDMs42	83.333	36	6	0	520661	520696	380296	380261	0.99	39.2
IDMs42	IDMs42	92.308	26	2	0	573112	573137	385412	385387	0.99	39.2
IDMs42	IDMs42	92.308	26	2	0	737168	737193	386868	386893	0.99	39.2
IDMs42	IDMs42	100.000	21	0	0	726580	726600	387859	387879	0.99	39.2
IDMs42	IDMs42	92.308	26	2	0	755843	755868	387913	387938	0.99	39.2
IDMs42	IDMs42	80.000	45	7	1	12400	12442	390788	390832	0.99	39.2
IDMs42	IDMs42	80.000	45	7	1	12400	12442	392561	392605	0.99	39.2
IDMs42	IDMs42	82.500	40	5	1	296453	296492	393627	393664	0.99	39.2
IDMs42	IDMs42	92.308	26	2	0	155268	155293	397274	397249	0.99	39.2
IDMs42	IDMs42	100.000	21	0	0	337792	337812	402339	402319	0.99	39.2
IDMs42	IDMs42	87.097	31	4	0	502596	502626	412129	412159	0.99	39.2
IDMs42	IDMs42	87.879	33	3	1	366928	366959	413840	413808	0.99	39.2
IDMs42	IDMs42	80.488	41	8	0	474754	474794	417844	417884	0.99	39.2
IDMs42	IDMs42	79.070	43	3	1	80287	80329	420204	420168	0.99	39.2
IDMs42	IDMs42	84.211	38	5	1	498299	498336	424803	424767	0.99	39.2
IDMs42	IDMs42	92.308	26	2	0	434868	434893	434893	434868	0.99	39.2
IDMs42	IDMs42	87.097	31	4	0	492426	492456	437038	437008	0.99	39.2
IDMs42	IDMs42	80.952	42	5	1	743561	743599	439106	439065	0.99	39.2
IDMs42	IDMs42	78.846	52	8	2	768788	768836	447468	447519	0.99	39.2
IDMs42	IDMs42	87.879	33	3	1	59629	59660	454677	454709	0.99	39.2
IDMs42	IDMs42	92.857	28	1	1	102373	102400	464775	464801	0.99	39.2
IDMs42	IDMs42	80.851	47	6	2	770326	770369	468751	468797	0.99	39.2
IDMs42	IDMs42	88.571	35	2	2	619416	619449	474728	474695	0.99	39.2
IDMs42	IDMs42	88.571	35	2	2	615536	615569	474728	474695	0.99	39.2
IDMs42	IDMs42	80.488	41	8	0	417844	417884	474754	474794	0.99	39.2
IDMs42	IDMs42	87.097	31	4	0	46388	46418	480296	480266	0.99	39.2
IDMs42	IDMs42	87.097	31	4	0	437008	437038	492456	492426	0.99	39.2
IDMs42	IDMs42	100.000	21	0	0	678771	678791	496830	496850	0.99	39.2
IDMs42	IDMs42	84.211	38	5	1	424767	424803	498336	498299	0.99	39.2
IDMs42	IDMs42	87.097	31	4	0	335478	335508	499570	499600	0.99	39.2
IDMs42	IDMs42	79.167	48	9	1	211893	211940	500172	500218	0.99	39.2
IDMs42	IDMs42	87.879	33	3	1	643212	643243	500573	500605	0.99	39.2
IDMs42	IDMs42	92.857	28	1	1	631611	631637	511224	511251	0.99	39.2
IDMs42	IDMs42	87.097	31	4	0	334613	334643	515798	515828	0.99	39.2
IDMs42	IDMs42	83.333	36	6	0	380261	380296	520696	520661	0.99	39.2
IDMs42	IDMs42	92.308	26	2	0	191522	191547	531493	531468	0.99	39.2
IDMs42	IDMs42	78.261	46	10	0	335570	335615	534146	534101	0.99	39.2
IDMs42	IDMs42	87.097	31	4	0	573180	573210	541728	541758	0.99	39.2
IDMs42	IDMs42	92.308	26	2	0	381883	381908	542222	542247	0.99	39.2
IDMs42	IDMs42	81.395	43	7	1	338043	338084	546832	546874	0.99	39.2
IDMs42	IDMs42	77.193	57	10	2	662311	662367	547342	547289	0.99	39.2
IDMs42	IDMs42	85.000	40	4	2	571082	571121	554042	554005	0.99	39.2
IDMs42	IDMs42	72.840	81	17	3	505706	505785	558049	557973	0.99	39.2
IDMs42	IDMs42	87.097	31	4	0	575732	575762	570275	570305	0.99	39.2
IDMs42	IDMs42	92.308	26	2	0	385387	385412	573137	573112	0.99	39.2
IDMs42	IDMs42	87.097	31	4	0	541728	541758	573180	573210	0.99	39.2
IDMs42	IDMs42	87.097	31	4	0	570275	570305	575732	575762	0.99	39.2
IDMs42	IDMs42	92.308	26	2	0	653223	653248	577022	576997	0.99	39.2
IDMs42	IDMs42	83.333	36	6	0	28223	28258	585052	585017	0.99	39.2
IDMs42	IDMs42	78.261	46	10	0	196751	196796	585281	585326	0.99	39.2
IDMs42	IDMs42	71.053	76	12	2	585787	585857	585857	585787	0.99	39.2
IDMs42	IDMs42	79.592	49	6	2	188927	188975	596294	596250	0.99	39.2
IDMs42	IDMs42	92.308	26	2	0	184515	184540	599021	599046	0.99	39.2
IDMs42	IDMs42	92.308	26	2	0	239238	239263	599860	599885	0.99	39.2
IDMs42	IDMs42	100.000	21	0	0	136990	137010	606588	606568	0.99	39.2
IDMs42	IDMs42	92.308	26	2	0	397476	397501	620341	620316	0.99	39.2
IDMs42	IDMs42	85.000	40	4	2	693887	693926	623042	623079	0.99	39.2
IDMs42	IDMs42	92.857	28	1	1	511224	511251	631611	631637	0.99	39.2
IDMs42	IDMs42	83.333	36	6	0	12092	12127	639197	639162	0.99	39.2
IDMs42	IDMs42	87.097	31	4	0	188240	188270	649262	649292	0.99	39.2
IDMs42	IDMs42	92.308	26	2	0	661340	661365	651419	651444	0.99	39.2
IDMs42	IDMs42	92.308	26	2	0	576997	577022	653248	653223	0.99	39.2
IDMs42	IDMs42	83.333	36	6	0	240766	240801	656836	656871	0.99	39.2
IDMs42	IDMs42	76.471	51	12	0	691761	691811	663797	663747	0.99	39.2
IDMs42	IDMs42	87.097	31	4	0	224138	224168	671159	671129	0.99	39.2
IDMs42	IDMs42	87.097	31	4	0	561873	561903	689110	689140	0.99	39.2
IDMs42	IDMs42	76.471	51	12	0	663747	663797	691811	691761	0.99	39.2
IDMs42	IDMs42	87.097	31	4	0	3216	3246	693066	693036	0.99	39.2
IDMs42	IDMs42	87.500	32	1	1	227531	227559	693394	693425	0.99	39.2
IDMs42	IDMs42	85.000	40	4	2	623042	623079	693887	693926	0.99	39.2
IDMs42	IDMs42	70.588	85	13	3	612494	612568	694804	694886	0.99	39.2
IDMs42	IDMs42	87.879	33	3	1	725672	725703	699071	699039	0.99	39.2
IDMs42	IDMs42	80.488	41	8	0	469441	469481	703912	703952	0.99	39.2
IDMs42	IDMs42	87.097	31	4	0	120280	120310	710703	710733	0.99	39.2
IDMs42	IDMs42	87.500	32	1	1	341929	341960	723585	723613	0.99	39.2
IDMs42	IDMs42	87.879	33	3	1	699039	699071	725703	725672	0.99	39.2
IDMs42	IDMs42	100.000	21	0	0	387859	387879	726580	726600	0.99	39.2
IDMs42	IDMs42	92.308	26	2	0	386868	386893	737168	737193	0.99	39.2
IDMs42	IDMs42	92.308	26	2	0	387913	387938	755843	755868	0.99	39.2
IDMs42	IDMs42	87.179	39	1	3	253538	253576	756440	756474	0.99	39.2
IDMs42	IDMs42	87.179	39	1	3	264417	264455	756440	756474	0.99	39.2
IDMs42	IDMs42	100.000	21	0	0	758990	759010	756502	756522	0.99	39.2
IDMs42	IDMs42	81.395	43	7	1	145908	145950	767857	767816	0.99	39.2
IDMs42	IDMs42	80.488	41	8	0	277901	277941	769098	769058	0.99	39.2
IDMs42	IDMs42	80.851	47	6	2	468751	468797	770326	770369	0.99	39.2
IDMs42	IDMs42	90.000	30	2	1	47691	47719	277	306	3.5	38.3
IDMs42	IDMs42	89.286	28	3	0	736421	736448	964	991	3.5	38.3
IDMs42	IDMs42	95.652	23	1	0	601227	601249	2141	2119	3.5	38.3
IDMs42	IDMs42	85.366	41	2	3	476306	476345	8959	8922	3.5	38.3
IDMs42	IDMs42	90.000	30	2	1	109248	109276	12974	12945	3.5	38.3
IDMs42	IDMs42	84.848	33	5	0	424065	424097	13125	13157	3.5	38.3
IDMs42	IDMs42	89.286	28	3	0	502594	502621	13485	13512	3.5	38.3
IDMs42	IDMs42	89.286	28	3	0	7867	7894	23766	23739	3.5	38.3
IDMs42	IDMs42	75.472	53	13	0	428700	428752	24903	24955	3.5	38.3
IDMs42	IDMs42	90.000	30	2	1	435715	435743	25240	25211	3.5	38.3
IDMs42	IDMs42	95.652	23	1	0	679493	679515	26786	26764	3.5	38.3
IDMs42	IDMs42	95.652	23	1	0	65936	65958	28734	28712	3.5	38.3
IDMs42	IDMs42	77.083	48	11	0	756845	756892	29061	29014	3.5	38.3
IDMs42	IDMs42	95.652	23	1	0	30702	30724	30724	30702	3.5	38.3
IDMs42	IDMs42	82.500	40	6	1	130045	130083	32145	32106	3.5	38.3
IDMs42	IDMs42	83.333	42	5	2	375302	375342	38624	38664	3.5	38.3
IDMs42	IDMs42	89.286	28	3	0	721391	721418	38642	38669	3.5	38.3
IDMs42	IDMs42	83.333	42	5	2	120873	120912	39222	39263	3.5	38.3
IDMs42	IDMs42	84.848	33	5	0	7321	7353	40451	40419	3.5	38.3
IDMs42	IDMs42	90.000	30	2	1	493916	493944	42771	42742	3.5	38.3
IDMs42	IDMs42	89.286	28	3	0	327697	327724	43630	43657	3.5	38.3
IDMs42	IDMs42	84.848	33	5	0	49134	49166	49166	49134	3.5	38.3
IDMs42	IDMs42	90.000	30	2	1	437605	437634	52552	52580	3.5	38.3
IDMs42	IDMs42	87.500	32	2	1	290238	290269	53149	53120	3.5	38.3
IDMs42	IDMs42	90.625	32	1	2	646752	646782	53575	53545	3.5	38.3
IDMs42	IDMs42	95.652	23	1	0	57308	57330	57330	57308	3.5	38.3
IDMs42	IDMs42	89.286	28	3	0	7227	7254	60358	60331	3.5	38.3
IDMs42	IDMs42	82.500	40	6	1	633756	633794	62555	62594	3.5	38.3
IDMs42	IDMs42	95.652	23	1	0	28712	28734	65958	65936	3.5	38.3
IDMs42	IDMs42	95.652	23	1	0	566135	566157	67539	67517	3.5	38.3
IDMs42	IDMs42	87.500	32	2	1	128673	128702	67665	67696	3.5	38.3
IDMs42	IDMs42	89.286	28	3	0	550670	550697	69074	69101	3.5	38.3
IDMs42	IDMs42	89.286	28	3	0	655955	655982	70355	70328	3.5	38.3
IDMs42	IDMs42	95.652	23	1	0	290286	290308	71743	71765	3.5	38.3
IDMs42	IDMs42	82.500	40	6	1	413173	413211	78628	78667	3.5	38.3
IDMs42	IDMs42	81.579	38	7	0	85587	85624	80677	80640	3.5	38.3
IDMs42	IDMs42	85.714	35	4	1	182956	182989	80882	80848	3.5	38.3
IDMs42	IDMs42	77.083	48	11	0	500644	500691	81039	80992	3.5	38.3
IDMs42	IDMs42	81.579	38	7	0	80640	80677	85624	85587	3.5	38.3
IDMs42	IDMs42	89.286	28	3	0	714427	714454	88658	88631	3.5	38.3
IDMs42	IDMs42	95.652	23	1	0	430549	430571	91017	91039	3.5	38.3
IDMs42	IDMs42	95.652	23	1	0	170977	170999	93965	93987	3.5	38.3
IDMs42	IDMs42	80.000	45	8	1	675055	675098	94532	94488	3.5	38.3
IDMs42	IDMs42	72.289	83	18	3	707508	707589	97407	97485	3.5	38.3
IDMs42	IDMs42	89.286	28	3	0	480685	480712	98307	98280	3.5	38.3
IDMs42	IDMs42	84.848	33	5	0	99320	99352	99352	99320	3.5	38.3
IDMs42	IDMs42	75.362	69	9	4	343020	343080	99623	99691	3.5	38.3
IDMs42	IDMs42	81.818	44	5	2	500003	500046	104666	104706	3.5	38.3
IDMs42	IDMs42	79.070	43	9	0	509632	509674	106243	106201	3.5	38.3
IDMs42	IDMs42	89.286	28	3	0	722810	722837	107537	107564	3.5	38.3
IDMs42	IDMs42	84.848	33	5	0	475879	475911	107694	107662	3.5	38.3
IDMs42	IDMs42	73.611	72	17	2	663834	663905	108468	108537	3.5	38.3
IDMs42	IDMs42	95.652	23	1	0	52635	52657	110199	110221	3.5	38.3
IDMs42	IDMs42	79.167	48	5	2	361599	361645	113631	113588	3.5	38.3
IDMs42	IDMs42	86.486	37	3	2	738486	738521	117143	117178	3.5	38.3
IDMs42	IDMs42	87.500	32	2	1	67665	67696	128673	128702	3.5	38.3
IDMs42	IDMs42	84.848	33	5	0	313493	313525	130825	130793	3.5	38.3
IDMs42	IDMs42	89.286	28	3	0	752438	752465	132145	132172	3.5	38.3
IDMs42	IDMs42	95.652	23	1	0	397968	397990	132409	132431	3.5	38.3
IDMs42	IDMs42	79.070	43	9	0	174679	174721	132429	132471	3.5	38.3
IDMs42	IDMs42	89.286	28	3	0	149284	149311	132680	132653	3.5	38.3
IDMs42	IDMs42	84.848	33	5	0	274618	274650	134839	134871	3.5	38.3
IDMs42	IDMs42	79.070	43	9	0	498824	498866	139641	139599	3.5	38.3
IDMs42	IDMs42	80.392	51	6	3	627483	627533	140115	140161	3.5	38.3
IDMs42	IDMs42	90.000	30	2	1	544476	544504	144741	144712	3.5	38.3
IDMs42	IDMs42	79.070	43	9	0	603377	603419	145360	145402	3.5	38.3
IDMs42	IDMs42	76.119	67	9	4	455346	455407	149010	148946	3.5	38.3
IDMs42	IDMs42	89.286	28	3	0	132653	132680	149311	149284	3.5	38.3
IDMs42	IDMs42	85.294	34	2	1	333749	333782	160869	160839	3.5	38.3
IDMs42	IDMs42	84.848	33	5	0	384196	384228	165016	164984	3.5	38.3
IDMs42	IDMs42	89.286	28	3	0	455907	455934	169854	169881	3.5	38.3
IDMs42	IDMs42	79.070	43	9	0	132429	132471	174679	174721	3.5	38.3
IDMs42	IDMs42	69.767	129	26	7	107161	107287	175012	175129	3.5	38.3
IDMs42	IDMs42	95.652	23	1	0	513763	513785	180073	180095	3.5	38.3
IDMs42	IDMs42	85.714	35	4	1	80848	80882	182989	182956	3.5	38.3
IDMs42	IDMs42	83.784	37	4	1	488367	488403	187995	187961	3.5	38.3
IDMs42	IDMs42	89.286	28	3	0	243483	243510	187975	188002	3.5	38.3
IDMs42	IDMs42	95.652	23	1	0	396019	396041	188173	188151	3.5	38.3
IDMs42	IDMs42	84.848	33	5	0	769798	769830	191606	191638	3.5	38.3
IDMs42	IDMs42	90.000	30	2	1	676469	676497	193367	193396	3.5	38.3
IDMs42	IDMs42	89.286	28	3	0	708423	708450	194066	194093	3.5	38.3
IDMs42	IDMs42	95.652	23	1	0	543410	543432	196771	196793	3.5	38.3
IDMs42	IDMs42	89.286	28	3	0	446889	446916	204456	204429	3.5	38.3
IDMs42	IDMs42	79.545	44	6	1	362508	362548	209921	209878	3.5	38.3
IDMs42	IDMs42	89.286	28	3	0	375158	375185	214009	213982	3.5	38.3
IDMs42	IDMs42	89.286	28	3	0	742355	742382	218608	218581	3.5	38.3
IDMs42	IDMs42	90.000	30	2	1	603761	603789	221108	221137	3.5	38.3
IDMs42	IDMs42	85.714	35	4	1	341923	341956	239236	239270	3.5	38.3
IDMs42	IDMs42	79.545	44	6	1	409001	409044	240745	240705	3.5	38.3
IDMs42	IDMs42	76.923	52	10	1	476738	476789	240840	240791	3.5	38.3
IDMs42	IDMs42	80.952	42	6	1	259561	259602	244863	244902	3.5	38.3
IDMs42	IDMs42	80.952	42	6	1	270440	270481	244863	244902	3.5	38.3
IDMs42	IDMs42	89.286	28	3	0	368365	368392	249697	249670	3.5	38.3
IDMs42	IDMs42	84.848	33	5	0	336448	336480	253498	253466	3.5	38.3
IDMs42	IDMs42	80.952	42	6	1	244863	244902	259561	259602	3.5	38.3
IDMs42	IDMs42	84.848	33	5	0	336448	336480	264377	264345	3.5	38.3
IDMs42	IDMs42	80.952	42	6	1	244863	244902	270440	270481	3.5	38.3
IDMs42	IDMs42	76.364	55	12	1	184802	184855	271884	271830	3.5	38.3
IDMs42	IDMs42	95.652	23	1	0	603680	603702	272025	272047	3.5	38.3
IDMs42	IDMs42	80.952	42	6	1	30860	30901	273727	273688	3.5	38.3
IDMs42	IDMs42	89.286	28	3	0	493640	493667	275340	275367	3.5	38.3
IDMs42	IDMs42	95.652	23	1	0	460642	460664	285344	285322	3.5	38.3
IDMs42	IDMs42	95.652	23	1	0	71743	71765	290286	290308	3.5	38.3
IDMs42	IDMs42	85.714	35	4	1	340193	340227	290637	290604	3.5	38.3
IDMs42	IDMs42	95.652	23	1	0	233603	233625	312097	312075	3.5	38.3
IDMs42	IDMs42	84.848	33	5	0	130793	130825	313525	313493	3.5	38.3
IDMs42	IDMs42	85.294	34	2	1	475053	475086	320274	320244	3.5	38.3
IDMs42	IDMs42	79.070	43	9	0	196924	196966	328530	328572	3.5	38.3
IDMs42	IDMs42	72.857	70	18	1	480656	480725	328614	328682	3.5	38.3
IDMs42	IDMs42	95.652	23	1	0	702355	702377	331616	331638	3.5	38.3
IDMs42	IDMs42	76.923	52	10	1	692912	692961	333101	333050	3.5	38.3
IDMs42	IDMs42	83.784	37	4	1	606502	606538	334331	334365	3.5	38.3
IDMs42	IDMs42	78.947	57	5	4	82310	82363	335272	335324	3.5	38.3
IDMs42	IDMs42	84.848	33	5	0	264345	264377	336480	336448	3.5	38.3
IDMs42	IDMs42	84.848	33	5	0	253466	253498	336480	336448	3.5	38.3
IDMs42	IDMs42	95.652	23	1	0	360943	360965	337425	337447	3.5	38.3
IDMs42	IDMs42	85.714	35	4	1	290604	290637	340227	340193	3.5	38.3
IDMs42	IDMs42	85.714	35	4	1	239236	239270	341923	341956	3.5	38.3
IDMs42	IDMs42	75.362	69	9	4	99623	99691	343020	343080	3.5	38.3
IDMs42	IDMs42	69.318	88	27	0	419191	419278	344385	344298	3.5	38.3
IDMs42	IDMs42	84.848	33	5	0	479609	479641	349664	349696	3.5	38.3
IDMs42	IDMs42	89.286	28	3	0	627955	627982	349740	349767	3.5	38.3
IDMs42	IDMs42	80.851	47	7	2	634487	634532	355199	355154	3.5	38.3
IDMs42	IDMs42	95.652	23	1	0	527271	527293	358588	358566	3.5	38.3
IDMs42	IDMs42	75.926	54	10	1	319932	319985	358888	358938	3.5	38.3
IDMs42	IDMs42	79.167	48	5	2	113588	113631	361645	361599	3.5	38.3
IDMs42	IDMs42	89.286	28	3	0	362923	362950	364172	364145	3.5	38.3
IDMs42	IDMs42	90.000	30	2	1	78002	78031	366601	366573	3.5	38.3
IDMs42	IDMs42	79.070	43	9	0	383159	383201	366874	366916	3.5	38.3
IDMs42	IDMs42	95.652	23	1	0	203452	203474	367102	367124	3.5	38.3
IDMs42	IDMs42	89.286	28	3	0	249670	249697	368392	368365	3.5	38.3
IDMs42	IDMs42	89.286	28	3	0	213982	214009	375185	375158	3.5	38.3
IDMs42	IDMs42	83.333	42	5	2	38624	38664	375302	375342	3.5	38.3
IDMs42	IDMs42	79.070	43	9	0	366874	366916	383159	383201	3.5	38.3
IDMs42	IDMs42	84.848	33	5	0	164984	165016	384228	384196	3.5	38.3
IDMs42	IDMs42	73.016	63	17	0	386889	386951	384714	384776	3.5	38.3
IDMs42	IDMs42	89.286	28	3	0	526342	526369	385409	385382	3.5	38.3
IDMs42	IDMs42	82.051	39	4	1	452331	452369	385720	385755	3.5	38.3
IDMs42	IDMs42	90.000	30	2	1	426788	426817	386586	386558	3.5	38.3
IDMs42	IDMs42	73.016	63	17	0	384714	384776	386889	386951	3.5	38.3
IDMs42	IDMs42	95.652	23	1	0	527271	527293	389317	389339	3.5	38.3
IDMs42	IDMs42	89.286	28	3	0	567516	567543	391499	391526	3.5	38.3
IDMs42	IDMs42	95.652	23	1	0	188151	188173	396041	396019	3.5	38.3
IDMs42	IDMs42	95.652	23	1	0	132409	132431	397968	397990	3.5	38.3
IDMs42	IDMs42	86.486	37	3	2	702345	702381	402216	402250	3.5	38.3
IDMs42	IDMs42	95.652	23	1	0	527271	527293	402732	402754	3.5	38.3
IDMs42	IDMs42	81.579	38	7	0	571186	571223	405515	405552	3.5	38.3
IDMs42	IDMs42	82.500	40	6	1	78628	78667	413173	413211	3.5	38.3
IDMs42	IDMs42	77.083	48	11	0	530467	530514	418861	418908	3.5	38.3
IDMs42	IDMs42	69.318	88	27	0	344298	344385	419278	419191	3.5	38.3
IDMs42	IDMs42	90.000	30	2	1	660186	660215	422006	422034	3.5	38.3
IDMs42	IDMs42	86.486	37	3	2	403656	403691	423911	423876	3.5	38.3
IDMs42	IDMs42	84.848	33	5	0	13125	13157	424065	424097	3.5	38.3
IDMs42	IDMs42	90.000	30	2	1	386558	386586	426817	426788	3.5	38.3
IDMs42	IDMs42	75.472	53	13	0	24903	24955	428700	428752	3.5	38.3
IDMs42	IDMs42	95.652	23	1	0	91017	91039	430549	430571	3.5	38.3
IDMs42	IDMs42	89.286	28	3	0	762714	762741	430976	431003	3.5	38.3
IDMs42	IDMs42	84.848	33	5	0	633421	633453	434124	434092	3.5	38.3
IDMs42	IDMs42	84.848	33	5	0	765906	765938	434128	434160	3.5	38.3
IDMs42	IDMs42	86.486	37	3	2	666163	666197	435396	435432	3.5	38.3
IDMs42	IDMs42	90.000	30	2	1	52552	52580	437605	437634	3.5	38.3
IDMs42	IDMs42	89.286	28	3	0	54484	54511	437952	437979	3.5	38.3
IDMs42	IDMs42	78.000	50	10	1	528037	528085	445888	445839	3.5	38.3
IDMs42	IDMs42	89.286	28	3	0	664039	664066	447050	447023	3.5	38.3
IDMs42	IDMs42	95.652	23	1	0	646858	646880	451624	451602	3.5	38.3
IDMs42	IDMs42	84.848	33	5	0	120517	120549	455192	455160	3.5	38.3
IDMs42	IDMs42	95.652	23	1	0	285322	285344	460664	460642	3.5	38.3
IDMs42	IDMs42	85.294	34	2	1	320244	320274	475086	475053	3.5	38.3
IDMs42	IDMs42	72.857	70	18	1	328614	328682	480656	480725	3.5	38.3
IDMs42	IDMs42	89.286	28	3	0	98280	98307	480712	480685	3.5	38.3
IDMs42	IDMs42	89.286	28	3	0	730282	730309	482864	482891	3.5	38.3
IDMs42	IDMs42	89.286	28	3	0	425661	425688	483303	483276	3.5	38.3
IDMs42	IDMs42	95.652	23	1	0	527271	527293	484766	484788	3.5	38.3
IDMs42	IDMs42	81.579	38	7	0	395354	395391	487700	487663	3.5	38.3
IDMs42	IDMs42	83.784	37	4	1	187961	187995	488403	488367	3.5	38.3
IDMs42	IDMs42	90.000	30	2	1	42742	42771	493944	493916	3.5	38.3
IDMs42	IDMs42	83.784	37	4	1	163562	163598	494791	494825	3.5	38.3
IDMs42	IDMs42	79.070	43	9	0	139599	139641	498866	498824	3.5	38.3
IDMs42	IDMs42	89.286	28	3	0	591820	591847	500653	500626	3.5	38.3
IDMs42	IDMs42	77.083	48	11	0	80992	81039	500691	500644	3.5	38.3
IDMs42	IDMs42	89.286	28	3	0	661841	661868	501168	501141	3.5	38.3
IDMs42	IDMs42	89.286	28	3	0	13485	13512	502594	502621	3.5	38.3
IDMs42	IDMs42	79.070	43	9	0	106201	106243	509674	509632	3.5	38.3
IDMs42	IDMs42	95.652	23	1	0	204202	204224	513543	513565	3.5	38.3
IDMs42	IDMs42	85.714	35	4	1	537711	537745	524035	524068	3.5	38.3
IDMs42	IDMs42	95.652	23	1	0	63210	63232	524067	524045	3.5	38.3
IDMs42	IDMs42	89.286	28	3	0	385382	385409	526369	526342	3.5	38.3
IDMs42	IDMs42	95.652	23	1	0	389317	389339	527271	527293	3.5	38.3
IDMs42	IDMs42	95.652	23	1	0	402732	402754	527271	527293	3.5	38.3
IDMs42	IDMs42	95.652	23	1	0	358566	358588	527293	527271	3.5	38.3
IDMs42	IDMs42	95.652	23	1	0	484766	484788	527271	527293	3.5	38.3
IDMs42	IDMs42	77.083	48	11	0	418861	418908	530467	530514	3.5	38.3
IDMs42	IDMs42	84.848	33	5	0	522392	522424	532601	532633	3.5	38.3
IDMs42	IDMs42	95.652	23	1	0	734431	734453	540907	540885	3.5	38.3
IDMs42	IDMs42	95.652	23	1	0	196771	196793	543410	543432	3.5	38.3
IDMs42	IDMs42	90.000	30	2	1	144712	144741	544504	544476	3.5	38.3
IDMs42	IDMs42	84.848	33	5	0	721517	721549	547125	547093	3.5	38.3
IDMs42	IDMs42	87.500	32	2	1	242112	242141	554009	553978	3.5	38.3
IDMs42	IDMs42	95.652	23	1	0	563268	563290	563290	563268	3.5	38.3
IDMs42	IDMs42	95.652	23	1	0	67517	67539	566157	566135	3.5	38.3
IDMs42	IDMs42	89.286	28	3	0	391499	391526	567516	567543	3.5	38.3
IDMs42	IDMs42	95.652	23	1	0	595598	595620	568853	568831	3.5	38.3
IDMs42	IDMs42	95.652	23	1	0	153878	153900	568957	568979	3.5	38.3
IDMs42	IDMs42	81.579	38	7	0	405515	405552	571186	571223	3.5	38.3
IDMs42	IDMs42	96.000	25	0	1	743976	744000	578544	578567	3.5	38.3
IDMs42	IDMs42	90.000	30	2	1	506225	506254	582474	582502	3.5	38.3
IDMs42	IDMs42	89.286	28	3	0	138255	138282	589075	589102	3.5	38.3
IDMs42	IDMs42	84.848	33	5	0	239238	239270	599897	599865	3.5	38.3
IDMs42	IDMs42	95.652	23	1	0	2119	2141	601249	601227	3.5	38.3
IDMs42	IDMs42	95.652	23	1	0	272025	272047	603680	603702	3.5	38.3
IDMs42	IDMs42	90.000	30	2	1	221108	221137	603761	603789	3.5	38.3
IDMs42	IDMs42	90.000	30	2	1	397484	397513	603989	603961	3.5	38.3
IDMs42	IDMs42	90.000	30	2	1	544762	544791	607548	607520	3.5	38.3
IDMs42	IDMs42	85.294	34	2	1	595278	595311	619520	619490	3.5	38.3
IDMs42	IDMs42	89.286	28	3	0	767270	767297	620868	620895	3.5	38.3
IDMs42	IDMs42	86.111	36	1	2	182878	182910	624874	624840	3.5	38.3
IDMs42	IDMs42	80.392	51	6	3	140115	140161	627483	627533	3.5	38.3
IDMs42	IDMs42	84.848	33	5	0	434092	434124	633453	633421	3.5	38.3
IDMs42	IDMs42	82.500	40	6	1	62555	62594	633756	633794	3.5	38.3
IDMs42	IDMs42	90.000	30	2	1	113465	113494	643665	643693	3.5	38.3
IDMs42	IDMs42	75.862	58	9	2	438553	438606	646571	646515	3.5	38.3
IDMs42	IDMs42	95.652	23	1	0	451602	451624	646880	646858	3.5	38.3
IDMs42	IDMs42	81.579	38	7	0	774752	774789	647433	647396	3.5	38.3
IDMs42	IDMs42	89.286	28	3	0	70328	70355	655982	655955	3.5	38.3
IDMs42	IDMs42	90.000	30	2	1	422006	422034	660186	660215	3.5	38.3
IDMs42	IDMs42	89.286	28	3	0	501141	501168	661868	661841	3.5	38.3
IDMs42	IDMs42	77.193	57	6	3	688812	688861	663378	663434	3.5	38.3
IDMs42	IDMs42	95.652	23	1	0	421939	421961	663496	663518	3.5	38.3
IDMs42	IDMs42	89.286	28	3	0	447023	447050	664066	664039	3.5	38.3
IDMs42	IDMs42	90.000	30	2	1	193367	193396	676469	676497	3.5	38.3
IDMs42	IDMs42	95.652	23	1	0	26764	26786	679515	679493	3.5	38.3
IDMs42	IDMs42	72.857	70	18	1	729815	729883	683501	683432	3.5	38.3
IDMs42	IDMs42	89.286	28	3	0	457665	457692	689150	689123	3.5	38.3
IDMs42	IDMs42	81.579	38	7	0	90291	90328	690434	690397	3.5	38.3
IDMs42	IDMs42	76.923	52	10	1	333050	333101	692961	692912	3.5	38.3
IDMs42	IDMs42	89.286	28	3	0	97772	97799	697346	697373	3.5	38.3
IDMs42	IDMs42	84.848	33	5	0	202970	203002	701070	701102	3.5	38.3
IDMs42	IDMs42	95.652	23	1	0	331616	331638	702355	702377	3.5	38.3
IDMs42	IDMs42	89.286	28	3	0	69778	69805	703759	703786	3.5	38.3
IDMs42	IDMs42	89.286	28	3	0	194066	194093	708423	708450	3.5	38.3
IDMs42	IDMs42	89.286	28	3	0	38642	38669	721391	721418	3.5	38.3
IDMs42	IDMs42	90.000	30	2	1	385384	385412	721703	721732	3.5	38.3
IDMs42	IDMs42	87.500	32	2	1	371068	371099	721791	721762	3.5	38.3
IDMs42	IDMs42	89.286	28	3	0	482864	482891	730282	730309	3.5	38.3
IDMs42	IDMs42	95.652	23	1	0	540885	540907	734453	734431	3.5	38.3
IDMs42	IDMs42	89.286	28	3	0	964	991	736421	736448	3.5	38.3
IDMs42	IDMs42	89.286	28	3	0	538083	538110	738366	738393	3.5	38.3
IDMs42	IDMs42	86.486	37	3	2	117143	117178	738486	738521	3.5	38.3
IDMs42	IDMs42	89.286	28	3	0	218581	218608	742382	742355	3.5	38.3
IDMs42	IDMs42	89.286	28	3	0	132145	132172	752438	752465	3.5	38.3
IDMs42	IDMs42	81.395	43	3	2	402048	402090	755748	755711	3.5	38.3
IDMs42	IDMs42	77.083	48	11	0	29014	29061	756892	756845	3.5	38.3
IDMs42	IDMs42	86.486	37	3	2	625969	626003	759009	758973	3.5	38.3
IDMs42	IDMs42	89.286	28	3	0	430976	431003	762714	762741	3.5	38.3
IDMs42	IDMs42	89.286	28	3	0	620868	620895	767270	767297	3.5	38.3
IDMs42	IDMs42	72.500	80	16	3	16578	16651	769287	769208	3.5	38.3
IDMs42	IDMs42	81.579	38	7	0	647396	647433	774789	774752	3.5	38.3
IDMs42	IDMs42	95.652	23	1	0	471711	471733	776278	776256	3.5	38.3
IDMs42	IDMs42	95.652	23	1	0	506499	506521	777009	777031	3.5	38.3
IDMs42	IDMs42	77.778	45	10	0	109821	109865	150	106	3.5	37.4
IDMs42	IDMs42	86.667	30	4	0	450094	450123	1934	1963	3.5	37.4
IDMs42	IDMs42	92.000	25	2	0	635721	635745	2360	2336	3.5	37.4
IDMs42	IDMs42	87.097	31	1	1	648735	648762	2748	2718	3.5	37.4
IDMs42	IDMs42	79.592	49	8	2	567116	567163	4571	4618	3.5	37.4
IDMs42	IDMs42	81.818	44	6	2	537485	537527	8775	8817	3.5	37.4
IDMs42	IDMs42	84.615	39	4	2	154563	154601	25458	25494	3.5	37.4
IDMs42	IDMs42	87.500	32	3	1	703022	703052	30174	30205	3.5	37.4
IDMs42	IDMs42	92.000	25	2	0	599269	599293	31891	31867	3.5	37.4
IDMs42	IDMs42	74.667	75	14	4	707335	707408	32173	32103	3.5	37.4
IDMs42	IDMs42	100.000	20	0	0	734206	734225	33781	33762	3.5	37.4
IDMs42	IDMs42	65.909	176	47	5	342808	342975	34384	34214	3.5	37.4
IDMs42	IDMs42	78.723	47	9	1	43538	43583	35193	35147	3.5	37.4
IDMs42	IDMs42	82.051	39	5	1	439238	439276	37649	37685	3.5	37.4
IDMs42	IDMs42	80.851	47	3	3	264	307	40358	40315	3.5	37.4
IDMs42	IDMs42	86.667	30	4	0	488365	488394	41468	41497	3.5	37.4
IDMs42	IDMs42	100.000	20	0	0	304083	304102	43338	43357	3.5	37.4
IDMs42	IDMs42	78.723	47	9	1	35147	35193	43583	43538	3.5	37.4
IDMs42	IDMs42	80.488	41	5	1	745127	745164	44965	45005	3.5	37.4
IDMs42	IDMs42	87.500	32	3	1	631240	631270	45748	45717	3.5	37.4
IDMs42	IDMs42	82.500	40	2	2	648389	648425	47547	47510	3.5	37.4
IDMs42	IDMs42	83.333	36	3	1	537212	537244	47923	47958	3.5	37.4
IDMs42	IDMs42	86.111	36	2	2	239242	239275	48372	48338	3.5	37.4
IDMs42	IDMs42	86.667	30	4	0	496669	496698	56887	56858	3.5	37.4
IDMs42	IDMs42	90.323	31	0	2	76193	76223	59886	59859	3.5	37.4
IDMs42	IDMs42	100.000	20	0	0	565644	565663	60259	60278	3.5	37.4
IDMs42	IDMs42	92.593	27	1	1	147241	147267	64698	64723	3.5	37.4
IDMs42	IDMs42	92.593	27	1	1	764800	764826	65362	65337	3.5	37.4
IDMs42	IDMs42	86.667	30	4	0	608510	608539	69153	69124	3.5	37.4
IDMs42	IDMs42	92.000	25	2	0	752086	752110	71888	71864	3.5	37.4
IDMs42	IDMs42	80.000	40	8	0	249489	249528	73215	73254	3.5	37.4
IDMs42	IDMs42	92.593	27	1	1	28883	28908	74339	74313	3.5	37.4
IDMs42	IDMs42	86.667	30	4	0	440156	440185	74704	74733	3.5	37.4
IDMs42	IDMs42	90.323	31	0	2	59859	59886	76223	76193	3.5	37.4
IDMs42	IDMs42	79.592	49	8	2	618595	618643	76658	76612	3.5	37.4
IDMs42	IDMs42	79.592	49	8	2	614715	614763	76658	76612	3.5	37.4
IDMs42	IDMs42	79.592	49	8	2	610834	610882	76658	76612	3.5	37.4
IDMs42	IDMs42	92.000	25	2	0	675163	675187	79041	79065	3.5	37.4
IDMs42	IDMs42	92.000	25	2	0	316876	316900	80942	80918	3.5	37.4
IDMs42	IDMs42	80.000	40	8	0	715531	715570	82407	82368	3.5	37.4
IDMs42	IDMs42	86.667	30	4	0	768682	768711	83532	83561	3.5	37.4
IDMs42	IDMs42	86.667	30	4	0	640631	640660	85355	85384	3.5	37.4
IDMs42	IDMs42	84.615	39	4	2	665439	665476	88167	88204	3.5	37.4
IDMs42	IDMs42	92.593	27	1	1	432136	432162	89188	89163	3.5	37.4
IDMs42	IDMs42	92.000	25	2	0	150740	150764	89788	89764	3.5	37.4
IDMs42	IDMs42	86.667	30	4	0	143246	143275	92233	92204	3.5	37.4
IDMs42	IDMs42	80.000	40	8	0	109520	109559	98441	98402	3.5	37.4
IDMs42	IDMs42	74.194	62	15	1	332410	332470	98718	98779	3.5	37.4
IDMs42	IDMs42	100.000	20	0	0	703364	703383	98817	98798	3.5	37.4
IDMs42	IDMs42	76.786	56	10	2	754205	754260	98923	98871	3.5	37.4
IDMs42	IDMs42	78.431	51	8	2	48344	48393	100876	100924	3.5	37.4
IDMs42	IDMs42	92.000	25	2	0	733988	734012	104069	104093	3.5	37.4
IDMs42	IDMs42	92.000	25	2	0	376099	376123	105629	105605	3.5	37.4
IDMs42	IDMs42	80.000	40	8	0	98402	98441	109559	109520	3.5	37.4
IDMs42	IDMs42	73.770	61	13	1	581751	581811	109633	109576	3.5	37.4
IDMs42	IDMs42	77.778	45	10	0	106	150	109865	109821	3.5	37.4
IDMs42	IDMs42	80.952	42	7	1	519297	519338	110205	110165	3.5	37.4
IDMs42	IDMs42	92.000	25	2	0	644306	644330	113323	113347	3.5	37.4
IDMs42	IDMs42	83.784	37	5	1	19297	19332	120710	120674	3.5	37.4
IDMs42	IDMs42	92.000	25	2	0	509670	509694	121878	121902	3.5	37.4
IDMs42	IDMs42	92.000	25	2	0	674465	674489	126155	126131	3.5	37.4
IDMs42	IDMs42	86.667	30	4	0	131554	131583	131583	131554	3.5	37.4
IDMs42	IDMs42	86.667	30	4	0	551483	551512	133864	133893	3.5	37.4
IDMs42	IDMs42	80.000	40	8	0	756791	756830	141846	141885	3.5	37.4
IDMs42	IDMs42	80.952	42	7	1	497770	497811	142171	142211	3.5	37.4
IDMs42	IDMs42	100.000	20	0	0	545119	545138	144608	144627	3.5	37.4
IDMs42	IDMs42	92.593	27	1	1	64698	64723	147241	147267	3.5	37.4
IDMs42	IDMs42	100.000	20	0	0	239239	239258	149117	149136	3.5	37.4
IDMs42	IDMs42	86.667	30	4	0	246801	246830	150673	150702	3.5	37.4
IDMs42	IDMs42	92.000	25	2	0	89764	89788	150764	150740	3.5	37.4
IDMs42	IDMs42	85.294	34	3	1	475613	475644	152432	152465	3.5	37.4
IDMs42	IDMs42	82.927	41	4	2	774803	774843	152700	152737	3.5	37.4
IDMs42	IDMs42	100.000	20	0	0	133874	133893	153143	153124	3.5	37.4
IDMs42	IDMs42	82.051	39	5	1	164982	165020	153290	153326	3.5	37.4
IDMs42	IDMs42	84.615	39	4	2	25458	25494	154563	154601	3.5	37.4
IDMs42	IDMs42	100.000	20	0	0	636320	636339	156088	156107	3.5	37.4
IDMs42	IDMs42	83.784	37	5	1	749644	749679	160445	160409	3.5	37.4
IDMs42	IDMs42	83.784	37	5	1	398701	398737	160706	160741	3.5	37.4
IDMs42	IDMs42	92.000	25	2	0	159688	159712	160973	160949	3.5	37.4
IDMs42	IDMs42	92.000	25	2	0	383713	383737	165089	165113	3.5	37.4
IDMs42	IDMs42	100.000	20	0	0	544917	544936	166825	166844	3.5	37.4
IDMs42	IDMs42	100.000	20	0	0	436957	436976	167531	167550	3.5	37.4
IDMs42	IDMs42	92.000	25	2	0	183792	183816	178492	178468	3.5	37.4
IDMs42	IDMs42	80.488	41	5	1	544907	544947	180133	180096	3.5	37.4
IDMs42	IDMs42	92.000	25	2	0	178468	178492	183816	183792	3.5	37.4
IDMs42	IDMs42	83.784	37	5	1	435879	435914	184491	184455	3.5	37.4
IDMs42	IDMs42	84.615	39	4	2	627013	627051	187962	187998	3.5	37.4
IDMs42	IDMs42	85.294	34	3	1	769769	769802	188095	188064	3.5	37.4
IDMs42	IDMs42	72.619	84	16	4	421882	421961	192772	192852	3.5	37.4
IDMs42	IDMs42	92.000	25	2	0	737611	737635	192976	192952	3.5	37.4
IDMs42	IDMs42	88.235	34	2	2	568187	568220	195363	195394	3.5	37.4
IDMs42	IDMs42	86.667	30	4	0	701251	701280	196050	196079	3.5	37.4
IDMs42	IDMs42	92.000	25	2	0	279468	279492	197465	197489	3.5	37.4
IDMs42	IDMs42	100.000	20	0	0	497650	497669	198020	198039	3.5	37.4
IDMs42	IDMs42	92.000	25	2	0	317838	317862	198481	198505	3.5	37.4
IDMs42	IDMs42	74.603	63	12	2	247082	247144	202299	202357	3.5	37.4
IDMs42	IDMs42	85.294	34	3	1	502692	502723	209366	209333	3.5	37.4
IDMs42	IDMs42	80.000	45	4	2	237528	237572	209933	209894	3.5	37.4
IDMs42	IDMs42	86.667	30	4	0	575880	575909	210748	210777	3.5	37.4
IDMs42	IDMs42	83.784	37	5	1	727236	727271	212138	212102	3.5	37.4
IDMs42	IDMs42	86.667	30	4	0	545119	545148	212341	212370	3.5	37.4
IDMs42	IDMs42	92.000	25	2	0	94385	94409	212732	212708	3.5	37.4
IDMs42	IDMs42	86.667	30	4	0	354481	354510	213916	213945	3.5	37.4
IDMs42	IDMs42	92.000	25	2	0	383892	383916	214085	214061	3.5	37.4
IDMs42	IDMs42	86.667	30	4	0	502589	502618	221557	221586	3.5	37.4
IDMs42	IDMs42	92.000	25	2	0	510937	510961	237648	237624	3.5	37.4
IDMs42	IDMs42	100.000	20	0	0	149117	149136	239239	239258	3.5	37.4
IDMs42	IDMs42	86.111	36	2	2	48338	48372	239275	239242	3.5	37.4
IDMs42	IDMs42	89.655	29	1	1	109388	109414	245782	245754	3.5	37.4
IDMs42	IDMs42	82.927	41	4	2	410385	410424	246134	246172	3.5	37.4
IDMs42	IDMs42	74.603	63	12	2	202299	202357	247082	247144	3.5	37.4
IDMs42	IDMs42	100.000	20	0	0	604972	604991	248532	248551	3.5	37.4
IDMs42	IDMs42	92.593	27	1	1	61812	61837	250135	250161	3.5	37.4
IDMs42	IDMs42	100.000	20	0	0	262071	262090	251211	251192	3.5	37.4
IDMs42	IDMs42	100.000	20	0	0	251192	251211	251211	251192	3.5	37.4
IDMs42	IDMs42	87.500	32	3	1	254276	254306	251486	251517	3.5	37.4
IDMs42	IDMs42	87.500	32	3	1	265155	265185	251486	251517	3.5	37.4
IDMs42	IDMs42	87.500	32	3	1	251486	251517	254276	254306	3.5	37.4
IDMs42	IDMs42	87.500	32	3	1	262365	262396	254276	254306	3.5	37.4
IDMs42	IDMs42	82.857	35	6	0	631106	631140	256655	256689	3.5	37.4
IDMs42	IDMs42	81.395	43	4	2	700830	700870	258850	258810	3.5	37.4
IDMs42	IDMs42	86.667	30	4	0	362345	362374	259257	259228	3.5	37.4
IDMs42	IDMs42	92.593	27	1	1	61812	61837	261014	261040	3.5	37.4
IDMs42	IDMs42	100.000	20	0	0	262071	262090	262090	262071	3.5	37.4
IDMs42	IDMs42	100.000	20	0	0	251192	251211	262090	262071	3.5	37.4
IDMs42	IDMs42	87.500	32	3	1	254276	254306	262365	262396	3.5	37.4
IDMs42	IDMs42	87.500	32	3	1	265155	265185	262365	262396	3.5	37.4
IDMs42	IDMs42	87.500	32	3	1	251486	251517	265155	265185	3.5	37.4
IDMs42	IDMs42	87.500	32	3	1	262365	262396	265155	265185	3.5	37.4
IDMs42	IDMs42	82.857	35	6	0	631106	631140	267534	267568	3.5	37.4
IDMs42	IDMs42	81.395	43	4	2	700830	700870	269729	269689	3.5	37.4
IDMs42	IDMs42	86.667	30	4	0	362345	362374	270136	270107	3.5	37.4
IDMs42	IDMs42	82.927	41	4	2	703036	703073	274164	274204	3.5	37.4
IDMs42	IDMs42	92.000	25	2	0	473892	473916	277685	277709	3.5	37.4
IDMs42	IDMs42	92.000	25	2	0	197465	197489	279468	279492	3.5	37.4
IDMs42	IDMs42	100.000	20	0	0	319358	319377	280707	280726	3.5	37.4
IDMs42	IDMs42	92.000	25	2	0	546234	546258	286116	286140	3.5	37.4
IDMs42	IDMs42	76.471	51	9	1	699047	699097	287627	287674	3.5	37.4
IDMs42	IDMs42	87.500	32	3	1	676460	676490	287720	287689	3.5	37.4
IDMs42	IDMs42	85.294	34	3	1	324814	324845	288382	288349	3.5	37.4
IDMs42	IDMs42	77.778	54	10	2	285983	286036	290980	290929	3.5	37.4
IDMs42	IDMs42	92.000	25	2	0	377935	377959	299488	299512	3.5	37.4
IDMs42	IDMs42	86.667	30	4	0	679869	679898	303883	303912	3.5	37.4
IDMs42	IDMs42	100.000	20	0	0	43338	43357	304083	304102	3.5	37.4
IDMs42	IDMs42	92.000	25	2	0	80918	80942	316900	316876	3.5	37.4
IDMs42	IDMs42	92.000	25	2	0	539950	539974	318118	318094	3.5	37.4
IDMs42	IDMs42	100.000	20	0	0	341870	341889	319351	319370	3.5	37.4
IDMs42	IDMs42	89.655	29	1	1	479753	479779	323016	323044	3.5	37.4
IDMs42	IDMs42	92.000	25	2	0	499988	500012	325048	325024	3.5	37.4
IDMs42	IDMs42	82.857	35	6	0	220117	220151	328451	328417	3.5	37.4
IDMs42	IDMs42	92.000	25	2	0	544433	544457	329053	329029	3.5	37.4
IDMs42	IDMs42	74.194	62	15	1	98718	98779	332410	332470	3.5	37.4
IDMs42	IDMs42	86.667	30	4	0	10218	10247	332611	332640	3.5	37.4
IDMs42	IDMs42	86.667	30	4	0	24900	24929	334329	334358	3.5	37.4
IDMs42	IDMs42	78.431	51	8	2	482523	482573	335503	335456	3.5	37.4
IDMs42	IDMs42	100.000	20	0	0	319351	319370	341870	341889	3.5	37.4
IDMs42	IDMs42	83.784	37	5	1	710894	710929	342303	342267	3.5	37.4
IDMs42	IDMs42	65.909	176	47	5	34214	34384	342975	342808	3.5	37.4
IDMs42	IDMs42	82.857	35	6	0	34100	34134	343089	343055	3.5	37.4
IDMs42	IDMs42	92.000	25	2	0	243497	243521	349711	349735	3.5	37.4
IDMs42	IDMs42	82.051	39	5	1	335471	335507	349754	349792	3.5	37.4
IDMs42	IDMs42	83.333	36	3	1	140208	140243	350173	350205	3.5	37.4
IDMs42	IDMs42	92.593	27	1	1	201151	201177	351426	351401	3.5	37.4
IDMs42	IDMs42	86.667	30	4	0	213916	213945	354481	354510	3.5	37.4
IDMs42	IDMs42	77.778	45	10	0	764579	764623	355063	355107	3.5	37.4
IDMs42	IDMs42	86.667	30	4	0	164983	165012	355646	355617	3.5	37.4
IDMs42	IDMs42	100.000	20	0	0	440044	440063	357294	357275	3.5	37.4
IDMs42	IDMs42	100.000	20	0	0	464378	464397	357339	357320	3.5	37.4
IDMs42	IDMs42	86.667	30	4	0	387087	387116	359963	359934	3.5	37.4
IDMs42	IDMs42	86.667	30	4	0	270107	270136	362374	362345	3.5	37.4
IDMs42	IDMs42	86.667	30	4	0	259228	259257	362374	362345	3.5	37.4
IDMs42	IDMs42	92.000	25	2	0	460910	460934	363059	363035	3.5	37.4
IDMs42	IDMs42	93.103	29	0	2	754226	754252	366204	366232	3.5	37.4
IDMs42	IDMs42	86.667	30	4	0	573031	573060	366567	366538	3.5	37.4
IDMs42	IDMs42	80.000	40	8	0	453282	453321	366608	366569	3.5	37.4
IDMs42	IDMs42	76.271	59	12	2	99881	99938	372201	372258	3.5	37.4
IDMs42	IDMs42	75.000	56	11	1	116611	116666	375728	375780	3.5	37.4
IDMs42	IDMs42	92.000	25	2	0	105605	105629	376123	376099	3.5	37.4
IDMs42	IDMs42	100.000	20	0	0	142110	142129	377871	377890	3.5	37.4
IDMs42	IDMs42	92.000	25	2	0	299488	299512	377935	377959	3.5	37.4
IDMs42	IDMs42	86.667	30	4	0	131923	131952	382562	382533	3.5	37.4
IDMs42	IDMs42	92.000	25	2	0	165089	165113	383713	383737	3.5	37.4
IDMs42	IDMs42	92.000	25	2	0	214061	214085	383916	383892	3.5	37.4
IDMs42	IDMs42	75.926	54	11	1	319932	319985	389017	388966	3.5	37.4
IDMs42	IDMs42	78.261	46	7	1	693956	693998	391760	391715	3.5	37.4
IDMs42	IDMs42	92.000	25	2	0	485399	485423	395649	395625	3.5	37.4
IDMs42	IDMs42	82.857	35	6	0	729838	729872	397649	397683	3.5	37.4
IDMs42	IDMs42	78.261	46	7	1	715933	715978	397892	397850	3.5	37.4
IDMs42	IDMs42	83.784	37	5	1	160706	160741	398701	398737	3.5	37.4
IDMs42	IDMs42	87.500	32	3	1	110967	110997	401685	401716	3.5	37.4
IDMs42	IDMs42	100.000	20	0	0	464378	464397	403936	403955	3.5	37.4
IDMs42	IDMs42	100.000	20	0	0	440044	440063	403981	404000	3.5	37.4
IDMs42	IDMs42	80.000	40	8	0	595240	595279	404121	404160	3.5	37.4
IDMs42	IDMs42	100.000	20	0	0	442087	442106	405474	405493	3.5	37.4
IDMs42	IDMs42	100.000	20	0	0	732908	732927	405740	405721	3.5	37.4
IDMs42	IDMs42	87.500	32	3	1	65475	65505	406642	406673	3.5	37.4
IDMs42	IDMs42	92.000	25	2	0	692687	692711	407175	407199	3.5	37.4
IDMs42	IDMs42	87.500	32	3	1	528816	528847	409019	408989	3.5	37.4
IDMs42	IDMs42	80.952	42	7	1	21518	21558	409779	409738	3.5	37.4
IDMs42	IDMs42	92.000	25	2	0	505169	505193	411817	411793	3.5	37.4
IDMs42	IDMs42	81.818	44	6	2	179649	179691	412470	412428	3.5	37.4
IDMs42	IDMs42	92.000	25	2	0	742479	742503	429783	429807	3.5	37.4
IDMs42	IDMs42	92.593	27	1	1	89163	89188	432162	432136	3.5	37.4
IDMs42	IDMs42	83.784	37	5	1	184455	184491	435914	435879	3.5	37.4
IDMs42	IDMs42	100.000	20	0	0	167531	167550	436957	436976	3.5	37.4
IDMs42	IDMs42	86.111	36	2	2	567507	567540	437417	437383	3.5	37.4
IDMs42	IDMs42	72.043	93	17	5	321720	321808	439198	439111	3.5	37.4
IDMs42	IDMs42	100.000	20	0	0	403981	404000	440044	440063	3.5	37.4
IDMs42	IDMs42	100.000	20	0	0	357275	357294	440063	440044	3.5	37.4
IDMs42	IDMs42	80.488	41	5	1	122926	122966	440160	440197	3.5	37.4
IDMs42	IDMs42	100.000	20	0	0	405474	405493	442087	442106	3.5	37.4
IDMs42	IDMs42	92.593	27	1	1	507019	507044	448843	448817	3.5	37.4
IDMs42	IDMs42	92.000	25	2	0	547186	547210	456475	456499	3.5	37.4
IDMs42	IDMs42	86.667	30	4	0	14938	14967	456787	456816	3.5	37.4
IDMs42	IDMs42	100.000	20	0	0	457245	457264	457264	457245	3.5	37.4
IDMs42	IDMs42	83.784	37	5	1	666586	666621	458714	458750	3.5	37.4
IDMs42	IDMs42	92.000	25	2	0	363035	363059	460934	460910	3.5	37.4
IDMs42	IDMs42	100.000	20	0	0	403936	403955	464378	464397	3.5	37.4
IDMs42	IDMs42	100.000	20	0	0	357320	357339	464397	464378	3.5	37.4
IDMs42	IDMs42	92.000	25	2	0	277685	277709	473892	473916	3.5	37.4
IDMs42	IDMs42	81.579	38	3	1	699870	699907	476517	476484	3.5	37.4
IDMs42	IDMs42	84.615	39	4	2	540455	540492	477081	477044	3.5	37.4
IDMs42	IDMs42	84.444	45	2	4	739232	739273	482056	482014	3.5	37.4
IDMs42	IDMs42	92.000	25	2	0	395625	395649	485423	485399	3.5	37.4
IDMs42	IDMs42	86.667	30	4	0	41468	41497	488365	488394	3.5	37.4
IDMs42	IDMs42	100.000	20	0	0	739636	739655	489764	489745	3.5	37.4
IDMs42	IDMs42	80.000	40	8	0	696748	696787	492382	492421	3.5	37.4
IDMs42	IDMs42	92.593	27	1	1	24903	24929	494754	494729	3.5	37.4
IDMs42	IDMs42	80.952	42	7	1	538583	538623	495207	495166	3.5	37.4
IDMs42	IDMs42	86.667	30	4	0	56858	56887	496698	496669	3.5	37.4
IDMs42	IDMs42	80.952	42	7	1	142171	142211	497770	497811	3.5	37.4
IDMs42	IDMs42	76.000	50	12	0	711826	711875	498587	498636	3.5	37.4
IDMs42	IDMs42	92.000	25	2	0	325024	325048	500012	499988	3.5	37.4
IDMs42	IDMs42	78.000	50	6	2	599777	599821	500038	500087	3.5	37.4
IDMs42	IDMs42	86.111	36	2	2	538142	538177	500466	500434	3.5	37.4
IDMs42	IDMs42	85.294	34	3	1	209333	209366	502723	502692	3.5	37.4
IDMs42	IDMs42	92.000	25	2	0	411793	411817	505193	505169	3.5	37.4
IDMs42	IDMs42	92.593	27	1	1	448817	448843	507044	507019	3.5	37.4
IDMs42	IDMs42	86.667	30	4	0	758019	758048	507749	507720	3.5	37.4
IDMs42	IDMs42	92.000	25	2	0	117697	117721	507736	507760	3.5	37.4
IDMs42	IDMs42	92.000	25	2	0	237624	237648	510961	510937	3.5	37.4
IDMs42	IDMs42	86.667	30	4	0	527280	527309	517355	517326	3.5	37.4
IDMs42	IDMs42	86.667	30	4	0	549365	549394	523855	523884	3.5	37.4
IDMs42	IDMs42	68.571	105	28	2	48270	48372	523959	524060	3.5	37.4
IDMs42	IDMs42	92.000	25	2	0	63208	63232	524024	524048	3.5	37.4
IDMs42	IDMs42	80.952	42	7	1	656195	656235	524066	524025	3.5	37.4
IDMs42	IDMs42	80.952	42	7	1	655484	655524	524066	524025	3.5	37.4
IDMs42	IDMs42	100.000	20	0	0	537711	537730	524058	524039	3.5	37.4
IDMs42	IDMs42	89.655	29	1	1	225984	226012	524055	524081	3.5	37.4
IDMs42	IDMs42	92.000	25	2	0	546800	546824	524914	524938	3.5	37.4
IDMs42	IDMs42	86.667	30	4	0	517326	517355	527309	527280	3.5	37.4
IDMs42	IDMs42	87.500	32	3	1	408989	409019	528847	528816	3.5	37.4
IDMs42	IDMs42	92.000	25	2	0	530115	530139	534923	534947	3.5	37.4
IDMs42	IDMs42	80.000	40	8	0	577027	577066	536890	536929	3.5	37.4
IDMs42	IDMs42	83.333	36	3	1	47923	47958	537212	537244	3.5	37.4
IDMs42	IDMs42	80.435	46	6	2	291805	291850	537378	537420	3.5	37.4
IDMs42	IDMs42	92.000	25	2	0	446615	446639	537417	537393	3.5	37.4
IDMs42	IDMs42	81.818	44	6	2	8775	8817	537485	537527	3.5	37.4
IDMs42	IDMs42	80.952	42	7	1	495166	495207	538623	538583	3.5	37.4
IDMs42	IDMs42	80.000	40	8	0	540915	540954	540954	540915	3.5	37.4
IDMs42	IDMs42	83.784	37	5	1	245564	245599	543864	543900	3.5	37.4
IDMs42	IDMs42	92.000	25	2	0	329029	329053	544457	544433	3.5	37.4
IDMs42	IDMs42	100.000	20	0	0	166825	166844	544917	544936	3.5	37.4
IDMs42	IDMs42	80.000	40	8	0	64157	64196	545836	545875	3.5	37.4
IDMs42	IDMs42	92.000	25	2	0	286116	286140	546234	546258	3.5	37.4
IDMs42	IDMs42	92.000	25	2	0	456475	456499	547186	547210	3.5	37.4
IDMs42	IDMs42	92.000	25	2	0	158967	158991	547548	547572	3.5	37.4
IDMs42	IDMs42	86.667	30	4	0	133864	133893	551483	551512	3.5	37.4
IDMs42	IDMs42	100.000	20	0	0	689917	689936	563044	563025	3.5	37.4
IDMs42	IDMs42	79.592	49	8	2	4571	4618	567116	567163	3.5	37.4
IDMs42	IDMs42	86.111	36	2	2	437383	437417	567540	567507	3.5	37.4
IDMs42	IDMs42	78.431	51	8	2	146127	146175	568994	569043	3.5	37.4
IDMs42	IDMs42	92.000	25	2	0	661125	661149	570617	570641	3.5	37.4
IDMs42	IDMs42	92.000	25	2	0	632185	632209	574519	574543	3.5	37.4
IDMs42	IDMs42	100.000	20	0	0	574570	574589	574589	574570	3.5	37.4
IDMs42	IDMs42	86.667	30	4	0	210748	210777	575880	575909	3.5	37.4
IDMs42	IDMs42	80.000	40	8	0	536890	536929	577027	577066	3.5	37.4
IDMs42	IDMs42	100.000	20	0	0	742209	742228	580686	580705	3.5	37.4
IDMs42	IDMs42	80.488	41	5	1	628120	628157	593714	593754	3.5	37.4
IDMs42	IDMs42	80.000	40	8	0	404121	404160	595240	595279	3.5	37.4
IDMs42	IDMs42	87.500	32	3	1	48344	48374	597203	597172	3.5	37.4
IDMs42	IDMs42	92.000	25	2	0	31867	31891	599293	599269	3.5	37.4
IDMs42	IDMs42	78.000	50	6	2	500038	500087	599777	599821	3.5	37.4
IDMs42	IDMs42	92.000	25	2	0	742471	742495	600655	600631	3.5	37.4
IDMs42	IDMs42	75.926	54	6	2	438526	438579	603869	603915	3.5	37.4
IDMs42	IDMs42	76.667	60	9	3	771137	771196	609242	609188	3.5	37.4
IDMs42	IDMs42	79.592	49	8	2	76612	76658	610882	610834	3.5	37.4
IDMs42	IDMs42	76.667	60	9	3	771137	771196	613126	613072	3.5	37.4
IDMs42	IDMs42	79.592	49	8	2	76612	76658	614763	614715	3.5	37.4
IDMs42	IDMs42	79.592	49	8	2	76612	76658	618643	618595	3.5	37.4
IDMs42	IDMs42	78.723	47	9	1	614927	614972	624640	624686	3.5	37.4
IDMs42	IDMs42	78.723	47	9	1	618807	618852	624640	624686	3.5	37.4
IDMs42	IDMs42	92.000	25	2	0	594080	594104	625181	625157	3.5	37.4
IDMs42	IDMs42	84.615	39	4	2	187962	187998	627013	627051	3.5	37.4
IDMs42	IDMs42	80.488	41	5	1	593714	593754	628120	628157	3.5	37.4
IDMs42	IDMs42	92.000	25	2	0	574519	574543	632185	632209	3.5	37.4
IDMs42	IDMs42	92.000	25	2	0	357579	357603	633185	633161	3.5	37.4
IDMs42	IDMs42	92.000	25	2	0	2336	2360	635745	635721	3.5	37.4
IDMs42	IDMs42	100.000	20	0	0	156088	156107	636320	636339	3.5	37.4
IDMs42	IDMs42	86.667	30	4	0	85355	85384	640631	640660	3.5	37.4
IDMs42	IDMs42	75.806	62	9	3	88246	88305	643465	643522	3.5	37.4
IDMs42	IDMs42	80.952	42	2	2	530577	530612	651427	651386	3.5	37.4
IDMs42	IDMs42	92.000	25	2	0	570617	570641	661125	661149	3.5	37.4
IDMs42	IDMs42	92.000	25	2	0	325915	325939	662615	662639	3.5	37.4
IDMs42	IDMs42	100.000	20	0	0	663839	663858	663858	663839	3.5	37.4
IDMs42	IDMs42	92.000	25	2	0	768371	768395	664829	664853	3.5	37.4
IDMs42	IDMs42	84.615	39	4	2	88167	88204	665439	665476	3.5	37.4
IDMs42	IDMs42	92.000	25	2	0	581452	581476	665660	665636	3.5	37.4
IDMs42	IDMs42	92.000	25	2	0	126131	126155	674489	674465	3.5	37.4
IDMs42	IDMs42	92.000	25	2	0	79041	79065	675163	675187	3.5	37.4
IDMs42	IDMs42	87.500	32	3	1	287689	287720	676490	676460	3.5	37.4
IDMs42	IDMs42	92.000	25	2	0	683268	683292	679133	679109	3.5	37.4
IDMs42	IDMs42	86.667	30	4	0	303883	303912	679869	679898	3.5	37.4
IDMs42	IDMs42	92.000	25	2	0	679109	679133	683292	683268	3.5	37.4
IDMs42	IDMs42	92.593	27	1	1	590683	590708	683474	683448	3.5	37.4
IDMs42	IDMs42	100.000	20	0	0	563025	563044	689936	689917	3.5	37.4
IDMs42	IDMs42	84.615	39	4	2	757388	757426	691354	691390	3.5	37.4
IDMs42	IDMs42	92.000	25	2	0	407175	407199	692687	692711	3.5	37.4
IDMs42	IDMs42	78.261	46	7	1	391715	391760	693998	693956	3.5	37.4
IDMs42	IDMs42	82.857	35	6	0	767634	767668	694876	694910	3.5	37.4
IDMs42	IDMs42	80.000	40	8	0	492382	492421	696748	696787	3.5	37.4
IDMs42	IDMs42	83.784	37	5	1	748137	748173	697198	697233	3.5	37.4
IDMs42	IDMs42	76.471	51	9	1	287627	287674	699047	699097	3.5	37.4
IDMs42	IDMs42	80.000	40	8	0	71608	71647	700861	700822	3.5	37.4
IDMs42	IDMs42	81.395	43	4	2	269689	269729	700870	700830	3.5	37.4
IDMs42	IDMs42	81.395	43	4	2	258810	258850	700870	700830	3.5	37.4
IDMs42	IDMs42	87.500	32	3	1	30174	30205	703022	703052	3.5	37.4
IDMs42	IDMs42	81.579	38	3	1	723176	723213	703242	703209	3.5	37.4
IDMs42	IDMs42	100.000	20	0	0	98798	98817	703383	703364	3.5	37.4
IDMs42	IDMs42	82.857	35	6	0	441310	441344	703931	703897	3.5	37.4
IDMs42	IDMs42	92.593	27	1	1	398280	398305	704783	704809	3.5	37.4
IDMs42	IDMs42	100.000	20	0	0	148541	148560	709041	709022	3.5	37.4
IDMs42	IDMs42	83.784	37	5	1	342267	342303	710929	710894	3.5	37.4
IDMs42	IDMs42	76.000	50	12	0	498587	498636	711826	711875	3.5	37.4
IDMs42	IDMs42	92.000	25	2	0	192719	192743	713582	713558	3.5	37.4
IDMs42	IDMs42	100.000	20	0	0	13475	13494	715263	715282	3.5	37.4
IDMs42	IDMs42	80.000	40	8	0	82368	82407	715570	715531	3.5	37.4
IDMs42	IDMs42	78.261	46	7	1	397850	397892	715978	715933	3.5	37.4
IDMs42	IDMs42	87.500	32	3	1	665968	665998	717758	717789	3.5	37.4
IDMs42	IDMs42	86.667	30	4	0	289778	289807	717861	717832	3.5	37.4
IDMs42	IDMs42	82.857	35	6	0	659151	659185	718635	718669	3.5	37.4
IDMs42	IDMs42	82.857	35	6	0	185184	185218	721783	721749	3.5	37.4
IDMs42	IDMs42	78.261	46	7	1	540202	540244	727835	727790	3.5	37.4
IDMs42	IDMs42	82.857	35	6	0	397649	397683	729838	729872	3.5	37.4
IDMs42	IDMs42	100.000	20	0	0	405721	405740	732927	732908	3.5	37.4
IDMs42	IDMs42	85.294	34	3	1	337146	337179	735100	735131	3.5	37.4
IDMs42	IDMs42	92.000	25	2	0	192952	192976	737635	737611	3.5	37.4
IDMs42	IDMs42	86.667	30	4	0	325018	325047	738370	738399	3.5	37.4
IDMs42	IDMs42	100.000	20	0	0	580686	580705	742209	742228	3.5	37.4
IDMs42	IDMs42	76.786	56	10	2	743131	743183	742638	742583	3.5	37.4
IDMs42	IDMs42	92.593	27	1	1	490885	490910	742704	742730	3.5	37.4
IDMs42	IDMs42	76.786	56	10	2	742583	742638	743183	743131	3.5	37.4
IDMs42	IDMs42	80.952	42	7	1	336499	336539	744420	744461	3.5	37.4
IDMs42	IDMs42	80.488	41	5	1	44965	45005	745127	745164	3.5	37.4
IDMs42	IDMs42	92.000	25	2	0	666160	666184	746123	746099	3.5	37.4
IDMs42	IDMs42	100.000	20	0	0	746745	746764	746764	746745	3.5	37.4
IDMs42	IDMs42	83.784	37	5	1	160409	160445	749679	749644	3.5	37.4
IDMs42	IDMs42	86.667	30	4	0	461181	461210	751959	751930	3.5	37.4
IDMs42	IDMs42	92.000	25	2	0	71864	71888	752110	752086	3.5	37.4
IDMs42	IDMs42	93.103	29	0	2	366204	366232	754226	754252	3.5	37.4
IDMs42	IDMs42	80.000	40	8	0	141846	141885	756791	756830	3.5	37.4
IDMs42	IDMs42	84.615	39	4	2	691354	691390	757388	757426	3.5	37.4
IDMs42	IDMs42	80.000	40	8	0	758973	759012	759012	758973	3.5	37.4
IDMs42	IDMs42	86.667	30	4	0	762240	762269	759138	759109	3.5	37.4
IDMs42	IDMs42	86.667	30	4	0	759109	759138	762269	762240	3.5	37.4
IDMs42	IDMs42	77.778	45	10	0	355063	355107	764579	764623	3.5	37.4
IDMs42	IDMs42	92.593	27	1	1	65337	65362	764826	764800	3.5	37.4
IDMs42	IDMs42	86.667	30	4	0	83532	83561	768682	768711	3.5	37.4
IDMs42	IDMs42	87.500	32	3	1	513386	513416	769612	769581	3.5	37.4
IDMs42	IDMs42	85.294	34	3	1	188064	188095	769802	769769	3.5	37.4
IDMs42	IDMs42	76.667	60	9	3	613072	613126	771196	771137	3.5	37.4
IDMs42	IDMs42	76.667	60	9	3	609188	609242	771196	771137	3.5	37.4
IDMs42	IDMs42	82.857	35	6	0	16491	16525	774591	774625	3.5	37.4
IDMs42	IDMs42	92.000	25	2	0	244863	244887	777009	777033	3.5	37.4
IDMs42	IDMs42	78.000	50	6	2	443719	443768	778369	778325	3.5	37.4
IDMs42	IDMs42	87.500	32	3	1	764782	764812	778756	778787	3.5	37.4
IDMs42	IDMs42	92.000	25	2	0	137756	137780	778814	778838	3.5	37.4
