IDMF29	IDMs42	89.366	489	49	2	429735	430220	392210	392698	0.0	642
IDMF29	IDMs42	82.451	661	104	7	395662	396320	404724	404074	0.0	649
IDMF29	IDMs42	94.860	428	22	0	431884	432311	390498	390925	0.0	673
IDMF29	IDMs42	97.494	399	10	0	778394	778792	389455	389057	0.0	675
IDMF29	IDMs42	97.297	407	9	1	778388	778792	484912	484506	0.0	682
IDMF29	IDMs42	98.473	393	6	0	778400	778792	358456	358848	0.0	682
IDMF29	IDMs42	98.496	399	6	0	778394	778792	402870	402472	0.0	693
IDMF29	IDMs42	95.749	447	19	0	777943	778389	610238	609792	0.0	721
IDMF29	IDMs42	96.197	447	17	0	672180	672626	617556	618002	0.0	730
IDMF29	IDMs42	96.197	447	17	0	672180	672626	613676	614122	0.0	730
IDMF29	IDMs42	98.434	447	6	1	705076	705521	656179	656625	0.0	772
IDMF29	IDMs42	92.579	539	34	2	672727	673259	610877	611415	0.0	789
IDMF29	IDMs42	95.353	538	19	1	430543	431074	391071	391608	0.0	859
IDMF29	IDMs42	95.872	533	19	1	777413	777942	614758	615290	0.0	861
IDMF29	IDMs42	96.623	533	15	1	777413	777942	618638	619170	0.0	879
IDMF29	IDMs42	74.465	1637	313	27	323081	324657	286703	288294	0.0	1041
IDMF29	IDMs42	74.465	1637	313	27	325400	326991	284384	285960	0.0	1041
IDMF29	IDMs42	93.750	752	43	2	776665	777412	391147	390396	0.0	1140
IDMF29	IDMs42	76.229	1628	322	17	380855	382436	343755	345363	0.0	1174
IDMF29	IDMs42	76.399	1716	327	20	382824	384511	341963	343628	0.0	1250
IDMF29	IDMs42	100.000	741	0	0	428850	429590	389732	390472	0.0	1337
IDMF29	IDMs42	98.363	794	7	2	775876	776663	610162	610955	0.0	1370
IDMF29	IDMs42	100.000	789	0	0	775876	776664	617926	618714	0.0	1424
IDMF29	IDMs42	100.000	789	0	0	775876	776664	614046	614834	0.0	1424
IDMF29	IDMs42	99.527	845	4	0	442359	443203	403083	403927	0.0	1507
IDMF29	IDMs42	97.879	943	6	3	397706	398646	358772	359702	0.0	1610
IDMF29	IDMs42	97.186	1137	28	4	670945	672079	612618	613752	0.0	1893
IDMF29	IDMs42	97.359	1136	27	3	670945	672079	616499	617632	0.0	1903
IDMF29	IDMs42	98.312	1185	10	1	396421	397605	357348	358522	0.0	2052
IDMF29	IDMs42	97.419	1395	4	1	673360	674754	620613	621975	0.0	2379
IDMF29	IDMs42	95.865	1596	19	3	774327	775875	620689	619094	0.0	2610
IDMF29	IDMs42	98.385	1548	19	1	774327	775874	612881	611340	0.0	2681
IDMF29	IDMs42	99.161	1549	12	1	774327	775875	616761	615214	0.0	2732
IDMF29	IDMs42	75.062	4403	982	37	189141	193479	192602	188252	0.0	2929
IDMF29	IDMs42	75.131	4395	984	37	235024	239374	144146	139817	0.0	2930
IDMF29	IDMs42	96.495	2625	81	2	256348	258964	624656	622035	0.0	4321
IDMF29	IDMs42	97.602	3044	73	0	431880	434923	392267	395310	0.0	5161
IDMF29	IDMs42	99.685	3176	8	2	252970	256144	206863	210037	0.0	5676
IDMF29	IDMs42	99.710	3793	11	0	378644	382436	339752	343544	0.0	6791
IDMF29	IDMs42	99.212	4061	21	2	1	4051	725071	729130	0.0	7181
IDMF29	IDMs42	99.589	4867	18	1	415110	419976	376006	380870	0.0	8685
IDMF29	IDMs42	99.347	5207	34	0	733682	738888	683812	689018	0.0	9238
IDMF29	IDMs42	99.143	7238	59	3	435024	442258	395311	402548	0.0	12763
IDMF29	IDMs42	99.311	8277	27	2	420077	428332	380866	389133	0.0	14688
IDMF29	IDMs42	99.663	8311	26	2	663771	672079	601558	609868	0.0	14855
IDMF29	IDMs42	99.566	10143	44	0	242842	252984	196647	206789	0.0	18094
IDMF29	IDMs42	99.600	10249	37	4	723335	733580	673563	683810	0.0	18284
IDMF29	IDMs42	99.538	12978	50	3	510974	523950	471614	484582	0.0	23130
IDMF29	IDMs42	99.116	13795	50	9	382537	396320	343468	357201	0.0	24353
IDMF29	IDMs42	99.491	16293	48	7	398747	415009	359701	375988	0.0	29009
IDMF29	IDMs42	99.207	17029	91	14	706223	723234	656444	673445	0.0	30078
IDMF29	IDMs42	99.317	17999	84	6	360574	378535	321752	339748	0.0	31913
IDMF29	IDMs42	99.519	18508	74	6	292012	310513	242428	260926	0.0	32963
IDMF29	IDMs42	99.529	21866	78	2	619045	640885	579703	601568	0.0	38978
IDMF29	IDMs42	99.282	22971	93	12	524051	546986	484832	507765	0.0	40693
IDMF29	IDMs42	99.690	26464	64	11	546964	573421	507871	534322	0.0	47322
IDMF29	IDMs42	99.511	31683	96	8	674458	706122	624879	656520	0.0	56455
IDMF29	IDMs42	98.577	32606	211	24	259404	291911	210054	242504	0.0	56829
IDMF29	IDMs42	99.647	35458	103	8	738879	774326	689702	725147	0.0	63365
IDMF29	IDMs42	98.795	44248	254	34	150384	194479	101023	145143	0.0	77492
IDMF29	IDMs42	99.248	45093	242	20	4024	49094	733849	778866	0.0	79789
IDMF29	IDMs42	99.632	45367	137	10	573522	618876	534330	579678	0.0	81043
IDMF29	IDMs42	98.857	49361	425	27	193552	242857	146812	196088	0.0	86478
IDMF29	IDMs42	98.113	61003	855	57	299618	360473	260908	321761	0.0	1.048e+05
IDMF29	IDMs42	98.878	67542	668	38	443304	510793	404074	471577	0.0	1.183e+05
IDMF29	IDMs42	99.565	101086	373	27	49095	150157	1	101042	0.0	1.803e+05
IDMF29	IDMs42	98.361	366	2	1	397240	397605	403159	402798	2.47e-179	633
IDMF29	IDMs42	96.721	366	12	0	397240	397605	389748	389383	9.83e-172	607
IDMF29	IDMs42	98.689	305	4	0	778793	779097	357125	357429	1.78e-149	533
IDMF29	IDMs42	97.333	300	8	0	778793	779092	404150	403851	2.47e-141	506
IDMF29	IDMs42	86.835	395	44	5	195423	195813	145422	145812	2.64e-128	463
IDMF29	IDMs42	98.024	253	5	0	733685	733937	673559	673307	1.28e-119	434
IDMF29	IDMs42	72.868	516	100	10	7791	8300	391632	391151	9.88e-77	291
IDMF29	IDMs42	86.567	201	27	0	428501	428701	391438	391638	1.57e-61	242
IDMF29	IDMs42	73.926	326	85	0	662937	663262	729392	729067	1.13e-50	205
IDMF29	IDMs42	65.006	843	263	15	442371	443203	391562	392382	6.24e-35	152
IDMF29	IDMs42	90.805	87	8	0	723335	723421	683811	683725	1.06e-25	122
IDMF29	IDMs42	72.059	204	40	6	234717	234903	146695	146492	3.46e-19	100
IDMF29	IDMs42	80.769	52	9	1	195893	195943	206859	206808	0.007	46.4
IDMF29	IDMs42	80.000	50	9	1	740289	740338	624743	624791	0.081	42.8
IDMF29	IDMs42	93.103	29	1	1	557677	557705	732885	732912	0.28	41.0
IDMF29	IDMs42	92.593	27	2	0	375988	376014	729536	729510	0.28	41.0
IDMF29	IDMs42	81.250	48	6	2	115370	115417	624909	624865	0.28	41.0
IDMF29	IDMs42	87.097	31	4	0	601071	601101	689110	689140	0.99	39.2
IDMF29	IDMs42	87.097	31	4	0	288654	288684	206807	206837	0.99	39.2
IDMF29	IDMs42	78.723	47	7	1	206402	206448	146274	146231	0.99	39.2
IDMF29	IDMs42	85.294	34	5	0	9688	9721	731288	731321	0.99	40.1
IDMF29	IDMs42	78.846	52	7	2	523333	523381	339703	339753	0.99	40.1
IDMF29	IDMs42	82.857	35	6	0	437361	437395	729838	729872	3.5	37.4
IDMF29	IDMs42	74.324	74	12	4	173316	173385	689068	689138	3.5	37.4
IDMF29	IDMs42	78.431	51	8	2	660042	660092	624873	624826	3.5	37.4
IDMF29	IDMs42	78.723	47	9	1	672896	672941	624640	624686	3.5	37.4
IDMF29	IDMs42	89.286	28	3	0	522231	522258	730282	730309	3.5	38.3
IDMF29	IDMs42	89.286	28	3	0	496880	496907	689150	689123	3.5	38.3
IDMF29	IDMs42	79.070	43	9	0	665590	665632	145360	145402	3.5	38.3
