IDMs42	IDMs42	89.775	489	47	2	390440	390925	392210	392698	0.0	651
IDMs42	IDMs42	89.775	489	47	2	392210	392698	390440	390925	0.0	651
IDMs42	IDMs42	97.763	447	10	0	655468	655914	656179	656625	0.0	762
IDMs42	IDMs42	97.763	447	10	0	656179	656625	655468	655914	0.0	762
IDMs42	IDMs42	94.455	523	14	3	402350	402870	484397	484906	0.0	813
IDMs42	IDMs42	94.455	523	14	3	484397	484906	402350	402870	0.0	813
IDMs42	IDMs42	96.429	504	15	2	484397	484900	358956	358456	0.0	822
IDMs42	IDMs42	97.255	510	12	1	484397	484906	388948	389455	0.0	855
IDMs42	IDMs42	74.282	1637	316	27	284384	285960	286703	288294	0.0	1028
IDMs42	IDMs42	74.282	1637	316	27	286703	288294	284384	285960	0.0	1028
IDMs42	IDMs42	85.438	982	129	7	356544	357520	404724	403752	0.0	1108
IDMs42	IDMs42	85.438	982	129	7	403752	404724	357520	356544	0.0	1108
IDMs42	IDMs42	76.105	1720	336	19	341963	343636	343755	345445	0.0	1232
IDMs42	IDMs42	76.105	1720	336	19	343755	345445	341963	343636	0.0	1232
IDMs42	IDMs42	94.964	834	25	3	388940	389760	402342	403171	0.0	1317
IDMs42	IDMs42	94.964	834	25	3	402342	403171	388940	389760	0.0	1317
IDMs42	IDMs42	96.415	809	18	2	388940	389748	358964	358167	0.0	1330
IDMs42	IDMs42	96.098	820	12	3	358167	358966	403159	402340	0.0	1340
IDMs42	IDMs42	96.098	820	12	3	402340	403159	358966	358167	0.0	1340
IDMs42	IDMs42	75.108	4395	985	36	139817	144146	192602	188252	0.0	2930
IDMs42	IDMs42	75.108	4395	985	36	188252	192602	144146	139817	0.0	2930
IDMs42	IDMs42	96.136	4296	99	12	608734	612975	616499	620781	0.0	7006
IDMs42	IDMs42	96.136	4296	99	12	616499	620781	608734	612975	0.0	7006
IDMs42	IDMs42	97.567	8178	129	15	608734	616855	612618	620781	0.0	13847
IDMs42	IDMs42	99.991	10899	0	1	250028	260926	260908	271805	0.0	19648
IDMs42	IDMs42	99.991	10899	0	1	260908	271805	250028	260926	0.0	19648
IDMs42	IDMs42	100.000	778866	0	0	1	778866	1	778866	0.0	1.405e+06
