IDMHP694	ID7448	97.462	394	9	1	870012	870405	398839	399231	0.0	663
IDMHP694	ID7448	82.953	657	100	4	9331	9975	25178	25834	0.0	673
IDMHP694	ID7448	82.931	662	82	7	349102	349740	517009	516356	0.0	682
IDMHP694	ID7448	98.477	394	6	0	870012	870405	112698	113091	0.0	684
IDMHP694	ID7448	93.096	478	28	2	322335	322807	361292	361769	0.0	710
IDMHP694	ID7448	71.401	1528	411	16	862712	864226	145549	144035	0.0	737
IDMHP694	ID7448	89.165	563	33	5	358848	359401	114857	115400	0.0	744
IDMHP694	ID7448	95.158	475	21	2	322335	322807	346951	347425	0.0	746
IDMHP694	ID7448	90.164	549	54	0	756061	756609	797830	798378	0.0	747
IDMHP694	ID7448	90.346	549	53	0	756061	756609	794380	794928	0.0	752
IDMHP694	ID7448	96.162	469	14	2	709989	710456	749584	750049	0.0	760
IDMHP694	ID7448	89.753	566	58	0	482046	482611	515830	515265	0.0	760
IDMHP694	ID7448	93.452	504	33	0	869009	869512	399911	399408	0.0	761
IDMHP694	ID7448	93.452	504	33	0	869009	869512	113771	113268	0.0	761
IDMHP694	ID7448	81.071	803	149	1	6890	7689	25179	25981	0.0	762
IDMHP694	ID7448	90.893	549	50	0	756061	756609	792375	792923	0.0	765
IDMHP694	ID7448	81.320	803	147	1	11898	12700	20340	21139	0.0	771
IDMHP694	ID7448	81.592	804	136	4	11897	12700	22789	23580	0.0	776
IDMHP694	ID7448	69.942	1903	452	41	121020	122847	147037	148894	0.0	777
IDMHP694	ID7448	81.863	805	134	3	11896	12700	28452	29244	0.0	792
IDMHP694	ID7448	97.650	468	9	1	709989	710456	753520	753985	0.0	792
IDMHP694	ID7448	95.437	504	23	0	869009	869512	409258	408755	0.0	806
IDMHP694	ID7448	92.446	556	41	1	865624	866179	489329	489883	0.0	810
IDMHP694	ID7448	70.573	1903	454	39	191500	193372	221789	223615	0.0	828
IDMHP694	ID7448	97.561	492	10	1	356925	357416	396398	396887	0.0	831
IDMHP694	ID7448	82.353	850	149	1	759512	760360	795037	795886	0.0	854
IDMHP694	ID7448	93.182	572	25	2	94244	94815	398797	399354	0.0	860
IDMHP694	ID7448	83.175	844	141	1	759512	760354	798487	799330	0.0	879
IDMHP694	ID7448	68.050	2723	753	47	310328	313000	422699	425354	0.0	883
IDMHP694	ID7448	99.400	500	3	0	869512	870011	791033	791532	0.0	889
IDMHP694	ID7448	70.901	2031	486	34	8002	9975	27115	29097	0.0	940
IDMHP694	ID7448	70.545	2166	552	34	5569	7697	27139	29255	0.0	955
IDMHP694	ID7448	98.046	563	11	0	573725	574287	514936	514374	0.0	966
IDMHP694	ID7448	79.838	1111	207	8	224464	225566	163417	162316	0.0	974
IDMHP694	ID7448	98.757	563	7	0	573725	574287	607197	607759	0.0	985
IDMHP694	ID7448	95.853	627	21	3	507442	508065	488458	487834	0.0	1005
IDMHP694	ID7448	94.100	661	29	3	709803	710456	745508	746165	0.0	1012
IDMHP694	ID7448	85.442	893	121	4	760521	761407	797489	798378	0.0	1015
IDMHP694	ID7448	85.794	894	115	5	760523	761407	792033	792923	0.0	1029
IDMHP694	ID7448	97.411	618	3	1	94198	94815	408097	408701	0.0	1050
IDMHP694	ID7448	82.567	1044	174	4	756712	757749	798316	799357	0.0	1052
IDMHP694	ID7448	83.932	1002	128	12	754986	755960	791456	792451	0.0	1058
IDMHP694	ID7448	83.220	1025	164	4	761508	762527	792859	793880	0.0	1063
IDMHP694	ID7448	74.065	2005	434	33	8026	9975	19019	20992	0.0	1201
IDMHP694	ID7448	99.706	680	2	0	15687	16366	34490	35169	0.0	1218
IDMHP694	ID7448	83.737	1156	164	5	322916	324068	347608	348742	0.0	1237
IDMHP694	ID7448	98.329	718	12	0	366224	366941	113783	114500	0.0	1242
IDMHP694	ID7448	98.468	718	11	0	366224	366941	399923	400640	0.0	1246
IDMHP694	ID7448	74.376	2162	472	30	5569	7700	21484	23593	0.0	1341
IDMHP694	ID7448	96.856	827	23	2	868181	869004	401386	400560	0.0	1369
IDMHP694	ID7448	97.226	829	22	1	868177	869004	115248	114420	0.0	1388
IDMHP694	ID7448	89.328	1087	103	5	864903	865984	388927	390005	0.0	1427
IDMHP694	ID7448	99.627	804	3	0	195067	195870	227357	228160	0.0	1437
IDMHP694	ID7448	94.754	934	34	2	507450	508368	516587	517520	0.0	1469
IDMHP694	ID7448	95.158	950	25	8	721517	722452	744754	745696	0.0	1489
IDMHP694	ID7448	94.508	965	52	1	865620	866584	515823	514860	0.0	1498
IDMHP694	ID7448	68.758	4446	1184	58	328017	332341	388267	383906	0.0	1680
IDMHP694	ID7448	68.739	4440	1196	52	344580	348942	371682	367358	0.0	1689
IDMHP694	ID7448	77.672	2208	451	16	571445	573624	361805	363998	0.0	1726
IDMHP694	ID7448	96.237	1116	41	1	357353	358468	398797	399911	0.0	1820
IDMHP694	ID7448	95.952	1161	47	0	357308	358468	408098	409258	0.0	1883
IDMHP694	ID7448	84.152	1874	280	7	764117	765985	794042	795903	0.0	2025
IDMHP694	ID7448	98.216	1177	21	0	14410	15586	33322	34498	0.0	2029
IDMHP694	ID7448	95.925	1276	50	2	357193	358468	112498	113771	0.0	2060
IDMHP694	ID7448	99.488	1172	5	1	224965	226135	258876	260047	0.0	2084
IDMHP694	ID7448	90.833	1560	134	1	756710	758260	794864	796423	0.0	2173
IDMHP694	ID7448	99.373	1595	9	1	866582	868176	558788	560381	0.0	2828
IDMHP694	ID7448	99.436	1595	9	0	866582	868176	256963	258557	0.0	2837
IDMHP694	ID7448	99.623	1593	6	0	866584	868176	913976	912384	0.0	2847
IDMHP694	ID7448	99.624	1595	6	0	866582	868176	396885	398479	0.0	2850
IDMHP694	ID7448	99.686	1593	5	0	866584	868176	856829	855237	0.0	2851
IDMHP694	ID7448	99.686	1593	5	0	866584	868176	647225	645633	0.0	2851
IDMHP694	ID7448	99.686	1593	5	0	866584	868176	281833	283425	0.0	2851
IDMHP694	ID7448	99.686	1593	5	0	866584	868176	153000	151408	0.0	2851
IDMHP694	ID7448	99.687	1595	5	0	866582	868176	266978	265384	0.0	2855
IDMHP694	ID7448	95.207	1836	86	2	719581	721416	742888	744721	0.0	2908
IDMHP694	ID7448	95.783	1897	79	1	759512	761407	793032	794928	0.0	3057
IDMHP694	ID7448	77.300	4392	833	47	10074	14354	29019	33357	0.0	3362
IDMHP694	ID7448	96.840	2057	55	4	481264	483313	488536	490589	0.0	3408
IDMHP694	ID7448	98.086	2194	32	3	3	2192	14857	17044	0.0	3764
IDMHP694	ID7448	98.908	2197	24	0	862712	864908	225237	227433	0.0	3855
IDMHP694	ID7448	99.045	2198	20	1	862712	864909	141645	139449	0.0	3866
IDMHP694	ID7448	98.924	3347	29	3	570279	573624	603933	607273	0.0	5867
IDMHP694	ID7448	98.784	3535	38	2	10074	13608	23355	26884	0.0	6177
IDMHP694	ID7448	99.636	3573	13	0	156814	160386	187986	184414	0.0	6386
IDMHP694	ID7448	97.995	3891	72	4	710557	714447	753909	757793	0.0	6653
IDMHP694	ID7448	96.525	4288	96	9	714090	718366	745696	749941	0.0	7069
IDMHP694	ID7448	97.553	4659	93	9	761508	766147	794864	799520	0.0	7867
IDMHP694	ID7448	98.793	4890	26	3	226496	231365	260189	265065	0.0	8569
IDMHP694	ID7448	98.164	5664	56	6	189304	194966	151089	145473	0.0	9762
IDMHP694	ID7448	96.972	5977	110	11	850373	856296	885183	891141	0.0	9978
IDMHP694	ID7448	98.326	6094	86	4	606033	612125	639236	645314	0.0	10527
IDMHP694	ID7448	98.097	6147	105	5	3841	9976	17289	23434	0.0	10547
IDMHP694	ID7448	97.465	6350	95	10	856250	862581	891176	897477	0.0	10741
IDMHP694	ID7448	99.230	6104	47	0	420205	426308	920079	913976	0.0	10797
IDMHP694	ID7448	98.225	6536	98	6	508742	515275	540708	547227	0.0	11254
IDMHP694	ID7448	93.910	7439	338	32	314675	322027	354052	361461	0.0	11333
IDMHP694	ID7448	97.245	6934	175	7	350010	356935	389278	396203	0.0	11627
IDMHP694	ID7448	98.773	7174	88	0	239017	246190	274660	281833	0.0	12541
IDMHP694	ID7448	99.038	7278	42	5	358848	366123	400997	408248	0.0	12813
IDMHP694	ID7448	97.078	7837	154	12	710557	718366	746089	753877	0.0	13115
IDMHP694	ID7448	98.430	7705	106	5	231215	238916	266976	274668	0.0	13341
IDMHP694	ID7448	98.837	8081	79	5	642926	651004	678524	686591	0.0	14141
IDMHP694	ID7448	98.954	8700	55	7	180675	189343	161691	152997	0.0	15281
IDMHP694	ID7448	97.903	9059	155	10	710557	719592	749973	759019	0.0	15467
IDMHP694	ID7448	96.364	11607	355	14	515377	526963	547231	558790	0.0	19027
IDMHP694	ID7448	99.290	10982	70	1	298501	309474	335925	346906	0.0	19456
IDMHP694	ID7448	99.450	11457	59	2	16542	27997	35199	46652	0.0	20373
IDMHP694	ID7448	98.598	12552	156	10	766180	778721	799477	812018	0.0	21816
IDMHP694	ID7448	98.710	13567	158	5	836715	850272	871630	885188	0.0	23671
IDMHP694	ID7448	99.419	14623	66	5	426277	440892	912065	897455	0.0	25983
IDMHP694	ID7448	99.729	14760	38	2	821805	836563	856829	871587	0.0	26431
IDMHP694	ID7448	99.498	14953	65	5	405255	420204	14946	1	0.0	26615
IDMHP694	ID7448	99.183	15661	109	6	282765	298421	320294	335939	0.0	27656
IDMHP694	ID7448	99.364	15730	96	4	693956	709684	729352	745078	0.0	27903
IDMHP694	ID7448	98.801	16604	164	10	78214	94815	96644	113214	0.0	29033
IDMHP694	ID7448	99.276	16997	115	3	804856	821851	837929	854918	0.0	30092
IDMHP694	ID7448	93.061	21243	1267	51	526956	548111	560699	581821	0.0	31621
IDMHP694	ID7448	99.166	20982	142	12	160349	181312	184388	163422	0.0	37026
IDMHP694	ID7448	98.072	22094	336	14	548212	570291	581818	603835	0.0	37942
IDMHP694	ID7448	99.315	23519	136	6	483844	507341	490936	514450	0.0	41684
IDMHP694	ID7448	99.025	24320	117	18	94993	119274	115289	139526	0.0	42817
IDMHP694	ID7448	98.118	25927	323	29	778823	804678	812012	837844	0.0	44575
IDMHP694	ID7448	98.925	25677	227	10	324252	349909	363601	389247	0.0	45061
IDMHP694	ID7448	99.372	28815	175	2	196178	224987	228151	256964	0.0	51145
IDMHP694	ID7448	97.988	31016	474	21	612036	642944	647225	678197	0.0	53161
IDMHP694	ID7448	98.937	31599	277	18	574388	605953	607683	639255	0.0	55443
IDMHP694	ID7448	99.121	32405	268	7	722488	754885	758716	791110	0.0	57138
IDMHP694	ID7448	99.361	36484	192	9	246135	282587	283744	320217	0.0	64741
IDMHP694	ID7448	99.154	37335	239	14	119375	156639	225313	187986	0.0	65911
IDMHP694	ID7448	97.977	39049	660	36	366224	405236	409270	448224	0.0	66814
IDMHP694	ID7448	99.288	39729	250	13	441102	480806	448130	487849	0.0	70342
IDMHP694	ID7448	99.090	42761	352	15	651105	693855	686594	729327	0.0	75327
IDMHP694	ID7448	99.434	49961	271	8	27951	77906	46768	96721	0.0	88798
IDMHP694	ID7448	86.338	527	63	3	516109	516632	604231	603711	5.89e-176	621
IDMHP694	ID7448	94.681	376	18	1	483368	483743	490570	490943	4.24e-165	586
IDMHP694	ID7448	99.652	287	1	0	508469	508755	517611	517897	2.20e-143	514
IDMHP694	ID7448	76.609	637	146	1	349102	349735	488040	488676	5.53e-132	476
IDMHP694	ID7448	92.857	308	20	2	514969	515275	517216	517522	2.20e-124	450
IDMHP694	ID7448	67.497	1526	406	34	247538	249016	678012	679494	9.36e-123	444
IDMHP694	ID7448	99.582	239	1	0	870937	871175	912357	912119	2.51e-117	427
IDMHP694	ID7448	99.582	239	1	0	870937	871175	855210	854972	2.51e-117	427
IDMHP694	ID7448	99.582	239	1	0	870937	871175	283452	283690	2.51e-117	427
IDMHP694	ID7448	99.582	239	1	0	870937	871175	265357	265119	2.51e-117	427
IDMHP694	ID7448	99.582	239	1	0	870937	871175	151381	151143	2.51e-117	427
IDMHP694	ID7448	99.163	239	2	0	870937	871175	645606	645368	3.06e-116	423
IDMHP694	ID7448	99.163	239	2	0	870937	871175	560408	560646	3.06e-116	423
IDMHP694	ID7448	99.163	239	2	0	870937	871175	258584	258822	3.06e-116	423
IDMHP694	ID7448	98.326	239	4	0	870937	871175	837767	838005	1.58e-113	414
IDMHP694	ID7448	98.326	239	4	0	870937	871175	398506	398744	1.58e-113	414
IDMHP694	ID7448	71.713	753	196	7	392254	393004	533172	533909	9.37e-104	382
IDMHP694	ID7448	89.209	278	11	2	3001	3262	17021	17295	1.39e-101	375
IDMHP694	ID7448	97.630	211	5	0	321817	322027	346907	347117	1.07e-96	359
IDMHP694	ID7448	96.552	203	6	1	804476	804678	560284	560485	1.49e-88	332
IDMHP694	ID7448	94.787	211	11	0	386348	386558	396180	396390	1.49e-88	332
IDMHP694	ID7448	96.552	203	6	1	804476	804678	258460	258661	1.49e-88	332
IDMHP694	ID7448	96.059	203	7	1	804476	804678	151505	151304	1.81e-87	327
IDMHP694	ID7448	89.764	254	16	5	570039	570291	517833	517589	1.81e-87	328
IDMHP694	ID7448	96.059	203	7	1	804476	804678	912481	912280	1.81e-87	327
IDMHP694	ID7448	96.059	203	7	1	804476	804678	855334	855133	1.81e-87	327
IDMHP694	ID7448	96.059	203	7	1	804476	804678	645730	645529	1.81e-87	327
IDMHP694	ID7448	96.059	203	7	1	804476	804678	398382	398583	1.81e-87	327
IDMHP694	ID7448	96.059	203	7	1	804476	804678	283328	283529	1.81e-87	327
IDMHP694	ID7448	96.059	203	7	1	804476	804678	265481	265280	1.81e-87	327
IDMHP694	ID7448	92.453	212	10	1	324059	324264	348829	349040	1.39e-82	312
IDMHP694	ID7448	88.745	231	25	1	384489	384718	912292	912062	3.07e-78	297
IDMHP694	ID7448	88.745	231	25	1	384489	384718	283517	283747	3.07e-78	297
IDMHP694	ID7448	88.745	231	25	1	384489	384718	151316	151086	3.07e-78	297
IDMHP694	ID7448	88.696	230	25	1	384489	384717	855145	854916	1.07e-77	295
IDMHP694	ID7448	89.238	223	23	1	384489	384710	560473	560695	1.30e-76	291
IDMHP694	ID7448	89.238	223	23	1	384489	384710	265292	265070	1.30e-76	291
IDMHP694	ID7448	89.238	223	23	1	384489	384710	258649	258871	1.30e-76	291
IDMHP694	ID7448	88.210	229	26	1	384489	384716	645541	645313	1.59e-75	288
IDMHP694	ID7448	88.312	231	25	2	384489	384718	398571	398800	1.59e-75	288
IDMHP694	ID7448	100.000	156	0	0	226443	226598	260039	260194	6.75e-74	282
IDMHP694	ID7448	71.193	545	132	10	260524	261054	524263	524796	3.28e-65	253
IDMHP694	ID7448	94.194	155	2	1	226118	226265	265041	265195	2.07e-61	242
IDMHP694	ID7448	100.000	131	0	0	322205	322335	560570	560700	2.52e-60	237
IDMHP694	ID7448	97.183	142	1	1	226124	226265	258884	258746	2.52e-60	237
IDMHP694	ID7448	95.385	130	3	1	516503	516632	517587	517713	4.26e-51	206
IDMHP694	ID7448	68.024	491	152	4	261331	261820	525076	525562	1.31e-38	165
IDMHP694	ID7448	100.000	86	0	0	119375	119460	141569	141654	6.76e-36	156
IDMHP694	ID7448	96.591	88	2	1	194879	194966	141655	141569	1.49e-31	142
IDMHP694	ID7448	85.124	121	17	1	333275	333394	26864	26984	2.21e-29	134
IDMHP694	ID7448	81.538	130	22	2	322679	322807	518406	518534	4.87e-25	120
IDMHP694	ID7448	73.856	153	40	0	322795	322947	519470	519622	5.56e-18	96.9
IDMHP694	ID7448	79.279	111	19	1	225773	225879	161713	161603	5.56e-18	96.9
IDMHP694	ID7448	86.957	69	9	0	353626	353694	396347	396415	3.51e-14	85.1
IDMHP694	ID7448	69.403	268	69	10	864513	864775	143721	143462	4.27e-13	81.5
IDMHP694	ID7448	85.000	60	9	0	515376	515435	517525	517584	2.70e-09	68.9
IDMHP694	ID7448	63.793	638	201	18	246629	247251	686506	687128	1.70e-05	56.3
IDMHP694	ID7448	84.783	46	6	1	868884	868928	535491	535446	0.003	49.1
IDMHP694	ID7448	82.692	52	5	3	766379	766428	537019	536970	0.031	44.6
IDMHP694	ID7448	76.562	64	9	2	467874	467931	539524	539461	0.031	45.5
IDMHP694	ID7448	82.979	47	6	2	508745	508791	533979	534023	0.11	42.8
IDMHP694	ID7448	100.000	23	0	0	240846	240868	522446	522424	0.11	42.8
IDMHP694	ID7448	75.714	70	11	3	54894	54959	141853	141786	0.11	42.8
IDMHP694	ID7448	86.111	36	5	0	302021	302056	531697	531732	0.11	43.7
IDMHP694	ID7448	90.909	33	2	1	216872	216904	518334	518365	0.11	43.7
IDMHP694	ID7448	77.358	53	9	1	820427	820476	534873	534925	0.37	41.0
IDMHP694	ID7448	87.500	32	4	0	547958	547989	522993	523024	0.37	41.0
IDMHP694	ID7448	93.103	29	1	1	172707	172735	353602	353575	0.37	41.0
IDMHP694	ID7448	76.271	59	13	1	434486	434543	142532	142590	0.37	41.0
IDMHP694	ID7448	77.778	63	6	4	507260	507317	141910	141851	0.37	41.0
IDMHP694	ID7448	96.296	27	0	1	568309	568334	537102	537076	0.37	41.9
IDMHP694	ID7448	76.271	59	12	1	440511	440569	535455	535511	0.37	41.9
IDMHP694	ID7448	72.727	99	15	6	16508	16600	142468	142560	0.37	41.9
IDMHP694	ID7448	92.308	26	2	0	155947	155972	538968	538993	1.3	39.2
IDMHP694	ID7448	75.926	54	9	1	760131	760180	527173	527120	1.3	39.2
IDMHP694	ID7448	100.000	21	0	0	22479	22499	525979	525999	1.3	39.2
IDMHP694	ID7448	75.862	58	13	1	274030	274087	523883	523939	1.3	39.2
IDMHP694	ID7448	80.488	41	8	0	329816	329856	523874	523914	1.3	39.2
IDMHP694	ID7448	74.627	67	9	3	109244	109305	350090	350153	1.3	39.2
IDMHP694	ID7448	85.714	35	3	1	661649	661683	142663	142695	1.3	39.2
IDMHP694	ID7448	82.927	41	6	1	568313	568353	539883	539922	1.3	40.1
IDMHP694	ID7448	75.926	54	13	0	24407	24460	538962	539015	1.3	40.1
IDMHP694	ID7448	88.571	35	1	2	614845	614876	535386	535420	1.3	40.1
IDMHP694	ID7448	76.364	55	10	1	87105	87156	535139	535193	1.3	40.1
IDMHP694	ID7448	95.833	24	1	0	379454	379477	534423	534446	1.3	40.1
IDMHP694	ID7448	80.952	42	4	1	151248	151285	526175	526134	1.3	40.1
IDMHP694	ID7448	95.833	24	1	0	357031	357054	519932	519955	1.3	40.1
IDMHP694	ID7448	72.840	81	16	3	94940	95015	519955	519876	1.3	40.1
IDMHP694	ID7448	85.294	34	5	0	347831	347864	352041	352008	1.3	40.1
IDMHP694	ID7448	92.000	25	2	0	320946	320970	729317	729341	4.6	37.4
IDMHP694	ID7448	100.000	20	0	0	870380	870399	539956	539975	4.6	37.4
IDMHP694	ID7448	87.500	32	3	1	791192	791222	538987	539018	4.6	37.4
IDMHP694	ID7448	92.000	25	2	0	30255	30279	538979	538955	4.6	37.4
IDMHP694	ID7448	83.784	37	5	1	241293	241329	538884	538919	4.6	37.4
IDMHP694	ID7448	86.667	30	4	0	278941	278970	538544	538573	4.6	37.4
IDMHP694	ID7448	92.593	27	1	1	155947	155972	537908	537934	4.6	37.4
IDMHP694	ID7448	82.857	35	6	0	803238	803272	537479	537445	4.6	37.4
IDMHP694	ID7448	80.952	42	7	1	277075	277116	537119	537079	4.6	37.4
IDMHP694	ID7448	100.000	20	0	0	434866	434885	532429	532448	4.6	37.4
IDMHP694	ID7448	92.000	25	2	0	419442	419466	532184	532160	4.6	37.4
IDMHP694	ID7448	73.016	63	13	1	574406	574468	532155	532097	4.6	37.4
IDMHP694	ID7448	100.000	20	0	0	776279	776298	526519	526500	4.6	37.4
IDMHP694	ID7448	81.633	49	2	4	504444	504489	523788	523832	4.6	37.4
IDMHP694	ID7448	100.000	20	0	0	32296	32315	518708	518727	4.6	37.4
IDMHP694	ID7448	87.500	32	3	1	559882	559912	518695	518726	4.6	37.4
IDMHP694	ID7448	78.723	47	9	1	518574	518620	350389	350344	4.6	37.4
IDMHP694	ID7448	100.000	20	0	0	81908	81927	349470	349489	4.6	37.4
IDMHP694	ID7448	76.000	50	12	0	812146	812195	184455	184406	4.6	37.4
IDMHP694	ID7448	82.857	35	6	0	847119	847153	141923	141889	4.6	37.4
IDMHP694	ID7448	84.848	33	5	0	579952	579984	891207	891175	4.6	38.3
IDMHP694	ID7448	77.083	48	6	1	658001	658043	532028	532075	4.6	38.3
IDMHP694	ID7448	82.500	40	6	1	508655	508694	531060	531098	4.6	38.3
IDMHP694	ID7448	89.286	28	3	0	64322	64349	528580	528553	4.6	38.3
IDMHP694	ID7448	89.286	28	3	0	79210	79237	526057	526030	4.6	38.3
IDMHP694	ID7448	85.714	35	4	1	346296	346330	523000	523033	4.6	38.3
IDMHP694	ID7448	77.778	54	9	2	639921	639971	350487	350434	4.6	38.3
