IDMHP691	ID7448	87.992	508	56	1	897541	898043	388754	389261	0.0	642
IDMHP691	ID7448	78.195	798	174	0	50699	51496	20342	21139	0.0	655
IDMHP691	ID7448	99.461	371	2	0	226604	226974	163350	162980	0.0	661
IDMHP691	ID7448	97.044	406	12	0	228617	229022	164058	163653	0.0	679
IDMHP691	ID7448	70.812	1528	419	19	243403	244917	141645	140132	0.0	684
IDMHP691	ID7448	97.156	422	10	1	552985	553406	488253	487834	0.0	705
IDMHP691	ID7448	79.926	807	144	8	48270	49061	25178	25981	0.0	706
IDMHP691	ID7448	84.139	662	82	7	402705	403351	517009	516356	0.0	710
IDMHP691	ID7448	71.139	1528	415	18	243403	244917	225237	226751	0.0	710
IDMHP691	ID7448	94.612	464	23	2	407429	407891	398797	399259	0.0	718
IDMHP691	ID7448	79.925	802	152	2	50695	51496	28452	29244	0.0	720
IDMHP691	ID7448	84.985	646	65	8	378237	378872	115432	114809	0.0	721
IDMHP691	ID7448	100.000	406	0	0	228617	229022	161691	161286	0.0	733
IDMHP691	ID7448	71.373	1537	416	14	247291	248815	145559	144035	0.0	747
IDMHP691	ID7448	87.644	607	46	6	378268	378872	401528	400949	0.0	756
IDMHP691	ID7448	94.824	483	25	0	898044	898526	389185	389667	0.0	759
IDMHP691	ID7448	97.588	456	11	0	898527	898982	163274	163729	0.0	774
IDMHP691	ID7448	71.321	1590	382	21	488548	490105	388428	389975	0.0	784
IDMHP691	ID7448	91.727	556	44	2	535670	536224	489329	489883	0.0	789
IDMHP691	ID7448	70.390	1898	452	40	239920	241779	221789	223614	0.0	809
IDMHP691	ID7448	75.651	1228	280	9	534258	535476	519623	518406	0.0	844
IDMHP691	ID7448	97.642	509	11	1	407384	407891	408098	408606	0.0	861
IDMHP691	ID7448	95.948	543	18	3	406951	407491	396347	396887	0.0	871
IDMHP691	ID7448	98.667	525	7	0	897004	897528	757045	756521	0.0	916
IDMHP691	ID7448	99.048	525	5	0	897004	897528	753109	752585	0.0	925
IDMHP691	ID7448	99.238	525	4	0	897004	897528	749228	748704	0.0	930
IDMHP691	ID7448	68.324	2775	664	67	160597	163283	146247	148894	0.0	934
IDMHP691	ID7448	83.771	875	109	7	488345	489188	517216	516344	0.0	937
IDMHP691	ID7448	97.307	557	15	0	896447	897003	514456	515012	0.0	938
IDMHP691	ID7448	91.875	640	15	2	756503	757142	749152	749754	0.0	945
IDMHP691	ID7448	93.900	623	37	1	407269	407891	112498	113119	0.0	949
IDMHP691	ID7448	70.284	2184	546	33	44382	46529	27139	29255	0.0	957
IDMHP691	ID7448	98.564	557	8	0	896448	897004	607676	607120	0.0	969
IDMHP691	ID7448	75.477	1415	334	4	518087	519490	536864	535452	0.0	982
IDMHP691	ID7448	96.302	622	7	4	553890	554509	604210	603603	0.0	1015
IDMHP691	ID7448	71.104	2291	568	40	46824	49072	18909	21147	0.0	1052
IDMHP691	ID7448	95.137	658	14	1	756503	757142	753033	753690	0.0	1055
IDMHP691	ID7448	97.344	640	17	0	756503	757142	756969	757608	0.0	1078
IDMHP691	ID7448	96.897	709	22	0	408068	408776	113792	114500	0.0	1180
IDMHP691	ID7448	97.038	709	21	0	408068	408776	399932	400640	0.0	1185
IDMHP691	ID7448	92.250	800	17	4	895651	896448	749907	749151	0.0	1187
IDMHP691	ID7448	83.564	1156	166	5	376026	377178	347608	348742	0.0	1228
IDMHP691	ID7448	69.879	2895	774	27	381641	384491	388267	385427	0.0	1257
IDMHP691	ID7448	96.565	786	21	1	895663	896448	757747	756968	0.0	1297
IDMHP691	ID7448	99.451	729	4	0	552985	553713	516796	517524	0.0	1297
IDMHP691	ID7448	70.901	2763	682	36	524599	527321	526953	524273	0.0	1306
IDMHP691	ID7448	96.241	798	18	1	895663	896448	753829	753032	0.0	1311
IDMHP691	ID7448	70.152	2898	773	22	399706	402545	370221	367358	0.0	1311
IDMHP691	ID7448	73.948	2211	464	36	44382	46552	21484	23622	0.0	1330
IDMHP691	ID7448	95.514	847	37	1	362961	363807	347215	348060	0.0	1353
IDMHP691	ID7448	93.919	888	54	0	535666	536553	515823	514936	0.0	1359
IDMHP691	ID7448	96.359	879	7	1	298618	299471	283449	284327	0.0	1460
IDMHP691	ID7448	94.369	959	49	5	377362	378318	363601	364556	0.0	1469
IDMHP691	ID7448	97.787	949	19	2	894717	895664	750762	749815	0.0	1610
IDMHP691	ID7448	97.694	954	16	2	894716	895664	746879	745927	0.0	1618
IDMHP691	ID7448	96.797	999	21	5	134282	135276	400537	401528	0.0	1645
IDMHP691	ID7448	99.052	949	9	0	894716	895664	754699	753751	0.0	1672
IDMHP691	ID7448	77.814	2132	429	18	616984	619085	361805	363922	0.0	1672
IDMHP691	ID7448	92.876	1137	73	4	793434	794563	790706	791841	0.0	1675
IDMHP691	ID7448	96.771	1115	35	1	132990	134104	398797	399910	0.0	1846
IDMHP691	ID7448	95.866	1161	48	0	132944	134104	408097	409257	0.0	1878
IDMHP691	ID7448	93.176	1275	82	4	489766	491039	489322	490592	0.0	1894
IDMHP691	ID7448	83.477	1852	284	12	796942	798781	792033	793874	0.0	1927
IDMHP691	ID7448	81.209	2118	370	13	794669	796773	797228	799330	0.0	1993
IDMHP691	ID7448	98.307	1181	16	1	519840	521020	535138	533962	0.0	2039
IDMHP691	ID7448	84.727	1853	268	8	794932	796779	794044	795886	0.0	2044
IDMHP691	ID7448	95.879	1359	39	8	520981	522335	532679	531334	0.0	2178
IDMHP691	ID7448	78.973	2706	509	23	790605	793269	796671	799357	0.0	2266
IDMHP691	ID7448	95.757	1579	52	5	890216	891788	748623	747054	0.0	2537
IDMHP691	ID7448	95.992	1572	57	2	890217	891788	756439	754874	0.0	2548
IDMHP691	ID7448	99.861	1442	2	0	227075	228516	163056	161615	0.0	2592
IDMHP691	ID7448	97.203	1573	35	2	890216	891788	752504	750941	0.0	2638
IDMHP691	ID7448	91.410	1886	155	5	532301	534184	350755	348875	0.0	2655
IDMHP691	ID7448	99.346	1529	10	0	891781	893309	913912	912384	0.0	2713
IDMHP691	ID7448	99.346	1529	10	0	891781	893309	396951	398479	0.0	2713
IDMHP691	ID7448	99.411	1529	9	0	891781	893309	856765	855237	0.0	2718
IDMHP691	ID7448	99.411	1529	9	0	891781	893309	647161	645633	0.0	2718
IDMHP691	ID7448	99.411	1529	9	0	891781	893309	281897	283425	0.0	2718
IDMHP691	ID7448	99.411	1529	9	0	891781	893309	266912	265384	0.0	2718
IDMHP691	ID7448	99.411	1529	9	0	891781	893309	152936	151408	0.0	2718
IDMHP691	ID7448	99.477	1530	7	1	891780	893309	558853	560381	0.0	2720
IDMHP691	ID7448	99.542	1530	7	0	891780	893309	257028	258557	0.0	2728
IDMHP691	ID7448	88.128	2468	266	6	791401	793850	794038	796496	0.0	3128
IDMHP691	ID7448	99.026	1848	18	0	53211	55058	33322	35169	0.0	3252
IDMHP691	ID7448	98.228	2032	35	1	796940	798970	797489	799520	0.0	3499
IDMHP691	ID7448	98.141	2206	41	0	247292	249497	225228	227433	0.0	3794
IDMHP691	ID7448	99.615	2598	10	0	685149	687746	675600	678197	0.0	4641
IDMHP691	ID7448	92.885	3303	184	14	363794	367055	350647	353939	0.0	4881
IDMHP691	ID7448	79.656	5589	1034	25	46837	52409	21383	26884	0.0	4934
IDMHP691	ID7448	78.015	6477	1181	73	46801	53155	27002	33357	0.0	5151
IDMHP691	ID7448	98.968	3004	29	2	616080	619083	604194	607195	0.0	5271
IDMHP691	ID7448	96.455	3385	106	5	403635	407018	389591	392962	0.0	5554
IDMHP691	ID7448	98.687	3276	31	5	372340	375608	358194	361464	0.0	5703
IDMHP691	ID7448	92.315	4151	301	8	794664	798808	791765	795903	0.0	6029
IDMHP691	ID7448	99.831	3560	6	0	202580	206139	187973	184414	0.0	6394
IDMHP691	ID7448	94.719	4090	138	10	367265	371307	354471	358529	0.0	6428
IDMHP691	ID7448	98.777	4662	41	3	279000	283648	260407	265065	0.0	8152
IDMHP691	ID7448	97.725	4968	63	7	680125	685048	670645	675606	0.0	8464
IDMHP691	ID7448	98.759	4996	56	4	734544	739535	724358	729351	0.0	8718
IDMHP691	ID7448	98.159	5159	73	5	809636	814789	809842	814983	0.0	8873
IDMHP691	ID7448	98.097	5622	59	5	237724	243302	151089	145473	0.0	9678
IDMHP691	ID7448	95.855	6176	159	13	884096	890216	886611	892744	0.0	10013
IDMHP691	ID7448	98.099	6101	109	2	243403	249497	145549	139450	0.0	10477
IDMHP691	ID7448	98.984	6104	62	0	19271	25374	913976	920079	0.0	10729
IDMHP691	ID7448	97.368	6952	141	12	408068	414992	409279	416215	0.0	11697
IDMHP691	ID7448	99.232	7158	40	6	134282	141429	114397	121549	0.0	12648
IDMHP691	ID7448	99.277	7612	25	3	355251	362860	339548	347131	0.0	13494
IDMHP691	ID7448	99.144	8059	47	7	229713	237763	161041	152997	0.0	14211
IDMHP691	ID7448	99.097	8080	64	5	687728	695805	678524	686596	0.0	14228
IDMHP691	ID7448	98.648	8208	91	9	748198	756402	737639	745829	0.0	14280
IDMHP691	ID7448	99.579	8309	35	0	739636	747944	729345	737653	0.0	14827
IDMHP691	ID7448	97.183	9052	201	16	670850	679863	661627	670662	0.0	15152
IDMHP691	ID7448	99.265	9798	71	1	299572	309369	284336	294132	0.0	17342
IDMHP691	ID7448	98.894	10396	93	7	799007	809393	799483	809865	0.0	18218
IDMHP691	ID7448	99.272	11542	83	1	55159	66699	35165	46706	0.0	20433
IDMHP691	ID7448	99.549	12185	54	1	66599	78783	46714	58897	0.0	21723
IDMHP691	ID7448	96.884	13607	377	10	657274	670846	647225	660818	0.0	22625
IDMHP691	ID7448	98.901	15020	143	2	283498	298517	266976	281973	0.0	26354
IDMHP691	ID7448	98.998	16174	134	8	117942	134104	97614	113770	0.0	28427
IDMHP691	ID7448	99.224	16495	122	6	619186	635677	607600	624091	0.0	29149
IDMHP691	ID7448	99.335	17004	103	5	837207	854203	837918	854918	0.0	30142
IDMHP691	ID7448	96.950	18133	473	20	554560	572662	540708	558790	0.0	30190
IDMHP691	ID7448	99.517	17186	79	4	185296	202479	205167	187984	0.0	30605
IDMHP691	ID7448	98.330	18148	176	14	141530	159653	121482	139526	0.0	31414
IDMHP691	ID7448	98.887	19322	176	8	1	19302	892763	912065	0.0	33875
IDMHP691	ID7448	96.616	21156	667	17	572655	593788	560699	581827	0.0	34892
IDMHP691	ID7448	98.797	20200	146	15	159754	179904	225313	205162	0.0	35353
IDMHP691	ID7448	99.363	20411	117	6	206102	226503	184388	163982	0.0	36208
IDMHP691	ID7448	98.839	21280	181	17	25375	46611	1	21257	0.0	37246
IDMHP691	ID7448	98.986	21310	163	9	636058	657352	624043	645314	0.0	37464
IDMHP691	ID7448	98.652	22037	233	12	593889	615903	581819	603813	0.0	38406
IDMHP691	ID7448	98.952	22329	191	11	814791	837106	815442	837740	0.0	39202
IDMHP691	ID7448	98.994	23759	188	11	491138	514862	490575	514316	0.0	41766
IDMHP691	ID7448	98.493	24755	317	14	378808	403534	364535	389261	0.0	42949
IDMHP691	ID7448	99.306	29230	197	2	249598	278822	227357	256585	0.0	51794
IDMHP691	ID7448	99.223	29840	190	11	854157	883983	856829	886639	0.0	52756
IDMHP691	ID7448	98.762	31736	307	22	416545	448263	416264	447930	0.0	55439
IDMHP691	ID7448	98.305	36156	554	24	757136	793252	757745	793880	0.0	62385
IDMHP691	ID7448	99.074	37782	296	15	695984	733725	686591	724358	0.0	66539
IDMHP691	ID7448	99.352	38731	228	6	79037	117765	58883	97592	0.0	68709
IDMHP691	ID7448	98.755	40715	369	24	448581	489173	447977	488675	0.0	71155
IDMHP691	ID7448	99.133	45534	314	13	309516	354982	294034	339553	0.0	80349
IDMHP691	ID7448	100.000	339	0	0	229123	229461	161362	161024	3.16e-173	612
IDMHP691	ID7448	82.972	599	96	3	489746	490344	515845	515253	3.16e-173	613
IDMHP691	ID7448	95.148	371	18	0	226604	226974	256509	256879	3.61e-166	589
IDMHP691	ID7448	97.959	343	7	0	898983	899325	754958	754616	1.26e-165	588
IDMHP691	ID7448	97.668	343	8	0	898983	899325	747138	746796	1.53e-164	583
IDMHP691	ID7448	97.059	340	7	1	899320	899656	751025	750686	1.18e-159	567
IDMHP691	ID7448	99.035	311	3	0	554263	554573	517587	517897	1.10e-153	548
IDMHP691	ID7448	100.000	295	0	0	298618	298912	837764	838058	2.43e-149	533
IDMHP691	ID7448	97.460	315	8	0	298618	298932	265360	265046	2.43e-149	533
IDMHP691	ID7448	98.026	304	6	0	298618	298921	560405	560708	4.40e-146	522
IDMHP691	ID7448	97.697	304	7	0	298618	298921	258581	258884	1.87e-144	517
IDMHP691	ID7448	93.860	342	13	3	298618	298951	912360	912019	1.87e-144	517
IDMHP691	ID7448	98.986	296	2	1	298618	298913	398503	398797	1.87e-144	517
IDMHP691	ID7448	98.311	296	5	0	298618	298913	855213	854918	7.95e-143	512
IDMHP691	ID7448	98.311	296	5	0	298618	298913	151384	151089	7.95e-143	512
IDMHP691	ID7448	97.973	296	6	0	298618	298913	645609	645314	9.68e-142	508
IDMHP691	ID7448	90.556	360	31	3	560786	561143	517226	517584	3.17e-135	486
IDMHP691	ID7448	76.791	642	144	2	402705	403346	488040	488676	3.86e-134	482
IDMHP691	ID7448	90.028	361	28	4	753064	753419	745695	746052	4.70e-133	479
IDMHP691	ID7448	68.019	1454	374	35	300386	301791	678012	679422	2.28e-124	451
IDMHP691	ID7448	71.289	923	237	11	377353	378254	515271	514356	2.78e-123	446
IDMHP691	ID7448	99.156	237	2	0	901101	901337	347291	347055	3.86e-115	419
IDMHP691	ID7448	98.319	238	4	0	901338	901575	752427	752664	5.73e-113	412
IDMHP691	ID7448	100.000	225	0	0	536654	536878	514533	514309	2.44e-111	407
IDMHP691	ID7448	97.899	238	5	0	901338	901575	756363	756600	2.44e-111	407
IDMHP691	ID7448	97.899	238	5	0	901338	901575	748546	748783	2.44e-111	407
IDMHP691	ID7448	92.832	279	17	2	362961	363239	361559	361834	2.44e-111	407
IDMHP691	ID7448	96.624	237	8	0	901101	901337	361635	361399	5.37e-107	392
IDMHP691	ID7448	71.580	753	197	7	435586	436336	533172	533909	1.18e-102	378
IDMHP691	ID7448	95.261	211	9	1	429680	429889	396180	396390	4.41e-89	333
IDMHP691	ID7448	88.627	255	19	5	432726	432974	407382	407632	3.39e-84	316
IDMHP691	ID7448	92.453	212	10	1	377169	377374	348829	349040	1.44e-82	312
IDMHP691	ID7448	98.765	162	2	0	227075	227236	256803	256964	2.00e-74	284
IDMHP691	ID7448	82.807	285	40	7	894435	894716	407457	407179	4.41e-70	270
IDMHP691	ID7448	91.579	190	14	2	635919	636107	647085	647273	1.88e-68	264
IDMHP691	ID7448	66.667	1062	293	25	529616	530630	522373	521326	6.55e-68	262
IDMHP691	ID7448	85.903	227	31	1	894488	894714	404005	404230	6.55e-68	262
IDMHP691	ID7448	92.308	182	10	2	298336	298517	396850	397027	2.29e-67	260
IDMHP691	ID7448	99.315	146	1	0	298372	298517	266981	266836	7.98e-67	260
IDMHP691	ID7448	98.621	145	2	0	448259	448403	856833	856689	3.39e-65	253
IDMHP691	ID7448	71.837	490	123	5	523427	523913	528190	527713	3.39e-65	253
IDMHP691	ID7448	97.945	146	3	0	298372	298517	256960	257105	4.13e-64	251
IDMHP691	ID7448	99.291	141	1	0	635919	636059	152860	153000	4.13e-64	251
IDMHP691	ID7448	98.601	143	2	0	448261	448403	913978	913836	4.13e-64	250
IDMHP691	ID7448	71.009	545	133	10	313622	314152	524263	524796	1.44e-63	249
IDMHP691	ID7448	97.917	144	3	0	298374	298517	558787	558930	5.03e-63	247
IDMHP691	ID7448	94.697	132	6	1	753287	753418	396309	396179	5.38e-50	204
IDMHP691	ID7448	96.000	125	2	1	366410	366531	353933	354057	1.88e-49	202
IDMHP691	ID7448	100.000	107	0	0	899734	899840	447991	447885	2.79e-47	194
IDMHP691	ID7448	67.594	611	181	8	227214	227815	258876	259478	1.19e-45	189
IDMHP691	ID7448	96.774	93	3	0	429680	429772	393042	392950	2.44e-35	155
IDMHP691	ID7448	95.745	94	4	0	753325	753418	392950	393043	8.53e-35	152
IDMHP691	ID7448	90.756	119	6	4	367113	367228	26893	27009	8.53e-35	152
IDMHP691	ID7448	85.124	121	17	1	386886	387005	26864	26984	2.29e-29	134
IDMHP691	ID7448	84.167	120	14	3	367094	367210	404255	404138	1.44e-25	123
IDMHP691	ID7448	73.611	216	50	5	134924	135137	407674	407464	6.14e-24	117
IDMHP691	ID7448	82.946	129	11	7	367089	367210	407149	407273	7.49e-23	113
IDMHP691	ID7448	68.038	316	96	2	716069	716384	408102	407792	2.61e-22	111
IDMHP691	ID7448	65.258	639	179	18	531159	531771	520785	520164	9.12e-22	110
IDMHP691	ID7448	89.231	65	7	0	415204	415268	416207	416271	1.04e-14	86.9
IDMHP691	ID7448	79.787	94	15	1	228418	228511	259685	259774	3.63e-14	84.2
IDMHP691	ID7448	75.172	145	26	6	899657	899799	407254	407118	1.27e-13	82.4
IDMHP691	ID7448	71.978	182	41	6	228841	229016	259746	259923	4.42e-13	81.5
IDMHP691	ID7448	67.788	208	65	2	515303	515509	538413	538207	9.74e-09	67.1
IDMHP691	ID7448	75.269	93	21	1	378670	378762	407667	407757	1.19e-07	62.6
IDMHP691	ID7448	67.907	215	55	7	533562	533772	530428	530632	1.45e-06	59.0
IDMHP691	ID7448	68.786	173	45	5	522641	522810	528937	528771	1.76e-05	55.4
IDMHP691	ID7448	77.500	80	12	3	42483	42557	259924	259846	1.76e-05	56.3
IDMHP691	ID7448	68.254	126	40	0	532712	532837	529608	529733	0.003	48.2
IDMHP691	ID7448	84.783	46	6	1	134381	134425	535446	535491	0.003	49.1
IDMHP691	ID7448	74.324	74	19	0	428881	428954	404888	404815	0.003	49.1
IDMHP691	ID7448	75.000	76	16	2	902136	902211	519883	519955	0.009	46.4
IDMHP691	ID7448	83.673	49	5	2	432730	432776	404027	403980	0.009	47.3
IDMHP691	ID7448	90.909	33	3	0	552490	552522	394601	394569	0.009	47.3
IDMHP691	ID7448	76.562	64	9	2	475490	475547	539524	539461	0.032	45.5
IDMHP691	ID7448	92.857	28	2	0	583301	583328	540395	540368	0.11	42.8
IDMHP691	ID7448	79.167	48	10	0	522448	522495	531187	531140	0.11	42.8
IDMHP691	ID7448	100.000	23	0	0	293025	293047	522446	522424	0.11	42.8
IDMHP691	ID7448	100.000	23	0	0	514861	514883	517893	517915	0.11	42.8
IDMHP691	ID7448	71.795	78	22	0	133385	133462	409189	409266	0.11	42.8
IDMHP691	ID7448	82.979	47	5	2	799194	799239	537019	536975	0.11	43.7
IDMHP691	ID7448	90.909	33	2	1	271087	271119	518334	518365	0.11	43.7
IDMHP691	ID7448	86.842	38	4	1	496217	496254	406151	406115	0.11	43.7
IDMHP691	ID7448	68.382	136	33	4	431067	431197	404833	404963	0.11	43.7
IDMHP691	ID7448	90.909	33	2	1	81757	81789	401819	401788	0.11	43.7
IDMHP691	ID7448	81.250	48	8	1	809387	809434	401536	401490	0.11	43.7
IDMHP691	ID7448	87.500	32	4	0	593629	593660	522993	523024	0.39	41.0
IDMHP691	ID7448	80.952	42	8	0	739270	739311	404280	404239	0.39	41.0
IDMHP691	ID7448	76.923	52	12	0	535408	535459	395263	395314	0.39	41.0
IDMHP691	ID7448	71.579	95	18	4	204588	204675	393086	393178	0.39	41.0
IDMHP691	ID7448	83.784	37	6	0	688654	688690	260081	260117	0.39	41.0
IDMHP691	ID7448	78.333	60	8	3	742424	742483	406656	406602	0.39	41.9
IDMHP691	ID7448	92.308	26	2	0	407838	407863	539956	539981	1.4	39.2
IDMHP691	ID7448	92.308	26	2	0	201785	201810	538968	538993	1.4	39.2
IDMHP691	ID7448	75.862	58	13	1	327096	327153	523883	523939	1.4	39.2
IDMHP691	ID7448	84.211	38	5	1	49026	49062	489218	489181	1.4	39.2
IDMHP691	ID7448	92.857	28	1	1	627409	627435	403882	403855	1.4	39.2
IDMHP691	ID7448	87.097	31	4	0	16694	16724	394543	394513	1.4	39.2
IDMHP691	ID7448	84.211	38	4	1	406591	406628	814998	814963	1.4	40.1
IDMHP691	ID7448	75.926	54	13	0	63058	63111	538962	539015	1.4	40.1
IDMHP691	ID7448	76.364	55	10	1	125871	125922	535139	535193	1.4	40.1
IDMHP691	ID7448	89.655	29	3	0	67184	67212	406449	406477	1.4	40.1
IDMHP691	ID7448	80.000	45	6	1	832612	832653	402750	402794	1.4	40.1
IDMHP691	ID7448	80.000	50	7	2	525173	525219	401712	401663	1.4	40.1
IDMHP691	ID7448	85.294	34	5	0	125545	125578	394328	394361	1.4	40.1
IDMHP691	ID7448	95.833	24	1	0	227977	228000	259637	259660	1.4	40.1
IDMHP691	ID7448	87.500	32	3	1	823728	823758	538987	539018	4.7	37.4
IDMHP691	ID7448	92.000	25	2	0	68957	68981	538979	538955	4.7	37.4
IDMHP691	ID7448	83.784	37	5	1	293472	293508	538884	538919	4.7	37.4
IDMHP691	ID7448	86.667	30	4	0	332003	332032	538544	538573	4.7	37.4
IDMHP691	ID7448	92.593	27	1	1	201785	201810	537908	537934	4.7	37.4
IDMHP691	ID7448	82.857	35	6	0	835750	835784	537479	537445	4.7	37.4
IDMHP691	ID7448	80.952	42	7	1	330141	330182	537119	537079	4.7	37.4
IDMHP691	ID7448	92.000	25	2	0	515257	515281	535218	535194	4.7	37.4
IDMHP691	ID7448	92.593	27	1	1	99757	99783	523823	523848	4.7	37.4
IDMHP691	ID7448	81.633	49	2	4	512099	512144	523788	523832	4.7	37.4
IDMHP691	ID7448	70.175	114	27	5	670228	670340	519646	519539	4.7	37.4
IDMHP691	ID7448	83.784	37	5	1	594104	594139	488757	488793	4.7	37.4
IDMHP691	ID7448	92.593	27	1	1	452312	452338	488654	488679	4.7	37.4
IDMHP691	ID7448	92.000	25	2	0	476949	476973	405379	405355	4.7	37.4
IDMHP691	ID7448	100.000	20	0	0	835774	835793	403045	403064	4.7	37.4
IDMHP691	ID7448	78.333	60	8	4	503000	503055	403082	403024	4.7	37.4
IDMHP691	ID7448	92.000	25	2	0	252859	252883	395107	395131	4.7	37.4
IDMHP691	ID7448	84.615	39	3	2	722691	722729	540008	540043	4.7	38.3
IDMHP691	ID7448	89.286	28	3	0	103300	103327	528580	528553	4.7	38.3
IDMHP691	ID7448	73.016	63	17	0	527723	527785	524042	523980	4.7	38.3
IDMHP691	ID7448	89.286	28	3	0	756682	756709	523489	523516	4.7	38.3
IDMHP691	ID7448	85.714	35	4	1	399901	399935	523000	523033	4.7	38.3
IDMHP691	ID7448	96.000	25	0	1	742804	742828	406719	406696	4.7	38.3
IDMHP691	ID7448	84.615	39	3	2	875862	875898	403317	403280	4.7	38.3
IDMHP691	ID7448	79.545	44	6	1	383815	383858	401822	401862	4.7	38.3
IDMHP691	ID7448	85.714	35	4	1	435780	435813	354488	354454	4.7	38.3
IDMHP691	ID7448	95.652	23	1	0	888805	888827	354277	354299	4.7	38.3
