ID7448	ID7448	96.882	417	12	1	645315	645730	838058	837642	0.0	691
ID7448	ID7448	96.882	417	12	1	837642	838058	645730	645315	0.0	691
ID7448	ID7448	97.122	417	11	1	837642	838058	912481	912066	0.0	695
ID7448	ID7448	97.122	417	11	1	837642	838058	855334	854919	0.0	695
ID7448	ID7448	97.122	417	11	1	837642	838058	560284	560699	0.0	695
ID7448	ID7448	97.122	417	11	1	837642	838058	265481	265066	0.0	695
ID7448	ID7448	97.122	417	11	1	837642	838058	151505	151090	0.0	695
ID7448	ID7448	97.129	418	11	1	258460	258876	837642	838059	0.0	697
ID7448	ID7448	97.129	418	11	1	837642	838059	258460	258876	0.0	697
ID7448	ID7448	96.487	427	14	1	283328	283753	837642	838068	0.0	700
ID7448	ID7448	96.487	427	14	1	837642	838068	283328	283753	0.0	700
ID7448	ID7448	87.654	567	68	2	489318	489883	515830	515265	0.0	700
ID7448	ID7448	87.654	567	68	2	515265	515830	489883	489318	0.0	700
ID7448	ID7448	97.602	417	8	2	837642	838058	398382	398796	0.0	700
ID7448	ID7448	84.569	661	85	8	388428	389078	517009	516356	0.0	712
ID7448	ID7448	84.569	661	85	8	516356	517009	389078	388428	0.0	712
ID7448	ID7448	71.624	1533	407	18	144035	145553	226751	225233	0.0	748
ID7448	ID7448	71.624	1533	407	18	225233	226751	145553	144035	0.0	748
ID7448	ID7448	71.800	1539	405	19	140132	141655	144035	145559	0.0	760
ID7448	ID7448	71.800	1539	405	19	144035	145559	140132	141655	0.0	760
ID7448	ID7448	81.219	804	139	4	22789	23580	25178	25981	0.0	763
ID7448	ID7448	81.219	804	139	4	25178	25981	22789	23580	0.0	763
ID7448	ID7448	81.196	803	148	1	25179	25981	20340	21139	0.0	766
ID7448	ID7448	81.615	805	136	3	25177	25981	28452	29244	0.0	783
ID7448	ID7448	81.615	805	136	3	28452	29244	25177	25981	0.0	783
ID7448	ID7448	70.126	1898	455	41	147037	148894	223614	221789	0.0	783
ID7448	ID7448	70.126	1898	455	41	221789	223614	148894	147037	0.0	783
ID7448	ID7448	95.029	523	26	0	162895	163417	256964	256442	0.0	827
ID7448	ID7448	95.029	523	26	0	256442	256964	163417	162895	0.0	827
ID7448	ID7448	92.712	590	37	3	346907	347493	361248	361834	0.0	863
ID7448	ID7448	92.712	590	37	3	361248	361834	346907	347493	0.0	863
ID7448	ID7448	83.777	826	118	4	28432	29247	30866	31685	0.0	883
ID7448	ID7448	83.777	826	118	4	30866	31685	28432	29247	0.0	883
ID7448	ID7448	91.667	660	32	4	161032	161691	163422	164058	0.0	946
ID7448	ID7448	91.667	660	32	4	163422	164058	161032	161691	0.0	946
ID7448	ID7448	70.591	2166	551	33	19019	21147	27139	29255	0.0	964
ID7448	ID7448	70.591	2166	551	33	27139	29255	19019	21147	0.0	964
ID7448	ID7448	87.967	856	89	2	487834	488675	517217	516362	0.0	1084
ID7448	ID7448	87.967	856	89	2	516362	517217	488675	487834	0.0	1084
ID7448	ID7448	74.468	2162	470	30	19019	21150	21484	23593	0.0	1350
ID7448	ID7448	74.468	2162	470	30	21484	23593	19019	21150	0.0	1350
ID7448	ID7448	93.428	913	52	5	514363	515274	607770	606865	0.0	1361
ID7448	ID7448	93.428	913	52	5	606865	607770	515274	514363	0.0	1361
ID7448	ID7448	68.736	4446	1185	58	367358	371682	388267	383906	0.0	1675
ID7448	ID7448	68.736	4446	1185	58	383906	388267	371682	367358	0.0	1675
ID7448	ID7448	75.999	2729	595	24	361805	364507	605097	607791	0.0	1915
ID7448	ID7448	75.999	2729	595	24	605097	607791	361805	364507	0.0	1915
ID7448	ID7448	83.885	1874	285	7	794042	795903	797489	799357	0.0	2003
ID7448	ID7448	83.885	1874	285	7	797489	799357	794042	795903	0.0	2003
ID7448	ID7448	84.341	1852	277	7	794044	795886	792033	793880	0.0	2013
ID7448	ID7448	79.426	2683	508	24	791213	793874	796671	799330	0.0	2282
ID7448	ID7448	79.426	2683	508	24	796671	799330	791213	793874	0.0	2282
ID7448	ID7448	72.672	5467	1271	74	21460	26802	27115	32482	0.0	2992
ID7448	ID7448	72.672	5467	1271	74	27115	32482	21460	26802	0.0	2992
ID7448	ID7448	96.369	1845	66	1	398797	400640	408143	409987	0.0	3022
ID7448	ID7448	96.369	1845	66	1	408143	409987	398797	400640	0.0	3022
ID7448	ID7448	96.192	1891	71	1	112611	114500	408097	409987	0.0	3083
ID7448	ID7448	96.192	1891	71	1	408097	409987	112611	114500	0.0	3083
ID7448	ID7448	99.008	1916	18	1	558786	560700	647229	645314	0.0	3367
ID7448	ID7448	99.008	1916	18	1	645314	647229	560700	558786	0.0	3367
ID7448	ID7448	99.111	1912	16	1	558790	560700	856829	854918	0.0	3369
ID7448	ID7448	99.111	1912	16	1	558790	560700	153000	151089	0.0	3369
ID7448	ID7448	99.061	1916	17	1	558786	560700	281829	283744	0.0	3371
ID7448	ID7448	99.060	1914	18	0	645315	647228	258875	256962	0.0	3371
ID7448	ID7448	99.164	1915	14	2	558787	560700	396884	398797	0.0	3375
ID7448	ID7448	98.660	1940	21	2	256939	258875	281806	283743	0.0	3378
ID7448	ID7448	99.012	1923	18	1	265057	266979	560708	558787	0.0	3379
ID7448	ID7448	99.012	1923	18	1	558787	560708	266979	265057	0.0	3379
ID7448	ID7448	99.268	1912	13	1	558790	560700	913976	912065	0.0	3382
ID7448	ID7448	99.117	1925	17	0	256960	258884	266981	265057	0.0	3396
ID7448	ID7448	99.117	1925	17	0	265057	266981	258884	256960	0.0	3396
ID7448	ID7448	99.374	1916	11	1	396887	398801	153000	151085	0.0	3398
ID7448	ID7448	98.095	1995	28	6	281800	283785	396850	398843	0.0	3409
ID7448	ID7448	98.095	1995	28	6	396850	398843	281800	283785	0.0	3409
ID7448	ID7448	99.583	1918	7	1	396887	398803	913976	912059	0.0	3420
ID7448	ID7448	99.687	1914	6	0	645313	647226	912064	913977	0.0	3425
ID7448	ID7448	99.687	1914	6	0	912064	913977	645313	647226	0.0	3425
ID7448	ID7448	99.226	1939	12	1	265038	266976	912041	913976	0.0	3428
ID7448	ID7448	99.226	1939	12	1	912041	913976	265038	266976	0.0	3428
ID7448	ID7448	99.739	1917	5	0	151086	153002	912062	913978	0.0	3435
ID7448	ID7448	99.739	1917	5	0	912062	913978	151086	153002	0.0	3435
ID7448	ID7448	99.330	1940	12	1	854892	856831	912040	913978	0.0	3437
ID7448	ID7448	99.330	1940	12	1	912040	913978	854892	856831	0.0	3437
ID7448	ID7448	99.844	1918	3	0	265062	266979	645311	647228	0.0	3446
ID7448	ID7448	99.896	1917	2	0	151085	153001	645310	647226	0.0	3449
ID7448	ID7448	99.434	1944	7	2	265034	266976	854889	856829	0.0	3452
ID7448	ID7448	99.434	1944	7	2	854889	856829	265034	266976	0.0	3452
ID7448	ID7448	98.837	1977	18	3	645281	647257	854889	856860	0.0	3453
ID7448	ID7448	98.837	1977	18	3	854889	856860	645281	647257	0.0	3453
ID7448	ID7448	99.844	1926	2	1	281833	283757	153000	151075	0.0	3457
ID7448	ID7448	99.773	2206	4	1	139450	141654	227433	225228	0.0	3953
ID7448	ID7448	99.773	2206	4	1	225228	227433	141654	139450	0.0	3953
ID7448	ID7448	97.635	2748	45	8	112657	115400	398797	401528	0.0	4645
ID7448	ID7448	97.635	2748	45	8	398797	401528	112657	115400	0.0	4645
ID7448	ID7448	96.874	4287	80	10	745696	749941	753520	757793	0.0	7131
ID7448	ID7448	96.874	4287	80	10	753520	757793	745696	749941	0.0	7131
ID7448	ID7448	96.460	8248	188	19	745696	753877	749584	757793	0.0	13567
ID7448	ID7448	100.000	920079	0	0	1	920079	1	920079	0.0	1.659e+06
