IDUFV02	ID7448	86.170	564	35	7	566322	566862	114857	115400	0.0	673
IDUFV02	ID7448	96.643	417	13	1	79545	79961	645730	645315	0.0	686
IDUFV02	ID7448	96.882	417	12	1	79545	79961	912481	912066	0.0	691
IDUFV02	ID7448	96.882	417	12	1	79545	79961	855334	854919	0.0	691
IDUFV02	ID7448	96.882	417	12	1	79545	79961	265481	265066	0.0	691
IDUFV02	ID7448	96.882	417	12	1	79545	79961	151505	151090	0.0	691
IDUFV02	ID7448	97.122	417	11	1	758226	758641	838058	837642	0.0	695
IDUFV02	ID7448	96.253	427	15	1	79545	79971	283328	283753	0.0	695
IDUFV02	ID7448	97.362	417	9	2	79545	79961	398382	398796	0.0	696
IDUFV02	ID7448	97.362	417	10	1	79545	79961	560284	560699	0.0	700
IDUFV02	ID7448	87.478	567	70	1	666319	666885	515830	515265	0.0	700
IDUFV02	ID7448	97.368	418	10	1	79545	79962	258460	258876	0.0	701
IDUFV02	ID7448	88.204	568	64	3	692367	692933	489883	489318	0.0	712
IDUFV02	ID7448	84.615	663	83	8	693459	694114	389078	388428	0.0	718
IDUFV02	ID7448	69.263	1887	497	31	181889	183726	19019	20871	0.0	724
IDUFV02	ID7448	71.680	1536	412	18	300284	301808	140132	141655	0.0	749
IDUFV02	ID7448	71.596	1535	416	14	296379	297903	144035	145559	0.0	758
IDUFV02	ID7448	81.196	803	148	1	175097	175896	25179	25981	0.0	766
IDUFV02	ID7448	81.320	803	147	1	179931	180733	20340	21139	0.0	771
IDUFV02	ID7448	81.468	804	137	4	179930	180733	22789	23580	0.0	772
IDUFV02	ID7448	72.026	1530	406	17	300284	301802	226751	225233	0.0	774
IDUFV02	ID7448	69.995	1903	464	39	303286	305158	223614	221789	0.0	779
IDUFV02	ID7448	90.893	560	23	5	271105	271661	400994	401528	0.0	783
IDUFV02	ID7448	81.762	806	132	3	177539	178332	30880	31682	0.0	792
IDUFV02	ID7448	81.863	805	134	3	179929	180733	28452	29244	0.0	792
IDUFV02	ID7448	82.836	804	126	4	177541	178332	25178	25981	0.0	821
IDUFV02	ID7448	99.352	463	3	0	959522	959984	750987	751449	0.0	822
IDUFV02	ID7448	99.352	463	3	0	959522	959984	747100	747562	0.0	822
IDUFV02	ID7448	70.277	1911	461	35	181865	183726	21460	23312	0.0	825
IDUFV02	ID7448	90.066	604	37	3	757624	758205	361805	362407	0.0	827
IDUFV02	ID7448	99.784	463	1	0	959522	959984	754920	755382	0.0	831
IDUFV02	ID7448	84.494	761	113	3	664918	665676	517119	516362	0.0	832
IDUFV02	ID7448	97.972	493	7	2	563579	564071	396398	396887	0.0	838
IDUFV02	ID7448	98.770	488	6	0	565247	565734	409500	409987	0.0	854
IDUFV02	ID7448	96.750	523	17	0	317221	317743	256964	256442	0.0	867
IDUFV02	ID7448	83.656	826	119	4	185508	186327	28432	29247	0.0	878
IDUFV02	ID7448	68.015	2720	756	44	494266	496935	422699	425354	0.0	888
IDUFV02	ID7448	96.577	555	14	4	505879	506429	346940	347493	0.0	902
IDUFV02	ID7448	90.563	657	40	3	317752	318386	161035	161691	0.0	912
IDUFV02	ID7448	90.909	660	37	4	315358	316017	163422	164058	0.0	923
IDUFV02	ID7448	84.144	864	113	5	648442	649284	517216	516356	0.0	940
IDUFV02	ID7448	68.385	2774	662	67	375950	378635	148894	146248	0.0	941
IDUFV02	ID7448	97.178	567	13	1	955676	956239	750450	751016	0.0	949
IDUFV02	ID7448	70.466	2167	552	33	173776	175904	27139	29255	0.0	954
IDUFV02	ID7448	96.529	605	17	3	565725	566325	411412	412016	0.0	987
IDUFV02	ID7448	99.645	564	2	0	955676	956239	746566	747129	0.0	1009
IDUFV02	ID7448	100.000	564	0	0	955676	956239	754386	754949	0.0	1018
IDUFV02	ID7448	80.686	1108	202	6	408760	409861	163417	162316	0.0	1018
IDUFV02	ID7448	97.120	625	12	2	955020	955639	745879	746502	0.0	1043
IDUFV02	ID7448	97.746	621	12	2	955020	955639	749767	750386	0.0	1050
IDUFV02	ID7448	87.194	859	93	3	693465	694323	488675	487834	0.0	1056
IDUFV02	ID7448	98.871	620	7	0	955020	955639	753703	754322	0.0	1087
IDUFV02	ID7448	72.295	2126	561	18	761931	764046	362400	364507	0.0	1123
IDUFV02	ID7448	72.240	2165	516	33	176233	178345	19019	21150	0.0	1123
IDUFV02	ID7448	69.928	2903	771	28	511926	514788	388267	385427	0.0	1266
IDUFV02	ID7448	69.865	2897	783	22	529995	532834	370221	367358	0.0	1271
IDUFV02	ID7448	79.031	1569	291	15	533036	534584	517009	515459	0.0	1314
IDUFV02	ID7448	74.422	2162	471	32	173776	175907	21484	23593	0.0	1336
IDUFV02	ID7448	93.069	909	23	5	954119	955025	749027	749897	0.0	1370
IDUFV02	ID7448	78.982	1651	338	9	760136	761783	814802	816446	0.0	1381
IDUFV02	ID7448	94.085	913	46	5	763120	764025	515274	514363	0.0	1388
IDUFV02	ID7448	94.389	909	46	4	691468	692375	607770	606866	0.0	1397
IDUFV02	ID7448	95.708	862	18	2	565247	566107	114013	114856	0.0	1397
IDUFV02	ID7448	95.824	862	17	2	565247	566107	400153	400996	0.0	1401
IDUFV02	ID7448	95.022	924	27	2	954119	955023	752908	753831	0.0	1469
IDUFV02	ID7448	96.578	906	30	1	954119	955023	756844	757749	0.0	1492
IDUFV02	ID7448	84.011	1401	211	6	935457	936852	794042	795434	0.0	1502
IDUFV02	ID7448	93.811	1018	51	4	953084	954098	747858	748866	0.0	1545
IDUFV02	ID7448	94.499	1018	47	4	957499	958513	752530	751519	0.0	1574
IDUFV02	ID7448	95.074	1015	44	2	953084	954098	755675	756683	0.0	1602
IDUFV02	ID7448	95.623	1028	35	5	958504	959525	748656	747633	0.0	1638
IDUFV02	ID7448	96.071	1018	34	3	957499	958513	756466	755452	0.0	1648
IDUFV02	ID7448	96.275	1020	35	1	958506	959525	752536	751520	0.0	1667
IDUFV02	ID7448	96.552	1015	26	2	953084	954098	751742	752747	0.0	1673
IDUFV02	ID7448	77.763	2235	458	21	934639	936852	791213	793429	0.0	1731
IDUFV02	ID7448	97.937	1018	18	1	957499	958513	748649	747632	0.0	1740
IDUFV02	ID7448	96.476	1135	39	1	564008	565142	398797	399930	0.0	1864
IDUFV02	ID7448	95.085	1180	58	0	563963	565142	408098	409277	0.0	1867
IDUFV02	ID7448	76.499	2736	597	24	506400	509105	605097	607816	0.0	1969
IDUFV02	ID7448	84.035	1854	278	8	932025	933866	792033	793880	0.0	1990
IDUFV02	ID7448	83.955	1876	279	9	932023	933883	797489	799357	0.0	2006
IDUFV02	ID7448	73.499	3415	791	38	183759	187124	23453	26802	0.0	2011
IDUFV02	ID7448	84.620	1853	270	8	930015	931862	794044	795886	0.0	2035
IDUFV02	ID7448	95.985	1295	50	2	563848	565142	112498	113790	0.0	2094
IDUFV02	ID7448	96.767	1268	37	2	956236	957499	751033	749766	0.0	2097
IDUFV02	ID7448	96.996	1265	37	1	956236	957499	754966	753702	0.0	2107
IDUFV02	ID7448	97.006	1269	33	1	956236	957499	747146	745878	0.0	2118
IDUFV02	ID7448	96.772	1332	26	6	409261	410589	258876	260193	0.0	2197
IDUFV02	ID7448	95.544	1369	22	4	1	1367	748610	749941	0.0	2212
IDUFV02	ID7448	79.143	2685	512	22	929195	931856	796671	799330	0.0	2262
IDUFV02	ID7448	96.395	1387	30	3	1	1367	752491	753877	0.0	2281
IDUFV02	ID7448	97.669	1845	41	2	267375	269218	398797	400640	0.0	3127
IDUFV02	ID7448	73.283	5461	1251	71	176209	181554	27115	32482	0.0	3139
IDUFV02	ID7448	99.008	1915	18	1	758222	760136	398800	396887	0.0	3365
IDUFV02	ID7448	99.163	1912	15	1	758225	760136	560700	558790	0.0	3373
IDUFV02	ID7448	98.810	1933	16	2	758226	760151	258875	256943	0.0	3380
IDUFV02	ID7448	99.114	1919	16	1	758220	760137	645308	647226	0.0	3381
IDUFV02	ID7448	99.215	1912	15	0	758225	760136	265065	266976	0.0	3381
IDUFV02	ID7448	99.217	1915	15	0	758222	760136	283747	281833	0.0	3387
IDUFV02	ID7448	99.015	1928	18	1	758211	760138	912052	913978	0.0	3388
IDUFV02	ID7448	99.218	1917	15	0	758222	760138	151086	153002	0.0	3390
IDUFV02	ID7448	99.218	1918	15	0	758223	760140	854916	856833	0.0	3392
IDUFV02	ID7448	95.989	2094	68	3	712924	715017	560703	562780	0.0	3399
IDUFV02	ID7448	98.187	2206	40	0	295697	297902	227433	225228	0.0	3799
IDUFV02	ID7448	95.668	2678	99	6	664918	667593	487930	490592	0.0	4296
IDUFV02	ID7448	97.645	2888	40	5	566322	569200	400997	403865	0.0	4905
IDUFV02	ID7448	99.057	3074	17	2	560528	563589	393130	396203	0.0	5415
IDUFV02	ID7448	94.244	3527	194	4	534193	537710	389611	393137	0.0	5436
IDUFV02	ID7448	96.831	3282	89	5	569197	572476	407250	403982	0.0	5442
IDUFV02	ID7448	96.169	3707	140	2	267329	271034	408097	411802	0.0	6038
IDUFV02	ID7448	96.310	4580	75	10	131049	135588	891185	895710	0.0	7538
IDUFV02	ID7448	98.304	4893	43	7	410475	415343	260189	265065	0.0	8455
IDUFV02	ID7448	98.291	6084	98	4	795605	801687	639236	645314	0.0	10491
IDUFV02	ID7448	98.469	6076	70	4	694990	701065	540708	546760	0.0	10541
IDUFV02	ID7448	98.494	6107	89	1	149706	155812	913976	920079	0.0	10597
IDUFV02	ID7448	96.189	6744	150	18	499196	505887	354457	361145	0.0	11019
IDUFV02	ID7448	98.230	10280	158	7	58500	68769	816546	826811	0.0	17709
IDUFV02	ID7448	99.709	9960	27	2	832477	842435	678524	688482	0.0	17824
IDUFV02	ID7448	98.451	10845	152	6	172895	183726	18135	28976	0.0	18788
IDUFV02	ID7448	96.244	11902	371	18	701052	712927	546939	558790	0.0	19437
IDUFV02	ID7448	99.251	14155	81	8	135590	149737	897929	912065	0.0	25036
IDUFV02	ID7448	98.480	14868	212	5	415193	430056	266976	281833	0.0	25784
IDUFV02	ID7448	99.138	15891	95	11	42463	58322	798956	814835	0.0	28029
IDUFV02	ID7448	98.785	17119	185	8	155813	172913	1	17114	0.0	29920
IDUFV02	ID7448	99.361	17539	104	3	183759	201292	29117	46652	0.0	31119
IDUFV02	ID7448	99.585	22869	70	11	537710	560565	517894	540750	0.0	40787
IDUFV02	ID7448	98.915	23875	207	8	430001	453843	283744	307598	0.0	41899
IDUFV02	ID7448	98.523	27352	337	21	667690	695003	490575	517897	0.0	47471
IDUFV02	ID7448	98.206	27874	388	25	505879	533703	361281	389091	0.0	48002
IDUFV02	ID7448	98.974	28060	258	7	68771	96827	826886	854918	0.0	49300
IDUFV02	ID7448	99.083	28910	220	9	240345	269218	85600	114500	0.0	50941
IDUFV02	ID7448	99.016	29575	260	5	379736	409283	227394	256964	0.0	52029
IDUFV02	ID7448	98.667	30983	307	12	801609	832495	647225	678197	0.0	54054
IDUFV02	ID7448	99.054	31385	253	13	307321	338678	153000	184367	0.0	55242
IDUFV02	ID7448	98.843	33616	332	17	761931	795525	605676	639255	0.0	58844
IDUFV02	ID7448	98.222	34367	493	21	96781	131089	856829	891135	0.0	59234
IDUFV02	ID7448	98.612	36300	391	28	271105	307356	114854	151088	0.0	63166
IDUFV02	ID7448	98.519	37269	509	14	899616	936852	761627	798884	0.0	64698
IDUFV02	ID7448	98.895	38928	406	11	201246	240169	46768	85675	0.0	68236
IDUFV02	ID7448	95.467	42732	1697	64	715583	758225	563123	605703	0.0	68259
IDUFV02	ID7448	99.401	39415	206	9	454021	493412	307499	346906	0.0	70003
IDUFV02	ID7448	98.827	41092	307	28	338662	379635	184435	225469	0.0	71963
IDUFV02	ID7448	98.703	42468	509	13	1	42436	756427	798884	0.0	74081
IDUFV02	ID7448	99.441	57071	277	11	842571	899630	688475	745514	0.0	1.015e+05
IDUFV02	ID7448	98.796	76680	776	55	572705	649276	412033	488673	0.0	1.340e+05
IDUFV02	ID7448	93.617	423	25	2	498604	499024	354062	354484	1.03e-179	635
IDUFV02	ID7448	69.260	1581	369	30	648649	650171	388428	389949	1.25e-178	631
IDUFV02	ID7448	93.094	362	19	2	1012	1367	745696	746057	2.12e-150	537
IDUFV02	ID7448	90.959	365	32	1	694327	694690	546925	547289	3.60e-141	507
IDUFV02	ID7448	89.197	361	29	6	896621	896974	745695	746052	1.63e-126	458
IDUFV02	ID7448	92.308	312	20	2	57888	58197	827130	826821	2.43e-124	450
IDUFV02	ID7448	67.827	1523	407	37	431404	432883	678012	679494	2.95e-123	446
IDUFV02	ID7448	82.112	464	64	12	572223	572675	407177	407632	2.77e-117	426
IDUFV02	ID7448	89.130	276	19	5	502316	502588	346893	347160	1.75e-94	351
IDUFV02	ID7448	95.261	211	10	0	589988	590198	396180	396390	3.85e-90	336
IDUFV02	ID7448	97.938	194	4	0	952844	953037	747523	747716	4.69e-89	333
IDUFV02	ID7448	97.938	194	1	1	952844	953037	755343	755533	1.64e-88	331
IDUFV02	ID7448	89.453	256	13	5	502339	502588	361257	361504	1.64e-88	331
IDUFV02	ID7448	96.392	194	4	1	952844	953037	751410	751600	3.61e-84	317
IDUFV02	ID7448	77.647	340	74	2	538235	538574	347310	347647	2.00e-68	264
IDUFV02	ID7448	78.814	236	35	4	715086	715320	562564	562785	8.50e-48	196
IDUFV02	ID7448	90.000	110	9	1	181617	181724	546952	546843	3.86e-33	147
IDUFV02	ID7448	73.611	216	50	5	271309	271522	407674	407464	6.54e-24	117
IDUFV02	ID7448	68.881	286	81	4	860807	861089	408102	407822	4.13e-20	104
IDUFV02	ID7448	66.321	386	120	5	76993	77376	895842	896219	6.12e-18	97.8
IDUFV02	ID7448	87.059	85	8	3	569187	569269	546839	546922	7.46e-17	94.2
IDUFV02	ID7448	79.570	93	16	1	315618	315710	17119	17208	4.71e-13	81.5
IDUFV02	ID7448	84.058	69	11	0	537467	537535	396347	396415	2.00e-11	76.1
IDUFV02	ID7448	84.483	58	5	1	58300	58357	560718	560665	3.62e-08	64.4
IDUFV02	ID7448	75.269	93	21	1	566383	566475	407757	407667	1.26e-07	62.6
IDUFV02	ID7448	76.250	80	14	2	410228	410307	17192	17118	1.87e-05	55.4
IDUFV02	ID7448	73.034	89	23	1	462466	462554	897538	897625	7.97e-04	50.0
IDUFV02	ID7448	93.333	30	2	0	572705	572734	412050	412021	0.010	46.4
IDUFV02	ID7448	71.552	116	24	5	181557	181663	546741	546856	0.010	47.3
IDUFV02	ID7448	83.673	49	5	2	593039	593085	404027	403980	0.010	47.3
IDUFV02	ID7448	77.966	59	8	2	840487	840545	897087	897140	0.034	44.6
IDUFV02	ID7448	84.211	38	6	0	883206	883243	412014	412051	0.12	42.8
IDUFV02	ID7448	79.630	54	8	2	829473	829523	350487	350434	0.12	42.8
IDUFV02	ID7448	67.460	126	41	0	549420	549545	350343	350218	0.12	43.7
IDUFV02	ID7448	80.952	42	8	0	835725	835766	897592	897633	0.41	41.0
IDUFV02	ID7448	80.952	42	8	0	492560	492601	897154	897113	0.41	41.0
IDUFV02	ID7448	76.271	59	12	1	555272	555328	897836	897778	0.41	41.9
IDUFV02	ID7448	92.857	28	1	1	772092	772118	403882	403855	1.4	39.2
IDUFV02	ID7448	74.627	67	9	3	285782	285843	350090	350153	1.4	39.2
IDUFV02	ID7448	92.308	26	2	0	868596	868621	18113	18138	1.4	39.2
IDUFV02	ID7448	89.655	29	3	0	228047	228075	816486	816458	1.4	40.1
IDUFV02	ID7448	87.879	33	2	1	422544	422576	816483	816453	1.4	40.1
IDUFV02	ID7448	85.294	34	5	0	531723	531756	352041	352008	1.4	40.1
IDUFV02	ID7448	84.615	39	4	2	606317	606354	816437	816474	5.0	37.4
IDUFV02	ID7448	72.222	72	14	2	9395	9466	361158	361093	5.0	37.4
IDUFV02	ID7448	83.784	37	5	1	656308	656343	350807	350771	5.0	37.4
IDUFV02	ID7448	79.545	44	7	1	704556	704599	350369	350328	5.0	37.4
IDUFV02	ID7448	100.000	20	0	0	255076	255095	349470	349489	5.0	37.4
IDUFV02	ID7448	82.857	35	6	0	660147	660181	347958	347992	5.0	37.4
IDUFV02	ID7448	87.097	31	1	1	218239	218269	17805	17832	5.0	37.4
IDUFV02	ID7448	84.848	33	5	0	769501	769533	891207	891175	5.0	38.3
IDUFV02	ID7448	90.000	30	2	1	231510	231538	745627	745598	5.0	38.3
IDUFV02	ID7448	95.652	23	1	0	502323	502345	745543	745521	5.0	38.3
IDUFV02	ID7448	87.500	32	2	1	90132	90161	347677	347646	5.0	38.3
IDUFV02	ID7448	89.286	28	3	0	573738	573765	18122	18095	5.0	38.3
IDUFV02	ID7448	85.714	35	4	1	758987	759020	17640	17606	5.0	38.3
