IDMHP653	ID7448	98.641	368	5	0	605497	605864	514824	514457	0.0	642
IDMHP653	ID7448	86.592	537	72	0	782747	783283	794904	795440	0.0	645
IDMHP653	ID7448	87.384	539	64	2	782747	783283	792899	793435	0.0	661
IDMHP653	ID7448	83.412	633	89	5	44408	45034	28432	29054	0.0	661
IDMHP653	ID7448	100.000	368	0	0	605497	605864	607309	607676	0.0	664
IDMHP653	ID7448	83.739	658	87	7	537111	537755	389078	388428	0.0	691
IDMHP653	ID7448	86.435	575	51	3	396909	397459	516927	516356	0.0	697
IDMHP653	ID7448	87.654	567	68	2	536020	536585	489883	489318	0.0	700
IDMHP653	ID7448	93.750	464	26	2	412881	413342	398797	399259	0.0	700
IDMHP653	ID7448	96.560	436	11	4	127889	128322	411582	412015	0.0	705
IDMHP653	ID7448	89.239	539	56	1	34160	34696	23055	23593	0.0	709
IDMHP653	ID7448	90.530	528	42	5	540442	540962	514748	515274	0.0	712
IDMHP653	ID7448	71.261	1538	415	19	158835	160359	140132	141655	0.0	720
IDMHP653	ID7448	88.183	567	37	6	405555	406111	114854	115400	0.0	721
IDMHP653	ID7448	70.212	1702	427	30	32388	34061	21484	23133	0.0	721
IDMHP653	ID7448	80.100	804	148	4	36336	37127	25178	25981	0.0	722
IDMHP653	ID7448	96.018	452	15	2	404575	405026	396398	396846	0.0	728
IDMHP653	ID7448	89.170	554	60	0	784690	785243	794773	795326	0.0	729
IDMHP653	ID7448	91.288	528	38	5	535503	536029	607385	606865	0.0	730
IDMHP653	ID7448	92.353	510	39	0	413803	414312	410652	411161	0.0	745
IDMHP653	ID7448	71.606	1532	409	18	158835	160353	226751	225233	0.0	745
IDMHP653	ID7448	91.321	530	45	1	894624	895152	798991	799520	0.0	746
IDMHP653	ID7448	80.695	834	128	12	781399	782205	791753	792580	0.0	755
IDMHP653	ID7448	71.651	1538	410	16	154931	156455	144035	145559	0.0	760
IDMHP653	ID7448	93.517	509	32	1	412835	413342	112611	113119	0.0	766
IDMHP653	ID7448	81.196	803	148	1	38726	39528	20340	21139	0.0	766
IDMHP653	ID7448	81.491	805	137	3	38724	39528	28452	29244	0.0	778
IDMHP653	ID7448	81.762	806	133	3	41993	42785	25177	25981	0.0	791
IDMHP653	ID7448	95.164	517	25	0	895161	895677	410731	410215	0.0	820
IDMHP653	ID7448	81.404	855	135	5	369093	369944	347909	348742	0.0	825
IDMHP653	ID7448	82.203	826	131	3	41973	42788	30866	31685	0.0	829
IDMHP653	ID7448	84.037	758	95	3	505277	506008	517119	516362	0.0	832
IDMHP653	ID7448	93.220	590	34	3	356632	357218	361248	361834	0.0	876
IDMHP653	ID7448	94.737	570	30	0	784690	785259	792768	793337	0.0	893
IDMHP653	ID7448	68.760	2500	631	51	161075	163478	224463	222018	0.0	893
IDMHP653	ID7448	99.261	541	4	0	293282	293822	283744	284284	0.0	958
IDMHP653	ID7448	70.651	2167	548	36	40680	42796	19019	21147	0.0	958
IDMHP653	ID7448	98.427	572	9	0	414414	414985	411086	411657	0.0	992
IDMHP653	ID7448	97.470	593	15	0	893422	894014	400048	400640	0.0	1003
IDMHP653	ID7448	97.976	593	12	0	893422	894014	113908	114500	0.0	1016
IDMHP653	ID7448	79.197	1221	221	13	783384	784589	797211	798413	0.0	1029
IDMHP653	ID7448	100.000	573	0	0	176818	177390	163265	163837	0.0	1034
IDMHP653	ID7448	86.237	930	114	6	783664	784589	794044	794963	0.0	1086
IDMHP653	ID7448	98.279	639	11	0	893422	894060	409395	410033	0.0	1104
IDMHP653	ID7448	83.172	1135	187	1	890936	892066	798223	799357	0.0	1186
IDMHP653	ID7448	84.657	1108	169	1	890936	892043	792768	793874	0.0	1229
IDMHP653	ID7448	87.009	1070	100	10	785812	786862	793536	794585	0.0	1294
IDMHP653	ID7448	79.451	1567	284	15	395200	396744	517009	515459	0.0	1342
IDMHP653	ID7448	97.436	819	19	2	271243	272060	258876	259693	0.0	1376
IDMHP653	ID7448	75.081	2163	455	32	35031	37140	19019	21150	0.0	1403
IDMHP653	ID7448	95.936	935	36	2	507166	508099	489656	490589	0.0	1508
IDMHP653	ID7448	97.669	901	19	2	370128	371027	363601	364500	0.0	1524
IDMHP653	ID7448	98.251	915	16	0	892514	893428	790915	791829	0.0	1579
IDMHP653	ID7448	68.875	4437	1181	58	374141	378452	388267	383906	0.0	1695
IDMHP653	ID7448	98.193	996	9	3	174185	175175	160479	161470	0.0	1710
IDMHP653	ID7448	68.822	4439	1192	48	390680	395040	371682	367358	0.0	1723
IDMHP653	ID7448	77.390	2291	465	19	540476	542738	364070	361805	0.0	1759
IDMHP653	ID7448	97.507	1083	26	1	367913	368995	346907	347988	0.0	1829
IDMHP653	ID7448	96.600	1206	41	0	783384	784589	791753	792958	0.0	1991
IDMHP653	ID7448	97.549	1224	24	4	412122	413342	407386	408606	0.0	2060
IDMHP653	ID7448	97.156	1336	37	1	126452	127787	398797	400131	0.0	2235
IDMHP653	ID7448	95.876	1382	57	0	126406	127787	408097	409478	0.0	2236
IDMHP653	ID7448	95.812	1576	57	1	890936	892502	794773	796348	0.0	2549
IDMHP653	ID7448	96.296	1566	34	2	421019	422584	416264	417805	0.0	2576
IDMHP653	ID7448	99.931	1442	1	0	175276	176717	161615	163056	0.0	2597
IDMHP653	ID7448	73.845	4439	990	49	40656	45032	21460	25789	0.0	2705
IDMHP653	ID7448	99.123	1597	13	1	872180	873776	558786	560381	0.0	2814
IDMHP653	ID7448	99.185	1596	13	0	872181	873776	256962	258557	0.0	2820
IDMHP653	ID7448	99.248	1596	12	0	872181	873776	396884	398479	0.0	2825
IDMHP653	ID7448	99.310	1594	11	0	872183	873776	913977	912384	0.0	2826
IDMHP653	ID7448	99.311	1596	11	0	872181	873776	266979	265384	0.0	2829
IDMHP653	ID7448	99.373	1594	10	0	872183	873776	856830	855237	0.0	2830
IDMHP653	ID7448	99.373	1594	10	0	872183	873776	153001	151408	0.0	2830
IDMHP653	ID7448	99.312	1600	11	0	872177	873776	281826	283425	0.0	2837
IDMHP653	ID7448	99.375	1601	10	0	872176	873776	647233	645633	0.0	2843
IDMHP653	ID7448	95.565	1804	64	3	505277	507065	487930	489732	0.0	2894
IDMHP653	ID7448	72.325	5467	1290	74	35007	40349	27115	32482	0.0	2906
IDMHP653	ID7448	98.963	1833	19	0	47143	48975	33338	35170	0.0	3221
IDMHP653	ID7448	96.867	1947	48	3	45134	47071	31415	33357	0.0	3235
IDMHP653	ID7448	98.743	2148	22	2	520933	523075	14897	17044	0.0	3748
IDMHP653	ID7448	98.538	2189	32	0	154266	156454	227416	225228	0.0	3804
IDMHP653	ID7448	99.156	2251	16	2	164136	166383	148839	151089	0.0	3968
IDMHP653	ID7448	99.230	2469	10	1	535503	537962	514748	517216	0.0	4371
IDMHP653	ID7448	92.266	3310	199	15	357773	361042	350647	353939	0.0	4800
IDMHP653	ID7448	96.304	2922	55	6	405555	408473	400994	403865	0.0	4804
IDMHP653	ID7448	95.116	3112	118	4	537117	540200	488675	485570	0.0	4940
IDMHP653	ID7448	96.607	3271	88	6	408470	411739	407250	404002	0.0	5393
IDMHP653	ID7448	98.209	3405	57	4	30660	34061	17289	20692	0.0	5852
IDMHP653	ID7448	99.775	3561	8	0	197866	201426	184420	187980	0.0	6387
IDMHP653	ID7448	98.708	3793	38	6	540442	544233	607385	603603	0.0	6603
IDMHP653	ID7448	96.878	4196	74	10	743918	748100	745790	749941	0.0	6983
IDMHP653	ID7448	97.410	4208	78	7	743917	748100	749677	753877	0.0	7094
IDMHP653	ID7448	97.314	4431	61	13	415086	419466	411793	416215	0.0	7449
IDMHP653	ID7448	98.516	4650	44	4	274003	278631	260420	265065	0.0	8080
IDMHP653	ID7448	98.881	5003	52	2	722228	727227	724358	729359	0.0	8765
IDMHP653	ID7448	94.792	6144	163	20	874018	880025	886643	892765	0.0	9689
IDMHP653	ID7448	97.602	5879	98	6	583612	589486	581815	587654	0.0	9979
IDMHP653	ID7448	98.323	6261	87	4	544284	550543	540708	546951	0.0	10816
IDMHP653	ID7448	99.361	6104	39	0	8598	14701	913976	920079	0.0	10833
IDMHP653	ID7448	98.982	6189	50	3	129852	136040	115383	121558	0.0	10876
IDMHP653	ID7448	96.207	7382	128	18	361252	368499	354471	361834	0.0	12107
IDMHP653	ID7448	96.341	7707	247	9	396905	404585	388506	396203	0.0	12619
IDMHP653	ID7448	99.641	7531	26	1	166347	173876	153000	160530	0.0	13457
IDMHP653	ID7448	99.189	8631	68	2	1	8629	903435	912065	0.0	15243
IDMHP653	ID7448	97.702	9224	162	10	154266	163478	139467	148651	0.0	15679
IDMHP653	ID7448	98.332	10852	114	12	880126	890932	892765	903594	0.0	18761
IDMHP653	ID7448	96.125	11614	386	12	550784	562374	547218	558790	0.0	18920
IDMHP653	ID7448	98.603	10884	140	6	34159	45034	20613	31492	0.0	18927
IDMHP653	ID7448	98.711	10940	116	5	814263	825197	826821	837740	0.0	19094
IDMHP653	ID7448	99.528	11022	52	0	524381	535402	503512	514533	0.0	19643
IDMHP653	ID7448	99.433	11464	64	1	49120	60582	35189	46652	0.0	20378
IDMHP653	ID7448	98.787	12121	120	10	802053	814162	814716	826820	0.0	21176
IDMHP653	ID7448	98.745	12827	134	11	508163	520980	490575	503383	0.0	22381
IDMHP653	ID7448	98.519	14993	187	10	786972	801952	799610	814579	0.0	26024
IDMHP653	ID7448	99.098	14858	133	1	278481	293337	266976	281833	0.0	26188
IDMHP653	ID7448	99.225	14960	100	6	14702	29657	1	14948	0.0	26444
IDMHP653	ID7448	99.098	15747	134	5	589587	605327	587636	603380	0.0	27743
IDMHP653	ID7448	99.222	16317	122	5	605965	622279	607600	623913	0.0	28836
IDMHP653	ID7448	98.909	16503	153	11	727328	743817	729378	745866	0.0	28925
IDMHP653	ID7448	99.155	16925	121	9	224264	241174	205162	222078	0.0	29857
IDMHP653	ID7448	99.312	17004	112	4	825298	842299	837918	854918	0.0	30124
IDMHP653	ID7448	99.477	17192	87	3	201604	218794	187978	205167	0.0	30588
IDMHP653	ID7448	98.317	18065	186	21	136141	154165	121557	139543	0.0	31220
IDMHP653	ID7448	96.214	21185	679	27	562367	583511	560699	581800	0.0	34579
IDMHP653	ID7448	99.167	20417	144	7	177491	197897	163982	184382	0.0	36046
IDMHP653	ID7448	98.649	21607	189	13	622484	644033	623895	645455	0.0	37684
IDMHP653	ID7448	98.500	24731	317	13	371163	395863	364385	389091	0.0	42917
IDMHP653	ID7448	98.396	27120	300	23	422902	449989	417776	444792	0.0	46965
IDMHP653	ID7448	99.362	27901	156	6	329887	357786	320181	348060	0.0	49507
IDMHP653	ID7448	99.289	29256	201	3	241291	270540	227340	256594	0.0	51815
IDMHP653	ID7448	99.169	29840	196	10	842253	872069	856829	886639	0.0	52697
IDMHP653	ID7448	99.377	35814	179	11	293952	329732	284337	320139	0.0	63571
IDMHP653	ID7448	99.208	37384	287	6	743918	781298	753614	790991	0.0	66064
IDMHP653	ID7448	99.309	37788	225	8	683639	721409	686590	724358	0.0	66966
IDMHP653	ID7448	98.219	39481	528	24	644134	683466	647145	686598	0.0	68080
IDMHP653	ID7448	98.846	40122	357	24	449990	490087	445605	485644	0.0	70256
IDMHP653	ID7448	99.316	67267	402	17	60536	127787	46768	113991	0.0	1.192e+05
IDMHP653	ID7448	98.619	362	5	0	270641	271002	256518	256879	1.17e-178	631
IDMHP653	ID7448	96.409	362	13	0	270641	271002	163341	162980	8.44e-168	595
IDMHP653	ID7448	99.094	331	3	0	897268	897598	560635	560305	1.53e-164	584
IDMHP653	ID7448	99.094	331	3	0	897268	897598	258811	258481	1.53e-164	584
IDMHP653	ID7448	98.792	331	4	0	897268	897598	912130	912460	1.86e-163	580
IDMHP653	ID7448	98.792	331	4	0	897268	897598	854983	855313	1.86e-163	580
IDMHP653	ID7448	98.792	331	4	0	897268	897598	283679	283349	1.86e-163	580
IDMHP653	ID7448	98.792	331	4	0	897268	897598	265130	265460	1.86e-163	580
IDMHP653	ID7448	98.792	331	4	0	897268	897598	151154	151484	1.86e-163	580
IDMHP653	ID7448	98.489	331	5	0	897268	897598	837994	837664	7.91e-162	575
IDMHP653	ID7448	98.489	331	5	0	897268	897598	645379	645709	7.91e-162	575
IDMHP653	ID7448	98.489	331	5	0	897268	897598	398733	398403	7.91e-162	575
IDMHP653	ID7448	97.626	337	8	0	896598	896934	410291	409955	2.76e-161	572
IDMHP653	ID7448	99.029	309	3	0	163579	163887	148575	148883	1.34e-152	545
IDMHP653	ID7448	100.000	299	0	0	897599	897897	164058	163760	1.63e-151	540
IDMHP653	ID7448	100.000	299	0	0	897598	897896	161692	161394	1.63e-151	540
IDMHP653	ID7448	68.995	1403	327	28	447993	449324	444592	445957	1.63e-151	541
IDMHP653	ID7448	94.551	312	2	3	544000	544297	517587	517897	3.15e-135	487
IDMHP653	ID7448	94.551	312	13	2	814263	814572	814715	814406	1.34e-133	481
IDMHP653	ID7448	78.344	471	37	10	272723	273174	259769	260193	2.95e-110	404
IDMHP653	ID7448	71.580	753	197	7	440415	441165	533172	533909	1.18e-102	378
IDMHP653	ID7448	96.296	216	8	0	405269	405484	400783	400998	1.34e-95	354
IDMHP653	ID7448	96.296	216	8	0	405269	405484	114643	114858	1.34e-95	354
IDMHP653	ID7448	88.476	269	12	2	29829	30081	17030	17295	1.34e-95	354
IDMHP653	ID7448	95.455	220	8	1	414768	414985	400639	400858	5.71e-94	350
IDMHP653	ID7448	95.455	220	8	1	414768	414985	114499	114718	5.71e-94	350
IDMHP653	ID7448	95.261	211	9	1	434510	434719	396180	396390	4.39e-89	333
IDMHP653	ID7448	91.176	238	17	4	411505	411740	407177	407412	2.77e-85	321
IDMHP653	ID7448	87.500	256	17	4	273061	273314	260189	260431	4.11e-83	314
IDMHP653	ID7448	92.453	212	10	1	369935	370140	348829	349040	1.43e-82	312
IDMHP653	ID7448	71.910	623	155	11	892812	893424	796671	797283	2.13e-80	304
IDMHP653	ID7448	90.135	223	20	1	432639	432859	560473	560695	2.59e-79	301
IDMHP653	ID7448	90.135	223	20	1	432639	432859	258649	258871	2.59e-79	301
IDMHP653	ID7448	88.745	231	24	1	432639	432867	912292	912062	3.16e-78	297
IDMHP653	ID7448	88.745	231	24	1	432639	432867	283517	283747	3.16e-78	297
IDMHP653	ID7448	88.745	231	24	1	432639	432867	151316	151086	3.16e-78	297
IDMHP653	ID7448	88.696	230	24	1	432639	432866	855145	854916	1.10e-77	296
IDMHP653	ID7448	89.238	223	22	1	432639	432859	265292	265070	1.34e-76	292
IDMHP653	ID7448	88.312	231	24	2	432639	432867	398571	398800	4.69e-76	289
IDMHP653	ID7448	99.387	163	0	1	271103	271265	256803	256964	5.71e-75	287
IDMHP653	ID7448	88.393	224	23	2	126293	126515	396666	396887	2.43e-73	281
IDMHP653	ID7448	84.739	249	19	4	524050	524280	503256	503503	2.96e-72	278
IDMHP653	ID7448	98.710	155	1	1	405013	405167	265053	265206	1.53e-69	268
IDMHP653	ID7448	98.052	154	3	0	550530	550683	547073	547226	1.87e-68	265
IDMHP653	ID7448	94.186	172	6	2	643863	644033	560727	560559	2.28e-67	260
IDMHP653	ID7448	98.000	150	3	0	422761	422910	258735	258884	2.77e-66	258
IDMHP653	ID7448	71.193	545	132	10	307761	308291	524263	524796	3.38e-65	253
IDMHP653	ID7448	76.687	326	76	0	368316	368641	518419	518744	5.01e-63	246
IDMHP653	ID7448	96.875	128	3	1	360391	360518	353933	354059	3.61e-52	210
IDMHP653	ID7448	85.106	188	25	3	433122	433307	603496	603310	5.36e-50	203
IDMHP653	ID7448	88.312	154	17	1	550530	550683	517369	517521	2.77e-47	194
IDMHP653	ID7448	68.024	491	152	4	308568	309057	525076	525562	1.35e-38	165
IDMHP653	ID7448	94.175	103	5	1	272457	272559	259685	259786	6.97e-36	156
IDMHP653	ID7448	88.785	107	4	1	40414	40512	546952	546846	1.54e-31	142
IDMHP653	ID7448	85.246	122	12	2	379378	379496	546961	546843	6.53e-30	136
IDMHP653	ID7448	72.811	217	53	2	892514	892727	796283	796496	1.44e-25	123
IDMHP653	ID7448	82.222	90	0	1	872111	872184	886585	886674	4.70e-19	101
IDMHP653	ID7448	88.889	72	8	0	550784	550855	517513	517584	2.00e-17	95.1
IDMHP653	ID7448	75.641	156	25	6	841790	841942	603542	603397	2.00e-17	96.0
IDMHP653	ID7448	89.231	65	7	0	419678	419742	416207	416271	1.04e-14	86.9
IDMHP653	ID7448	86.957	69	9	0	401275	401343	396347	396415	3.62e-14	85.1
IDMHP653	ID7448	74.400	125	29	1	160430	160551	224538	224414	4.40e-13	80.6
IDMHP653	ID7448	68.980	245	60	8	160728	160967	224912	224679	1.54e-12	78.8
IDMHP653	ID7448	83.562	73	12	0	160481	160553	224559	224487	1.54e-12	78.8
IDMHP653	ID7448	83.019	53	6	2	437556	437606	404031	403980	7.46e-04	50.0
IDMHP653	ID7448	82.353	51	6	2	786969	787019	531128	531081	0.009	46.4
IDMHP653	ID7448	76.562	64	9	2	479360	479417	539524	539461	0.032	45.5
IDMHP653	ID7448	92.857	28	2	0	573052	573079	540395	540368	0.11	42.8
IDMHP653	ID7448	100.000	23	0	0	287993	288015	522446	522424	0.11	42.8
IDMHP653	ID7448	76.190	63	10	2	361067	361124	519893	519955	0.11	42.8
IDMHP653	ID7448	87.879	33	4	0	231852	231884	519551	519583	0.11	42.8
IDMHP653	ID7448	90.323	31	3	0	341475	341505	799539	799509	0.11	43.7
IDMHP653	ID7448	73.034	89	10	5	349112	349199	531657	531732	0.11	43.7
IDMHP653	ID7448	90.909	33	2	1	262796	262828	518334	518365	0.11	43.7
IDMHP653	ID7448	83.784	37	6	0	603841	603877	539886	539922	0.39	41.0
IDMHP653	ID7448	77.358	53	9	1	840875	840924	534873	534925	0.39	41.0
IDMHP653	ID7448	74.074	81	14	4	214354	214431	534375	534451	0.39	41.0
IDMHP653	ID7448	87.500	32	4	0	583379	583410	522993	523024	0.39	41.0
IDMHP653	ID7448	96.000	25	1	0	414783	414807	535467	535491	0.39	41.9
IDMHP653	ID7448	76.271	59	12	1	885111	885169	535511	535455	0.39	41.9
IDMHP653	ID7448	92.308	26	2	0	413289	413314	539956	539981	1.3	39.2
IDMHP653	ID7448	92.308	26	2	0	202279	202304	538993	538968	1.3	39.2
IDMHP653	ID7448	75.926	54	9	1	894739	894788	527173	527120	1.3	39.2
IDMHP653	ID7448	100.000	21	0	0	55067	55087	525979	525999	1.3	39.2
IDMHP653	ID7448	75.862	58	13	1	321251	321308	523883	523939	1.3	39.2
IDMHP653	ID7448	78.182	55	5	3	516016	516064	503507	503560	1.3	39.2
IDMHP653	ID7448	92.857	28	1	1	614187	614213	403882	403855	1.3	39.2
IDMHP653	ID7448	74.627	67	9	3	144108	144169	350090	350153	1.3	39.2
IDMHP653	ID7448	100.000	21	0	0	874865	874885	224583	224563	1.3	39.2
IDMHP653	ID7448	75.926	54	13	0	56995	57048	538962	539015	1.3	40.1
IDMHP653	ID7448	76.364	55	10	1	119328	119379	535139	535193	1.3	40.1
IDMHP653	ID7448	80.952	42	4	1	206966	207003	526134	526175	1.3	40.1
IDMHP653	ID7448	92.000	25	2	0	772144	772168	546947	546971	4.7	37.4
IDMHP653	ID7448	92.000	25	2	0	62840	62864	538979	538955	4.7	37.4
IDMHP653	ID7448	83.784	37	5	1	288440	288476	538884	538919	4.7	37.4
IDMHP653	ID7448	86.667	30	4	0	326164	326193	538544	538573	4.7	37.4
IDMHP653	ID7448	92.593	27	1	1	202279	202304	537934	537908	4.7	37.4
IDMHP653	ID7448	82.857	35	6	0	823841	823875	537479	537445	4.7	37.4
IDMHP653	ID7448	80.952	42	7	1	324296	324337	537119	537079	4.7	37.4
IDMHP653	ID7448	100.000	20	0	0	890791	890810	532448	532429	4.7	37.4
IDMHP653	ID7448	92.000	25	2	0	15439	15463	532160	532184	4.7	37.4
IDMHP653	ID7448	73.016	63	13	1	606066	606128	532155	532097	4.7	37.4
IDMHP653	ID7448	100.000	20	0	0	430683	430702	529720	529701	4.7	37.4
IDMHP653	ID7448	100.000	20	0	0	796949	796968	526519	526500	4.7	37.4
IDMHP653	ID7448	92.593	27	1	1	93363	93389	523823	523848	4.7	37.4
IDMHP653	ID7448	81.633	49	2	4	532422	532467	523788	523832	4.7	37.4
IDMHP653	ID7448	92.000	25	2	0	772144	772168	517243	517267	4.7	37.4
IDMHP653	ID7448	79.545	44	7	1	554011	554054	350369	350328	4.7	37.4
IDMHP653	ID7448	100.000	20	0	0	114133	114152	349470	349489	4.7	37.4
IDMHP653	ID7448	81.579	38	7	0	129336	129373	540558	540595	4.7	38.3
IDMHP653	ID7448	84.615	39	3	2	710378	710416	540008	540043	4.7	38.3
IDMHP653	ID7448	90.000	30	2	1	544287	544316	533979	534007	4.7	38.3
IDMHP653	ID7448	77.083	48	6	1	690542	690584	532028	532075	4.7	38.3
IDMHP653	ID7448	82.500	40	6	1	544197	544236	531060	531098	4.7	38.3
IDMHP653	ID7448	82.500	40	6	1	40414	40453	529242	529280	4.7	38.3
IDMHP653	ID7448	82.500	40	6	1	136632	136670	529220	529181	4.7	38.3
IDMHP653	ID7448	85.714	35	4	1	392396	392430	523000	523033	4.7	38.3
IDMHP653	ID7448	85.714	35	4	1	440609	440642	354488	354454	4.7	38.3
IDMHP653	ID7448	95.652	23	1	0	878614	878636	354277	354299	4.7	38.3
