ID116	ID7448	94.976	418	18	3	406042	406457	838058	837642	0.0	649
ID116	ID7448	82.175	662	86	8	377524	378161	517009	516356	0.0	655
ID116	ID7448	95.215	418	18	2	251298	251713	838059	837642	0.0	657
ID116	ID7448	91.476	481	38	3	347017	347494	837642	838122	0.0	673
ID116	ID7448	92.810	459	31	2	199785	200242	161691	161234	0.0	673
ID116	ID7448	86.170	564	35	7	384880	385420	114857	115400	0.0	673
ID116	ID7448	93.305	463	25	5	821450	821908	398336	398796	0.0	679
ID116	ID7448	93.737	463	24	4	821450	821908	912527	912066	0.0	691
ID116	ID7448	93.737	463	24	4	821450	821908	560238	560699	0.0	691
ID116	ID7448	93.737	463	24	4	821450	821908	265527	265066	0.0	691
ID116	ID7448	93.235	473	26	5	821450	821917	855380	854909	0.0	692
ID116	ID7448	93.390	469	26	4	821450	821914	151551	151084	0.0	693
ID116	ID7448	87.260	573	70	3	495544	496116	515830	515261	0.0	694
ID116	ID7448	91.159	509	35	6	821450	821949	258414	258921	0.0	698
ID116	ID7448	91.650	503	34	6	821450	821946	645776	645276	0.0	699
ID116	ID7448	93.111	479	27	5	821450	821924	283282	283758	0.0	699
ID116	ID7448	87.831	567	66	2	523647	524211	489883	489318	0.0	706
ID116	ID7448	74.238	1246	258	32	669742	670949	285946	287166	0.0	713
ID116	ID7448	80.473	804	145	4	26408	27211	22789	23580	0.0	736
ID116	ID7448	80.448	803	154	1	26409	27211	20340	21139	0.0	739
ID116	ID7448	71.624	1533	406	20	215650	217168	141649	140132	0.0	740
ID116	ID7448	71.568	1537	413	18	219544	221068	145559	144035	0.0	743
ID116	ID7448	85.714	658	78	7	524737	525385	389078	388428	0.0	746
ID116	ID7448	80.697	803	152	1	21579	22378	25179	25981	0.0	748
ID116	ID7448	71.950	1533	402	19	215650	217168	225233	226751	0.0	766
ID116	ID7448	81.559	808	137	3	26407	27214	28452	29247	0.0	783
ID116	ID7448	98.458	454	7	0	800017	800470	815442	815895	0.0	788
ID116	ID7448	82.090	804	132	4	24019	24810	25178	25981	0.0	794
ID116	ID7448	83.572	767	116	4	494136	494901	517119	516362	0.0	807
ID116	ID7448	94.590	536	26	3	250763	251298	163417	162885	0.0	826
ID116	ID7448	95.037	544	23	3	381971	382513	396347	396887	0.0	850
ID116	ID7448	88.333	660	36	5	201425	202066	164058	163422	0.0	858
ID116	ID7448	96.029	554	15	6	350385	350931	346940	347493	0.0	880
ID116	ID7448	94.128	596	23	5	336904	337490	361242	361834	0.0	906
ID116	ID7448	84.241	863	108	5	475672	476508	517216	516356	0.0	947
ID116	ID7448	68.585	2763	684	64	139395	142089	146248	148894	0.0	948
ID116	ID7448	70.452	2166	554	32	20258	22386	27139	29255	0.0	955
ID116	ID7448	69.071	2648	629	65	212389	214925	221895	224463	0.0	962
ID116	ID7448	97.355	605	13	2	384282	384883	411412	412016	0.0	1013
ID116	ID7448	88.380	852	90	2	524742	525593	488676	487834	0.0	1090
ID116	ID7448	90.516	949	31	11	111397	112337	400631	401528	0.0	1310
ID116	ID7448	92.662	913	58	6	522744	523655	607770	606866	0.0	1326
ID116	ID7448	74.341	2163	471	32	22714	24823	19019	21150	0.0	1331
ID116	ID7448	74.376	2162	472	30	20258	22389	21484	23593	0.0	1341
ID116	ID7448	93.647	913	50	5	590550	591455	515274	514363	0.0	1370
ID116	ID7448	68.706	4445	1187	59	356435	360758	388267	383906	0.0	1663
ID116	ID7448	68.664	4439	1201	50	373002	377364	371682	367358	0.0	1681
ID116	ID7448	75.009	2729	621	25	588783	591476	361805	364507	0.0	1790
ID116	ID7448	95.065	1155	50	4	336910	338058	346907	348060	0.0	1815
ID116	ID7448	76.525	2705	586	26	350902	353572	605097	607786	0.0	1943
ID116	ID7448	83.927	1854	278	11	779107	780946	792033	793880	0.0	1969
ID116	ID7448	83.955	1876	277	12	779105	780963	797489	799357	0.0	1994
ID116	ID7448	84.404	1853	274	8	777097	778944	794044	795886	0.0	2017
ID116	ID7448	84.205	1874	279	7	782536	784404	794042	795903	0.0	2030
ID116	ID7448	96.745	1321	23	4	253208	254527	258893	260194	0.0	2189
ID116	ID7448	78.790	2711	510	29	772952	775618	796671	799360	0.0	2225
ID116	ID7448	79.150	2681	518	23	781719	784377	791213	793874	0.0	2249
ID116	ID7448	94.919	1850	84	10	393994	395839	398797	400640	0.0	2877
ID116	ID7448	95.200	1896	81	9	393948	395839	112611	114500	0.0	2978
ID116	ID7448	95.825	1892	73	6	382405	384291	408097	409987	0.0	3035
ID116	ID7448	88.638	2394	246	11	773744	776119	794038	796423	0.0	3066
ID116	ID7448	98.484	1913	27	2	406041	407952	265065	266976	0.0	3313
ID116	ID7448	98.434	1916	28	2	406038	407952	283747	281833	0.0	3314
ID116	ID7448	98.485	1914	27	2	406041	407953	854918	856830	0.0	3314
ID116	ID7448	98.435	1917	28	2	406038	407953	151086	153001	0.0	3315
ID116	ID7448	98.535	1911	27	1	251299	253208	645315	647225	0.0	3317
ID116	ID7448	97.516	1973	39	5	406041	408008	645314	647281	0.0	3324
ID116	ID7448	98.641	1913	24	2	251299	253210	398796	396885	0.0	3326
ID116	ID7448	98.693	1913	22	3	406041	407952	560700	558790	0.0	3327
ID116	ID7448	98.692	1912	23	2	406042	407952	258875	256965	0.0	3329
ID116	ID7448	97.851	1954	38	2	251261	253213	265031	266981	0.0	3330
ID116	ID7448	98.693	1913	23	2	251299	253210	560699	558788	0.0	3331
ID116	ID7448	98.642	1914	25	1	391298	393210	854918	856831	0.0	3332
ID116	ID7448	98.642	1914	25	1	391298	393210	151089	153002	0.0	3332
ID116	ID7448	98.593	1919	25	2	406036	407953	912060	913977	0.0	3333
ID116	ID7448	98.647	1921	25	1	345513	347432	281824	283744	0.0	3344
ID116	ID7448	98.647	1921	25	1	251295	253214	258879	256959	0.0	3344
ID116	ID7448	98.800	1916	21	2	391294	393208	560704	558790	0.0	3345
ID116	ID7448	98.799	1915	22	1	391298	393211	912065	913979	0.0	3347
ID116	ID7448	97.387	1990	40	4	345518	347505	558786	560765	0.0	3348
ID116	ID7448	98.498	1931	28	1	345522	347451	153000	151070	0.0	3349
ID116	ID7448	96.679	2379	55	7	382291	384665	112498	114856	0.0	3925
ID116	ID7448	90.099	3020	227	16	347432	350393	358140	361145	0.0	4092
ID116	ID7448	95.465	2690	92	12	494136	496822	487930	490592	0.0	4275
ID116	ID7448	80.310	6313	1039	64	22690	28868	27115	33357	0.0	5677
ID116	ID7448	96.072	3717	137	7	108083	111795	408098	411809	0.0	6022
ID116	ID7448	96.716	4293	116	14	727397	731683	753520	757793	0.0	7066
ID116	ID7448	96.510	4298	84	14	735248	739531	745696	749941	0.0	7072
ID116	ID7448	96.085	4572	135	7	863293	867829	886585	891147	0.0	7447
ID116	ID7448	98.238	4880	54	4	254425	259275	260189	265065	0.0	8424
ID116	ID7448	98.296	6104	104	0	895024	901127	913976	920079	0.0	10540
ID116	ID7448	98.491	6095	70	3	622960	629044	639232	645314	0.0	10584
ID116	ID7448	99.067	6428	32	5	384880	391298	400997	407405	0.0	11325
ID116	ID7448	97.836	7534	93	16	338045	345522	350647	358166	0.0	12843
ID116	ID7448	96.798	8245	161	25	731327	739531	745696	753877	0.0	13660
ID116	ID7448	94.976	9495	422	21	18528	27978	17289	26772	0.0	14928
ID116	ID7448	98.815	9621	98	7	658988	668604	678524	688132	0.0	16820
ID116	ID7448	98.990	9905	58	7	200225	210097	162891	152997	0.0	17419
ID116	ID7448	99.391	10348	52	3	884718	895055	901719	912065	0.0	18374
ID116	ID7448	97.070	11706	264	14	210058	221750	151089	139450	0.0	19573
ID116	ID7448	98.705	11430	141	6	821909	833334	843482	854908	0.0	19925
ID116	ID7448	97.709	12879	227	27	393210	406042	407361	420217	0.0	21836
ID116	ID7448	96.735	13599	378	11	628966	642503	647225	660818	0.0	22533
ID116	ID7448	98.877	13352	146	2	28924	42274	33322	46670	0.0	23398
ID116	ID7448	98.756	14877	164	4	259125	273999	266976	281833	0.0	25996
ID116	ID7448	97.494	16601	285	27	642507	659006	661627	678197	0.0	28059
ID116	ID7448	98.297	17025	180	31	867776	884733	891172	908153	0.0	29355
ID116	ID7448	99.205	16858	121	7	1	16849	184	17037	0.0	29778
ID116	ID7448	96.775	18139	504	19	526259	544372	540708	558790	0.0	30062
ID116	ID7448	99.018	20778	174	15	179487	200242	184370	163601	0.0	36511
ID116	ID7448	98.491	21477	267	10	800460	821919	816632	838068	0.0	37277
ID116	ID7448	97.131	24298	621	37	775774	800015	790706	814983	0.0	40578
ID116	ID7448	97.870	27280	374	33	111397	138585	114491	141654	0.0	46615
ID116	ID7448	98.420	27336	367	18	498989	526272	490575	517897	0.0	47327
ID116	ID7448	97.928	29922	472	24	833347	863251	856849	886639	0.0	51191
ID116	ID7448	98.084	31726	493	31	350385	382039	361281	392962	0.0	54437
ID116	ID7448	99.037	31781	278	7	219545	251319	225228	256986	0.0	55928
ID116	ID7448	98.390	43164	496	27	136380	179506	227433	184432	0.0	74766
ID116	ID7448	98.718	63088	586	33	273944	336899	283744	346740	0.0	1.102e+05
ID116	ID7448	99.085	67786	562	23	42210	109972	46750	114500	0.0	1.194e+05
ID116	ID7448	98.569	68670	717	52	407952	476500	420149	488673	0.0	1.194e+05
ID116	ID7448	97.527	78680	1654	66	544365	622875	560699	639255	0.0	1.331e+05
ID116	ID7448	98.466	105712	1376	101	669998	775588	688288	793874	0.0	1.831e+05
ID116	ID7448	65.815	2662	769	56	818589	821176	841433	844027	2.77e-161	573
ID116	ID7448	67.626	1529	399	35	275345	276823	678012	679494	5.35e-126	455
ID116	ID7448	71.713	753	196	7	423054	423804	533172	533909	9.69e-104	382
ID116	ID7448	87.925	265	24	2	17692	17948	17030	17294	4.40e-89	333
ID116	ID7448	94.787	211	10	1	417151	417360	396180	396390	1.87e-87	328
ID116	ID7448	77.353	340	76	1	337293	337632	518406	518744	6.54e-68	263
ID116	ID7448	71.534	541	137	10	288352	288882	524263	524796	1.18e-64	252
ID116	ID7448	72.668	461	99	11	659514	659962	688270	688715	7.46e-61	239
ID116	ID7448	95.420	131	6	0	724429	724559	396309	396179	3.62e-52	210
ID116	ID7448	67.821	491	153	4	289159	289648	525076	525562	5.74e-37	160
ID116	ID7448	96.809	94	3	0	724466	724559	392950	393043	7.00e-36	157
ID116	ID7448	85.124	121	17	1	361701	361820	26864	26984	2.29e-29	134
ID116	ID7448	83.607	122	8	3	532405	532526	26967	26858	3.39e-27	128
ID116	ID7448	89.333	75	6	1	669736	669808	688116	688190	5.75e-18	97.8
ID116	ID7448	65.806	310	84	9	286788	287086	522032	522330	4.14e-07	61.7
ID116	ID7448	84.906	53	7	1	391268	391319	856860	856808	5.04e-06	57.2
ID116	ID7448	80.000	55	11	0	444307	444361	523929	523875	7.48e-04	50.9
ID116	ID7448	82.692	52	5	3	784713	784762	537019	536970	0.032	44.6
ID116	ID7448	76.562	64	9	2	462790	462847	539524	539461	0.032	45.5
ID116	ID7448	70.476	105	20	4	722290	722383	841336	841440	0.11	42.8
ID116	ID7448	92.857	28	2	0	555005	555032	540395	540368	0.11	42.8
ID116	ID7448	100.000	23	0	0	268655	268677	522446	522424	0.11	42.8
ID116	ID7448	87.879	33	4	0	151136	151168	519583	519551	0.11	42.8
ID116	ID7448	79.630	54	8	2	655983	656033	350487	350434	0.11	42.8
ID116	ID7448	78.125	64	10	3	813154	813217	840226	840167	0.11	43.7
ID116	ID7448	90.909	33	2	1	243171	243203	518334	518365	0.11	43.7
ID116	ID7448	96.154	26	1	0	400070	400095	393154	393179	0.11	43.7
ID116	ID7448	72.527	91	15	4	377293	377381	346889	346807	0.11	43.7
ID116	ID7448	87.500	32	4	0	565335	565366	522993	523024	0.39	41.0
ID116	ID7448	71.579	95	18	4	177973	178060	393086	393178	0.39	41.0
ID116	ID7448	90.000	30	3	0	465898	465927	536953	536982	0.39	41.9
ID116	ID7448	96.000	25	1	0	397307	397331	535467	535491	0.39	41.9
ID116	ID7448	80.488	41	8	0	701686	701726	840571	840611	1.4	39.2
ID116	ID7448	76.923	65	8	4	780644	780704	840338	840277	1.4	39.2
ID116	ID7448	78.571	56	7	3	433470	433521	816420	816474	1.4	39.2
ID116	ID7448	92.308	26	2	0	175260	175285	538968	538993	1.4	39.2
ID116	ID7448	75.926	54	9	1	778715	778764	527173	527120	1.4	39.2
ID116	ID7448	100.000	21	0	0	36738	36758	525979	525999	1.4	39.2
ID116	ID7448	87.097	31	4	0	892447	892477	394543	394513	1.4	39.2
ID116	ID7448	82.927	41	2	2	601835	601874	394545	394509	1.4	39.2
ID116	ID7448	70.968	93	16	4	82658	82749	346710	346792	1.4	39.2
ID116	ID7448	75.439	57	6	2	185955	186009	26880	26830	1.4	39.2
ID116	ID7448	75.926	54	13	0	38666	38719	538962	539015	1.4	40.1
ID116	ID7448	76.364	55	10	1	100977	101028	535139	535193	1.4	40.1
ID116	ID7448	95.833	24	1	0	410278	410301	534423	534446	1.4	40.1
ID116	ID7448	95.833	24	1	0	413350	413373	529720	529697	1.4	40.1
ID116	ID7448	80.952	42	4	1	170561	170598	526175	526134	1.4	40.1
ID116	ID7448	85.294	34	5	0	100651	100684	394328	394361	1.4	40.1
ID116	ID7448	89.655	29	3	0	832127	832155	200	172	1.4	40.1
ID116	ID7448	100.000	20	0	0	765562	765581	840974	840955	4.7	37.4
ID116	ID7448	100.000	20	0	0	363077	363096	838696	838677	4.7	37.4
ID116	ID7448	87.097	31	1	1	242020	242050	838382	838355	4.7	37.4
ID116	ID7448	86.667	30	4	0	69012	69041	816486	816457	4.7	37.4
ID116	ID7448	100.000	20	0	0	382861	382880	539956	539975	4.7	37.4
ID116	ID7448	87.500	32	3	1	808207	808237	538987	539018	4.7	37.4
ID116	ID7448	92.000	25	2	0	44532	44556	538979	538955	4.7	37.4
ID116	ID7448	83.784	37	5	1	269102	269138	538884	538919	4.7	37.4
ID116	ID7448	86.667	30	4	0	306692	306721	538544	538573	4.7	37.4
ID116	ID7448	92.593	27	1	1	175260	175285	537908	537934	4.7	37.4
ID116	ID7448	82.857	35	6	0	820232	820266	537479	537445	4.7	37.4
ID116	ID7448	80.952	42	7	1	304829	304870	537119	537079	4.7	37.4
ID116	ID7448	86.667	30	4	0	765364	765393	535475	535504	4.7	37.4
ID116	ID7448	100.000	20	0	0	880058	880077	532448	532429	4.7	37.4
ID116	ID7448	73.016	63	13	1	591386	591448	532155	532097	4.7	37.4
ID116	ID7448	100.000	20	0	0	794611	794630	526519	526500	4.7	37.4
ID116	ID7448	79.167	48	6	2	509471	509518	523935	523892	4.7	37.4
ID116	ID7448	92.593	27	1	1	75055	75081	523823	523848	4.7	37.4
ID116	ID7448	81.633	49	2	4	519934	519979	523788	523832	4.7	37.4
ID116	ID7448	92.000	25	2	0	112315	112339	519955	519931	4.7	37.4
ID116	ID7448	85.714	35	0	2	688768	688797	518813	518779	4.7	37.4
ID116	ID7448	82.927	41	4	2	277839	277878	395911	395949	4.7	37.4
ID116	ID7448	92.000	25	2	0	224936	224960	395107	395131	4.7	37.4
ID116	ID7448	100.000	20	0	0	95790	95809	349470	349489	4.7	37.4
ID116	ID7448	84.848	33	5	0	287271	287303	841141	841109	4.7	38.3
ID116	ID7448	82.500	40	6	1	433688	433726	841035	841074	4.7	38.3
ID116	ID7448	95.652	23	1	0	103859	103881	840537	840515	4.7	38.3
ID116	ID7448	79.070	43	9	0	316957	316999	838989	839031	4.7	38.3
ID116	ID7448	84.615	39	3	2	695025	695063	540008	540043	4.7	38.3
ID116	ID7448	76.364	55	12	1	380606	380660	536161	536108	4.7	38.3
ID116	ID7448	77.083	48	6	1	675196	675238	532028	532075	4.7	38.3
ID116	ID7448	89.286	28	3	0	78598	78625	528580	528553	4.7	38.3
ID116	ID7448	89.286	28	3	0	738875	738902	523489	523516	4.7	38.3
ID116	ID7448	79.070	43	9	0	213225	213267	523495	523453	4.7	38.3
ID116	ID7448	85.714	35	4	1	374718	374752	523000	523033	4.7	38.3
