IDKM014	ID7448	69.643	1568	385	27	709018	710540	388428	389949	0.0	643
IDKM014	ID7448	95.683	417	16	2	110942	111358	398382	398796	0.0	664
IDKM014	ID7448	95.745	423	17	1	648271	648692	837642	838064	0.0	679
IDKM014	ID7448	96.403	417	14	1	110942	111358	645730	645315	0.0	682
IDKM014	ID7448	94.761	439	20	2	573066	573501	838080	837642	0.0	682
IDKM014	ID7448	73.786	1133	276	9	317181	318303	518455	519576	0.0	683
IDKM014	ID7448	96.643	417	13	1	110942	111358	912481	912066	0.0	686
IDKM014	ID7448	96.643	417	13	1	110942	111358	855334	854919	0.0	686
IDKM014	ID7448	96.643	417	13	1	110942	111358	560284	560699	0.0	686
IDKM014	ID7448	96.643	417	13	1	110942	111358	265481	265066	0.0	686
IDKM014	ID7448	96.643	417	13	1	110942	111358	151505	151090	0.0	686
IDKM014	ID7448	96.651	418	13	1	110942	111359	258460	258876	0.0	688
IDKM014	ID7448	93.709	461	20	4	110942	111395	283328	283786	0.0	691
IDKM014	ID7448	87.456	566	71	0	728412	728977	515830	515265	0.0	701
IDKM014	ID7448	82.078	770	125	5	216033	216801	22823	23580	0.0	756
IDKM014	ID7448	81.071	803	149	1	211168	211967	25179	25981	0.0	762
IDKM014	ID7448	81.509	795	143	2	216008	216801	20348	21139	0.0	766
IDKM014	ID7448	81.491	805	136	4	215998	216801	28452	29244	0.0	774
IDKM014	ID7448	71.982	1524	401	16	455996	457506	145553	144043	0.0	775
IDKM014	ID7448	69.500	2059	551	36	574997	577011	423329	425354	0.0	790
IDKM014	ID7448	81.965	804	133	4	213611	214402	25178	25981	0.0	790
IDKM014	ID7448	81.863	805	134	3	219268	220060	25177	25981	0.0	792
IDKM014	ID7448	91.197	568	48	2	754431	754998	489883	489318	0.0	792
IDKM014	ID7448	92.419	554	20	4	351574	352124	400994	401528	0.0	812
IDKM014	ID7448	95.010	521	23	3	589386	589904	346907	347426	0.0	812
IDKM014	ID7448	83.990	762	106	5	727020	727769	517119	516362	0.0	817
IDKM014	ID7448	82.630	806	125	3	213609	214402	30880	31682	0.0	823
IDKM014	ID7448	75.510	1225	287	7	315216	316434	519623	518406	0.0	838
IDKM014	ID7448	95.037	544	23	3	620645	621187	396347	396887	0.0	850
IDKM014	ID7448	83.051	826	124	4	219248	220063	30866	31685	0.0	856
IDKM014	ID7448	83.414	826	120	5	221682	222500	28432	29247	0.0	866
IDKM014	ID7448	97.323	523	14	0	393733	394255	256964	256442	0.0	881
IDKM014	ID7448	93.909	591	27	5	577662	578247	361248	361834	0.0	890
IDKM014	ID7448	90.259	657	43	2	394264	394899	161035	161691	0.0	907
IDKM014	ID7448	74.461	1437	337	12	331370	332789	535447	536870	0.0	911
IDKM014	ID7448	91.061	660	36	4	391871	392530	163422	164058	0.0	928
IDKM014	ID7448	68.347	2777	670	66	379003	381672	224463	221789	0.0	937
IDKM014	ID7448	84.125	863	111	5	708815	709653	517216	516356	0.0	940
IDKM014	ID7448	70.328	2167	555	33	209847	211975	27139	29255	0.0	940
IDKM014	ID7448	70.697	2167	547	35	217955	220071	19019	21147	0.0	967
IDKM014	ID7448	72.847	1753	426	20	324808	326529	524269	526002	0.0	971
IDKM014	ID7448	68.698	2757	671	63	452570	455244	148894	146248	0.0	971
IDKM014	ID7448	79.964	1108	210	6	487186	488287	163417	162316	0.0	982
IDKM014	ID7448	87.925	853	90	4	755530	756380	488675	487834	0.0	1068
IDKM014	ID7448	72.109	2162	523	32	212304	214415	19019	21150	0.0	1109
IDKM014	ID7448	96.904	743	20	2	316081	316822	347647	346907	0.0	1231
IDKM014	ID7448	69.914	2905	767	31	595095	597956	388267	385427	0.0	1256
IDKM014	ID7448	80.455	1407	248	10	616221	617608	517009	515611	0.0	1278
IDKM014	ID7448	70.072	2897	777	25	613180	616019	370221	367358	0.0	1285
IDKM014	ID7448	70.919	2775	683	40	304400	307133	526953	524262	0.0	1298
IDKM014	ID7448	74.503	2161	471	33	209847	211978	21484	23593	0.0	1337
IDKM014	ID7448	93.757	913	48	5	821398	822302	515274	514363	0.0	1376
IDKM014	ID7448	86.730	1153	129	5	590012	591161	347608	348739	0.0	1389
IDKM014	ID7448	94.627	912	42	4	753528	754439	607770	606866	0.0	1413
IDKM014	ID7448	93.328	1199	61	8	299313	300507	532517	531334	0.0	1783
IDKM014	ID7448	95.078	1158	53	4	577660	578815	346905	348060	0.0	1818
IDKM014	ID7448	98.492	1061	16	0	11	1071	748443	749503	0.0	1842
IDKM014	ID7448	75.401	2744	590	25	819624	822323	361805	364507	0.0	1870
IDKM014	ID7448	98.380	1111	14	1	333991	335101	534041	535147	0.0	1922
IDKM014	ID7448	96.658	1167	21	1	1	1149	752314	753480	0.0	1941
IDKM014	ID7448	84.045	1849	279	7	67797	69632	792033	793878	0.0	1988
IDKM014	ID7448	98.771	1139	14	0	11	1149	756260	757398	0.0	1992
IDKM014	ID7448	83.991	1874	279	9	67795	69652	797489	799357	0.0	2006
IDKM014	ID7448	84.045	1874	281	8	71225	73092	794042	795903	0.0	2012
IDKM014	ID7448	94.924	1320	15	6	487686	488954	258876	260194	0.0	2099
IDKM014	ID7448	78.963	2681	523	23	70407	73065	791213	793874	0.0	2226
IDKM014	ID7448	79.097	2679	524	18	64967	67628	796671	799330	0.0	2259
IDKM014	ID7448	98.863	1495	13	1	300533	302027	535429	533939	0.0	2619
IDKM014	ID7448	72.594	5466	1273	77	217931	223294	21460	26802	0.0	2960
IDKM014	ID7448	95.661	1890	80	2	349235	351122	408098	409987	0.0	3032
IDKM014	ID7448	88.128	2468	269	5	62430	64882	794038	796496	0.0	3130
IDKM014	ID7448	96.774	1891	60	1	621079	622968	408097	409987	0.0	3132
IDKM014	ID7448	73.446	5517	1242	81	212280	217670	27115	32534	0.0	3181
IDKM014	ID7448	97.395	1996	38	8	1091	3075	517827	519819	0.0	3342
IDKM014	ID7448	92.101	2342	131	17	775164	777477	560703	563018	0.0	3362
IDKM014	ID7448	98.806	1926	21	2	228118	230042	558787	560711	0.0	3363
IDKM014	ID7448	99.008	1916	18	1	646776	648691	396887	398801	0.0	3367
IDKM014	ID7448	99.110	1911	17	0	646776	648686	256965	258875	0.0	3370
IDKM014	ID7448	99.113	1917	16	1	573080	574996	398802	396887	0.0	3378
IDKM014	ID7448	99.215	1912	15	0	228121	230032	913976	912065	0.0	3381
IDKM014	ID7448	99.215	1912	15	0	646776	648687	266976	265065	0.0	3381
IDKM014	ID7448	99.012	1924	19	0	228112	230035	647234	645311	0.0	3385
IDKM014	ID7448	99.268	1912	14	0	228121	230032	856829	854918	0.0	3386
IDKM014	ID7448	99.268	1912	14	0	228121	230032	153000	151089	0.0	3386
IDKM014	ID7448	99.217	1915	15	0	228118	230032	281830	283744	0.0	3387
IDKM014	ID7448	99.218	1917	15	0	573081	574997	645310	647226	0.0	3390
IDKM014	ID7448	99.065	1925	18	0	646766	648690	913986	912062	0.0	3391
IDKM014	ID7448	99.218	1918	15	0	646774	648691	153002	151085	0.0	3392
IDKM014	ID7448	99.219	1921	15	0	228118	230038	266979	265059	0.0	3397
IDKM014	ID7448	98.181	1979	31	3	573060	575038	912042	914015	0.0	3398
IDKM014	ID7448	98.816	1943	21	1	646774	648716	856831	854891	0.0	3398
IDKM014	ID7448	98.568	1955	25	1	646775	648726	647226	645272	0.0	3398
IDKM014	ID7448	99.118	1928	17	0	573070	574997	151074	153001	0.0	3401
IDKM014	ID7448	98.769	1949	23	1	573060	575008	854894	856841	0.0	3404
IDKM014	ID7448	95.050	2222	88	5	349280	351498	398797	400999	0.0	3509
IDKM014	ID7448	98.228	2201	39	0	376150	378350	227433	225233	0.0	3794
IDKM014	ID7448	98.413	2206	34	1	455991	458196	141654	139450	0.0	3818
IDKM014	ID7448	96.175	2667	91	8	727020	729682	487930	490589	0.0	4324
IDKM014	ID7448	96.323	2747	85	6	961763	964503	745696	748432	0.0	4487
IDKM014	ID7448	96.730	2905	77	6	620965	623853	112498	115400	0.0	4800
IDKM014	ID7448	94.307	3355	181	4	617366	620713	389611	392962	0.0	5181
IDKM014	ID7448	96.532	3287	92	7	626187	629469	407250	403982	0.0	5403
IDKM014	ID7448	98.668	3154	34	4	312096	315247	350755	347608	0.0	5488
IDKM014	ID7448	96.375	4110	85	10	24078	28174	745696	749754	0.0	6754
IDKM014	ID7448	96.852	4162	105	8	24031	28174	749537	753690	0.0	6903
IDKM014	ID7448	97.492	4146	92	4	24031	28174	753473	757608	0.0	7001
IDKM014	ID7448	96.866	4308	100	8	957817	962123	753520	757793	0.0	7157
IDKM014	ID7448	98.259	4192	51	11	629698	633876	412033	416215	0.0	7202
IDKM014	ID7448	98.935	4883	26	4	488852	493714	260189	265065	0.0	8578
IDKM014	ID7448	98.482	5072	68	7	621125	626190	398797	403865	0.0	8777
IDKM014	ID7448	91.772	7098	479	23	376840	383882	144043	151090	0.0	10159
IDKM014	ID7448	99.279	6104	40	4	183290	189389	913976	920079	0.0	10796
IDKM014	ID7448	99.064	9403	86	2	230032	239432	37286	46688	0.0	16554
IDKM014	ID7448	95.055	11426	423	24	635426	646776	416264	427622	0.0	18079
IDKM014	ID7448	98.269	11150	120	26	578802	589904	350647	361770	0.0	19187
IDKM014	ID7448	98.388	13402	164	9	338129	351498	101478	114859	0.0	23202
IDKM014	ID7448	98.621	14867	191	6	493564	508425	266976	281833	0.0	25873
IDKM014	ID7448	96.908	18142	482	25	757046	775167	540708	558790	0.0	30147
IDKM014	ID7448	99.284	17050	99	14	189390	206422	1	17044	0.0	30156
IDKM014	ID7448	98.709	20063	193	20	208088	228121	17289	37314	0.0	34983
IDKM014	ID7448	98.545	20959	201	27	162398	183321	891176	912065	0.0	36395
IDKM014	ID7448	99.255	20938	131	17	3108	24030	519783	540710	0.0	37002
IDKM014	ID7448	97.778	24297	475	37	64463	88713	790706	814983	0.0	41274
IDKM014	ID7448	98.259	25558	350	22	591347	616876	363601	389091	0.0	44072
IDKM014	ID7448	98.161	26862	355	39	351574	378356	114854	141655	0.0	46165
IDKM014	ID7448	98.840	27335	284	23	729746	757059	490575	517897	0.0	47793
IDKM014	ID7448	98.116	31003	430	41	859780	890658	647225	678197	0.0	53232
IDKM014	ID7448	98.712	34329	371	32	128171	162444	856829	891141	0.0	59836
IDKM014	ID7448	98.166	36159	595	35	28168	64281	757745	793880	0.0	62123
IDKM014	ID7448	98.849	39532	371	37	88715	128217	815442	854918	0.0	69149
IDKM014	ID7448	99.341	54756	319	39	239350	294065	46732	101485	0.0	96981
IDKM014	ID7448	98.759	61100	597	67	648679	709645	427602	488673	0.0	1.066e+05
IDKM014	ID7448	99.184	63212	430	35	508370	571544	283744	346906	0.0	1.116e+05
IDKM014	ID7448	98.723	73918	762	65	890640	964503	678524	752313	0.0	1.289e+05
IDKM014	ID7448	97.239	82372	1975	110	777604	859856	563123	645314	0.0	1.381e+05
IDKM014	ID7448	98.860	104009	999	78	383845	487709	153000	256965	0.0	1.820e+05
IDKM014	ID7448	95.663	392	15	2	351113	351503	411412	411802	1.87e-176	624
IDKM014	ID7448	67.453	1527	405	35	509773	511251	678012	679494	4.40e-121	439
IDKM014	ID7448	82.328	464	63	12	629216	629668	407177	407632	2.28e-118	431
IDKM014	ID7448	94.776	268	10	3	207244	207509	17030	17295	2.14e-112	411
IDKM014	ID7448	94.787	211	11	0	650399	650609	396180	396390	1.64e-88	332
IDKM014	ID7448	96.774	93	3	0	650399	650491	393042	392950	2.61e-35	155
IDKM014	ID7448	76.433	157	34	1	918966	919122	407945	407792	2.29e-23	115
IDKM014	ID7448	73.206	209	50	4	351784	351991	407667	407464	8.00e-23	113
IDKM014	ID7448	89.231	65	7	0	634088	634152	416207	416271	1.11e-14	86.9
IDKM014	ID7448	69.259	270	66	11	457801	458063	143721	143462	1.65e-12	79.7
IDKM014	ID7448	68.927	177	46	4	725659	725835	410708	410875	1.27e-07	62.6
IDKM014	ID7448	74.194	93	22	1	351638	351730	407757	407667	5.39e-06	58.1
IDKM014	ID7448	83.019	53	6	2	653447	653497	404031	403980	8.01e-04	50.0
IDKM014	ID7448	93.333	30	2	0	629698	629727	412050	412021	0.010	46.4
IDKM014	ID7448	75.581	86	17	4	575811	575894	411729	411812	0.010	47.3
IDKM014	ID7448	75.714	70	11	3	266304	266369	141853	141786	0.12	42.8
IDKM014	ID7448	76.923	52	12	0	589792	589843	395314	395263	0.41	41.0
IDKM014	ID7448	90.000	30	3	0	900223	900252	395533	395562	0.41	41.9
IDKM014	ID7448	92.857	28	1	1	830378	830404	403882	403855	1.4	39.2
IDKM014	ID7448	87.097	31	4	0	180714	180744	394543	394513	1.4	39.2
IDKM014	ID7448	82.927	41	2	2	832706	832745	394545	394509	1.4	39.2
IDKM014	ID7448	85.714	35	3	1	909261	909295	142663	142695	1.4	39.2
IDKM014	ID7448	81.633	49	5	3	822239	822286	141851	141896	1.4	39.2
IDKM014	ID7448	85.294	34	5	0	341854	341887	394328	394361	1.4	40.1
IDKM014	ID7448	82.927	41	4	2	512280	512319	395911	395949	5.1	37.4
IDKM014	ID7448	92.000	25	2	0	461381	461405	395107	395131	5.1	37.4
IDKM014	ID7448	80.488	41	5	1	646123	646163	142027	142064	5.1	37.4
IDKM014	ID7448	82.857	35	6	0	153360	153394	141923	141889	5.1	37.4
IDKM014	ID7448	84.848	33	5	0	827787	827819	891207	891175	5.1	38.3
IDKM014	ID7448	77.358	53	7	2	333776	333828	411924	411971	5.1	38.3
IDKM014	ID7448	95.652	23	1	0	731626	731648	142554	142576	5.1	38.3
