ID131B	ID7448	77.778	810	164	5	30696	31502	22787	23583	0.0	642
ID131B	ID7448	82.143	644	108	1	406013	406656	488040	488676	0.0	645
ID131B	ID7448	78.304	802	170	4	30699	31498	20340	21139	0.0	648
ID131B	ID7448	96.403	417	14	1	280560	280975	838058	837642	0.0	682
ID131B	ID7448	96.882	417	12	1	846212	846628	645730	645315	0.0	691
ID131B	ID7448	97.122	417	11	1	846212	846628	912481	912066	0.0	695
ID131B	ID7448	97.122	417	11	1	846212	846628	855334	854919	0.0	695
ID131B	ID7448	97.122	417	11	1	846212	846628	560284	560699	0.0	695
ID131B	ID7448	97.122	417	11	1	846212	846628	265481	265066	0.0	695
ID131B	ID7448	97.122	417	11	1	846212	846628	151505	151090	0.0	695
ID131B	ID7448	97.129	418	11	1	846212	846629	258460	258876	0.0	697
ID131B	ID7448	96.487	427	14	1	846212	846638	283328	283753	0.0	700
ID131B	ID7448	97.602	417	8	2	846212	846628	398382	398796	0.0	700
ID131B	ID7448	84.219	659	85	8	549940	550587	389078	388428	0.0	701
ID131B	ID7448	87.411	564	36	6	416848	417396	114857	115400	0.0	702
ID131B	ID7448	87.831	567	67	2	548849	549414	489883	489318	0.0	705
ID131B	ID7448	73.664	1291	284	27	696190	697447	285946	287213	0.0	725
ID131B	ID7448	80.224	804	147	4	22595	23386	25178	25981	0.0	727
ID131B	ID7448	71.484	1536	415	18	168663	170187	140132	141655	0.0	736
ID131B	ID7448	88.448	580	65	2	522830	523409	515830	515253	0.0	737
ID131B	ID7448	80.024	821	136	4	24982	25802	28452	29244	0.0	749
ID131B	ID7448	71.670	1539	408	18	164765	166289	144035	145559	0.0	755
ID131B	ID7448	71.707	1541	408	18	247785	249311	145561	144035	0.0	758
ID131B	ID7448	71.830	1530	409	17	168663	170181	226751	225233	0.0	760
ID131B	ID7448	82.018	773	122	2	521417	522187	517119	516362	0.0	774
ID131B	ID7448	86.910	657	75	4	406013	406661	517009	516356	0.0	790
ID131B	ID7448	81.863	805	134	3	28268	29060	25177	25981	0.0	792
ID131B	ID7448	70.247	1899	454	41	171620	173480	223614	221789	0.0	793
ID131B	ID7448	75.244	1228	285	9	123035	124253	519623	518406	0.0	821
ID131B	ID7448	95.220	523	25	0	185551	186073	256964	256442	0.0	831
ID131B	ID7448	82.809	826	126	5	30682	31501	28432	29247	0.0	842
ID131B	ID7448	83.051	826	124	4	28248	29063	30866	31685	0.0	856
ID131B	ID7448	93.220	590	34	3	365311	365897	361248	361834	0.0	876
ID131B	ID7448	93.581	592	31	4	124056	124643	361834	361246	0.0	885
ID131B	ID7448	95.863	556	18	4	376875	377427	346940	347493	0.0	886
ID131B	ID7448	74.364	1416	336	9	105686	107086	536870	535467	0.0	902
ID131B	ID7448	83.546	863	113	5	499346	500181	517216	516356	0.0	921
ID131B	ID7448	91.212	660	35	4	183688	184347	163422	164058	0.0	932
ID131B	ID7448	68.349	2774	663	67	244365	247050	148894	146248	0.0	937
ID131B	ID7448	91.667	660	32	4	186078	186714	161032	161691	0.0	946
ID131B	ID7448	70.683	2166	549	33	18817	20945	27139	29255	0.0	973
ID131B	ID7448	79.838	1111	207	8	278988	280090	163417	162316	0.0	974
ID131B	ID7448	70.855	2165	547	36	26955	29071	19019	21147	0.0	974
ID131B	ID7448	96.529	605	17	3	416251	416851	411412	412016	0.0	987
ID131B	ID7448	88.706	850	88	2	549946	550795	488675	487834	0.0	1099
ID131B	ID7448	96.570	758	22	3	123886	124641	347662	346907	0.0	1241
ID131B	ID7448	70.793	2763	685	34	112210	114932	526953	524273	0.0	1302
ID131B	ID7448	91.005	945	36	7	139105	140047	400631	401528	0.0	1334
ID131B	ID7448	74.329	2162	473	30	18817	20948	21484	23593	0.0	1336
ID131B	ID7448	79.579	1567	284	14	404011	405557	517009	515459	0.0	1353
ID131B	ID7448	93.538	913	51	5	615774	616679	515274	514363	0.0	1366
ID131B	ID7448	93.866	913	48	5	547947	548858	607770	606865	0.0	1379
ID131B	ID7448	74.931	2162	460	30	21290	23399	19019	21150	0.0	1395
ID131B	ID7448	68.823	4436	1185	56	382942	387253	388267	383906	0.0	1691
ID131B	ID7448	68.781	4446	1196	52	399483	403851	371688	367358	0.0	1700
ID131B	ID7448	75.956	2745	586	25	613988	616700	361805	364507	0.0	1929
ID131B	ID7448	100.000	1071	0	0	279488	280558	258876	259946	0.0	1932
ID131B	ID7448	76.561	2722	596	24	377396	380091	605097	607802	0.0	1963
ID131B	ID7448	83.778	1874	287	7	806500	808368	794042	795903	0.0	1994
ID131B	ID7448	83.840	1875	282	9	803066	804925	797489	799357	0.0	1994
ID131B	ID7448	84.378	1850	273	8	803068	804905	792033	793878	0.0	2012
ID131B	ID7448	98.307	1181	16	1	107451	108631	535138	533962	0.0	2039
ID131B	ID7448	95.732	1359	41	8	108592	109946	532679	531334	0.0	2169
ID131B	ID7448	79.271	2687	505	24	800238	802899	796671	799330	0.0	2274
ID131B	ID7448	79.389	2683	509	24	805682	808341	791213	793874	0.0	2278
ID131B	ID7448	94.962	1846	91	2	135835	137680	398797	400640	0.0	2903
ID131B	ID7448	72.249	5553	1292	82	21250	26671	27100	32534	0.0	2922
ID131B	ID7448	73.003	5471	1246	73	26931	32298	21460	26802	0.0	3087
ID131B	ID7448	96.408	1893	65	1	414368	416260	408098	409987	0.0	3106
ID131B	ID7448	98.903	1915	20	1	280559	282473	398797	396884	0.0	3356
ID131B	ID7448	99.008	1915	18	1	280559	282473	560700	558787	0.0	3365
ID131B	ID7448	98.956	1916	20	0	280558	282473	283745	281830	0.0	3366
ID131B	ID7448	99.007	1914	19	0	280558	282471	151088	153001	0.0	3367
ID131B	ID7448	98.957	1918	20	0	280556	282473	645311	647228	0.0	3369
ID131B	ID7448	98.907	1921	21	0	280555	282475	265061	266981	0.0	3370
ID131B	ID7448	98.858	1926	21	1	280547	282471	854905	856830	0.0	3371
ID131B	ID7448	99.061	1916	18	0	280560	282475	258875	256960	0.0	3375
ID131B	ID7448	99.164	1914	16	0	280558	282471	912064	913977	0.0	3380
ID131B	ID7448	98.141	2206	41	0	164083	166288	227433	225228	0.0	3794
ID131B	ID7448	98.277	2206	37	1	247788	249993	141654	139450	0.0	3804
ID131B	ID7448	95.844	2382	73	6	414255	416633	112498	114856	0.0	3846
ID131B	ID7448	95.573	2688	87	5	521417	524100	487930	490589	0.0	4318
ID131B	ID7448	97.999	3148	62	1	119920	123066	350755	347608	0.0	5390
ID131B	ID7448	96.769	3559	69	10	897751	901293	891187	894715	0.0	5897
ID131B	ID7448	96.499	3713	129	1	135790	139502	408098	411809	0.0	6107
ID131B	ID7448	96.858	4296	76	8	762530	766816	745696	749941	0.0	7157
ID131B	ID7448	97.411	4288	97	6	754676	758963	753520	757793	0.0	7219
ID131B	ID7448	95.022	4560	126	10	893319	897789	886585	891132	0.0	7247
ID131B	ID7448	99.244	4891	22	3	282637	287526	260189	265065	0.0	8654
ID131B	ID7448	98.886	6104	68	0	920864	926967	913976	920079	0.0	10702
ID131B	ID7448	98.246	6672	70	14	416848	423508	400997	407632	0.0	11485
ID131B	ID7448	96.846	8244	168	16	758603	766816	745696	753877	0.0	13706
ID131B	ID7448	98.377	8563	129	5	405917	414476	388332	396887	0.0	14803
ID131B	ID7448	95.967	10562	233	31	366452	376883	350647	361145	0.0	17162
ID131B	ID7448	98.459	13042	179	9	124642	137680	101478	114500	0.0	22593
ID131B	ID7448	99.243	13349	100	1	33233	46580	33322	46670	0.0	23615
ID131B	ID7448	99.179	14858	118	3	287376	302229	266976	281833	0.0	26235
ID131B	ID7448	97.057	18147	441	24	551449	569566	540708	558790	0.0	30295
ID131B	ID7448	98.903	17314	147	11	903601	920895	894776	912065	0.0	30357
ID131B	ID7448	98.485	27857	321	27	376875	404676	361281	389091	0.0	48304
ID131B	ID7448	99.309	27341	129	16	524164	551462	490575	517897	0.0	48437
ID131B	ID7448	99.028	29831	219	20	863477	893278	856837	886625	0.0	52463
ID131B	ID7448	99.385	31389	150	16	175645	207008	153000	184370	0.0	55703
ID131B	ID7448	99.151	33196	218	23	1	33177	207	33357	0.0	58548
ID131B	ID7448	98.413	36681	398	36	139105	175682	114491	151090	0.0	63530
ID131B	ID7448	99.133	36097	266	13	696446	732521	688288	724358	0.0	63670
ID131B	ID7448	98.643	39564	362	35	823987	863476	815446	854908	0.0	68928
ID131B	ID7448	98.521	40981	464	28	654141	695052	647225	688132	0.0	71174
ID131B	ID7448	99.375	54754	315	15	46516	101260	46750	101485	0.0	97157
ID131B	ID7448	99.178	64345	448	20	302174	366465	283744	348060	0.0	1.136e+05
ID131B	ID7448	99.216	72580	466	17	206989	279511	184432	256965	0.0	1.283e+05
ID131B	ID7448	98.323	76796	972	67	423539	500173	412033	488673	0.0	1.327e+05
ID131B	ID7448	97.922	84749	1534	65	569559	654213	560699	645314	0.0	1.448e+05
ID131B	ID7448	98.930	90714	804	51	733340	823974	724358	814983	0.0	1.591e+05
ID131B	ID7448	100.000	270	0	0	282470	282739	259925	260194	9.32e-136	488
ID131B	ID7448	71.713	753	196	7	446781	447531	533172	533909	9.97e-104	382
ID131B	ID7448	66.696	1120	305	27	117183	118249	522430	521326	8.75e-73	279
ID131B	ID7448	71.719	541	136	10	316565	317095	524263	524796	2.86e-66	257
ID131B	ID7448	72.041	490	122	5	111038	111524	528190	527713	2.86e-66	258
ID131B	ID7448	68.575	821	179	31	685936	686714	688234	689017	4.25e-64	250
ID131B	ID7448	74.194	217	48	6	139685	139899	407674	407464	5.18e-25	120
ID131B	ID7448	65.415	639	178	18	118778	119390	520785	520164	2.20e-23	114
ID131B	ID7448	68.551	283	87	1	714863	715145	408102	407822	3.27e-21	107
ID131B	ID7448	90.667	75	5	1	696184	696256	688116	688190	1.39e-19	102
ID131B	ID7448	70.861	151	41	2	103165	103315	533099	532952	2.87e-09	68.9
ID131B	ID7448	67.907	215	55	7	121178	121388	530428	530632	1.49e-06	59.0
ID131B	ID7448	74.194	93	22	1	416909	417001	407757	407667	5.19e-06	58.1
ID131B	ID7448	68.750	176	46	5	110252	110424	528937	528768	1.81e-05	56.3
ID131B	ID7448	66.346	208	68	2	101698	101904	538413	538207	6.32e-05	53.6
ID131B	ID7448	93.333	30	2	0	423539	423568	412050	412021	0.009	46.4
ID131B	ID7448	82.692	52	5	3	808677	808726	537019	536970	0.033	44.6
ID131B	ID7448	76.562	64	9	2	486468	486525	539524	539461	0.033	45.5
ID131B	ID7448	92.857	28	2	0	580198	580225	540395	540368	0.11	42.8
ID131B	ID7448	79.167	48	10	0	110059	110106	531187	531140	0.11	42.8
ID131B	ID7448	100.000	23	0	0	296885	296907	522446	522424	0.11	42.8
ID131B	ID7448	84.211	38	6	0	738070	738107	412014	412051	0.11	42.8
ID131B	ID7448	67.460	126	41	0	120331	120456	529608	529733	0.11	43.7
ID131B	ID7448	96.154	26	1	0	26709	26734	519930	519955	0.11	43.7
ID131B	ID7448	90.909	33	2	1	271396	271428	518334	518365	0.11	43.7
ID131B	ID7448	87.500	32	4	0	590538	590569	522993	523024	0.40	41.0
ID131B	ID7448	92.308	26	2	0	211211	211236	538993	538968	1.4	39.2
ID131B	ID7448	77.358	53	11	1	102930	102982	537601	537550	1.4	39.2
ID131B	ID7448	75.862	58	13	1	330080	330137	523883	523939	1.4	39.2
ID131B	ID7448	100.000	21	0	0	101261	101281	517895	517915	1.4	39.2
ID131B	ID7448	75.926	54	13	0	42975	43028	538962	539015	1.4	40.1
ID131B	ID7448	76.364	55	10	1	128701	128752	535139	535193	1.4	40.1
ID131B	ID7448	89.655	29	3	0	862270	862298	200	172	1.4	40.1
ID131B	ID7448	100.000	20	0	0	414823	414842	539956	539975	4.9	37.4
ID131B	ID7448	87.500	32	3	1	832919	832949	538987	539018	4.9	37.4
ID131B	ID7448	92.000	25	2	0	48838	48862	538979	538955	4.9	37.4
ID131B	ID7448	83.784	37	5	1	297332	297368	538884	538919	4.9	37.4
ID131B	ID7448	86.667	30	4	0	334987	335016	538544	538573	4.9	37.4
ID131B	ID7448	92.593	27	1	1	211211	211236	537934	537908	4.9	37.4
ID131B	ID7448	82.857	35	6	0	844974	845008	537479	537445	4.9	37.4
ID131B	ID7448	80.952	42	7	1	333125	333166	537119	537079	4.9	37.4
ID131B	ID7448	92.000	25	2	0	101652	101676	535218	535194	4.9	37.4
ID131B	ID7448	83.333	36	3	1	264211	264243	527142	527177	4.9	37.4
ID131B	ID7448	81.633	49	2	4	545137	545182	523788	523832	4.9	37.4
ID131B	ID7448	72.222	72	14	2	774843	774914	361158	361093	4.9	37.4
ID131B	ID7448	76.000	50	12	0	853788	853837	184455	184406	4.9	37.4
ID131B	ID7448	84.848	33	5	0	622139	622171	891207	891175	4.9	38.3
ID131B	ID7448	84.615	39	3	2	721486	721524	540008	540043	4.9	38.3
ID131B	ID7448	77.083	48	11	0	906603	906650	535511	535464	4.9	38.3
ID131B	ID7448	82.500	40	6	1	551362	551401	531060	531098	4.9	38.3
ID131B	ID7448	89.286	28	3	0	82905	82932	528580	528553	4.9	38.3
ID131B	ID7448	73.016	63	17	0	115334	115396	524042	523980	4.9	38.3
ID131B	ID7448	89.286	28	3	0	766158	766185	523489	523516	4.9	38.3
ID131B	ID7448	85.714	35	4	1	401205	401239	523000	523033	4.9	38.3
