IDMHP682	ID7448	75.236	953	219	7	160003	160947	519622	518679	0.0	639
IDMHP682	ID7448	97.368	380	10	0	411334	411713	409297	409676	0.0	641
IDMHP682	ID7448	96.907	388	12	0	411814	412201	400253	400640	0.0	646
IDMHP682	ID7448	94.258	418	24	0	179889	180306	256859	256442	0.0	646
IDMHP682	ID7448	96.907	388	12	0	411814	412201	114113	114500	0.0	646
IDMHP682	ID7448	96.962	395	11	1	910388	910782	347639	347246	0.0	655
IDMHP682	ID7448	90.144	487	46	1	20895	21379	23107	23593	0.0	660
IDMHP682	ID7448	96.774	403	11	2	818642	819044	398382	398782	0.0	662
IDMHP682	ID7448	95.227	419	19	1	360128	360545	346905	347323	0.0	663
IDMHP682	ID7448	94.305	439	22	2	409651	410087	398797	399234	0.0	673
IDMHP682	ID7448	97.519	403	9	1	818642	819044	645730	645329	0.0	679
IDMHP682	ID7448	97.767	403	8	1	818642	819044	912481	912080	0.0	683
IDMHP682	ID7448	97.767	403	8	1	818642	819044	855334	854933	0.0	683
IDMHP682	ID7448	97.767	403	8	1	818642	819044	560284	560685	0.0	683
IDMHP682	ID7448	97.767	403	8	1	818642	819044	283328	283729	0.0	683
IDMHP682	ID7448	97.767	403	8	1	818642	819044	265481	265080	0.0	683
IDMHP682	ID7448	97.767	403	8	1	818642	819044	258460	258861	0.0	683
IDMHP682	ID7448	97.767	403	8	1	818642	819044	151505	151104	0.0	683
IDMHP682	ID7448	93.506	462	24	1	492378	492833	488212	488673	0.0	700
IDMHP682	ID7448	84.139	662	88	7	397413	398065	517009	516356	0.0	705
IDMHP682	ID7448	71.159	1536	420	18	163514	165038	140132	141655	0.0	713
IDMHP682	ID7448	84.187	664	89	5	31098	31755	28432	29085	0.0	717
IDMHP682	ID7448	88.163	566	67	0	513029	513594	515830	515265	0.0	719
IDMHP682	ID7448	80.100	804	148	4	23028	23819	25178	25981	0.0	722
IDMHP682	ID7448	71.503	1530	414	17	163514	165032	226751	225233	0.0	737
IDMHP682	ID7448	94.215	484	27	1	409605	410087	112611	113094	0.0	744
IDMHP682	ID7448	99.059	425	4	0	795691	796115	814206	814630	0.0	749
IDMHP682	ID7448	94.227	485	28	0	113116	113600	408097	408581	0.0	749
IDMHP682	ID7448	81.095	804	140	4	25417	26220	22789	23580	0.0	758
IDMHP682	ID7448	81.196	803	148	1	25418	26220	20340	21139	0.0	766
IDMHP682	ID7448	70.848	1746	427	34	166516	168231	223614	221921	0.0	775
IDMHP682	ID7448	70.697	1737	429	30	19071	20779	21484	23168	0.0	775
IDMHP682	ID7448	81.491	805	137	3	25416	26220	28452	29244	0.0	778
IDMHP682	ID7448	94.611	501	26	1	360646	361146	347561	348060	0.0	779
IDMHP682	ID7448	81.886	806	132	3	28684	29476	25177	25981	0.0	795
IDMHP682	ID7448	97.083	480	14	0	909917	910396	225226	225705	0.0	803
IDMHP682	ID7448	70.363	1930	459	42	158064	159929	350755	348875	0.0	815
IDMHP682	ID7448	82.324	826	130	3	28664	29479	30866	31685	0.0	833
IDMHP682	ID7448	86.514	697	74	1	511710	512386	517058	516362	0.0	847
IDMHP682	ID7448	68.173	2721	750	47	356810	359479	422699	425354	0.0	896
IDMHP682	ID7448	91.612	608	8	2	908751	909358	749146	749710	0.0	897
IDMHP682	ID7448	97.232	542	14	1	401877	402418	396347	396887	0.0	907
IDMHP682	ID7448	91.172	657	37	2	180315	180950	161035	161691	0.0	934
IDMHP682	ID7448	68.520	2770	659	68	237944	240623	148894	146248	0.0	950
IDMHP682	ID7448	97.350	566	15	0	909354	909919	514369	514934	0.0	954
IDMHP682	ID7448	75.297	1433	323	13	143836	145251	536870	535452	0.0	958
IDMHP682	ID7448	70.697	2167	547	36	27371	29487	19019	21147	0.0	963
IDMHP682	ID7448	100.000	535	0	0	116061	116595	118888	119422	0.0	966
IDMHP682	ID7448	96.327	599	19	3	402196	402793	112498	113094	0.0	971
IDMHP682	ID7448	98.761	565	7	0	909354	909918	607764	607200	0.0	988
IDMHP682	ID7448	94.937	632	32	0	410602	411233	399395	400026	0.0	996
IDMHP682	ID7448	94.937	632	32	0	410602	411233	113255	113886	0.0	996
IDMHP682	ID7448	96.546	608	15	1	908751	909358	756963	757564	0.0	1003
IDMHP682	ID7448	94.984	638	32	0	908115	908752	409379	408742	0.0	1007
IDMHP682	ID7448	95.813	621	14	1	908751	909359	753027	753647	0.0	1010
IDMHP682	ID7448	95.748	635	27	0	908118	908752	400029	399395	0.0	1024
IDMHP682	ID7448	95.748	635	27	0	908118	908752	113889	113255	0.0	1024
IDMHP682	ID7448	76.309	1490	310	20	270666	272139	163417	161955	0.0	1045
IDMHP682	ID7448	74.348	1801	439	13	605274	607062	362212	364001	0.0	1128
IDMHP682	ID7448	94.110	747	44	0	906632	907378	388936	389682	0.0	1150
IDMHP682	ID7448	97.869	704	10	2	33130	33832	32658	33357	0.0	1198
IDMHP682	ID7448	69.934	2897	781	20	394411	397250	370221	367358	0.0	1289
IDMHP682	ID7448	99.048	735	6	1	476750	477484	473486	474219	0.0	1291
IDMHP682	ID7448	70.901	2763	682	36	150356	153078	526953	524273	0.0	1306
IDMHP682	ID7448	99.195	745	6	0	907378	908122	856062	855318	0.0	1317
IDMHP682	ID7448	99.195	745	6	0	907378	908122	646458	645714	0.0	1317
IDMHP682	ID7448	99.195	745	6	0	907378	908122	282600	283344	0.0	1317
IDMHP682	ID7448	99.195	745	6	0	907378	908122	266209	265465	0.0	1317
IDMHP682	ID7448	99.195	745	6	0	907378	908122	152233	151489	0.0	1317
IDMHP682	ID7448	99.597	745	3	0	907378	908122	913209	912465	0.0	1331
IDMHP682	ID7448	99.597	745	3	0	907378	908122	397654	398398	0.0	1331
IDMHP682	ID7448	99.866	745	1	0	907378	908122	559556	560300	0.0	1340
IDMHP682	ID7448	99.866	745	1	0	907378	908122	257732	258476	0.0	1340
IDMHP682	ID7448	97.314	819	20	2	271167	271984	258876	259693	0.0	1371
IDMHP682	ID7448	99.103	780	6	1	905849	906628	558854	559632	0.0	1372
IDMHP682	ID7448	99.103	780	7	0	905849	906628	913912	913133	0.0	1376
IDMHP682	ID7448	99.103	780	7	0	905849	906628	856765	855986	0.0	1376
IDMHP682	ID7448	99.103	780	7	0	905849	906628	647161	646382	0.0	1376
IDMHP682	ID7448	99.103	780	7	0	905849	906628	396951	397730	0.0	1376
IDMHP682	ID7448	99.103	780	7	0	905849	906628	281897	282676	0.0	1376
IDMHP682	ID7448	99.103	780	7	0	905849	906628	266912	266133	0.0	1376
IDMHP682	ID7448	99.103	780	7	0	905849	906628	152936	152157	0.0	1376
IDMHP682	ID7448	99.231	780	6	0	905849	906628	257029	257808	0.0	1380
IDMHP682	ID7448	75.035	2163	456	32	21723	23832	19019	21150	0.0	1398
IDMHP682	ID7448	97.445	861	16	2	740951	741806	745746	746605	0.0	1451
IDMHP682	ID7448	97.897	856	18	0	740951	741806	753570	754425	0.0	1463
IDMHP682	ID7448	98.483	857	11	2	740951	741806	749634	750489	0.0	1480
IDMHP682	ID7448	98.051	975	16	1	904877	905848	751387	750413	0.0	1672
IDMHP682	ID7448	68.767	4444	1186	57	376337	380660	388267	383906	0.0	1682
IDMHP682	ID7448	98.765	972	12	0	904877	905848	755320	754349	0.0	1700
IDMHP682	ID7448	98.293	996	16	1	510537	511532	205167	204173	0.0	1717
IDMHP682	ID7448	99.177	972	8	0	904877	905848	747500	746529	0.0	1718
IDMHP682	ID7448	96.681	1145	30	1	31855	32991	31446	32590	0.0	1897
IDMHP682	ID7448	83.477	1852	284	12	778241	780080	792033	793874	0.0	1927
IDMHP682	ID7448	97.350	1170	25	2	869404	870570	889841	891007	0.0	1967
IDMHP682	ID7448	84.674	1853	269	8	776231	778078	794044	795886	0.0	2039
IDMHP682	ID7448	98.307	1181	16	1	145601	146781	535138	533962	0.0	2039
IDMHP682	ID7448	95.287	1358	45	8	146742	148092	532679	531334	0.0	2142
IDMHP682	ID7448	79.306	2682	513	21	775411	778072	796671	799330	0.0	2278
IDMHP682	ID7448	96.879	1410	35	7	408682	410087	407177	408581	0.0	2322
IDMHP682	ID7448	97.789	1402	31	0	293207	294608	283744	285145	0.0	2389
IDMHP682	ID7448	99.503	1408	7	0	178148	179555	161615	163022	0.0	2508
IDMHP682	ID7448	99.671	1518	5	0	898282	899799	1	1518	0.0	2716
IDMHP682	ID7448	73.943	4471	995	49	27347	31755	21460	25822	0.0	2744
IDMHP682	ID7448	99.314	1603	10	1	114130	115732	114961	116562	0.0	2838
IDMHP682	ID7448	72.380	5467	1287	75	21699	27041	27115	32482	0.0	2915
IDMHP682	ID7448	96.192	1812	54	5	899800	901605	747423	749225	0.0	2948
IDMHP682	ID7448	98.376	1724	27	1	901605	903328	139450	141172	0.0	2980
IDMHP682	ID7448	98.436	1726	27	0	901603	903328	227435	225710	0.0	2992
IDMHP682	ID7448	96.844	1806	51	2	899800	901605	755243	757042	0.0	2997
IDMHP682	ID7448	97.619	1806	34	2	899800	901605	751310	753106	0.0	3063
IDMHP682	ID7448	99.497	1789	9	0	605274	607062	605488	607276	0.0	3186
IDMHP682	ID7448	96.491	1995	70	0	411814	413808	409600	411594	0.0	3283
IDMHP682	ID7448	98.182	2035	36	1	778239	780272	797489	799523	0.0	3500
IDMHP682	ID7448	99.802	2020	4	0	896262	898281	918060	920079	0.0	3626
IDMHP682	ID7448	98.311	2132	36	0	168408	170539	148958	151089	0.0	3683
IDMHP682	ID7448	99.055	2116	19	1	13567	15681	14929	17044	0.0	3723
IDMHP682	ID7448	96.423	2600	82	4	511710	514299	487991	490589	0.0	4262
IDMHP682	ID7448	99.668	2410	8	0	137065	139474	118964	116555	0.0	4311
IDMHP682	ID7448	84.407	4175	594	27	600988	605136	603603	607746	0.0	4525
IDMHP682	ID7448	98.384	2661	21	5	602495	605136	361805	364462	0.0	4603
IDMHP682	ID7448	97.905	2769	44	4	402894	405654	401103	403865	0.0	4727
IDMHP682	ID7448	99.700	2665	8	0	361133	363797	350647	353311	0.0	4771
IDMHP682	ID7448	98.525	2848	32	4	789614	792451	808472	811319	0.0	4938
IDMHP682	ID7448	91.569	3499	231	15	370074	373533	358194	361667	0.0	4971
IDMHP682	ID7448	97.829	3040	65	1	792552	795590	811243	814282	0.0	5182
IDMHP682	ID7448	95.269	3340	102	11	865987	869303	886611	889917	0.0	5313
IDMHP682	ID7448	93.575	3533	210	6	557486	561004	560703	564232	0.0	5337
IDMHP682	ID7448	96.565	3290	91	7	405651	408937	407250	403980	0.0	5413
IDMHP682	ID7448	98.198	3440	57	4	17344	20779	17289	20727	0.0	5911
IDMHP682	ID7448	98.606	4161	58	0	892001	896161	913976	918136	0.0	7243
IDMHP682	ID7448	97.049	4575	69	16	414216	418731	411648	416215	0.0	7630
IDMHP682	ID7448	98.495	4650	45	4	273927	278555	260420	265065	0.0	8075
IDMHP682	ID7448	97.479	5077	65	8	363897	368930	353234	358290	0.0	8600
IDMHP682	ID7448	98.668	6082	78	3	639108	645189	639236	645314	0.0	10593
IDMHP682	ID7448	99.113	6087	52	2	632943	639028	633170	639255	0.0	10727
IDMHP682	ID7448	99.295	6524	46	0	334284	340807	325460	331983	0.0	11559
IDMHP682	ID7448	97.130	7039	129	9	870835	877833	891209	898214	0.0	11809
IDMHP682	ID7448	98.292	7201	119	2	161057	168253	141578	148778	0.0	12427
IDMHP682	ID7448	99.156	7342	56	3	340995	348332	332096	339435	0.0	12953
IDMHP682	ID7448	99.027	7505	61	2	348452	355956	339414	346906	0.0	13208
IDMHP682	ID7448	99.163	7529	49	4	170503	178028	153000	160517	0.0	13289
IDMHP682	ID7448	98.796	7805	77	6	294596	302384	286080	293883	0.0	13641
IDMHP682	ID7448	98.804	8447	81	4	105164	113600	104658	113094	0.0	14778
IDMHP682	ID7448	97.974	8636	132	3	645111	653704	647225	655859	0.0	14811
IDMHP682	ID7448	98.856	8825	86	3	623552	632362	624196	633019	0.0	15460
IDMHP682	ID7448	98.738	8953	94	6	780444	789391	799524	808462	0.0	15627
IDMHP682	ID7448	98.530	10886	139	5	20879	31755	20650	31523	0.0	18907
IDMHP682	ID7448	98.819	11088	131	0	796368	807455	815442	826529	0.0	19406
IDMHP682	ID7448	99.368	11077	53	2	527369	538429	503375	514450	0.0	19667
IDMHP682	ID7448	98.608	11420	129	6	807630	819044	826650	838044	0.0	19878
IDMHP682	ID7448	96.298	12669	453	4	561105	573768	564156	576813	0.0	20730
IDMHP682	ID7448	98.284	12645	164	6	420284	432927	416264	428856	0.0	21847
IDMHP682	ID7448	98.924	12824	124	7	514363	527180	490575	503390	0.0	22486
IDMHP682	ID7448	99.312	13086	85	2	477739	490819	474495	487580	0.0	23189
IDMHP682	ID7448	99.192	13372	104	2	33904	47274	33338	46706	0.0	23623
IDMHP682	ID7448	99.196	13439	105	3	1	13436	1442	14880	0.0	23739
IDMHP682	ID7448	99.452	13876	49	6	878165	892032	898209	912065	0.0	24679
IDMHP682	ID7448	98.592	14488	153	3	653697	668133	655933	670420	0.0	25241
IDMHP682	ID7448	98.762	14860	180	3	278405	293262	266976	281833	0.0	25959
IDMHP682	ID7448	99.337	16131	104	3	607163	623292	607683	623811	0.0	28598
IDMHP682	ID7448	99.334	16955	103	5	819145	836093	837968	854918	0.0	30054
IDMHP682	ID7448	97.135	18078	473	11	539405	557477	540741	558778	0.0	30258
IDMHP682	ID7448	98.364	20293	196	19	116696	136964	119346	139526	0.0	35137
IDMHP682	ID7448	98.552	20241	161	16	221294	241500	205162	225304	0.0	35229
IDMHP682	ID7448	99.531	19833	86	4	201226	221057	184417	204243	0.0	35336
IDMHP682	ID7448	99.130	21389	166	8	179889	201260	163000	184385	0.0	37716
IDMHP682	ID7448	98.094	26909	451	17	573869	600751	576734	603606	0.0	46194
IDMHP682	ID7448	98.187	28299	468	18	373671	401945	364685	392962	0.0	48681
IDMHP682	ID7448	99.166	29612	220	5	241601	271189	227357	256964	0.0	52290
IDMHP682	ID7448	99.276	29838	179	8	836047	865874	856829	886639	0.0	52833
IDMHP682	ID7448	98.864	31428	271	19	668393	699767	670464	701858	0.0	55059
IDMHP682	ID7448	99.319	31433	188	5	302542	333952	294049	325477	0.0	55722
IDMHP682	ID7448	98.372	38214	588	19	741907	780107	757711	795903	0.0	66055
IDMHP682	ID7448	99.133	40950	317	16	699923	740850	701813	742746	0.0	72210
IDMHP682	ID7448	98.888	43538	365	22	433093	476576	429335	472807	0.0	76342
IDMHP682	ID7448	99.346	57770	364	12	47174	104935	46714	104477	0.0	1.024e+05
IDMHP682	ID7448	96.579	380	13	0	411334	411713	399950	400329	1.45e-177	627
IDMHP682	ID7448	96.579	380	13	0	411334	411713	113810	114189	1.45e-177	627
IDMHP682	ID7448	100.000	329	0	0	113701	114029	114709	115037	8.58e-168	594
IDMHP682	ID7448	98.489	331	3	2	113701	114029	400849	401179	1.19e-159	568
IDMHP682	ID7448	99.363	314	2	0	410188	410501	408505	408818	6.17e-157	558
IDMHP682	ID7448	98.726	314	4	0	410188	410501	399158	399471	3.20e-154	549
IDMHP682	ID7448	98.089	314	6	0	410188	410501	113018	113331	1.66e-151	540
IDMHP682	ID7448	98.392	311	5	0	538530	538840	514857	515167	5.78e-151	539
IDMHP682	ID7448	88.783	419	39	4	606651	607062	515274	514857	2.46e-149	534
IDMHP682	ID7448	91.351	370	30	2	545586	545954	517216	517584	1.89e-144	517
IDMHP682	ID7448	96.429	308	9	2	740951	741258	757488	757793	5.07e-139	499
IDMHP682	ID7448	68.414	1450	366	34	675909	677314	285150	286551	1.36e-133	480
IDMHP682	ID7448	100.000	259	0	0	912062	912320	400537	400795	8.59e-130	468
IDMHP682	ID7448	100.000	259	0	0	912062	912320	114397	114655	8.59e-130	468
IDMHP682	ID7448	92.628	312	19	2	807806	808115	814715	814406	1.89e-125	454
IDMHP682	ID7448	93.377	302	18	2	740952	741253	742559	742858	8.05e-124	448
IDMHP682	ID7448	99.600	250	1	0	538958	539207	517414	517663	2.81e-123	447
IDMHP682	ID7448	97.255	255	7	0	600980	601234	517841	517587	7.54e-118	429
IDMHP682	ID7448	78.344	471	37	10	272647	273098	259769	260193	3.00e-110	404
IDMHP682	ID7448	95.600	250	7	3	910534	910783	361834	361589	5.43e-107	392
IDMHP682	ID7448	71.713	753	196	7	439000	439750	533172	533909	9.81e-104	382
IDMHP682	ID7448	98.068	207	4	0	413909	414115	400719	400925	3.91e-96	356
IDMHP682	ID7448	98.068	207	4	0	413909	414115	114579	114785	3.91e-96	356
IDMHP682	ID7448	88.129	278	20	3	16498	16765	17021	17295	1.66e-94	352
IDMHP682	ID7448	96.618	207	7	0	413909	414115	411518	411724	8.61e-92	343
IDMHP682	ID7448	91.322	242	20	1	740610	740850	745695	745936	1.05e-90	339
IDMHP682	ID7448	95.261	211	9	1	433095	433304	396180	396390	4.46e-89	333
IDMHP682	ID7448	98.895	181	2	0	870671	870851	890931	891111	9.82e-85	318
IDMHP682	ID7448	87.500	256	17	4	272985	273238	260189	260431	4.18e-83	314
IDMHP682	ID7448	90.135	223	20	1	431550	431770	560473	560695	2.63e-79	301
IDMHP682	ID7448	90.135	223	20	1	431550	431770	258649	258871	2.63e-79	301
IDMHP682	ID7448	88.745	231	24	1	431550	431778	912292	912062	3.21e-78	297
IDMHP682	ID7448	88.745	231	24	1	431550	431778	283517	283747	3.21e-78	297
IDMHP682	ID7448	88.745	231	24	1	431550	431778	151316	151086	3.21e-78	297
IDMHP682	ID7448	88.696	230	24	1	431550	431777	855145	854916	1.12e-77	296
IDMHP682	ID7448	89.238	223	22	1	431550	431770	265292	265070	1.36e-76	292
IDMHP682	ID7448	88.210	229	25	1	431550	431776	645541	645313	4.76e-76	289
IDMHP682	ID7448	88.312	231	24	2	431550	431778	398571	398800	4.76e-76	289
IDMHP682	ID7448	95.506	178	5	1	632590	632767	632968	633142	2.03e-74	284
IDMHP682	ID7448	71.053	570	148	8	909354	909919	364480	363924	1.90e-68	264
IDMHP682	ID7448	98.658	149	2	0	179749	179897	913836	913984	2.31e-67	260
IDMHP682	ID7448	77.054	353	78	3	910381	910732	518756	518406	2.31e-67	261
IDMHP682	ID7448	99.315	146	1	0	333947	334092	558785	558930	8.07e-67	260
IDMHP682	ID7448	98.000	150	3	0	623412	623561	856689	856838	2.82e-66	258
IDMHP682	ID7448	72.041	490	122	5	149184	149670	528190	527713	2.82e-66	258
IDMHP682	ID7448	66.573	1062	294	25	155379	156393	522373	521326	2.82e-66	258
IDMHP682	ID7448	98.630	146	2	0	179749	179894	152860	153005	9.83e-66	255
IDMHP682	ID7448	99.306	144	1	0	333949	334092	256962	257105	9.83e-66	256
IDMHP682	ID7448	98.621	145	2	0	179749	179893	647085	647229	3.43e-65	253
IDMHP682	ID7448	71.193	545	132	10	306634	307164	524263	524796	3.43e-65	253
IDMHP682	ID7448	99.291	141	1	0	179749	179889	397027	396887	4.18e-64	251
IDMHP682	ID7448	99.291	141	1	0	179749	179889	281973	281833	4.18e-64	251
IDMHP682	ID7448	99.291	141	1	0	623412	623552	266836	266976	4.18e-64	251
IDMHP682	ID7448	96.599	147	5	0	179749	179895	558930	558784	6.20e-62	243
IDMHP682	ID7448	73.442	369	78	10	774897	775252	796062	796423	2.31e-48	197
IDMHP682	ID7448	94.737	114	6	0	796253	796366	814870	814983	6.21e-43	179
IDMHP682	ID7448	100.000	93	0	0	334193	334285	265156	265064	1.12e-39	168
IDMHP682	ID7448	98.925	93	1	0	179556	179648	258877	258785	4.77e-38	164
IDMHP682	ID7448	98.913	92	1	0	334193	334284	560609	560700	1.67e-37	162
IDMHP682	ID7448	94.175	103	5	1	272381	272483	259685	259786	7.08e-36	156
IDMHP682	ID7448	96.774	93	3	0	433095	433187	393042	392950	2.47e-35	155
IDMHP682	ID7448	89.796	98	7	1	600748	600842	14897	14994	2.82e-28	131
IDMHP682	ID7448	64.945	639	181	18	156922	157534	520785	520164	4.78e-19	101
IDMHP682	ID7448	89.231	65	7	0	418943	419007	416207	416271	1.05e-14	86.9
IDMHP682	ID7448	96.154	52	2	0	114519	114570	364556	364505	1.05e-14	86.0
IDMHP682	ID7448	80.220	91	18	0	607181	607271	364417	364507	3.67e-14	84.2
IDMHP682	ID7448	70.861	151	41	2	141386	141536	533099	532952	2.82e-09	68.9
IDMHP682	ID7448	67.788	208	65	2	139915	140121	538413	538207	9.85e-09	67.1
IDMHP682	ID7448	80.645	62	8	1	139438	139495	517854	517915	5.10e-06	58.1
IDMHP682	ID7448	89.362	47	3	2	555566	555610	540761	540715	1.78e-05	56.3
IDMHP682	ID7448	68.750	176	46	5	148398	148570	528937	528768	1.78e-05	56.3
IDMHP682	ID7448	91.429	35	3	0	430991	431025	826608	826574	7.58e-04	50.9
IDMHP682	ID7448	84.783	46	6	1	912161	912205	535446	535491	0.003	49.1
IDMHP682	ID7448	76.562	64	10	1	519289	519352	160737	160679	0.003	49.1
IDMHP682	ID7448	87.179	39	3	1	173451	173489	161054	161018	0.009	46.4
IDMHP682	ID7448	96.429	28	1	0	878144	878171	560679	560706	0.009	47.3
IDMHP682	ID7448	78.571	56	11	1	172029	172084	826510	826564	0.032	44.6
IDMHP682	ID7448	76.562	64	9	2	478157	478214	539524	539461	0.032	45.5
IDMHP682	ID7448	92.857	28	2	0	568303	568330	540395	540368	0.11	42.8
IDMHP682	ID7448	79.167	48	10	0	148205	148252	531187	531140	0.11	42.8
IDMHP682	ID7448	100.000	23	0	0	287918	287940	522446	522424	0.11	42.8
IDMHP682	ID7448	77.049	61	9	2	335634	335690	742943	743002	0.11	43.7
IDMHP682	ID7448	96.154	26	1	0	27125	27150	519930	519955	0.11	43.7
IDMHP682	ID7448	90.909	33	2	1	263074	263106	518334	518365	0.11	43.7
IDMHP682	ID7448	80.952	42	8	0	909188	909229	826645	826604	0.39	41.0
IDMHP682	ID7448	83.784	37	6	0	599044	599080	539886	539922	0.39	41.0
IDMHP682	ID7448	87.500	32	4	0	578812	578843	522993	523024	0.39	41.0
IDMHP682	ID7448	71.579	95	18	4	202687	202774	393178	393086	0.39	41.0
IDMHP682	ID7448	73.846	65	17	0	668399	668463	670527	670463	0.39	41.9
IDMHP682	ID7448	90.000	30	3	0	481265	481294	536953	536982	0.39	41.9
IDMHP682	ID7448	81.818	44	6	1	685402	685443	473248	473291	0.39	41.9
IDMHP682	ID7448	90.000	30	3	0	685995	686024	395533	395562	0.39	41.9
IDMHP682	ID7448	92.308	26	2	0	410236	410261	539956	539981	1.4	39.2
IDMHP682	ID7448	92.308	26	2	0	205462	205487	538993	538968	1.4	39.2
IDMHP682	ID7448	77.358	53	11	1	141151	141203	537601	537550	1.4	39.2
IDMHP682	ID7448	75.862	58	13	1	320132	320189	523883	523939	1.4	39.2
IDMHP682	ID7448	87.097	31	4	0	303822	303852	517198	517168	1.4	39.2
IDMHP682	ID7448	87.097	31	4	0	303822	303852	487851	487881	1.4	39.2
IDMHP682	ID7448	79.167	48	9	1	379083	379130	474533	474487	1.4	39.2
IDMHP682	ID7448	92.857	28	1	1	615302	615328	403882	403855	1.4	39.2
IDMHP682	ID7448	87.097	31	4	0	889424	889454	394543	394513	1.4	39.2
IDMHP682	ID7448	83.333	36	6	0	345502	345537	394292	394257	1.4	39.2
IDMHP682	ID7448	82.051	39	3	1	786652	786686	364598	364560	1.4	39.2
IDMHP682	ID7448	73.239	71	14	2	1460	1528	104699	104632	1.4	39.2
IDMHP682	ID7448	85.294	34	5	0	612709	612742	891224	891191	1.4	40.1
IDMHP682	ID7448	92.857	28	0	1	236936	236963	540738	540713	1.4	40.1
IDMHP682	ID7448	75.926	54	13	0	43630	43683	538962	539015	1.4	40.1
IDMHP682	ID7448	76.364	55	10	1	106036	106087	535139	535193	1.4	40.1
IDMHP682	ID7448	80.435	46	8	1	550249	550293	523663	523618	1.4	40.1
IDMHP682	ID7448	95.833	24	1	0	562128	562151	517124	517147	1.4	40.1
IDMHP682	ID7448	95.833	24	1	0	562128	562151	487925	487902	1.4	40.1
IDMHP682	ID7448	86.667	30	4	0	136844	136873	891113	891142	4.8	37.4
IDMHP682	ID7448	79.630	54	4	4	101914	101964	826600	826649	4.8	37.4
IDMHP682	ID7448	75.862	58	10	2	160073	160130	745589	745642	4.8	37.4
IDMHP682	ID7448	82.857	35	6	0	815901	815935	745529	745563	4.8	37.4
IDMHP682	ID7448	92.000	25	2	0	49532	49556	538979	538955	4.8	37.4
IDMHP682	ID7448	83.784	37	5	1	288365	288401	538884	538919	4.8	37.4
IDMHP682	ID7448	86.667	30	4	0	325046	325075	538544	538573	4.8	37.4
IDMHP682	ID7448	92.593	27	1	1	205462	205487	537934	537908	4.8	37.4
IDMHP682	ID7448	82.857	35	6	0	817384	817418	537479	537445	4.8	37.4
IDMHP682	ID7448	80.952	42	7	1	323178	323219	537119	537079	4.8	37.4
IDMHP682	ID7448	92.000	25	2	0	139869	139893	535218	535194	4.8	37.4
IDMHP682	ID7448	100.000	20	0	0	429594	429613	529720	529701	4.8	37.4
IDMHP682	ID7448	81.633	49	2	4	535548	535593	523788	523832	4.8	37.4
IDMHP682	ID7448	76.923	52	11	1	78379	78429	487965	488016	4.8	37.4
IDMHP682	ID7448	77.778	45	10	0	399413	399457	474420	474376	4.8	37.4
IDMHP682	ID7448	83.784	37	5	1	209259	209294	473355	473319	4.8	37.4
IDMHP682	ID7448	82.927	41	4	2	296157	296196	395911	395949	4.8	37.4
IDMHP682	ID7448	92.000	25	2	0	244844	244868	395107	395131	4.8	37.4
IDMHP682	ID7448	82.222	45	3	3	400674	400716	160827	160786	4.8	37.4
IDMHP682	ID7448	100.000	20	0	0	111250	111269	160598	160617	4.8	37.4
IDMHP682	ID7448	86.667	30	4	0	833331	833360	32582	32611	4.8	37.4
IDMHP682	ID7448	84.848	33	5	0	612711	612743	891207	891175	4.8	38.3
IDMHP682	ID7448	76.000	50	6	1	84967	85016	624043	624000	4.8	38.3
IDMHP682	ID7448	82.500	40	6	1	600985	601024	531098	531060	4.8	38.3
IDMHP682	ID7448	89.286	28	3	0	83602	83629	528580	528553	4.8	38.3
IDMHP682	ID7448	73.016	63	17	0	153480	153542	524042	523980	4.8	38.3
IDMHP682	ID7448	89.286	28	3	0	908936	908963	523489	523516	4.8	38.3
IDMHP682	ID7448	85.714	35	4	1	394606	394640	523000	523033	4.8	38.3
IDMHP682	ID7448	89.286	28	3	0	173484	173511	474308	474281	4.8	38.3
IDMHP682	ID7448	86.486	37	3	2	631928	631962	473081	473045	4.8	38.3
IDMHP682	ID7448	95.652	23	1	0	290521	290543	160854	160832	4.8	38.3
IDMHP682	ID7448	84.848	33	5	0	193	225	160748	160716	4.8	38.3
