ID133A	ID7448	81.889	646	108	1	406011	406656	488040	488676	0.0	642
ID133A	ID7448	77.778	810	164	5	30695	31501	22787	23583	0.0	642
ID133A	ID7448	78.304	802	170	4	30698	31497	20340	21139	0.0	648
ID133A	ID7448	96.403	417	14	1	280544	280959	838058	837642	0.0	682
ID133A	ID7448	96.882	417	12	1	846251	846667	645730	645315	0.0	691
ID133A	ID7448	97.122	417	11	1	846251	846667	912481	912066	0.0	695
ID133A	ID7448	97.122	417	11	1	846251	846667	855334	854919	0.0	695
ID133A	ID7448	97.122	417	11	1	846251	846667	560284	560699	0.0	695
ID133A	ID7448	97.122	417	11	1	846251	846667	265481	265066	0.0	695
ID133A	ID7448	97.122	417	11	1	846251	846667	151505	151090	0.0	695
ID133A	ID7448	97.129	418	11	1	846251	846668	258460	258876	0.0	697
ID133A	ID7448	96.487	427	14	1	846251	846677	283328	283753	0.0	700
ID133A	ID7448	97.602	417	8	2	846251	846667	398382	398796	0.0	700
ID133A	ID7448	87.411	564	36	6	416848	417396	114857	115400	0.0	702
ID133A	ID7448	87.831	567	67	2	548871	549436	489883	489318	0.0	705
ID133A	ID7448	84.060	665	85	8	549962	550619	389078	388428	0.0	705
ID133A	ID7448	73.664	1291	284	27	696234	697491	285946	287213	0.0	725
ID133A	ID7448	80.224	804	147	4	22594	23385	25178	25981	0.0	727
ID133A	ID7448	71.484	1536	415	18	168650	170174	140132	141655	0.0	736
ID133A	ID7448	88.448	580	65	2	522850	523429	515830	515253	0.0	737
ID133A	ID7448	80.024	821	136	4	24981	25801	28452	29244	0.0	749
ID133A	ID7448	80.764	785	122	2	521425	522207	517119	516362	0.0	753
ID133A	ID7448	71.707	1541	408	18	247770	249296	145561	144035	0.0	758
ID133A	ID7448	71.830	1530	409	17	168650	170168	226751	225233	0.0	760
ID133A	ID7448	81.863	805	134	3	28267	29059	25177	25981	0.0	792
ID133A	ID7448	70.247	1899	454	41	171607	173467	223614	221789	0.0	793
ID133A	ID7448	87.215	657	75	4	406011	406661	517009	516356	0.0	797
ID133A	ID7448	75.244	1228	285	9	123030	124248	519623	518406	0.0	821
ID133A	ID7448	95.220	523	25	0	185539	186061	256964	256442	0.0	831
ID133A	ID7448	82.809	826	126	5	30681	31500	28432	29247	0.0	842
ID133A	ID7448	83.051	826	124	4	28247	29062	30866	31685	0.0	856
ID133A	ID7448	93.390	590	33	3	365298	365884	361248	361834	0.0	881
ID133A	ID7448	93.750	592	31	3	124051	124639	361834	361246	0.0	893
ID133A	ID7448	96.043	556	18	3	376865	377418	346940	347493	0.0	894
ID133A	ID7448	74.364	1416	336	9	105682	107082	536870	535467	0.0	902
ID133A	ID7448	83.546	863	113	5	499351	500186	517216	516356	0.0	921
ID133A	ID7448	91.212	660	35	4	183676	184335	163422	164058	0.0	932
ID133A	ID7448	68.374	2773	663	67	244351	247035	148894	146248	0.0	939
ID133A	ID7448	91.667	660	32	4	186066	186702	161032	161691	0.0	946
ID133A	ID7448	70.683	2166	549	33	18816	20944	27139	29255	0.0	973
ID133A	ID7448	79.838	1111	207	8	278972	280074	163417	162316	0.0	974
ID133A	ID7448	70.855	2165	547	36	26954	29070	19019	21147	0.0	974
ID133A	ID7448	96.529	605	17	3	416251	416851	411412	412016	0.0	987
ID133A	ID7448	87.674	860	88	2	549968	550827	488675	487834	0.0	1081
ID133A	ID7448	96.702	758	22	2	123881	124637	347662	346907	0.0	1249
ID133A	ID7448	70.793	2763	685	34	112206	114928	526953	524273	0.0	1302
ID133A	ID7448	79.324	1567	284	15	404013	405555	517009	515459	0.0	1334
ID133A	ID7448	91.005	945	36	7	139099	140041	400631	401528	0.0	1334
ID133A	ID7448	74.329	2162	473	30	18816	20947	21484	23593	0.0	1336
ID133A	ID7448	93.538	913	51	5	615818	616723	515274	514363	0.0	1366
ID133A	ID7448	93.866	913	48	5	547969	548880	607770	606865	0.0	1379
ID133A	ID7448	74.931	2162	460	30	21289	23398	19019	21150	0.0	1395
ID133A	ID7448	68.823	4436	1185	56	382944	387255	388267	383906	0.0	1691
ID133A	ID7448	68.781	4446	1196	52	399485	403853	371688	367358	0.0	1700
ID133A	ID7448	100.000	1071	0	0	279472	280542	258876	259946	0.0	1932
ID133A	ID7448	76.067	2741	586	25	614036	616744	361805	364507	0.0	1937
ID133A	ID7448	76.309	2731	596	26	377387	380091	605097	607802	0.0	1938
ID133A	ID7448	83.778	1874	287	7	806541	808409	794042	795903	0.0	1994
ID133A	ID7448	83.840	1875	282	9	803108	804967	797489	799357	0.0	1994
ID133A	ID7448	84.378	1850	273	8	803110	804947	792033	793878	0.0	2012
ID133A	ID7448	98.307	1181	16	1	107447	108627	535138	533962	0.0	2039
ID133A	ID7448	95.732	1359	41	8	108588	109942	532679	531334	0.0	2169
ID133A	ID7448	79.271	2687	505	24	800280	802941	796671	799330	0.0	2274
ID133A	ID7448	79.389	2683	508	25	805724	808382	791213	793874	0.0	2274
ID133A	ID7448	94.962	1846	91	2	135829	137674	398797	400640	0.0	2903
ID133A	ID7448	72.249	5553	1292	82	21249	26670	27100	32534	0.0	2922
ID133A	ID7448	73.003	5471	1246	73	26930	32297	21460	26802	0.0	3087
ID133A	ID7448	96.408	1893	65	1	414368	416260	408098	409987	0.0	3106
ID133A	ID7448	98.903	1915	20	1	280543	282457	398797	396884	0.0	3356
ID133A	ID7448	99.008	1915	18	1	280543	282457	560700	558787	0.0	3365
ID133A	ID7448	98.956	1916	20	0	280542	282457	283745	281830	0.0	3366
ID133A	ID7448	99.007	1914	19	0	280542	282455	151088	153001	0.0	3367
ID133A	ID7448	98.957	1918	20	0	280540	282457	645311	647228	0.0	3369
ID133A	ID7448	98.907	1921	21	0	280539	282459	265061	266981	0.0	3370
ID133A	ID7448	98.858	1926	21	1	280531	282455	854905	856830	0.0	3371
ID133A	ID7448	99.061	1916	18	0	280544	282459	258875	256960	0.0	3375
ID133A	ID7448	99.164	1914	16	0	280542	282455	912064	913977	0.0	3380
ID133A	ID7448	98.141	2206	41	0	164070	166275	227433	225228	0.0	3794
ID133A	ID7448	98.232	2206	38	1	247773	249978	141654	139450	0.0	3800
ID133A	ID7448	95.844	2382	73	6	414255	416633	112498	114856	0.0	3846
ID133A	ID7448	95.148	2700	87	6	521425	524120	487930	490589	0.0	4292
ID133A	ID7448	97.935	3148	63	2	119916	123061	350755	347608	0.0	5378
ID133A	ID7448	96.796	3558	69	9	897796	901337	891187	894715	0.0	5903
ID133A	ID7448	96.499	3713	129	1	135784	139496	408098	411809	0.0	6107
ID133A	ID7448	96.834	4296	76	9	762574	766859	745696	749941	0.0	7148
ID133A	ID7448	97.411	4288	97	6	754720	759007	753520	757793	0.0	7219
ID133A	ID7448	95.022	4560	126	10	893364	897834	886585	891132	0.0	7247
ID133A	ID7448	99.203	4894	22	2	282621	287514	260189	265065	0.0	8657
ID133A	ID7448	98.886	6104	68	0	920908	927011	913976	920079	0.0	10702
ID133A	ID7448	98.261	6671	70	14	416848	423507	400997	407632	0.0	11486
ID133A	ID7448	96.846	8244	167	17	758647	766859	745696	753877	0.0	13703
ID133A	ID7448	98.423	8563	127	4	405915	414476	388332	396887	0.0	14824
ID133A	ID7448	95.949	10565	232	30	366439	376873	350647	361145	0.0	17165
ID133A	ID7448	98.474	13040	179	9	124638	137674	101478	114500	0.0	22597
ID133A	ID7448	99.243	13349	100	1	33230	46577	33322	46670	0.0	23615
ID133A	ID7448	99.192	14859	118	2	287364	302221	266976	281833	0.0	26249
ID133A	ID7448	97.058	18148	440	25	551481	569599	540708	558790	0.0	30293
ID133A	ID7448	98.908	17314	146	11	903645	920939	894776	912065	0.0	30361
ID133A	ID7448	98.468	27864	320	27	376865	404674	361281	389091	0.0	48300
ID133A	ID7448	99.316	27346	129	16	524184	551494	490575	517897	0.0	48453
ID133A	ID7448	99.028	29832	219	19	863520	893323	856837	886625	0.0	52470
ID133A	ID7448	99.372	31390	152	16	175632	206995	153000	184370	0.0	55689
ID133A	ID7448	99.168	33192	217	23	1	33174	207	33357	0.0	58563
ID133A	ID7448	98.427	36675	398	37	139099	175669	114491	151090	0.0	63533
ID133A	ID7448	99.133	36098	265	14	696490	732566	688288	724358	0.0	63668
ID133A	ID7448	98.633	39566	362	34	824030	863519	815446	854908	0.0	68922
ID133A	ID7448	98.529	40980	464	26	654184	695096	647225	688132	0.0	71192
ID133A	ID7448	99.377	54754	316	13	46513	101258	46750	101486	0.0	97169
ID133A	ID7448	99.178	64344	445	20	302166	366452	283744	348060	0.0	1.136e+05
ID133A	ID7448	99.204	72582	468	22	206976	279495	184432	256965	0.0	1.283e+05
ID133A	ID7448	98.333	76795	972	64	423538	500178	412033	488673	0.0	1.327e+05
ID133A	ID7448	97.927	84751	1537	64	569592	654257	560699	645314	0.0	1.448e+05
ID133A	ID7448	98.930	90713	804	54	733385	824017	724358	814983	0.0	1.591e+05
ID133A	ID7448	100.000	270	0	0	282454	282723	259925	260194	9.32e-136	488
ID133A	ID7448	71.713	753	196	7	446781	447531	533172	533909	9.97e-104	382
ID133A	ID7448	66.696	1120	305	27	117179	118245	522430	521326	8.75e-73	279
ID133A	ID7448	71.719	541	136	10	316558	317088	524263	524796	2.86e-66	257
ID133A	ID7448	72.041	490	122	5	111034	111520	528190	527713	2.86e-66	258
ID133A	ID7448	68.575	821	179	31	685980	686758	688234	689017	4.25e-64	250
ID133A	ID7448	74.194	217	48	6	139679	139893	407674	407464	5.18e-25	120
ID133A	ID7448	65.415	639	178	18	118774	119386	520785	520164	2.20e-23	114
ID133A	ID7448	68.551	283	87	1	714908	715190	408102	407822	3.27e-21	107
ID133A	ID7448	90.667	75	5	1	696228	696300	688116	688190	1.39e-19	102
ID133A	ID7448	70.861	151	41	2	103161	103311	533099	532952	2.87e-09	68.9
ID133A	ID7448	67.907	215	55	7	121174	121384	530428	530632	1.49e-06	59.0
ID133A	ID7448	74.194	93	22	1	416909	417001	407757	407667	5.19e-06	58.1
ID133A	ID7448	68.750	176	46	5	110248	110420	528937	528768	1.81e-05	56.3
ID133A	ID7448	66.346	208	68	2	101694	101900	538413	538207	6.32e-05	53.6
ID133A	ID7448	93.333	30	2	0	423538	423567	412050	412021	0.009	46.4
ID133A	ID7448	82.692	52	5	3	808716	808765	537019	536970	0.033	44.6
ID133A	ID7448	76.562	64	9	2	486469	486526	539524	539461	0.033	45.5
ID133A	ID7448	92.857	28	2	0	580232	580259	540395	540368	0.11	42.8
ID133A	ID7448	79.167	48	10	0	110055	110102	531187	531140	0.11	42.8
ID133A	ID7448	100.000	23	0	0	296877	296899	522446	522424	0.11	42.8
ID133A	ID7448	84.211	38	6	0	738115	738152	412014	412051	0.11	42.8
ID133A	ID7448	67.460	126	41	0	120327	120452	529608	529733	0.11	43.7
ID133A	ID7448	96.154	26	1	0	26708	26733	519930	519955	0.11	43.7
ID133A	ID7448	90.909	33	2	1	271380	271412	518334	518365	0.11	43.7
ID133A	ID7448	87.500	32	4	0	590581	590612	522993	523024	0.40	41.0
ID133A	ID7448	90.000	30	3	0	489576	489605	536953	536982	0.40	41.9
ID133A	ID7448	92.308	26	2	0	211198	211223	538993	538968	1.4	39.2
ID133A	ID7448	77.358	53	11	1	102926	102978	537601	537550	1.4	39.2
ID133A	ID7448	75.862	58	13	1	330074	330131	523883	523939	1.4	39.2
ID133A	ID7448	100.000	21	0	0	101257	101277	517895	517915	1.4	39.2
ID133A	ID7448	75.926	54	13	0	42972	43025	538962	539015	1.4	40.1
ID133A	ID7448	76.364	55	10	1	128695	128746	535139	535193	1.4	40.1
ID133A	ID7448	89.655	29	3	0	862313	862341	200	172	1.4	40.1
ID133A	ID7448	100.000	20	0	0	414823	414842	539956	539975	4.9	37.4
ID133A	ID7448	87.500	32	3	1	832962	832992	538987	539018	4.9	37.4
ID133A	ID7448	92.000	25	2	0	48835	48859	538979	538955	4.9	37.4
ID133A	ID7448	83.784	37	5	1	297324	297360	538884	538919	4.9	37.4
ID133A	ID7448	86.667	30	4	0	334979	335008	538544	538573	4.9	37.4
ID133A	ID7448	92.593	27	1	1	211198	211223	537934	537908	4.9	37.4
ID133A	ID7448	82.857	35	6	0	845013	845047	537479	537445	4.9	37.4
ID133A	ID7448	80.952	42	7	1	333119	333160	537119	537079	4.9	37.4
ID133A	ID7448	92.000	25	2	0	101648	101672	535218	535194	4.9	37.4
ID133A	ID7448	83.333	36	3	1	264195	264227	527142	527177	4.9	37.4
ID133A	ID7448	81.633	49	2	4	545159	545204	523788	523832	4.9	37.4
ID133A	ID7448	72.222	72	14	2	774885	774956	361158	361093	4.9	37.4
ID133A	ID7448	76.000	50	12	0	853828	853877	184455	184406	4.9	37.4
ID133A	ID7448	84.848	33	5	0	622183	622215	891207	891175	4.9	38.3
ID133A	ID7448	84.615	39	3	2	721531	721569	540008	540043	4.9	38.3
ID133A	ID7448	77.083	48	11	0	906646	906693	535511	535464	4.9	38.3
ID133A	ID7448	82.500	40	6	1	551394	551433	531060	531098	4.9	38.3
ID133A	ID7448	89.286	28	3	0	82904	82931	528580	528553	4.9	38.3
ID133A	ID7448	73.016	63	17	0	115330	115392	524042	523980	4.9	38.3
ID133A	ID7448	89.286	28	3	0	766201	766228	523489	523516	4.9	38.3
ID133A	ID7448	85.714	35	4	1	401207	401241	523000	523033	4.9	38.3
