ID7422	ID7448	82.300	661	90	8	400580	401220	517009	516356	0.0	655
ID7422	ID7448	85.470	585	80	4	511858	512441	515845	515265	0.0	659
ID7422	ID7448	83.005	659	85	8	538766	539405	389078	388428	0.0	673
ID7422	ID7448	70.872	1490	407	17	138227	139703	144035	145510	0.0	679
ID7422	ID7448	69.729	1622	411	22	510662	512247	388428	390005	0.0	685
ID7422	ID7448	96.882	417	12	1	819886	820302	645730	645315	0.0	691
ID7422	ID7448	97.122	417	11	1	819886	820302	912481	912066	0.0	695
ID7422	ID7448	97.122	417	11	1	819886	820302	855334	854919	0.0	695
ID7422	ID7448	97.122	417	11	1	819886	820302	560284	560699	0.0	695
ID7422	ID7448	97.122	417	11	1	819886	820302	265481	265066	0.0	695
ID7422	ID7448	97.122	417	11	1	819886	820302	151505	151090	0.0	695
ID7422	ID7448	97.129	418	11	1	819886	820303	258460	258876	0.0	697
ID7422	ID7448	96.487	427	14	1	819886	820312	283328	283753	0.0	700
ID7422	ID7448	87.654	567	68	2	537675	538240	489883	489318	0.0	700
ID7422	ID7448	97.602	417	8	2	819886	820302	398382	398796	0.0	700
ID7422	ID7448	87.411	564	36	6	409353	409901	114857	115400	0.0	702
ID7422	ID7448	71.540	1539	409	19	164970	166494	140132	141655	0.0	742
ID7422	ID7448	81.219	804	138	5	22812	23602	25178	25981	0.0	759
ID7422	ID7448	71.736	1532	407	16	244188	245706	145553	144035	0.0	763
ID7422	ID7448	81.219	804	139	4	25200	26003	22789	23580	0.0	763
ID7422	ID7448	71.885	1533	403	18	164970	166488	226751	225233	0.0	766
ID7422	ID7448	81.320	803	147	1	25201	26003	20340	21139	0.0	771
ID7422	ID7448	81.615	805	136	3	25199	26003	28452	29244	0.0	783
ID7422	ID7448	81.615	805	136	3	28474	29266	25177	25981	0.0	783
ID7422	ID7448	95.190	499	19	3	408808	409304	112498	112993	0.0	783
ID7422	ID7448	70.158	1900	455	41	167972	169833	223614	221789	0.0	787
ID7422	ID7448	82.345	776	101	5	510561	511300	517119	516344	0.0	792
ID7422	ID7448	70.310	1903	444	43	240731	242557	148894	147037	0.0	801
ID7422	ID7448	95.029	523	26	0	181882	182404	256964	256442	0.0	827
ID7422	ID7448	92.712	590	37	3	373420	374006	346907	347493	0.0	863
ID7422	ID7448	93.051	590	36	3	359757	360344	361248	361834	0.0	871
ID7422	ID7448	83.777	826	118	4	28454	29269	30866	31685	0.0	883
ID7422	ID7448	83.777	826	118	4	30888	31707	28432	29247	0.0	883
ID7422	ID7448	92.915	621	26	6	112897	113514	400923	401528	0.0	911
ID7422	ID7448	91.667	660	32	4	180019	180678	163422	164058	0.0	946
ID7422	ID7448	91.667	660	32	4	182409	183045	161032	161691	0.0	946
ID7422	ID7448	70.591	2166	551	33	19042	21170	27139	29255	0.0	964
ID7422	ID7448	70.591	2166	551	33	27161	29277	19019	21147	0.0	964
ID7422	ID7448	80.144	1108	209	8	275398	276500	163417	162316	0.0	981
ID7422	ID7448	87.456	853	94	5	538772	539622	488675	487834	0.0	1046
ID7422	ID7448	69.907	2901	776	25	379514	382377	388267	385427	0.0	1271
ID7422	ID7448	74.376	2162	471	31	21507	23615	19019	21150	0.0	1337
ID7422	ID7448	74.468	2162	470	30	19042	21173	21484	23593	0.0	1350
ID7422	ID7448	93.428	913	52	5	604644	605549	515274	514363	0.0	1361
ID7422	ID7448	93.619	909	50	5	536777	537684	607766	606865	0.0	1363
ID7422	ID7448	68.670	4443	1195	53	396056	400419	371682	367358	0.0	1676
ID7422	ID7448	75.664	2749	615	23	373977	376700	605097	607816	0.0	1887
ID7422	ID7448	75.738	2745	592	25	602858	605570	361805	364507	0.0	1902
ID7422	ID7448	83.885	1874	285	7	780176	782044	794042	795903	0.0	2003
ID7422	ID7448	83.991	1874	282	8	776701	778561	797489	799357	0.0	2008
ID7422	ID7448	84.341	1852	276	8	776703	778544	792033	793880	0.0	2010
ID7422	ID7448	79.308	2687	504	24	773872	776533	796671	799330	0.0	2278
ID7422	ID7448	79.426	2683	507	25	779359	782017	791213	793874	0.0	2278
ID7422	ID7448	99.318	1319	8	1	275899	277216	258876	260194	0.0	2335
ID7422	ID7448	72.654	5467	1271	75	21483	26824	27115	32482	0.0	2984
ID7422	ID7448	72.691	5467	1270	74	27137	32504	21460	26802	0.0	2996
ID7422	ID7448	95.631	2220	76	4	416516	418734	398797	400996	0.0	3568
ID7422	ID7448	95.499	2266	81	4	416470	418734	112611	114856	0.0	3628
ID7422	ID7448	99.213	2159	16	1	137545	139703	227433	225276	0.0	3814
ID7422	ID7448	99.592	2206	8	1	244183	246388	141654	139450	0.0	3935
ID7422	ID7448	99.272	4805	23	6	418352	423145	411412	416215	0.0	8492
ID7422	ID7448	98.836	4898	15	3	277114	281990	260189	265065	0.0	8601
ID7422	ID7448	98.628	6122	65	2	892375	898495	913976	920079	0.0	10670
ID7422	ID7448	99.445	9010	30	3	409353	418361	400997	409987	0.0	16028
ID7422	ID7448	99.768	9500	16	3	162531	172028	141594	151089	0.0	17025
ID7422	ID7448	97.434	13603	294	12	643028	656584	647225	660818	0.0	22954
ID7422	ID7448	99.507	14000	54	6	511878	525874	489322	503309	0.0	24923
ID7422	ID7448	99.605	14436	33	4	525882	540302	503471	517897	0.0	25781
ID7422	ID7448	99.764	14859	31	2	281840	296695	266976	281833	0.0	26634
ID7422	ID7448	96.857	18135	459	22	540289	558376	540708	558778	0.0	30136
ID7422	ID7448	99.904	22835	3	5	139698	162531	540710	517894	0.0	41076
ID7422	ID7448	98.320	25534	280	24	866969	892406	886585	912065	0.0	44140
ID7422	ID7448	99.363	26831	140	12	112897	139703	114783	141606	0.0	47590
ID7422	ID7448	99.366	29824	154	12	837110	866920	856829	886630	0.0	52910
ID7422	ID7448	99.615	39481	132	10	797692	837156	815442	854918	0.0	70487
ID7422	ID7448	99.162	42864	288	22	366205	409030	354057	396887	0.0	75648
ID7422	ID7448	99.824	46716	48	12	1	46710	1	46688	0.0	83854
ID7422	ID7448	99.237	57292	352	24	740415	797690	757761	814983	0.0	1.013e+05
ID7422	ID7448	99.851	66269	86	6	46628	112889	46732	112994	0.0	1.190e+05
ID7422	ID7448	99.615	69604	212	15	296640	366195	283744	353339	0.0	1.243e+05
ID7422	ID7448	99.487	71585	292	22	424698	496248	416264	487807	0.0	1.274e+05
ID7422	ID7448	98.724	84783	850	52	558385	643106	560703	645314	0.0	1.480e+05
ID7422	ID7448	99.261	83952	453	45	656588	740418	661627	745532	0.0	1.486e+05
ID7422	ID7448	99.587	104009	313	25	171989	275921	152997	256964	0.0	1.856e+05
ID7422	ID7448	96.601	353	12	0	737401	737753	753520	753872	1.53e-164	583
ID7422	ID7448	93.872	359	16	2	737400	737753	745695	746052	3.84e-153	545
ID7422	ID7448	93.732	351	21	1	737401	737751	757438	757787	8.45e-149	531
ID7422	ID7448	93.503	354	21	2	737401	737753	749584	749936	1.03e-147	528
ID7422	ID7448	77.080	637	145	1	400580	401215	488040	488676	9.03e-136	489
ID7422	ID7448	79.835	243	36	6	441077	441316	753749	753517	5.36e-50	203
ID7422	ID7448	93.284	134	6	1	366065	366195	353852	353985	6.53e-49	200
ID7422	ID7448	67.358	772	212	22	780710	781461	755438	754687	2.77e-47	194
ID7422	ID7448	67.013	770	218	19	780710	781461	747618	746867	3.38e-46	191
ID7422	ID7448	77.143	245	45	4	441074	441316	757670	757435	1.75e-43	182
ID7422	ID7448	66.710	775	225	19	775227	775983	751505	750746	6.11e-43	179
ID7422	ID7448	76.955	243	43	6	441077	441316	749813	749581	3.17e-40	171
ID7422	ID7448	66.710	775	222	23	775227	775983	755438	754682	4.70e-38	164
ID7422	ID7448	66.710	775	222	23	775227	775983	747618	746862	4.70e-38	164
ID7422	ID7448	89.231	65	7	0	423357	423421	416207	416271	1.04e-14	86.9
ID7422	ID7448	69.822	169	49	2	509209	509376	410708	410875	2.78e-09	68.9
ID7422	ID7448	81.356	59	7	1	782165	782219	503346	503288	5.03e-06	57.2
ID7422	ID7448	91.429	35	3	0	435912	435946	266983	266949	7.46e-04	50.9
ID7422	ID7448	93.548	31	2	0	435916	435946	913979	913949	0.003	48.2
ID7422	ID7448	85.366	41	6	0	816602	816642	503320	503360	0.003	48.2
ID7422	ID7448	96.552	29	1	0	435918	435946	396886	396914	0.003	49.1
ID7422	ID7448	96.429	28	1	0	435919	435946	856829	856802	0.009	47.3
ID7422	ID7448	96.429	28	1	0	435919	435946	647225	647198	0.009	47.3
ID7422	ID7448	96.429	28	1	0	435919	435946	281833	281860	0.009	47.3
ID7422	ID7448	96.429	28	1	0	435919	435946	153000	152973	0.009	47.3
ID7422	ID7448	93.103	29	2	0	435918	435946	256964	256992	0.032	44.6
ID7422	ID7448	90.625	32	3	0	435915	435946	558786	558817	0.032	45.5
ID7422	ID7448	86.486	37	5	0	179793	179829	503476	503440	0.032	45.5
ID7422	ID7448	93.103	29	1	1	190986	191014	353575	353602	0.39	41.0
ID7422	ID7448	80.435	46	4	2	174025	174065	815004	814959	1.3	39.2
ID7422	ID7448	87.097	31	4	0	864097	864127	749980	750010	1.3	39.2
ID7422	ID7448	87.097	31	4	0	864097	864127	746096	746126	1.3	39.2
ID7422	ID7448	84.211	38	5	1	29231	29267	489218	489181	1.3	39.2
ID7422	ID7448	84.211	38	2	2	12357	12394	913623	913656	4.7	37.4
ID7422	ID7448	92.000	25	2	0	299350	299374	913083	913107	4.7	37.4
ID7422	ID7448	84.211	38	2	2	12357	12394	856476	856509	4.7	37.4
ID7422	ID7448	92.000	25	2	0	299350	299374	855936	855960	4.7	37.4
ID7422	ID7448	92.000	25	2	0	777002	777026	755680	755656	4.7	37.4
ID7422	ID7448	80.000	40	8	0	354257	354296	754020	754059	4.7	37.4
ID7422	ID7448	86.667	30	4	0	864097	864126	753916	753945	4.7	37.4
ID7422	ID7448	92.000	25	2	0	777002	777026	751747	751723	4.7	37.4
ID7422	ID7448	80.000	40	8	0	354257	354296	750084	750123	4.7	37.4
ID7422	ID7448	82.500	40	2	2	505646	505683	750010	749974	4.7	37.4
ID7422	ID7448	92.000	25	2	0	777002	777026	747863	747839	4.7	37.4
ID7422	ID7448	80.000	40	8	0	354257	354296	746200	746239	4.7	37.4
ID7422	ID7448	82.500	40	2	2	505646	505683	746126	746090	4.7	37.4
ID7422	ID7448	84.211	38	2	2	12357	12394	646872	646905	4.7	37.4
ID7422	ID7448	92.000	25	2	0	299350	299374	646332	646356	4.7	37.4
ID7422	ID7448	92.000	25	2	0	299350	299374	559682	559658	4.7	37.4
ID7422	ID7448	84.211	38	2	2	12357	12394	559143	559110	4.7	37.4
ID7422	ID7448	83.784	37	5	1	579725	579760	488757	488793	4.7	37.4
ID7422	ID7448	92.593	27	1	1	460166	460192	488654	488679	4.7	37.4
ID7422	ID7448	92.000	25	2	0	299350	299374	397780	397756	4.7	37.4
ID7422	ID7448	84.211	38	2	2	12357	12394	397240	397207	4.7	37.4
ID7422	ID7448	92.000	25	2	0	299350	299374	282726	282702	4.7	37.4
ID7422	ID7448	84.211	38	2	2	12357	12394	282186	282153	4.7	37.4
ID7422	ID7448	84.211	38	2	2	12357	12394	266623	266656	4.7	37.4
ID7422	ID7448	92.000	25	2	0	299350	299374	266083	266107	4.7	37.4
ID7422	ID7448	92.000	25	2	0	299350	299374	257858	257834	4.7	37.4
ID7422	ID7448	84.211	38	2	2	12357	12394	257318	257285	4.7	37.4
ID7422	ID7448	84.211	38	2	2	12357	12394	152647	152680	4.7	37.4
ID7422	ID7448	92.000	25	2	0	299350	299374	152107	152131	4.7	37.4
ID7422	ID7448	89.655	29	0	1	54053	54078	913840	913812	4.7	38.3
ID7422	ID7448	89.655	29	0	1	54053	54078	856693	856665	4.7	38.3
ID7422	ID7448	89.286	28	3	0	347500	347527	757389	757416	4.7	38.3
ID7422	ID7448	89.286	28	3	0	347500	347527	753471	753498	4.7	38.3
ID7422	ID7448	89.286	28	3	0	156909	156936	753239	753212	4.7	38.3
ID7422	ID7448	89.286	28	3	0	347500	347527	749535	749562	4.7	38.3
ID7422	ID7448	90.000	30	2	1	76909	76937	745627	745598	4.7	38.3
ID7422	ID7448	89.655	29	0	1	54053	54078	647089	647061	4.7	38.3
ID7422	ID7448	89.655	29	0	1	54053	54078	558926	558954	4.7	38.3
ID7422	ID7448	84.848	33	5	0	508954	508986	410423	410455	4.7	38.3
ID7422	ID7448	89.655	29	0	1	54053	54078	397023	397051	4.7	38.3
ID7422	ID7448	89.655	29	0	1	54053	54078	281969	281997	4.7	38.3
ID7422	ID7448	89.655	29	0	1	54053	54078	266840	266812	4.7	38.3
ID7422	ID7448	89.655	29	0	1	54053	54078	257101	257129	4.7	38.3
ID7422	ID7448	89.655	29	0	1	54053	54078	152864	152836	4.7	38.3
