IDES2L	ID7448	81.997	661	94	8	381562	382204	517009	516356	0.0	643
IDES2L	ID7448	81.763	658	82	7	522811	523437	389078	388428	0.0	649
IDES2L	ID7448	96.882	417	11	2	840152	840568	398382	398796	0.0	687
IDES2L	ID7448	95.023	442	19	2	628901	629339	837642	838083	0.0	692
IDES2L	ID7448	70.119	1593	399	23	494594	496154	388428	389975	0.0	693
IDES2L	ID7448	97.122	417	11	1	840152	840568	560284	560699	0.0	695
IDES2L	ID7448	97.129	418	11	1	840152	840569	258460	258876	0.0	697
IDES2L	ID7448	97.842	417	8	1	840152	840568	645730	645315	0.0	709
IDES2L	ID7448	71.131	1538	417	19	144486	146010	140132	141655	0.0	711
IDES2L	ID7448	98.082	417	7	1	840152	840568	912481	912066	0.0	713
IDES2L	ID7448	98.082	417	7	1	840152	840568	855334	854919	0.0	713
IDES2L	ID7448	98.082	417	7	1	840152	840568	265481	265066	0.0	713
IDES2L	ID7448	98.082	417	7	1	840152	840568	151505	151090	0.0	713
IDES2L	ID7448	95.425	459	13	4	840152	840604	283328	283784	0.0	723
IDES2L	ID7448	88.732	568	61	3	521719	522285	489883	489318	0.0	726
IDES2L	ID7448	71.475	1532	411	18	144486	146004	226751	225233	0.0	736
IDES2L	ID7448	71.530	1542	398	23	221341	222864	145561	144043	0.0	736
IDES2L	ID7448	81.219	804	139	4	21474	22265	25178	25981	0.0	763
IDES2L	ID7448	81.219	804	139	4	23863	24666	22789	23580	0.0	763
IDES2L	ID7448	81.242	805	139	4	27116	27908	25177	25981	0.0	765
IDES2L	ID7448	81.320	803	147	1	23864	24666	20340	21139	0.0	771
IDES2L	ID7448	70.905	1746	427	33	147446	149162	223614	221921	0.0	783
IDES2L	ID7448	81.863	805	134	3	23862	24666	28452	29244	0.0	792
IDES2L	ID7448	75.081	1228	287	9	763235	764453	519623	518406	0.0	812
IDES2L	ID7448	95.000	520	24	2	352832	353350	346907	347425	0.0	814
IDES2L	ID7448	82.990	776	101	4	494492	495236	517119	516344	0.0	815
IDES2L	ID7448	94.872	546	22	5	386019	386563	396347	396887	0.0	842
IDES2L	ID7448	82.688	826	127	3	27096	27911	30866	31685	0.0	847
IDES2L	ID7448	92.881	590	35	4	341142	341727	361248	361834	0.0	864
IDES2L	ID7448	83.656	826	119	4	29530	30349	28432	29247	0.0	878
IDES2L	ID7448	68.175	2718	751	47	337826	340491	422699	425354	0.0	893
IDES2L	ID7448	74.738	1433	331	13	747679	749094	536870	535452	0.0	922
IDES2L	ID7448	84.009	863	112	5	474409	475247	517216	516356	0.0	936
IDES2L	ID7448	68.455	2758	678	60	217771	220447	148894	146248	0.0	955
IDES2L	ID7448	70.499	2166	553	33	17703	19831	27139	29255	0.0	955
IDES2L	ID7448	79.910	1110	207	7	252548	253649	163417	162316	0.0	980
IDES2L	ID7448	86.256	844	98	3	522817	523644	488675	487834	0.0	1003
IDES2L	ID7448	71.090	2155	540	30	25803	27908	19019	21139	0.0	1018
IDES2L	ID7448	95.289	743	31	3	764100	764840	347647	346907	0.0	1173
IDES2L	ID7448	83.910	1156	162	5	353459	354611	347608	348742	0.0	1246
IDES2L	ID7448	70.724	2777	685	41	752830	755563	526953	524262	0.0	1274
IDES2L	ID7448	70.145	2894	780	25	378562	381401	370221	367358	0.0	1287
IDES2L	ID7448	74.422	2162	471	31	17703	19834	21484	23593	0.0	1341
IDES2L	ID7448	92.617	921	52	5	520809	521728	607770	606865	0.0	1347
IDES2L	ID7448	74.572	2163	466	32	20169	22278	19019	21150	0.0	1353
IDES2L	ID7448	93.538	913	51	5	589003	589908	515274	514363	0.0	1366
IDES2L	ID7448	68.816	4451	1173	62	358527	362851	388267	383906	0.0	1684
IDES2L	ID7448	93.495	1199	61	7	749370	750566	532517	531334	0.0	1795
IDES2L	ID7448	85.805	1571	220	3	800405	801974	792306	793874	0.0	1818
IDES2L	ID7448	95.073	1157	55	2	341140	342295	346905	348060	0.0	1823
IDES2L	ID7448	83.765	1737	265	7	800270	802001	794179	795903	0.0	1846
IDES2L	ID7448	93.098	1275	83	4	495815	497088	489322	490592	0.0	1890
IDES2L	ID7448	98.380	1111	14	1	745367	746477	535147	534041	0.0	1922
IDES2L	ID7448	76.100	2728	593	24	587236	589929	361805	364507	0.0	1926
IDES2L	ID7448	84.188	1853	278	8	796161	798008	794044	795886	0.0	1999
IDES2L	ID7448	79.120	2706	505	25	792008	794672	796671	799357	0.0	2275
IDES2L	ID7448	99.545	1319	5	1	253048	254365	258876	260194	0.0	2349
IDES2L	ID7448	72.489	5467	1281	76	20145	25487	27115	32482	0.0	2938
IDES2L	ID7448	96.619	1893	61	3	113074	114965	408097	409987	0.0	3115
IDES2L	ID7448	73.231	5469	1236	78	25779	31145	21460	26802	0.0	3117
IDES2L	ID7448	88.880	2392	248	3	792804	795183	794038	796423	0.0	3118
IDES2L	ID7448	98.495	1927	16	12	627394	629320	396887	398800	0.0	3303
IDES2L	ID7448	98.753	1924	11	12	627394	629317	558790	560700	0.0	3320
IDES2L	ID7448	98.651	1928	14	11	627393	629320	913977	912062	0.0	3322
IDES2L	ID7448	97.824	1976	28	13	627394	629369	266976	265016	0.0	3325
IDES2L	ID7448	98.014	1964	19	13	627357	629320	281804	283747	0.0	3326
IDES2L	ID7448	98.804	1923	11	11	627394	629316	256965	258875	0.0	3326
IDES2L	ID7448	98.703	1928	13	11	627393	629320	153001	151086	0.0	3326
IDES2L	ID7448	97.779	1981	20	15	627393	629369	856830	854870	0.0	3329
IDES2L	ID7448	97.445	1996	32	13	627325	629318	647291	645313	0.0	3329
IDES2L	ID7448	99.166	1918	12	4	111013	112930	913979	912066	0.0	3373
IDES2L	ID7448	99.115	1921	13	4	111016	112936	647225	645309	0.0	3374
IDES2L	ID7448	99.169	1925	10	6	111016	112939	558790	560709	0.0	3378
IDES2L	ID7448	95.971	2085	69	2	542413	544485	560699	562780	0.0	3387
IDES2L	ID7448	99.529	1912	8	1	798356	800267	558789	560699	0.0	3405
IDES2L	ID7448	99.426	1918	10	1	370339	372256	560703	558787	0.0	3406
IDES2L	ID7448	99.426	1917	11	0	798356	800272	266977	265061	0.0	3408
IDES2L	ID7448	99.426	1918	11	0	798350	800267	856836	854919	0.0	3410
IDES2L	ID7448	99.427	1919	11	0	370340	372258	265063	266981	0.0	3412
IDES2L	ID7448	99.583	1917	8	0	798356	800272	256964	258880	0.0	3422
IDES2L	ID7448	98.876	1958	17	3	370335	372288	258882	256926	0.0	3424
IDES2L	ID7448	97.693	2211	45	6	221344	223554	141654	139450	0.0	3736
IDES2L	ID7448	98.141	2206	41	0	139899	142104	227433	225228	0.0	3794
IDES2L	ID7448	97.958	2743	40	10	113120	115857	398797	401528	0.0	4664
IDES2L	ID7448	96.594	2907	80	7	386339	389230	112498	115400	0.0	4782
IDES2L	ID7448	95.475	3116	135	4	760152	763266	350718	347608	0.0	4972
IDES2L	ID7448	93.354	3521	202	7	794837	798351	790706	794200	0.0	5293
IDES2L	ID7448	97.006	3273	89	6	391564	394831	407250	403982	0.0	5442
IDES2L	ID7448	97.141	4093	70	6	731592	735675	745696	749750	0.0	6870
IDES2L	ID7448	97.541	4188	57	11	395060	399206	412033	416215	0.0	7081
IDES2L	ID7448	96.671	4296	121	7	727655	731949	753520	757794	0.0	7092
IDES2L	ID7448	97.560	4549	96	5	887247	891781	886585	891132	0.0	7695
IDES2L	ID7448	97.840	4723	76	4	400759	405480	416264	420961	0.0	8064
IDES2L	ID7448	98.812	4883	32	5	254263	259125	260189	265065	0.0	8546
IDES2L	ID7448	98.482	5072	69	6	386501	391567	398797	403865	0.0	8780
IDES2L	ID7448	98.166	6107	106	2	912591	918694	913976	920079	0.0	10505
IDES2L	ID7448	98.486	6273	92	3	735671	741941	757746	764017	0.0	10874
IDES2L	ID7448	97.339	8041	174	11	727655	735675	749584	757604	0.0	13523
IDES2L	ID7448	98.712	8694	75	7	151455	160113	153000	161691	0.0	15176
IDES2L	ID7448	98.706	11125	86	8	342282	353350	350647	361769	0.0	19430
IDES2L	ID7448	98.270	13062	152	16	497184	510188	490575	503619	0.0	22532
IDES2L	ID7448	97.466	13853	323	12	372250	386087	379123	392962	0.0	23372
IDES2L	ID7448	98.596	14245	146	11	510118	524328	503673	517897	0.0	24787
IDES2L	ID7448	98.628	14869	189	5	258975	273839	266976	281833	0.0	25886
IDES2L	ID7448	98.492	15579	184	10	354795	370342	363601	379159	0.0	27037
IDES2L	ID7448	98.879	16853	149	8	1	16814	207	17058	0.0	29541
IDES2L	ID7448	97.402	18167	327	16	524315	542420	540708	558790	0.0	30693
IDES2L	ID7448	98.628	20925	197	12	891744	912622	891185	912065	0.0	36469
IDES2L	ID7448	99.099	20981	156	9	159454	180424	163422	184379	0.0	36974
IDES2L	ID7448	98.887	28573	275	7	16821	45351	18135	46706	0.0	50102
IDES2L	ID7448	97.842	29887	558	24	764841	794655	764009	793880	0.0	50960
IDES2L	ID7448	98.739	29814	330	9	857415	887205	856849	886639	0.0	52072
IDES2L	ID7448	98.779	32590	351	11	220496	253070	224407	256964	0.0	56971
IDES2L	ID7448	98.278	38676	499	36	112931	151492	112468	151090	0.0	66734
IDES2L	ID7448	98.877	40161	426	20	180396	220549	184423	224565	0.0	70325
IDES2L	ID7448	98.550	57304	643	28	800268	857402	797624	854908	0.0	99638
IDES2L	ID7448	98.890	63270	514	23	273784	336972	283744	346906	0.0	1.110e+05
IDES2L	ID7448	99.213	65787	492	13	45251	111016	46714	112495	0.0	1.163e+05
IDES2L	ID7448	98.125	67724	997	57	407715	475239	421024	488673	0.0	1.164e+05
IDES2L	ID7448	97.024	82365	2124	73	545220	627415	563129	645335	0.0	1.375e+05
IDES2L	ID7448	98.566	106542	1208	65	629317	735675	647282	753686	0.0	1.852e+05
IDES2L	ID7448	94.693	358	17	1	388343	388700	411440	411795	6.22e-157	558
IDES2L	ID7448	77.116	638	145	1	381562	382199	488040	488676	2.65e-136	489
IDES2L	ID7448	82.328	464	63	12	394578	395030	407177	407632	2.17e-118	431
IDES2L	ID7448	71.713	753	196	7	421952	422702	533172	533909	9.88e-104	382
IDES2L	ID7448	94.787	211	11	0	416045	416255	396180	396390	1.57e-88	332
IDES2L	ID7448	66.416	1063	294	24	757793	758807	522373	521326	2.84e-66	257
IDES2L	ID7448	71.875	480	120	5	751658	752134	528190	527723	1.47e-63	249
IDES2L	ID7448	81.250	256	32	6	544532	544785	562541	562782	3.23e-59	233
IDES2L	ID7448	71.084	415	97	11	791525	791923	796089	796496	6.25e-43	179
IDES2L	ID7448	96.774	93	3	0	416045	416137	393042	392950	2.49e-35	155
IDES2L	ID7448	73.077	208	50	4	115512	115718	407666	407464	2.66e-22	111
IDES2L	ID7448	79.032	124	26	0	688820	688943	407945	407822	3.24e-21	107
IDES2L	ID7448	79.279	111	19	1	253856	253962	161713	161603	5.86e-18	96.9
IDES2L	ID7448	64.890	638	183	18	759327	759939	520785	520164	5.86e-18	97.8
IDES2L	ID7448	89.231	65	7	0	399418	399482	416207	416271	1.06e-14	86.9
IDES2L	ID7448	79.570	93	16	1	159714	159806	17119	17208	4.50e-13	81.5
IDES2L	ID7448	83.099	71	9	1	407435	407502	420957	421027	6.69e-11	73.4
IDES2L	ID7448	83.871	62	10	0	406390	406451	410710	410771	2.84e-09	68.0
IDES2L	ID7448	70.861	151	41	2	743854	744004	533099	532952	2.84e-09	68.9
IDES2L	ID7448	69.714	175	45	4	493147	493320	410708	410875	9.92e-09	67.1
IDES2L	ID7448	68.095	210	61	5	742379	742585	538413	538207	4.22e-07	60.8
IDES2L	ID7448	77.500	80	12	3	254017	254095	17192	17118	1.79e-05	56.3
IDES2L	ID7448	68.786	173	45	5	750872	751041	528937	528771	1.79e-05	55.4
IDES2L	ID7448	68.254	126	40	0	760527	760652	529608	529733	0.003	48.2
IDES2L	ID7448	84.783	46	6	1	388340	388384	535446	535491	0.003	49.1
IDES2L	ID7448	93.333	30	2	0	395060	395089	412050	412021	0.009	46.4
IDES2L	ID7448	75.581	86	17	4	339289	339372	411729	411812	0.009	47.3
IDES2L	ID7448	83.673	49	5	2	419096	419142	404027	403980	0.009	47.3
IDES2L	ID7448	82.692	52	5	3	802262	802311	537019	536970	0.032	44.6
IDES2L	ID7448	76.562	64	9	2	461558	461615	539524	539461	0.032	45.5
IDES2L	ID7448	78.846	52	11	0	406106	406157	410411	410462	0.032	45.5
IDES2L	ID7448	79.167	48	10	0	750679	750726	531187	531140	0.11	42.8
IDES2L	ID7448	74.603	63	16	0	755954	756016	524042	523980	0.11	42.8
IDES2L	ID7448	100.000	23	0	0	268496	268518	522446	522424	0.11	42.8
IDES2L	ID7448	96.154	26	1	0	25557	25582	519930	519955	0.11	43.7
IDES2L	ID7448	90.909	33	2	1	244956	244988	518334	518365	0.11	43.7
IDES2L	ID7448	87.500	32	4	0	563771	563802	522993	523024	0.40	41.0
IDES2L	ID7448	76.923	52	12	0	764385	764436	395263	395314	0.40	41.0
IDES2L	ID7448	71.579	95	18	4	181851	181938	393178	393086	0.40	41.0
IDES2L	ID7448	77.778	54	10	1	557856	557907	527150	527203	0.40	41.9
IDES2L	ID7448	96.000	25	1	0	741937	741961	517891	517915	0.40	41.9
IDES2L	ID7448	90.000	30	3	0	670054	670083	395533	395562	0.40	41.9
IDES2L	ID7448	92.308	26	2	0	386910	386935	539956	539981	1.4	39.2
IDES2L	ID7448	84.211	38	5	1	584026	584063	539886	539922	1.4	39.2
IDES2L	ID7448	92.308	26	2	0	184626	184651	538993	538968	1.4	39.2
IDES2L	ID7448	77.358	53	11	1	743619	743671	537601	537550	1.4	39.2
IDES2L	ID7448	75.926	54	9	1	797779	797828	527173	527120	1.4	39.2
IDES2L	ID7448	75.862	58	13	1	301731	301788	523883	523939	1.4	39.2
IDES2L	ID7448	84.211	38	5	1	27873	27909	489218	489181	1.4	39.2
IDES2L	ID7448	92.857	28	1	1	597932	597958	403882	403855	1.4	39.2
IDES2L	ID7448	87.097	31	4	0	910014	910044	394543	394513	1.4	39.2
IDES2L	ID7448	82.927	41	2	2	600261	600300	394545	394509	1.4	39.2
IDES2L	ID7448	92.308	26	2	0	696452	696477	18113	18138	1.4	39.2
IDES2L	ID7448	75.926	54	13	0	41710	41763	538962	539015	1.4	40.1
IDES2L	ID7448	76.364	55	10	1	104050	104101	535139	535193	1.4	40.1
IDES2L	ID7448	85.294	34	5	0	103724	103757	394328	394361	1.4	40.1
IDES2L	ID7448	89.655	29	3	0	856197	856225	200	172	1.4	40.1
IDES2L	ID7448	86.667	30	4	0	544456	544485	562786	562757	4.8	37.4
IDES2L	ID7448	100.000	20	0	0	181192	181211	539789	539770	4.8	37.4
IDES2L	ID7448	92.000	25	2	0	47609	47633	538979	538955	4.8	37.4
IDES2L	ID7448	83.784	37	5	1	268943	268979	538884	538919	4.8	37.4
IDES2L	ID7448	86.667	30	4	0	306627	306656	538544	538573	4.8	37.4
IDES2L	ID7448	92.593	27	1	1	184626	184651	537934	537908	4.8	37.4
IDES2L	ID7448	82.857	35	6	0	838914	838948	537479	537445	4.8	37.4
IDES2L	ID7448	80.952	42	7	1	304776	304817	537119	537079	4.8	37.4
IDES2L	ID7448	92.000	25	2	0	742333	742357	535218	535194	4.8	37.4
IDES2L	ID7448	81.633	49	2	4	517999	518044	523788	523832	4.8	37.4
IDES2L	ID7448	83.784	37	5	1	564137	564172	488757	488793	4.8	37.4
IDES2L	ID7448	82.927	41	4	2	277694	277733	395911	395949	4.8	37.4
IDES2L	ID7448	92.000	25	2	0	226739	226763	395107	395131	4.8	37.4
IDES2L	ID7448	84.848	33	5	0	595341	595373	891207	891175	4.8	38.3
IDES2L	ID7448	89.286	28	3	0	553455	553482	540395	540368	4.8	38.3
IDES2L	ID7448	90.000	30	2	1	667448	667476	538599	538628	4.8	38.3
IDES2L	ID7448	89.286	28	3	0	81676	81703	528580	528553	4.8	38.3
IDES2L	ID7448	89.286	28	3	0	735220	735247	523489	523516	4.8	38.3
IDES2L	ID7448	85.714	35	4	1	378757	378791	523000	523033	4.8	38.3
IDES2L	ID7448	77.358	53	7	2	746640	746692	411971	411924	4.8	38.3
IDES2L	ID7448	89.286	28	3	0	396094	396121	18122	18095	4.8	38.3
IDES2L	ID7448	85.714	35	4	1	799473	799506	17606	17640	4.8	38.3
