ID4284	ID7448	78.580	803	166	5	32130	32929	20340	21139	0.0	656
ID4284	ID7448	78.207	803	166	2	32127	32929	22787	23580	0.0	659
ID4284	ID7448	82.326	662	82	8	379487	380121	517009	516356	0.0	663
ID4284	ID7448	86.170	564	35	7	386849	387389	114857	115400	0.0	673
ID4284	ID7448	70.565	1539	426	18	219867	221393	141655	140132	0.0	677
ID4284	ID7448	96.882	417	12	1	535658	536073	838058	837642	0.0	691
ID4284	ID7448	70.791	1568	425	20	219847	221393	225196	226751	0.0	703
ID4284	ID7448	80.100	804	148	4	24039	24830	25178	25981	0.0	722
ID4284	ID7448	89.085	568	58	4	470511	471076	515830	515265	0.0	731
ID4284	ID7448	71.410	1532	412	16	143018	144536	144035	145553	0.0	740
ID4284	ID7448	71.521	1538	412	16	223793	225317	145559	144035	0.0	751
ID4284	ID7448	81.366	805	138	4	29698	30490	25177	25981	0.0	769
ID4284	ID7448	98.448	451	5	2	803170	803619	815895	815446	0.0	775
ID4284	ID7448	81.615	805	136	3	26427	27231	28452	29244	0.0	783
ID4284	ID7448	82.718	758	103	3	497721	498450	516362	517119	0.0	789
ID4284	ID7448	70.285	1898	452	41	146185	148010	147037	148894	0.0	797
ID4284	ID7448	70.300	1899	450	41	216500	218357	221789	223614	0.0	801
ID4284	ID7448	83.085	804	127	3	32129	32932	28453	29247	0.0	832
ID4284	ID7448	82.930	826	125	4	29678	30493	30866	31685	0.0	851
ID4284	ID7448	93.960	596	23	6	339283	339868	361242	361834	0.0	898
ID4284	ID7448	94.701	585	21	5	803632	804213	814983	814406	0.0	902
ID4284	ID7448	95.760	566	21	3	352349	352912	346907	347471	0.0	902
ID4284	ID7448	98.521	541	8	0	383940	384480	396347	396887	0.0	940
ID4284	ID7448	70.499	2166	553	34	20268	22396	27139	29255	0.0	950
ID4284	ID7448	79.568	1111	210	8	255002	256104	163417	162316	0.0	960
ID4284	ID7448	70.839	2157	542	33	28385	30490	19019	21139	0.0	985
ID4284	ID7448	96.529	605	17	3	386252	386852	411412	412016	0.0	987
ID4284	ID7448	87.850	856	78	4	469039	469868	517217	516362	0.0	1081
ID4284	ID7448	74.376	2162	472	31	20268	22399	21484	23593	0.0	1336
ID4284	ID7448	95.379	844	32	3	516065	516903	488675	487834	0.0	1340
ID4284	ID7448	92.896	915	53	5	583785	584690	515274	514363	0.0	1346
ID4284	ID7448	91.263	950	28	8	117309	118255	400631	401528	0.0	1353
ID4284	ID7448	93.853	911	45	8	495611	496519	607770	606869	0.0	1365
ID4284	ID7448	75.035	2163	456	32	22734	24843	19019	21150	0.0	1398
ID4284	ID7448	68.650	4437	1192	55	358423	362735	388267	383906	0.0	1663
ID4284	ID7448	68.761	4440	1195	52	374965	379327	371682	367358	0.0	1693
ID4284	ID7448	74.781	2740	622	24	582004	584711	361805	364507	0.0	1781
ID4284	ID7448	94.978	1155	50	5	339289	340436	346907	348060	0.0	1807
ID4284	ID7448	76.187	2738	601	26	352902	355606	605097	607816	0.0	1928
ID4284	ID7448	83.938	1874	281	8	772355	774213	797489	799357	0.0	2005
ID4284	ID7448	84.399	1846	272	8	772357	774190	792033	793874	0.0	2010
ID4284	ID7448	84.566	1853	271	8	770349	772196	794044	795886	0.0	2030
ID4284	ID7448	84.472	1874	274	7	775788	777656	794042	795903	0.0	2052
ID4284	ID7448	79.263	2686	508	24	769528	772190	796671	799330	0.0	2269
ID4284	ID7448	79.575	2683	504	24	774970	777629	791213	793874	0.0	2300
ID4284	ID7448	93.126	1542	89	2	516059	517583	516356	517897	0.0	2310
ID4284	ID7448	99.395	1322	4	4	255503	256823	258876	260194	0.0	2334
ID4284	ID7448	72.325	5467	1290	75	22710	28052	27115	32482	0.0	2902
ID4284	ID7448	95.341	1846	84	2	114039	115884	398797	400640	0.0	2935
ID4284	ID7448	96.667	1890	63	0	384372	386261	408098	409987	0.0	3125
ID4284	ID7448	95.506	1958	70	4	496510	498450	489886	487930	0.0	3133
ID4284	ID7448	73.289	5466	1240	74	28361	33729	21460	26802	0.0	3140
ID4284	ID7448	99.060	1915	17	1	535654	537568	398800	396887	0.0	3369
ID4284	ID7448	99.321	1914	13	0	535656	537569	645313	647226	0.0	3394
ID4284	ID7448	98.818	1946	20	1	535626	537568	265031	266976	0.0	3405
ID4284	ID7448	99.374	1918	12	0	535654	537571	151086	153003	0.0	3406
ID4284	ID7448	99.273	1925	14	0	535644	537568	283757	281833	0.0	3409
ID4284	ID7448	98.622	1960	26	1	535611	537570	912020	913978	0.0	3410
ID4284	ID7448	98.723	1957	24	1	535629	537584	854889	856845	0.0	3414
ID4284	ID7448	99.634	1912	6	1	535657	537568	560700	558790	0.0	3414
ID4284	ID7448	99.480	1923	6	1	535658	537580	258875	256957	0.0	3423
ID4284	ID7448	96.637	2379	57	5	384259	386634	112498	114856	0.0	3929
ID4284	ID7448	98.026	2888	29	5	386849	389727	400997	403865	0.0	4955
ID4284	ID7448	96.926	3286	82	5	389724	393007	407250	403982	0.0	5466
ID4284	ID7448	96.714	3713	121	1	113994	117706	408098	411809	0.0	6143
ID4284	ID7448	96.370	4297	93	12	731850	736134	745696	749941	0.0	7049
ID4284	ID7448	97.249	4289	100	10	720068	724353	753520	757793	0.0	7175
ID4284	ID7448	98.531	4902	27	5	256721	261602	260189	265065	0.0	8534
ID4284	ID7448	98.093	6134	84	2	880585	886718	913979	920079	0.0	10556
ID4284	ID7448	96.687	7909	172	19	340423	348267	350647	358529	0.0	13078
ID4284	ID7448	96.775	8247	165	25	727924	736134	745696	753877	0.0	13652
ID4284	ID7448	98.614	8729	70	7	205633	214344	161691	152997	0.0	15211
ID4284	ID7448	98.526	10514	122	5	792685	803180	827130	816632	0.0	18270
ID4284	ID7448	98.907	10521	110	4	803907	814422	826824	837344	0.0	18442
ID4284	ID7448	97.821	11700	190	27	214305	225999	151089	139450	0.0	19887
ID4284	ID7448	92.822	13639	818	70	811762	825315	841356	854918	0.0	20013
ID4284	ID7448	98.757	14887	153	4	261452	276335	266976	281833	0.0	26024
ID4284	ID7448	98.165	16077	276	12	18540	34605	17289	33357	0.0	27627
ID4284	ID7448	96.853	18112	490	21	517570	535657	540708	558763	0.0	30071
ID4284	ID7448	99.538	16886	68	8	1	16878	161	17044	0.0	30074
ID4284	ID7448	99.143	20894	157	11	185339	206213	184370	163480	0.0	36844
ID4284	ID7448	97.698	25545	342	30	855141	880503	886585	912065	0.0	43503
ID4284	ID7448	98.932	25272	233	15	471833	497078	490570	515830	0.0	44324
ID4284	ID7448	98.819	27272	175	20	117309	144541	114491	141654	0.0	47773
ID4284	ID7448	99.162	29843	206	11	825269	855099	856829	886639	0.0	52682
ID4284	ID7448	98.216	30997	417	16	622007	652891	647225	678197	0.0	53457
ID4284	ID7448	99.156	31740	257	7	223794	255525	225228	256964	0.0	56010
ID4284	ID7448	97.368	34834	723	53	349304	384008	358194	392962	0.0	58621
ID4284	ID7448	98.644	37403	387	18	584771	622086	607945	645314	0.0	65193
ID4284	ID7448	99.226	43046	266	19	142336	185358	227433	184432	0.0	76102
ID4284	ID7448	96.753	47248	1326	38	537603	584756	560703	607836	0.0	78307
ID4284	ID7448	99.546	63027	228	13	276280	339278	283744	346740	0.0	1.124e+05
ID4284	ID7448	98.721	69102	701	50	723994	792994	745696	814715	0.0	1.206e+05
ID4284	ID7448	98.261	78729	1011	82	393236	471778	412033	490589	0.0	1.358e+05
ID4284	ID7448	99.000	79370	658	50	652873	732206	678524	757793	0.0	1.395e+05
ID4284	ID7448	99.308	81212	508	17	34678	115884	33338	114500	0.0	1.439e+05
ID4284	ID7448	68.041	1455	373	34	277686	279092	678012	679422	1.51e-126	458
ID4284	ID7448	82.112	464	64	12	392754	393206	407177	407632	2.56e-117	426
ID4284	ID7448	71.713	753	196	7	416420	417170	533172	533909	9.53e-104	382
ID4284	ID7448	88.192	271	11	3	17707	17961	17030	17295	1.61e-94	351
ID4284	ID7448	95.261	211	10	0	410516	410726	396180	396390	3.56e-90	336
ID4284	ID7448	86.567	268	33	2	408656	408920	837832	838099	1.16e-83	315
ID4284	ID7448	99.375	160	0	1	886719	886877	1	160	2.40e-73	281
ID4284	ID7448	77.353	340	76	1	339671	340010	518406	518744	6.44e-68	263
ID4284	ID7448	71.193	545	132	10	290676	291206	524263	524796	3.33e-65	253
ID4284	ID7448	68.228	491	151	4	291483	291972	525076	525562	1.09e-39	169
ID4284	ID7448	96.774	93	3	0	410516	410608	393042	392950	2.40e-35	155
ID4284	ID7448	74.866	187	40	4	117895	118080	407666	407486	2.11e-23	114
ID4284	ID7448	79.032	124	26	0	681215	681338	407945	407822	3.13e-21	107
ID4284	ID7448	72.727	209	51	4	387056	387263	407667	407464	3.13e-21	108
ID4284	ID7448	79.130	115	19	2	256310	256420	161716	161603	1.97e-17	96.0
ID4284	ID7448	74.194	93	22	1	386910	387002	407757	407667	4.96e-06	58.1
ID4284	ID7448	79.365	63	13	0	402829	402891	346842	346904	1.73e-05	56.3
ID4284	ID7448	83.019	53	6	2	413561	413611	404031	403980	7.36e-04	50.0
ID4284	ID7448	93.333	30	2	0	393236	393265	412050	412021	0.009	46.4
ID4284	ID7448	90.909	33	3	0	514006	514038	394601	394569	0.009	47.3
ID4284	ID7448	82.692	52	5	3	777968	778017	537019	536970	0.031	44.6
ID4284	ID7448	76.562	64	9	2	456069	456126	539524	539461	0.031	45.5
ID4284	ID7448	70.476	105	20	4	714956	715049	841336	841440	0.11	42.8
ID4284	ID7448	77.419	62	12	2	109752	109812	840575	840515	0.11	42.8
ID4284	ID7448	92.857	28	2	0	548243	548270	540395	540368	0.11	42.8
ID4284	ID7448	100.000	23	0	0	270991	271013	522446	522424	0.11	42.8
ID4284	ID7448	87.879	33	4	0	157010	157042	519583	519551	0.11	42.8
ID4284	ID7448	84.211	38	6	0	703462	703499	412014	412051	0.11	42.8
ID4284	ID7448	92.857	28	2	0	55507	55534	163472	163445	0.11	42.8
ID4284	ID7448	78.125	64	10	3	806412	806475	840226	840167	0.11	43.7
ID4284	ID7448	96.154	26	1	0	28139	28164	519930	519955	0.11	43.7
ID4284	ID7448	90.909	33	2	1	247410	247442	518334	518365	0.11	43.7
ID4284	ID7448	72.527	91	15	4	379256	379344	346889	346807	0.11	43.7
ID4284	ID7448	77.358	53	9	1	823891	823940	534873	534925	0.38	41.0
ID4284	ID7448	87.500	32	4	0	558560	558591	522993	523024	0.38	41.0
ID4284	ID7448	71.579	95	18	4	183825	183912	393086	393178	0.38	41.0
ID4284	ID7448	96.000	25	1	0	535654	535678	558787	558811	0.38	41.9
ID4284	ID7448	86.486	37	4	1	271438	271474	538884	538919	0.38	41.9
ID4284	ID7448	90.000	30	3	0	459176	459205	536953	536982	0.38	41.9
ID4284	ID7448	96.000	25	1	0	386295	386319	535467	535491	0.38	41.9
ID4284	ID7448	90.000	30	3	0	662456	662485	395533	395562	0.38	41.9
ID4284	ID7448	92.308	26	2	0	469956	469981	840950	840975	1.3	39.2
ID4284	ID7448	80.488	41	8	0	694340	694380	840571	840611	1.3	39.2
ID4284	ID7448	76.923	65	8	4	773894	773954	840338	840277	1.3	39.2
ID4284	ID7448	87.879	33	3	1	64976	65008	838885	838916	1.3	39.2
ID4284	ID7448	92.308	26	2	0	181112	181137	538968	538993	1.3	39.2
ID4284	ID7448	100.000	21	0	0	42476	42496	525979	525999	1.3	39.2
ID4284	ID7448	75.862	58	13	1	304190	304247	523883	523939	1.3	39.2
ID4284	ID7448	92.857	28	1	1	592605	592631	403882	403855	1.3	39.2
ID4284	ID7448	87.097	31	4	0	877895	877925	394543	394513	1.3	39.2
ID4284	ID7448	82.927	41	2	2	594928	594967	394545	394509	1.3	39.2
ID4284	ID7448	74.627	67	9	3	132371	132432	350090	350153	1.3	39.2
ID4284	ID7448	70.968	93	16	4	88558	88649	346710	346792	1.3	39.2
ID4284	ID7448	75.926	54	13	0	44404	44457	538962	539015	1.3	40.1
ID4284	ID7448	76.364	55	10	1	106906	106957	535139	535193	1.3	40.1
ID4284	ID7448	95.833	24	1	0	403621	403644	534423	534446	1.3	40.1
ID4284	ID7448	80.952	42	4	1	176413	176450	526175	526134	1.3	40.1
ID4284	ID7448	100.000	20	0	0	365043	365062	838696	838677	4.6	37.4
ID4284	ID7448	87.097	31	1	1	246259	246289	838382	838355	4.6	37.4
ID4284	ID7448	86.667	30	4	0	74911	74940	816486	816457	4.6	37.4
ID4284	ID7448	100.000	20	0	0	384827	384846	539956	539975	4.6	37.4
ID4284	ID7448	92.000	25	2	0	50432	50456	538979	538955	4.6	37.4
ID4284	ID7448	86.667	30	4	0	309098	309127	538544	538573	4.6	37.4
ID4284	ID7448	92.593	27	1	1	181112	181137	537908	537934	4.6	37.4
ID4284	ID7448	82.857	35	6	0	813482	813516	537479	537445	4.6	37.4
ID4284	ID7448	80.952	42	7	1	307235	307276	537119	537079	4.6	37.4
ID4284	ID7448	86.667	30	4	0	761945	761974	535475	535504	4.6	37.4
ID4284	ID7448	100.000	20	0	0	871892	871911	532448	532429	4.6	37.4
ID4284	ID7448	92.000	25	2	0	579	603	532160	532184	4.6	37.4
ID4284	ID7448	73.016	63	13	1	584621	584683	532155	532097	4.6	37.4
ID4284	ID7448	83.333	36	3	1	240216	240248	527142	527177	4.6	37.4
ID4284	ID7448	100.000	20	0	0	787858	787877	526519	526500	4.6	37.4
ID4284	ID7448	81.633	49	2	4	492801	492846	523788	523832	4.6	37.4
ID4284	ID7448	82.927	41	4	2	280193	280232	395911	395949	4.6	37.4
ID4284	ID7448	92.000	25	2	0	229184	229208	395107	395131	4.6	37.4
ID4284	ID7448	78.723	47	9	1	527298	527344	350389	350344	4.6	37.4
ID4284	ID7448	100.000	20	0	0	101716	101735	349470	349489	4.6	37.4
ID4284	ID7448	84.848	33	5	0	289595	289627	841141	841109	4.6	38.3
ID4284	ID7448	82.500	40	6	1	427047	427085	841035	841074	4.6	38.3
ID4284	ID7448	79.070	43	9	0	319342	319384	838989	839031	4.6	38.3
ID4284	ID7448	84.615	39	3	2	687679	687717	540008	540043	4.6	38.3
ID4284	ID7448	90.000	30	2	1	517573	517602	533979	534007	4.6	38.3
ID4284	ID7448	77.083	48	6	1	667852	667894	532028	532075	4.6	38.3
ID4284	ID7448	82.500	40	6	1	517483	517522	531060	531098	4.6	38.3
ID4284	ID7448	89.286	28	3	0	84498	84525	528580	528553	4.6	38.3
ID4284	ID7448	85.714	35	4	1	376681	376715	523000	523033	4.6	38.3
ID4284	ID7448	77.778	54	9	2	649868	649918	350487	350434	4.6	38.3
