IDUe273	ID7448	77.778	810	164	5	30661	31467	22787	23583	0.0	642
IDUe273	ID7448	78.304	802	170	4	30664	31463	20340	21139	0.0	648
IDUe273	ID7448	85.993	564	36	7	404007	404547	114857	115400	0.0	669
IDUe273	ID7448	83.207	661	86	8	391443	392085	517009	516356	0.0	679
IDUe273	ID7448	96.643	417	13	1	381709	382124	837642	838058	0.0	686
IDUe273	ID7448	93.886	458	21	4	721575	722031	838093	837642	0.0	689
IDUe273	ID7448	94.796	442	17	2	721180	721615	745695	746136	0.0	691
IDUe273	ID7448	93.333	480	24	6	399366	399838	838120	837642	0.0	702
IDUe273	ID7448	87.831	567	68	1	495517	496083	515830	515265	0.0	709
IDUe273	ID7448	96.339	437	14	1	721181	721615	753520	753956	0.0	714
IDUe273	ID7448	96.568	437	13	2	721181	721615	749584	750020	0.0	714
IDUe273	ID7448	80.100	804	148	4	22568	23359	25178	25981	0.0	722
IDUe273	ID7448	71.512	1541	407	22	145369	146894	140132	141655	0.0	730
IDUe273	ID7448	71.689	1533	406	18	230281	231799	145553	144035	0.0	753
IDUe273	ID7448	71.857	1535	401	21	145369	146888	226751	225233	0.0	755
IDUe273	ID7448	71.735	1539	406	19	141475	142998	144035	145559	0.0	755
IDUe273	ID7448	70.005	1897	460	39	226779	228605	148894	147037	0.0	779
IDUe273	ID7448	81.615	805	136	3	28233	29025	25177	25981	0.0	783
IDUe273	ID7448	81.739	805	135	3	24956	25760	28452	29244	0.0	787
IDUe273	ID7448	91.906	556	44	1	521457	522012	489883	489329	0.0	797
IDUe273	ID7448	93.945	545	22	5	348760	349301	346905	347441	0.0	822
IDUe273	ID7448	93.956	546	19	5	348762	349301	361248	361785	0.0	827
IDUe273	ID7448	95.411	523	23	1	162488	163009	256964	256442	0.0	832
IDUe273	ID7448	82.809	826	126	5	30647	31466	28432	29247	0.0	842
IDUe273	ID7448	82.809	826	126	4	28213	29028	30866	31685	0.0	847
IDUe273	ID7448	94.406	572	30	2	261488	262059	163417	162848	0.0	881
IDUe273	ID7448	68.148	2722	751	47	345440	348111	422699	425354	0.0	893
IDUe273	ID7448	68.659	2610	647	59	147613	150118	224463	221921	0.0	908
IDUe273	ID7448	91.667	660	32	4	163014	163650	161032	161691	0.0	946
IDUe273	ID7448	91.654	659	33	3	160626	161284	163422	164058	0.0	948
IDUe273	ID7448	70.591	2166	551	34	18806	20934	27139	29255	0.0	959
IDUe273	ID7448	70.808	2165	548	36	26920	29036	19019	21147	0.0	969
IDUe273	ID7448	96.205	606	18	4	403409	404010	411412	412016	0.0	976
IDUe273	ID7448	84.528	879	110	4	493998	494874	517216	516362	0.0	978
IDUe273	ID7448	90.898	846	67	4	522587	523425	488676	487834	0.0	1170
IDUe273	ID7448	84.738	1127	145	6	363351	364474	347640	348742	0.0	1255
IDUe273	ID7448	69.904	2904	771	27	368419	371282	388267	385427	0.0	1269
IDUe273	ID7448	74.422	2162	471	30	18806	20937	21484	23593	0.0	1345
IDUe273	ID7448	91.843	944	28	8	115791	116731	400631	401528	0.0	1364
IDUe273	ID7448	93.989	915	47	5	588493	589400	515276	514363	0.0	1388
IDUe273	ID7448	74.942	2163	458	32	21263	23372	19019	21150	0.0	1389
IDUe273	ID7448	94.852	913	39	3	520555	521466	607770	606865	0.0	1429
IDUe273	ID7448	68.543	4441	1200	50	386923	391282	371682	367358	0.0	1663
IDUe273	ID7448	86.641	1587	182	8	521652	523217	390005	388428	0.0	1898
IDUe273	ID7448	75.618	2752	590	24	586702	589421	361805	364507	0.0	1903
IDUe273	ID7448	83.831	1874	285	8	786066	787933	794042	795903	0.0	1994
IDUe273	ID7448	84.179	1852	280	7	782618	784460	792033	793880	0.0	2000
IDUe273	ID7448	83.938	1874	284	7	782616	784477	797489	799357	0.0	2007
IDUe273	ID7448	89.968	1545	130	6	522582	524104	516356	517897	0.0	2084
IDUe273	ID7448	78.973	2706	509	23	776457	779121	796671	799357	0.0	2266
IDUe273	ID7448	79.389	2683	508	25	785248	787906	791213	793874	0.0	2274
IDUe273	ID7448	72.325	5467	1290	74	21239	26581	27115	32482	0.0	2906
IDUe273	ID7448	95.885	1847	73	3	410882	412728	398797	400640	0.0	2978
IDUe273	ID7448	95.932	1893	74	2	410836	412728	112611	114500	0.0	3061
IDUe273	ID7448	72.948	5471	1249	73	26896	32263	21460	26802	0.0	3074
IDUe273	ID7448	96.085	1890	74	0	401529	403418	408098	409987	0.0	3076
IDUe273	ID7448	88.921	2392	244	4	777253	779629	794038	796423	0.0	3121
IDUe273	ID7448	98.747	1915	23	1	478687	480601	558787	560700	0.0	3342
IDUe273	ID7448	98.851	1914	21	1	721612	723525	398800	396888	0.0	3350
IDUe273	ID7448	98.753	1924	22	2	380214	382137	396887	398808	0.0	3355
IDUe273	ID7448	98.750	1920	24	0	478686	480605	256961	258880	0.0	3355
IDUe273	ID7448	98.956	1915	19	1	478687	480601	396884	398797	0.0	3360
IDUe273	ID7448	99.006	1911	19	0	721615	723525	645314	647224	0.0	3361
IDUe273	ID7448	99.007	1914	19	0	721615	723528	854918	856831	0.0	3367
IDUe273	ID7448	99.007	1914	19	0	380213	382126	647226	645313	0.0	3367
IDUe273	ID7448	99.059	1912	18	0	380214	382125	266976	265065	0.0	3368
IDUe273	ID7448	99.059	1912	18	0	721614	723525	265064	266975	0.0	3368
IDUe273	ID7448	98.906	1920	21	0	721612	723531	151086	153005	0.0	3369
IDUe273	ID7448	98.957	1918	20	0	721608	723525	283751	281834	0.0	3369
IDUe273	ID7448	98.907	1922	21	0	478683	480604	647232	645311	0.0	3372
IDUe273	ID7448	99.060	1915	18	0	380214	382128	281833	283747	0.0	3373
IDUe273	ID7448	99.111	1913	17	0	478689	480601	913977	912065	0.0	3374
IDUe273	ID7448	98.264	1958	27	2	478681	480634	281824	283778	0.0	3376
IDUe273	ID7448	98.960	1924	19	1	380204	382127	856838	854916	0.0	3377
IDUe273	ID7448	99.010	1920	19	0	478686	480605	266980	265061	0.0	3378
IDUe273	ID7448	98.121	1969	28	3	380172	382131	153051	151083	0.0	3379
IDUe273	ID7448	99.165	1917	15	1	399423	401339	560699	558784	0.0	3382
IDUe273	ID7448	98.911	1929	21	0	721601	723529	912051	913979	0.0	3385
IDUe273	ID7448	99.117	1925	16	1	399414	401337	645305	647229	0.0	3392
IDUe273	ID7448	98.915	1936	16	2	399423	401353	283743	281808	0.0	3393
IDUe273	ID7448	98.816	1943	21	2	399423	401364	912066	914007	0.0	3394
IDUe273	ID7448	98.051	2206	42	1	140793	142997	227433	225228	0.0	3782
IDUe273	ID7448	98.323	2206	36	1	230276	232481	141654	139450	0.0	3809
IDUe273	ID7448	95.248	2399	73	5	401394	403791	112498	114856	0.0	3828
IDUe273	ID7448	98.709	2401	15	3	150230	152629	148704	151089	0.0	4192
IDUe273	ID7448	97.749	2888	36	6	404007	406884	400997	403865	0.0	4915
IDUe273	ID7448	91.117	3625	247	21	359601	363199	358194	361769	0.0	5059
IDUe273	ID7448	96.933	3293	76	7	406881	410170	407250	403980	0.0	5475
IDUe273	ID7448	96.445	3713	132	0	112476	116188	408097	411809	0.0	6102
IDUe273	ID7448	97.098	3929	89	3	723526	727453	753889	757793	0.0	6581
IDUe273	ID7448	95.792	4111	109	10	738871	742970	745696	749753	0.0	6647
IDUe273	ID7448	97.462	4452	69	9	353895	358315	353852	358290	0.0	7519
IDUe273	ID7448	98.684	4634	38	3	262152	266765	260435	265065	0.0	8090
IDUe273	ID7448	96.668	5102	145	6	349282	354365	348600	353694	0.0	8431
IDUe273	ID7448	98.641	6107	79	2	894426	900531	913976	920079	0.0	10634
IDUe273	ID7448	96.180	8063	206	18	734941	742970	745696	753689	0.0	13164
IDUe273	ID7448	97.106	9053	223	22	409915	418942	407177	416215	0.0	15081
IDUe273	ID7448	96.898	13602	330	11	626846	640363	647225	660818	0.0	22661
IDUe273	ID7448	98.971	14868	140	4	266615	281479	266976	281833	0.0	26117
IDUe273	ID7448	98.882	15570	136	10	364658	380214	363601	379145	0.0	27284
IDUe273	ID7448	98.269	17102	272	9	382125	399207	379107	396203	0.0	29489
IDUe273	ID7448	99.395	16865	88	9	822475	839329	838058	854918	0.0	29927
IDUe273	ID7448	96.714	18169	486	23	524091	542234	540708	558790	0.0	30071
IDUe273	ID7448	98.956	18108	163	1	803563	821644	815442	833549	0.0	31823
IDUe273	ID7448	98.735	19837	199	19	210148	229944	205162	224986	0.0	34604
IDUe273	ID7448	99.172	20768	146	7	183925	204680	184414	205167	0.0	36670
IDUe273	ID7448	98.811	24301	241	18	779286	803561	790706	814983	0.0	42484
IDUe273	ID7448	99.573	31397	99	13	152593	183962	153000	184388	0.0	55990
IDUe273	ID7448	99.115	32106	281	3	229909	262012	224861	256965	0.0	56609
IDUe273	ID7448	98.906	33179	301	22	1	33145	207	33357	0.0	58155
IDUe273	ID7448	98.330	34500	382	28	115791	150231	114491	148855	0.0	59669
IDUe273	ID7448	98.380	36168	519	25	742971	779104	757746	793880	0.0	62531
IDUe273	ID7448	98.773	41487	374	20	480601	522016	474401	515823	0.0	72554
IDUe273	ID7448	98.344	55360	609	39	839283	894457	856829	912065	0.0	95803
IDUe273	ID7448	98.080	58281	897	52	420495	478691	416264	474406	0.0	1.000e+05
IDUe273	ID7448	99.229	63203	407	24	281424	344586	283744	346906	0.0	1.117e+05
IDUe273	ID7448	99.024	81277	636	47	640367	721531	661627	742858	0.0	1.429e+05
IDUe273	ID7448	99.261	81192	561	15	33201	114366	33322	114500	0.0	1.437e+05
IDUe273	ID7448	98.004	84789	1428	46	542227	626924	560699	645314	0.0	1.453e+05
IDUe273	ID7448	65.704	2735	797	62	825772	828439	834684	837344	9.04e-155	552
IDUe273	ID7448	91.803	305	3	1	401333	401637	396605	396887	1.87e-125	453
IDUe273	ID7448	74.436	665	155	6	821691	822349	836716	837371	3.85e-115	420
IDUe273	ID7448	71.713	753	196	7	439567	440317	533172	533909	9.68e-104	382
IDUe273	ID7448	97.345	226	5	1	399197	399422	396398	396622	1.18e-102	378
IDUe273	ID7448	95.261	211	10	0	433636	433846	396180	396390	3.61e-90	336
IDUe273	ID7448	71.193	545	132	10	295822	296352	524263	524796	3.39e-65	253
IDUe273	ID7448	67.594	611	181	8	161909	162510	259478	258876	1.18e-45	189
IDUe273	ID7448	67.821	491	153	4	296629	297118	525076	525562	5.74e-37	160
IDUe273	ID7448	80.137	146	28	1	349156	349301	518406	518550	9.72e-28	130
IDUe273	ID7448	66.174	541	147	16	160307	160819	260740	260208	2.61e-22	112
IDUe273	ID7448	79.279	111	19	1	161196	161306	259791	259685	5.74e-18	96.9
IDUe273	ID7448	76.336	131	31	0	363187	363317	519470	519600	5.74e-18	97.8
IDUe273	ID7448	89.231	65	7	0	419154	419218	416207	416271	1.04e-14	86.9
IDUe273	ID7448	71.978	182	41	6	160885	161060	259923	259746	4.42e-13	81.5
IDUe273	ID7448	84.058	69	11	0	395895	395963	396347	396415	1.88e-11	76.1
IDUe273	ID7448	85.455	55	7	1	332744	332798	833594	833647	4.14e-07	60.8
IDUe273	ID7448	77.500	80	12	3	16905	16979	259924	259846	1.76e-05	56.3
IDUe273	ID7448	93.548	31	2	0	349294	349324	347457	347427	0.003	48.2
IDUe273	ID7448	82.692	52	5	3	788247	788296	537019	536970	0.032	44.6
IDUe273	ID7448	78.846	52	11	0	139431	139482	834088	834139	0.032	45.5
IDUe273	ID7448	76.562	64	9	2	481114	481171	539524	539461	0.032	45.5
IDUe273	ID7448	72.917	96	12	6	200124	200205	834064	834159	0.11	42.8
IDUe273	ID7448	92.857	28	2	0	552869	552896	540395	540368	0.11	42.8
IDUe273	ID7448	100.000	23	0	0	276135	276157	522446	522424	0.11	42.8
IDUe273	ID7448	77.049	61	9	2	324479	324535	742943	743002	0.11	43.7
IDUe273	ID7448	67.460	126	41	0	350903	351028	529733	529608	0.11	43.7
IDUe273	ID7448	96.154	26	1	0	26674	26699	519930	519955	0.11	43.7
IDUe273	ID7448	90.909	33	2	1	253896	253928	518334	518365	0.11	43.7
IDUe273	ID7448	90.323	31	3	0	349294	349324	361801	361771	0.11	43.7
IDUe273	ID7448	77.358	53	9	1	837905	837954	534873	534925	0.39	41.0
IDUe273	ID7448	87.500	32	4	0	563222	563253	522993	523024	0.39	41.0
IDUe273	ID7448	83.784	37	6	0	658118	658154	260081	260117	0.39	41.0
IDUe273	ID7448	96.000	25	1	0	414196	414220	535467	535491	0.39	41.9
IDUe273	ID7448	92.308	26	2	0	696360	696385	837444	837469	1.4	39.2
IDUe273	ID7448	80.435	46	4	2	154624	154664	815004	814959	1.4	39.2
IDUe273	ID7448	82.222	45	6	2	877791	877834	745493	745536	1.4	39.2
IDUe273	ID7448	92.308	26	2	0	401984	402009	539956	539981	1.4	39.2
IDUe273	ID7448	92.308	26	2	0	188164	188189	538993	538968	1.4	39.2
IDUe273	ID7448	100.000	21	0	0	41015	41035	525979	525999	1.4	39.2
IDUe273	ID7448	75.862	58	13	1	309331	309388	523883	523939	1.4	39.2
IDUe273	ID7448	80.488	41	8	0	370218	370258	523874	523914	1.4	39.2
IDUe273	ID7448	92.857	28	1	1	597452	597478	403882	403855	1.4	39.2
IDUe273	ID7448	83.721	43	5	2	318444	318485	834045	834086	1.4	40.1
IDUe273	ID7448	75.926	54	13	0	42943	42996	538962	539015	1.4	40.1
IDUe273	ID7448	76.364	55	10	1	105395	105446	535139	535193	1.4	40.1
IDUe273	ID7448	95.833	24	1	0	426740	426763	534423	534446	1.4	40.1
IDUe273	ID7448	80.952	42	4	1	192862	192899	526134	526175	1.4	40.1
IDUe273	ID7448	95.833	24	1	0	161724	161747	259660	259637	1.4	40.1
IDUe273	ID7448	89.655	29	3	0	838113	838141	200	172	1.4	40.1
IDUe273	ID7448	75.862	58	10	2	363212	363269	745642	745589	4.7	37.4
IDUe273	ID7448	87.500	32	3	1	812500	812530	538987	539018	4.7	37.4
IDUe273	ID7448	92.000	25	2	0	48932	48956	538979	538955	4.7	37.4
IDUe273	ID7448	83.784	37	5	1	276582	276618	538884	538919	4.7	37.4
IDUe273	ID7448	86.667	30	4	0	314241	314270	538544	538573	4.7	37.4
IDUe273	ID7448	92.593	27	1	1	188164	188189	537934	537908	4.7	37.4
IDUe273	ID7448	80.952	42	7	1	312376	312417	537119	537079	4.7	37.4
IDUe273	ID7448	86.667	30	4	0	768865	768894	535475	535504	4.7	37.4
IDUe273	ID7448	100.000	20	0	0	885848	885867	532448	532429	4.7	37.4
IDUe273	ID7448	92.000	25	2	0	533	557	532160	532184	4.7	37.4
IDUe273	ID7448	73.016	63	13	1	589331	589393	532155	532097	4.7	37.4
IDUe273	ID7448	100.000	20	0	0	798142	798161	526519	526500	4.7	37.4
IDUe273	ID7448	92.593	27	1	1	79454	79480	523823	523848	4.7	37.4
IDUe273	ID7448	81.633	49	2	4	517745	517790	523788	523832	4.7	37.4
IDUe273	ID7448	87.500	32	3	1	575020	575050	518695	518726	4.7	37.4
IDUe273	ID7448	76.000	50	12	0	829635	829684	184455	184406	4.7	37.4
IDUe273	ID7448	89.286	28	3	0	348636	348663	837462	837435	4.7	38.3
IDUe273	ID7448	76.364	55	12	1	394530	394584	536161	536108	4.7	38.3
IDUe273	ID7448	77.083	48	11	0	880170	880217	535511	535464	4.7	38.3
IDUe273	ID7448	77.083	48	6	1	672162	672204	532028	532075	4.7	38.3
IDUe273	ID7448	89.286	28	3	0	82997	83024	528580	528553	4.7	38.3
IDUe273	ID7448	89.286	28	3	0	97502	97529	526057	526030	4.7	38.3
IDUe273	ID7448	89.286	28	3	0	726803	726830	523489	523516	4.7	38.3
IDUe273	ID7448	85.714	35	4	1	388639	388673	523000	523033	4.7	38.3
