ID154B	ID7448	77.778	810	164	5	28226	29032	22787	23583	0.0	642
ID154B	ID7448	78.304	802	170	4	28229	29028	20340	21139	0.0	648
ID154B	ID7448	73.433	1133	280	9	465825	466947	518455	519576	0.0	665
ID154B	ID7448	97.115	416	11	1	216880	217294	837642	838057	0.0	693
ID154B	ID7448	97.122	417	11	1	684460	684875	837642	838058	0.0	695
ID154B	ID7448	96.698	424	13	1	30793	31215	838065	837642	0.0	699
ID154B	ID7448	71.512	1534	407	20	139564	141082	144035	145553	0.0	734
ID154B	ID7448	71.484	1536	415	18	220621	222145	141655	140132	0.0	736
ID154B	ID7448	71.558	1540	408	20	224531	226055	145559	144035	0.0	740
ID154B	ID7448	80.573	803	153	1	20136	20935	25179	25981	0.0	744
ID154B	ID7448	89.418	567	35	6	393407	393968	114854	115400	0.0	748
ID154B	ID7448	89.753	566	58	0	523552	524117	515830	515265	0.0	760
ID154B	ID7448	71.830	1530	409	17	220627	222145	225233	226751	0.0	760
ID154B	ID7448	82.129	761	119	2	522163	522909	517119	516362	0.0	766
ID154B	ID7448	70.184	1905	444	45	142633	144460	147037	148894	0.0	784
ID154B	ID7448	70.217	1887	451	41	217295	219143	221801	223614	0.0	785
ID154B	ID7448	81.739	805	135	3	22532	23336	28452	29244	0.0	787
ID154B	ID7448	91.741	557	44	2	549553	550109	489883	489329	0.0	791
ID154B	ID7448	81.863	805	134	3	25799	26591	25177	25981	0.0	792
ID154B	ID7448	88.179	626	35	3	614654	615263	361805	362407	0.0	818
ID154B	ID7448	95.220	523	24	1	202777	203298	256442	256964	0.0	828
ID154B	ID7448	82.809	826	126	5	28212	29031	28432	29247	0.0	842
ID154B	ID7448	83.051	826	124	4	25779	26594	30866	31685	0.0	856
ID154B	ID7448	92.724	591	35	5	344175	344761	361248	361834	0.0	857
ID154B	ID7448	68.112	2722	753	47	340852	343524	422699	425354	0.0	888
ID154B	ID7448	96.577	555	14	4	355740	356290	346940	347493	0.0	902
ID154B	ID7448	71.889	1832	430	33	467067	468856	348875	350663	0.0	911
ID154B	ID7448	74.461	1437	338	11	480069	481489	535447	536870	0.0	914
ID154B	ID7448	91.667	660	32	4	204502	205161	164058	163422	0.0	946
ID154B	ID7448	91.667	660	32	4	202136	202772	161691	161032	0.0	946
ID154B	ID7448	70.808	2165	547	37	24487	26602	19019	21147	0.0	966
ID154B	ID7448	79.928	1111	206	8	255745	256847	163417	162316	0.0	978
ID154B	ID7448	73.070	1749	429	18	473500	475221	524269	526002	0.0	988
ID154B	ID7448	72.243	2104	544	21	617206	619293	362428	364507	0.0	1104
ID154B	ID7448	88.747	862	79	2	497027	497870	517217	516356	0.0	1125
ID154B	ID7448	69.917	2902	775	25	379856	382697	370221	367358	0.0	1274
ID154B	ID7448	94.346	849	41	3	550684	551531	488676	487834	0.0	1308
ID154B	ID7448	79.260	1567	285	15	382857	384399	517009	515459	0.0	1330
ID154B	ID7448	93.880	915	48	5	618365	619272	515276	514363	0.0	1383
ID154B	ID7448	94.189	912	47	4	548651	549562	607770	606865	0.0	1394
ID154B	ID7448	68.665	4436	1192	56	361805	366116	388267	383906	0.0	1660
ID154B	ID7448	85.525	1589	206	10	549749	551324	390005	388428	0.0	1806
ID154B	ID7448	95.078	1158	54	3	344173	345329	346905	348060	0.0	1821
ID154B	ID7448	75.825	2759	598	28	356261	358989	605097	607816	0.0	1905
ID154B	ID7448	99.010	1111	7	1	482691	483801	534041	535147	0.0	1954
ID154B	ID7448	83.519	1881	286	8	808777	810652	794042	795903	0.0	1981
ID154B	ID7448	83.938	1874	284	7	805322	807183	797489	799357	0.0	2007
ID154B	ID7448	84.395	1852	276	7	805324	807166	792033	793880	0.0	2018
ID154B	ID7448	79.219	2690	507	26	807960	810625	791213	793874	0.0	2261
ID154B	ID7448	79.323	2689	501	26	802492	805154	796671	799330	0.0	2276
ID154B	ID7448	99.242	1319	9	1	256246	257563	258876	260194	0.0	2331
ID154B	ID7448	94.293	1542	79	2	550679	552211	516356	517897	0.0	2384
ID154B	ID7448	72.308	5442	1310	69	18815	24157	27139	32482	0.0	2887
ID154B	ID7448	95.184	1848	84	3	389679	391525	398797	400640	0.0	2923
ID154B	ID7448	97.105	1796	26	3	613489	615283	603933	605703	0.0	3015
ID154B	ID7448	94.670	1970	101	2	389557	391525	112534	114500	0.0	3075
ID154B	ID7448	72.985	5471	1245	75	24463	29828	21460	26802	0.0	3076
ID154B	ID7448	96.772	1890	60	1	111943	113831	408098	409987	0.0	3131
ID154B	ID7448	98.907	1922	20	1	387633	389554	398808	396888	0.0	3369
ID154B	ID7448	98.606	1937	26	1	215383	217319	396885	398820	0.0	3369
ID154B	ID7448	99.009	1918	18	1	615280	617197	398800	396884	0.0	3370
ID154B	ID7448	99.112	1915	17	0	215385	217299	913976	912062	0.0	3378
ID154B	ID7448	99.012	1924	16	1	682957	684877	913987	912064	0.0	3383
ID154B	ID7448	99.014	1927	15	1	387639	389561	912060	913986	0.0	3389
ID154B	ID7448	98.321	1965	30	2	215361	217324	647250	645288	0.0	3389
ID154B	ID7448	99.014	1927	19	0	30784	32710	912050	913976	0.0	3390
ID154B	ID7448	99.320	1912	13	0	215383	217294	266978	265067	0.0	3390
ID154B	ID7448	99.372	1912	11	1	215383	217294	558788	560698	0.0	3391
ID154B	ID7448	98.865	1938	21	1	215362	217298	856853	854916	0.0	3393
ID154B	ID7448	99.372	1911	12	0	387644	389554	265065	266975	0.0	3393
ID154B	ID7448	98.765	1944	19	2	615269	617212	912052	913990	0.0	3394
ID154B	ID7448	99.424	1911	10	1	682966	684876	558791	560700	0.0	3394
ID154B	ID7448	99.270	1917	14	0	215385	217301	153000	151084	0.0	3395
ID154B	ID7448	99.321	1915	13	0	615283	617197	265065	266979	0.0	3396
ID154B	ID7448	99.321	1915	13	0	682966	684880	266975	265061	0.0	3396
ID154B	ID7448	99.321	1915	13	0	682963	684877	153002	151088	0.0	3396
ID154B	ID7448	99.373	1915	11	1	615283	617197	560700	558787	0.0	3397
ID154B	ID7448	99.373	1914	12	0	387641	389554	283747	281834	0.0	3398
ID154B	ID7448	99.425	1912	11	0	215383	217294	256963	258874	0.0	3399
ID154B	ID7448	99.476	1910	10	0	682966	684875	256966	258875	0.0	3400
ID154B	ID7448	99.322	1918	13	0	615280	617197	283747	281830	0.0	3401
ID154B	ID7448	98.920	1944	16	3	30784	32726	854902	856841	0.0	3403
ID154B	ID7448	97.897	1997	28	5	215385	217371	281833	283825	0.0	3403
ID154B	ID7448	96.655	2063	65	2	570290	572352	560703	562761	0.0	3405
ID154B	ID7448	99.069	1933	18	0	30783	32715	265049	266981	0.0	3406
ID154B	ID7448	98.920	1944	17	1	30793	32732	283750	281807	0.0	3411
ID154B	ID7448	99.016	2235	17	1	213151	215385	151089	148860	0.0	3932
ID154B	ID7448	96.849	2666	69	6	522163	524819	487930	490589	0.0	4416
ID154B	ID7448	97.059	2754	55	8	111988	114737	398797	401528	0.0	4589
ID154B	ID7448	96.448	2928	45	6	393407	396331	400994	403865	0.0	4838
ID154B	ID7448	97.234	3001	58	8	138094	141087	138672	141654	0.0	5025
ID154B	ID7448	93.415	3356	207	7	384008	387353	389611	392962	0.0	5038
ID154B	ID7448	97.937	3006	28	4	399845	402818	412033	415036	0.0	5155
ID154B	ID7448	96.475	3291	92	6	396328	399616	407250	403982	0.0	5407
ID154B	ID7448	95.812	3701	150	3	389634	393333	408098	411794	0.0	5967
ID154B	ID7448	96.546	4285	100	7	756977	761224	753520	757793	0.0	7073
ID154B	ID7448	96.507	4294	91	9	764791	769073	745696	749941	0.0	7081
ID154B	ID7448	98.846	4505	30	5	257731	262234	260582	265065	0.0	7888
ID154B	ID7448	98.853	6104	70	0	914112	920215	913976	920079	0.0	10693
ID154B	ID7448	96.592	8246	178	18	760867	769073	745696	753877	0.0	13616
ID154B	ID7448	98.867	9442	99	4	217296	226737	148883	139450	0.0	16535
ID154B	ID7448	98.230	10511	96	11	345316	355748	350647	361145	0.0	18149
ID154B	ID7448	94.411	11935	564	41	18815	30707	21484	33357	0.0	18425
ID154B	ID7448	99.256	11028	64	5	486842	497864	477661	488675	0.0	19512
ID154B	ID7448	92.826	13632	826	68	845529	859077	841356	854918	0.0	20006
ID154B	ID7448	97.394	12816	211	25	670248	682965	661627	674417	0.0	21605
ID154B	ID7448	97.125	13598	351	10	656683	670244	647225	660818	0.0	22751
ID154B	ID7448	99.252	13367	99	1	32783	46148	33322	46688	0.0	23652
ID154B	ID7448	99.266	14858	107	2	262084	276939	266976	281833	0.0	26297
ID154B	ID7448	97.059	18125	462	23	552198	570293	540708	558790	0.0	30244
ID154B	ID7448	99.365	20955	115	10	1	20948	207	21150	0.0	37162
ID154B	ID7448	99.028	21907	193	5	826299	848189	815442	837344	0.0	38542
ID154B	ID7448	99.240	25261	164	9	524874	550113	490570	515823	0.0	44675
ID154B	ID7448	98.771	27834	264	21	355740	383518	361281	389091	0.0	48630
ID154B	ID7448	99.408	31743	176	6	224532	256268	225228	256964	0.0	56381
ID154B	ID7448	96.740	40822	1159	42	572746	613501	563120	603835	0.0	67583
ID154B	ID7448	98.981	39640	312	21	617194	656758	605692	645314	0.0	69653
ID154B	ID7448	99.194	49984	349	22	684876	734827	674397	724358	0.0	88273
ID154B	ID7448	98.594	55281	565	28	859031	914143	856829	912065	0.0	96255
ID154B	ID7448	99.072	62641	500	33	402796	465396	415080	477679	0.0	1.103e+05
ID154B	ID7448	99.419	63179	287	18	276884	339998	283744	346906	0.0	1.123e+05
ID154B	ID7448	99.223	74498	323	34	138882	213187	227433	153000	0.0	1.318e+05
ID154B	ID7448	99.140	90704	650	40	735646	826297	724358	814983	0.0	1.600e+05
ID154B	ID7448	99.357	92029	487	27	46066	138049	46732	138700	0.0	1.633e+05
ID154B	ID7448	86.260	524	66	2	559468	559988	604231	603711	7.58e-175	618
ID154B	ID7448	94.693	358	17	1	113830	114187	411440	411795	6.23e-157	558
ID154B	ID7448	94.444	360	19	1	387285	387644	396347	396705	2.17e-156	556
ID154B	ID7448	99.660	294	1	0	257461	257754	260189	260482	3.68e-147	526
ID154B	ID7448	82.112	464	64	12	399363	399815	407177	407632	2.65e-117	426
ID154B	ID7448	71.713	753	196	7	422967	423717	533172	533909	9.89e-104	382
ID154B	ID7448	95.261	211	9	1	417062	417271	396180	396390	4.50e-89	333
ID154B	ID7448	93.304	224	11	3	111829	112050	396666	396887	1.91e-87	327
ID154B	ID7448	85.448	268	34	3	415199	415461	837832	838099	9.28e-79	299
ID154B	ID7448	77.353	340	76	1	344564	344903	518406	518744	6.68e-68	263
ID154B	ID7448	71.193	545	132	10	291290	291820	524263	524796	3.46e-65	253
ID154B	ID7448	66.076	1129	318	27	470233	471312	521261	522373	5.13e-63	247
ID154B	ID7448	68.344	616	182	6	378317	378927	21154	20547	2.49e-54	217
ID154B	ID7448	70.334	509	128	10	476836	477337	527700	528192	3.03e-53	214
ID154B	ID7448	67.201	686	204	10	475535	476211	526259	526932	2.33e-48	197
ID154B	ID7448	66.706	847	212	30	478827	479641	531646	532454	1.47e-44	185
ID154B	ID7448	96.774	93	3	0	417062	417154	393042	392950	2.49e-35	155
ID154B	ID7448	74.866	187	40	4	114377	114562	407666	407486	2.19e-23	114
ID154B	ID7448	66.294	537	143	17	204969	205472	260209	260740	2.66e-22	111
ID154B	ID7448	68.551	283	87	1	717166	717448	408102	407822	3.25e-21	107
ID154B	ID7448	70.861	151	41	2	485169	485319	532952	533099	2.85e-09	68.9
ID154B	ID7448	75.000	96	24	0	477668	477763	528520	528615	9.94e-09	66.2
ID154B	ID7448	73.118	93	23	1	393471	393563	407757	407667	6.27e-05	53.6
ID154B	ID7448	84.783	46	6	1	113827	113871	535446	535491	0.003	49.1
ID154B	ID7448	75.904	83	11	5	806848	806924	840356	840277	0.009	46.4
ID154B	ID7448	93.333	30	2	0	399845	399874	412050	412021	0.009	46.4
ID154B	ID7448	75.581	86	17	4	342322	342405	411729	411812	0.009	47.3
ID154B	ID7448	83.673	49	5	2	420112	420158	404027	403980	0.009	47.3
ID154B	ID7448	82.692	52	5	3	810981	811030	537019	536970	0.032	44.6
ID154B	ID7448	84.615	39	6	0	471953	471991	522999	523037	0.032	44.6
ID154B	ID7448	70.732	123	24	6	233003	233122	21236	21123	0.032	44.6
ID154B	ID7448	76.562	64	9	2	462635	462692	539524	539461	0.032	45.5
ID154B	ID7448	70.476	105	20	4	751869	751962	841336	841440	0.11	42.8
ID154B	ID7448	77.419	62	12	2	107701	107761	840575	840515	0.11	42.8
ID154B	ID7448	92.857	28	2	0	580978	581005	540395	540368	0.11	42.8
ID154B	ID7448	100.000	23	0	0	271596	271618	522446	522424	0.11	42.8
ID154B	ID7448	87.879	33	4	0	153457	153489	519583	519551	0.11	42.8
ID154B	ID7448	79.630	54	8	2	409831	409882	517950	518002	0.11	42.8
ID154B	ID7448	84.211	38	6	0	740376	740413	412014	412051	0.11	42.8
ID154B	ID7448	96.154	26	1	0	24241	24266	519930	519955	0.11	43.7
ID154B	ID7448	90.909	33	2	1	248153	248185	518334	518365	0.11	43.7
ID154B	ID7448	78.723	47	10	0	486369	486415	538378	538424	0.40	41.0
ID154B	ID7448	87.500	32	4	0	591316	591347	522993	523024	0.40	41.0
ID154B	ID7448	76.923	52	12	0	344581	344632	395314	395263	0.40	41.0
ID154B	ID7448	71.579	95	18	4	180277	180364	393086	393178	0.40	41.0
ID154B	ID7448	65.789	190	61	3	361939	362126	21447	21634	0.40	41.0
ID154B	ID7448	77.778	63	10	3	840175	840237	840225	840167	0.40	41.9
ID154B	ID7448	88.235	34	2	1	682955	682986	560712	560679	0.40	41.9
ID154B	ID7448	80.488	41	8	0	730447	730487	840571	840611	1.4	39.2
ID154B	ID7448	81.395	43	7	1	314853	314894	840553	840511	1.4	39.2
ID154B	ID7448	92.308	26	2	0	112397	112422	539956	539981	1.4	39.2
ID154B	ID7448	84.211	38	5	1	611558	611595	539886	539922	1.4	39.2
ID154B	ID7448	92.308	26	2	0	177564	177589	538968	538993	1.4	39.2
ID154B	ID7448	77.358	53	11	1	485502	485554	537550	537601	1.4	39.2
ID154B	ID7448	75.862	58	13	1	304780	304837	523883	523939	1.4	39.2
ID154B	ID7448	92.857	28	1	1	627282	627308	403882	403855	1.4	39.2
ID154B	ID7448	87.097	31	4	0	911535	911565	394543	394513	1.4	39.2
ID154B	ID7448	75.926	54	13	0	42525	42578	538962	539015	1.4	40.1
ID154B	ID7448	76.364	55	10	1	104854	104905	535139	535193	1.4	40.1
ID154B	ID7448	80.952	42	4	1	172861	172898	526175	526134	1.4	40.1
ID154B	ID7448	85.294	34	5	0	104528	104561	394328	394361	1.4	40.1
ID154B	ID7448	89.655	29	3	0	857861	857889	200	172	1.4	40.1
ID154B	ID7448	100.000	20	0	0	795106	795125	840974	840955	4.8	37.4
ID154B	ID7448	100.000	20	0	0	368418	368437	838696	838677	4.8	37.4
ID154B	ID7448	87.097	31	1	1	247002	247032	838382	838355	4.8	37.4
ID154B	ID7448	92.000	25	2	0	48406	48430	538979	538955	4.8	37.4
ID154B	ID7448	83.784	37	5	1	272043	272079	538884	538919	4.8	37.4
ID154B	ID7448	86.667	30	4	0	309686	309715	538544	538573	4.8	37.4
ID154B	ID7448	92.593	27	1	1	177564	177589	537908	537934	4.8	37.4
ID154B	ID7448	82.857	35	6	0	847249	847283	537479	537445	4.8	37.4
ID154B	ID7448	80.952	42	7	1	307826	307867	537119	537079	4.8	37.4
ID154B	ID7448	100.000	20	0	0	477121	477140	530946	530965	4.8	37.4
ID154B	ID7448	100.000	20	0	0	413270	413289	529720	529701	4.8	37.4
ID154B	ID7448	83.333	36	3	1	240958	240990	527142	527177	4.8	37.4
ID154B	ID7448	81.633	49	2	4	545841	545886	523788	523832	4.8	37.4
ID154B	ID7448	70.175	114	27	5	669626	669738	519646	519539	4.8	37.4
ID154B	ID7448	82.927	41	4	2	280804	280843	395911	395949	4.8	37.4
ID154B	ID7448	92.000	25	2	0	229925	229949	395107	395131	4.8	37.4
ID154B	ID7448	72.222	72	14	2	777100	777171	361158	361093	4.8	37.4
ID154B	ID7448	84.615	39	4	2	478370	478408	348278	348242	4.8	37.4
ID154B	ID7448	84.848	33	5	0	290209	290241	841141	841109	4.8	38.3
ID154B	ID7448	79.070	43	9	0	319919	319961	838989	839031	4.8	38.3
ID154B	ID7448	89.286	28	3	0	344049	344076	837462	837435	4.8	38.3
ID154B	ID7448	84.615	39	3	2	723789	723827	540008	540043	4.8	38.3
ID154B	ID7448	90.000	30	2	1	552201	552230	533979	534007	4.8	38.3
ID154B	ID7448	82.500	40	6	1	552111	552150	531060	531098	4.8	38.3
ID154B	ID7448	89.286	28	3	0	768418	768445	523489	523516	4.8	38.3
ID154B	ID7448	77.358	53	7	2	482476	482528	411924	411971	4.8	38.3
