IDF72C	ID7448	78.055	802	172	4	32074	32873	20340	21139	0.0	639
IDF72C	ID7448	82.535	647	100	3	406371	407005	389073	388428	0.0	656
IDF72C	ID7448	96.403	417	14	1	402820	403235	838058	837642	0.0	682
IDF72C	ID7448	96.651	418	13	1	741456	741872	837642	838059	0.0	688
IDF72C	ID7448	83.739	658	87	7	524638	525282	389078	388428	0.0	691
IDF72C	ID7448	87.654	567	68	2	523547	524112	489883	489318	0.0	700
IDF72C	ID7448	88.163	566	67	0	405164	405729	515265	515830	0.0	719
IDF72C	ID7448	80.100	804	148	4	23999	24790	25178	25981	0.0	722
IDF72C	ID7448	84.743	662	84	7	394881	395533	517009	516356	0.0	723
IDF72C	ID7448	81.343	804	138	4	26388	27191	22789	23580	0.0	767
IDF72C	ID7448	82.008	767	117	2	213464	214212	516356	517119	0.0	772
IDF72C	ID7448	71.901	1541	405	18	240861	242387	145561	144035	0.0	772
IDF72C	ID7448	81.739	805	135	3	26387	27191	28452	29244	0.0	787
IDF72C	ID7448	70.223	1884	451	40	144390	146235	223614	221803	0.0	788
IDF72C	ID7448	81.863	805	134	3	29643	30435	25177	25981	0.0	792
IDF72C	ID7448	82.567	826	128	5	32057	32876	28432	29247	0.0	833
IDF72C	ID7448	83.051	826	124	4	29623	30438	30866	31685	0.0	856
IDF72C	ID7448	92.712	590	36	3	356178	356763	361248	361834	0.0	864
IDF72C	ID7448	94.046	571	33	1	274031	274601	163417	162848	0.0	874
IDF72C	ID7448	97.477	555	9	4	367736	368286	346940	347493	0.0	925
IDF72C	ID7448	68.313	2774	664	67	237357	240042	148894	146248	0.0	932
IDF72C	ID7448	70.452	2166	554	33	20228	22356	27139	29255	0.0	950
IDF72C	ID7448	70.855	2165	547	36	28330	30446	19019	21147	0.0	974
IDF72C	ID7448	98.936	564	3	2	496172	496734	396887	396326	0.0	985
IDF72C	ID7448	85.998	857	101	4	406372	407211	516362	517216	0.0	1004
IDF72C	ID7448	88.902	847	89	2	524644	525490	488675	487834	0.0	1100
IDF72C	ID7448	74.376	2162	472	31	20228	22359	21484	23593	0.0	1336
IDF72C	ID7448	93.428	913	52	5	522645	523556	607770	606865	0.0	1361
IDF72C	ID7448	93.538	913	51	5	590361	591266	515274	514363	0.0	1366
IDF72C	ID7448	75.035	2163	456	32	22694	24803	19019	21150	0.0	1398
IDF72C	ID7448	98.861	878	9	1	739084	739961	757746	758622	0.0	1535
IDF72C	ID7448	68.812	4444	1184	57	373784	378107	388267	383906	0.0	1691
IDF72C	ID7448	68.761	4440	1195	52	390358	394720	371682	367358	0.0	1693
IDF72C	ID7448	76.189	2734	588	24	588586	591287	361805	364507	0.0	1945
IDF72C	ID7448	76.499	2736	601	23	368257	370966	605097	607816	0.0	1970
IDF72C	ID7448	83.885	1874	285	7	780820	782688	794042	795903	0.0	2003
IDF72C	ID7448	83.991	1874	280	8	777363	779221	797489	799357	0.0	2010
IDF72C	ID7448	84.341	1852	274	8	777365	779204	792033	793880	0.0	2012
IDF72C	ID7448	79.412	2686	503	25	780002	782661	791213	793874	0.0	2284
IDF72C	ID7448	79.382	2687	502	24	774534	777195	796671	799330	0.0	2287
IDF72C	ID7448	98.003	1402	28	0	293985	295386	283744	285145	0.0	2403
IDF72C	ID7448	72.187	5537	1294	83	22654	28046	27100	32534	0.0	2891
IDF72C	ID7448	96.423	1845	64	2	485048	486891	400640	398797	0.0	3023
IDF72C	ID7448	72.967	5471	1248	73	28306	33673	21460	26802	0.0	3078
IDF72C	ID7448	96.296	1890	70	0	485048	486937	114500	112611	0.0	3094
IDF72C	ID7448	96.931	1890	57	1	113764	115652	408098	409987	0.0	3144
IDF72C	ID7448	97.884	1938	20	2	243789	245726	396884	398800	0.0	3321
IDF72C	ID7448	98.087	1934	17	1	243792	245725	856829	854916	0.0	3335
IDF72C	ID7448	98.088	1935	17	1	243789	245723	266979	265065	0.0	3337
IDF72C	ID7448	98.088	1935	17	1	243792	245726	153000	151086	0.0	3337
IDF72C	ID7448	97.993	1943	18	2	243783	245724	647235	645313	0.0	3339
IDF72C	ID7448	98.043	1942	18	1	243785	245726	281826	283747	0.0	3345
IDF72C	ID7448	98.647	1921	16	1	496735	498655	913975	912065	0.0	3352
IDF72C	ID7448	98.244	1936	14	1	243792	245727	913976	912061	0.0	3352
IDF72C	ID7448	98.751	1921	13	2	496735	498655	558791	560700	0.0	3358
IDF72C	ID7448	98.347	1936	11	2	243788	245723	558786	560700	0.0	3358
IDF72C	ID7448	98.397	1934	11	1	243789	245722	256962	258875	0.0	3362
IDF72C	ID7448	98.908	1923	18	2	739958	741878	558787	560708	0.0	3368
IDF72C	ID7448	98.313	1956	26	2	739919	741871	647266	645315	0.0	3377
IDF72C	ID7448	98.962	1926	17	1	739946	741871	856841	854919	0.0	3382
IDF72C	ID7448	98.911	1928	21	0	739951	741878	256955	258882	0.0	3383
IDF72C	ID7448	98.661	1942	21	1	739930	741871	281807	283743	0.0	3386
IDF72C	ID7448	99.063	1922	18	0	739957	741878	266980	265059	0.0	3386
IDF72C	ID7448	99.270	1918	14	0	402813	404730	151083	153000	0.0	3397
IDF72C	ID7448	99.322	1916	13	0	402815	404730	854914	856829	0.0	3397
IDF72C	ID7448	99.324	1922	13	0	861365	863286	258875	256954	0.0	3408
IDF72C	ID7448	98.625	1964	25	2	146208	148170	645288	647250	0.0	3414
IDF72C	ID7448	99.377	1925	12	0	861364	863288	265065	266989	0.0	3418
IDF72C	ID7448	98.910	2201	24	0	140676	142876	227433	225233	0.0	3862
IDF72C	ID7448	98.867	2206	24	1	240864	243069	141654	139450	0.0	3863
IDF72C	ID7448	98.660	2239	25	3	148146	150383	148855	151089	0.0	3894
IDF72C	ID7448	97.416	2748	51	8	113809	116552	398797	401528	0.0	4618
IDF72C	ID7448	96.248	2905	91	6	493506	496394	115400	112498	0.0	4737
IDF72C	ID7448	89.452	4892	458	19	141358	146235	144035	148882	0.0	6463
IDF72C	ID7448	96.682	4099	84	7	734999	739086	745696	749753	0.0	6795
IDF72C	ID7448	97.365	4288	99	6	727145	731432	753520	757793	0.0	7210
IDF72C	ID7448	98.513	4640	40	4	274694	279313	260435	265065	0.0	8065
IDF72C	ID7448	98.968	6104	63	0	888674	894777	913976	920079	0.0	10725
IDF72C	ID7448	97.352	8045	132	11	731072	739086	745696	753689	0.0	13572
IDF72C	ID7448	98.350	8726	93	9	150347	159055	153000	161691	0.0	15093
IDF72C	ID7448	98.022	10516	102	15	357318	367744	350647	361145	0.0	18055
IDF72C	ID7448	92.756	13639	831	71	818019	831576	841356	854918	0.0	19964
IDF72C	ID7448	98.737	13059	121	17	498997	512025	490575	503619	0.0	22770
IDF72C	ID7448	99.153	13335	108	3	34606	47939	33322	46652	0.0	23530
IDF72C	ID7448	99.396	14230	77	1	511950	526170	503668	517897	0.0	25279
IDF72C	ID7448	98.884	14878	146	2	279163	294040	266976	281833	0.0	26092
IDF72C	ID7448	98.327	16078	233	15	18500	34550	17289	33357	0.0	27747
IDF72C	ID7448	99.300	16847	104	8	1	16842	207	17044	0.0	29827
IDF72C	ID7448	96.974	18141	465	19	526157	544271	540708	558790	0.0	30231
IDF72C	ID7448	99.489	20745	101	5	179338	200080	184426	205167	0.0	36916
IDF72C	ID7448	99.263	20901	138	11	158475	179363	163480	184376	0.0	36964
IDF72C	ID7448	98.447	23114	196	14	220741	243792	205162	228174	0.0	40149
IDF72C	ID7448	98.103	25515	334	28	863307	888705	886585	912065	0.0	43841
IDF72C	ID7448	99.244	28838	210	4	245723	274554	228129	256964	0.0	51013
IDF72C	ID7448	99.034	29824	251	6	831530	861343	856829	886625	0.0	52492
IDF72C	ID7448	98.263	35127	520	23	367736	402819	361281	396360	0.0	60575
IDF72C	ID7448	99.029	41410	303	18	587421	628759	603933	645314	0.0	72874
IDF72C	ID7448	97.702	43220	860	35	544264	587433	560699	603835	0.0	73428
IDF72C	ID7448	99.124	62018	446	19	295374	357331	286080	348060	0.0	1.094e+05
IDF72C	ID7448	99.026	78848	665	28	741872	820679	758560	837344	0.0	1.387e+05
IDF72C	ID7448	98.796	91643	843	58	404730	496234	490317	398797	0.0	1.603e+05
IDF72C	ID7448	99.140	95007	669	36	47893	142876	46768	141649	0.0	1.676e+05
IDF72C	ID7448	98.743	110573	1031	60	628683	739086	647225	757607	0.0	1.932e+05
IDF72C	ID7448	87.023	524	62	2	533428	533948	604231	603711	2.75e-180	636
IDF72C	ID7448	68.573	1451	362	37	659433	660838	285150	286551	4.66e-133	480
IDF72C	ID7448	96.774	279	9	0	498655	498933	490311	490589	3.58e-128	463
IDF72C	ID7448	71.713	753	196	7	458994	459744	533909	533172	9.62e-104	382
IDF72C	ID7448	88.519	270	11	3	17668	17921	17030	17295	4.67e-95	352
IDF72C	ID7448	85.448	268	34	3	467273	467535	838099	837832	9.02e-79	299
IDF72C	ID7448	71.193	545	132	10	307422	307952	524263	524796	3.36e-65	253
IDF72C	ID7448	76.687	326	76	0	356580	356905	518419	518744	4.99e-63	246
IDF72C	ID7448	67.617	491	154	4	308229	308718	525076	525562	6.95e-36	156
IDF72C	ID7448	94.505	91	4	1	274532	274621	258876	258966	1.86e-30	139
IDF72C	ID7448	70.500	200	45	4	158421	158609	260394	260198	8.47e-16	90.6
IDF72C	ID7448	69.403	268	69	10	242674	242936	143721	143462	4.39e-13	81.5
IDF72C	ID7448	80.952	84	12	1	158967	159050	259791	259712	1.53e-12	79.7
IDF72C	ID7448	81.481	81	13	2	243644	243723	142695	142616	2.27e-10	72.5
IDF72C	ID7448	70.286	175	45	5	158656	158826	259923	259752	9.66e-09	66.2
IDF72C	ID7448	73.469	98	26	0	159680	159777	162317	162414	4.11e-07	60.8
IDF72C	ID7448	71.000	100	29	0	16670	16769	260522	260423	7.43e-04	50.9
IDF72C	ID7448	76.389	72	16	1	17741	17812	259924	259854	7.43e-04	50.9
IDF72C	ID7448	84.783	46	6	1	494352	494396	535491	535446	0.003	49.1
IDF72C	ID7448	82.692	52	5	3	783017	783066	537019	536970	0.032	44.6
IDF72C	ID7448	72.165	97	23	3	880405	880497	142628	142532	0.032	44.6
IDF72C	ID7448	76.562	64	9	2	420006	420063	539461	539524	0.032	45.5
IDF72C	ID7448	70.476	105	20	4	722029	722122	841336	841440	0.11	42.8
IDF72C	ID7448	77.419	62	12	2	109522	109582	840575	840515	0.11	42.8
IDF72C	ID7448	92.857	28	2	0	554905	554932	540395	540368	0.11	42.8
IDF72C	ID7448	100.000	23	0	0	288696	288718	522446	522424	0.11	42.8
IDF72C	ID7448	87.879	33	4	0	228327	228359	519551	519583	0.11	42.8
IDF72C	ID7448	79.630	54	8	2	656584	656634	350487	350434	0.11	42.8
IDF72C	ID7448	92.857	28	2	0	55272	55299	163472	163445	0.11	42.8
IDF72C	ID7448	75.714	70	11	3	74837	74902	141853	141786	0.11	42.8
IDF72C	ID7448	78.125	64	10	3	812664	812727	840226	840167	0.11	43.7
IDF72C	ID7448	90.323	31	3	0	585482	585512	539886	539916	0.11	43.7
IDF72C	ID7448	96.154	26	1	0	28084	28109	519930	519955	0.11	43.7
IDF72C	ID7448	90.909	33	2	1	266439	266471	518334	518365	0.11	43.7
IDF72C	ID7448	77.358	53	9	1	830152	830201	534873	534925	0.38	41.0
IDF72C	ID7448	87.500	32	4	0	565252	565283	522993	523024	0.38	41.0
IDF72C	ID7448	83.784	37	6	0	660869	660905	260081	260117	0.38	41.0
IDF72C	ID7448	80.488	41	8	0	701404	701444	840571	840611	1.3	39.2
IDF72C	ID7448	76.923	65	8	4	778902	778962	840338	840277	1.3	39.2
IDF72C	ID7448	92.308	26	2	0	486457	486482	539981	539956	1.3	39.2
IDF72C	ID7448	92.308	26	2	0	183565	183590	538993	538968	1.3	39.2
IDF72C	ID7448	75.862	58	13	1	320948	321005	523883	523939	1.3	39.2
IDF72C	ID7448	74.627	67	9	3	130695	130756	350090	350153	1.3	39.2
IDF72C	ID7448	81.633	49	5	3	591203	591250	141851	141896	1.3	39.2
IDF72C	ID7448	75.926	54	13	0	44348	44401	538962	539015	1.3	40.1
IDF72C	ID7448	76.364	55	10	1	106675	106726	535139	535193	1.3	40.1
IDF72C	ID7448	95.833	24	1	0	472537	472560	534446	534423	1.3	40.1
IDF72C	ID7448	80.952	42	4	1	188252	188289	526134	526175	1.3	40.1
IDF72C	ID7448	74.026	77	6	5	705684	705754	348823	348891	1.3	40.1
IDF72C	ID7448	84.211	38	4	1	420026	420061	162436	162399	1.3	40.1
IDF72C	ID7448	89.655	29	3	0	830360	830388	200	172	1.3	40.1
IDF72C	ID7448	100.000	20	0	0	767137	767156	840974	840955	4.7	37.4
IDF72C	ID7448	87.097	31	1	1	265288	265318	838382	838355	4.7	37.4
IDF72C	ID7448	87.500	32	3	1	807709	807739	538987	539018	4.7	37.4
IDF72C	ID7448	92.000	25	2	0	50198	50222	538979	538955	4.7	37.4
IDF72C	ID7448	83.784	37	5	1	289143	289179	538884	538919	4.7	37.4
IDF72C	ID7448	86.667	30	4	0	325859	325888	538544	538573	4.7	37.4
IDF72C	ID7448	92.593	27	1	1	183565	183590	537934	537908	4.7	37.4
IDF72C	ID7448	82.857	35	6	0	819739	819773	537479	537445	4.7	37.4
IDF72C	ID7448	80.952	42	7	1	323994	324035	537119	537079	4.7	37.4
IDF72C	ID7448	86.667	30	4	0	766939	766968	535475	535504	4.7	37.4
IDF72C	ID7448	100.000	20	0	0	880097	880116	532448	532429	4.7	37.4
IDF72C	ID7448	92.000	25	2	0	533	557	532160	532184	4.7	37.4
IDF72C	ID7448	73.016	63	13	1	591197	591259	532155	532097	4.7	37.4
IDF72C	ID7448	83.333	36	3	1	259244	259276	527142	527177	4.7	37.4
IDF72C	ID7448	100.000	20	0	0	792905	792924	526519	526500	4.7	37.4
IDF72C	ID7448	81.633	49	2	4	519835	519880	523788	523832	4.7	37.4
IDF72C	ID7448	78.723	47	9	1	611447	611492	518934	518888	4.7	37.4
IDF72C	ID7448	72.222	72	14	2	749130	749201	361158	361093	4.7	37.4
IDF72C	ID7448	78.723	47	9	1	535885	535931	350389	350344	4.7	37.4
IDF72C	ID7448	100.000	20	0	0	101483	101502	349470	349489	4.7	37.4
IDF72C	ID7448	82.857	35	6	0	856731	856765	141923	141889	4.7	37.4
IDF72C	ID7448	84.848	33	5	0	306341	306373	841141	841109	4.7	38.3
IDF72C	ID7448	82.500	40	6	1	449070	449108	841074	841035	4.7	38.3
IDF72C	ID7448	79.070	43	9	0	336092	336134	838989	839031	4.7	38.3
IDF72C	ID7448	90.000	30	2	1	526160	526189	533979	534007	4.7	38.3
IDF72C	ID7448	77.083	48	6	1	674920	674962	532028	532075	4.7	38.3
IDF72C	ID7448	82.500	40	6	1	526070	526109	531060	531098	4.7	38.3
IDF72C	ID7448	89.286	28	3	0	84266	84293	528580	528553	4.7	38.3
IDF72C	ID7448	85.714	35	4	1	392074	392108	523000	523033	4.7	38.3
IDF72C	ID7448	77.778	54	4	3	345813	345864	161944	161991	4.7	38.3
