ID1257	ID7448	78.580	803	166	5	30708	31507	20340	21139	0.0	656
ID1257	ID7448	78.207	803	166	2	30705	31507	22787	23580	0.0	659
ID1257	ID7448	96.403	417	13	2	401503	401917	838058	837642	0.0	678
ID1257	ID7448	95.561	428	13	3	262629	263054	838065	837642	0.0	679
ID1257	ID7448	70.676	1538	425	18	226987	228512	141655	140132	0.0	683
ID1257	ID7448	96.882	417	12	1	810526	810942	645730	645315	0.0	691
ID1257	ID7448	97.122	417	11	1	810526	810942	912481	912066	0.0	695
ID1257	ID7448	97.122	417	11	1	810526	810942	855334	854919	0.0	695
ID1257	ID7448	97.122	417	11	1	810526	810942	560284	560699	0.0	695
ID1257	ID7448	97.122	417	11	1	810526	810942	265481	265066	0.0	695
ID1257	ID7448	97.122	417	11	1	810526	810942	151505	151090	0.0	695
ID1257	ID7448	97.129	418	11	1	810526	810943	258460	258876	0.0	697
ID1257	ID7448	96.487	427	14	1	810526	810952	283328	283753	0.0	700
ID1257	ID7448	97.602	417	8	2	810526	810942	398382	398796	0.0	700
ID1257	ID7448	71.018	1532	419	17	226993	228512	225233	226751	0.0	708
ID1257	ID7448	80.100	804	148	4	22621	23412	25178	25981	0.0	722
ID1257	ID7448	84.789	664	83	7	387947	388602	517009	516356	0.0	728
ID1257	ID7448	89.594	567	58	1	512692	513258	515265	515830	0.0	754
ID1257	ID7448	71.670	1539	408	18	230899	232423	145559	144035	0.0	755
ID1257	ID7448	81.366	805	138	4	28277	29069	25177	25981	0.0	769
ID1257	ID7448	81.491	805	137	3	25009	25813	28452	29244	0.0	778
ID1257	ID7448	83.113	758	103	2	513901	514633	516362	517119	0.0	804
ID1257	ID7448	94.476	525	26	3	211037	211560	256442	256964	0.0	806
ID1257	ID7448	92.446	556	41	1	486714	487269	489329	489883	0.0	810
ID1257	ID7448	83.085	804	127	3	30707	31510	28453	29247	0.0	832
ID1257	ID7448	94.853	544	23	4	392413	392954	396347	396887	0.0	842
ID1257	ID7448	82.930	826	125	4	28257	29072	30866	31685	0.0	851
ID1257	ID7448	94.384	552	30	1	262088	262639	163417	162867	0.0	853
ID1257	ID7448	96.390	554	14	5	360825	361372	346940	347493	0.0	893
ID1257	ID7448	94.068	590	28	4	349252	349837	361248	361834	0.0	895
ID1257	ID7448	68.338	2773	664	67	144616	147300	146248	148894	0.0	934
ID1257	ID7448	70.452	2166	554	33	18850	20978	27139	29255	0.0	950
ID1257	ID7448	91.806	659	32	3	212764	213422	164058	163422	0.0	952
ID1257	ID7448	91.480	669	35	3	210386	211032	161700	161032	0.0	957
ID1257	ID7448	68.716	2765	668	67	223611	226268	221789	224463	0.0	963
ID1257	ID7448	70.839	2157	542	33	26964	29069	19019	21139	0.0	985
ID1257	ID7448	89.431	861	77	1	485298	486144	517216	516356	0.0	1151
ID1257	ID7448	69.952	2892	777	25	366886	369736	388267	385427	0.0	1269
ID1257	ID7448	74.376	2162	472	31	18850	20981	21484	23593	0.0	1336
ID1257	ID7448	95.379	844	30	4	530369	531205	488675	487834	0.0	1337
ID1257	ID7448	93.866	913	48	5	596174	597079	515274	514363	0.0	1379
ID1257	ID7448	75.081	2163	455	32	21316	23425	19019	21150	0.0	1403
ID1257	ID7448	94.737	912	42	4	487260	488171	606865	607770	0.0	1416
ID1257	ID7448	68.730	4442	1193	55	383424	387786	371682	367358	0.0	1678
ID1257	ID7448	85.085	1589	207	10	485505	487074	388428	390005	0.0	1780
ID1257	ID7448	75.772	2753	585	25	594380	597100	361805	364507	0.0	1920
ID1257	ID7448	83.883	1849	281	12	770867	772705	792033	793874	0.0	1953
ID1257	ID7448	76.597	2709	589	23	361343	364025	605097	607786	0.0	1965
ID1257	ID7448	94.794	1287	14	6	264549	265783	258909	260194	0.0	2040
ID1257	ID7448	84.898	1854	264	9	768826	770674	794044	795886	0.0	2056
ID1257	ID7448	79.353	2688	502	25	768006	770668	796671	799330	0.0	2281
ID1257	ID7448	92.931	1542	90	3	530363	531885	516356	517897	0.0	2294
ID1257	ID7448	72.288	5467	1292	75	21292	26634	27115	32482	0.0	2892
ID1257	ID7448	95.459	1894	75	11	114754	116643	408098	409984	0.0	2989
ID1257	ID7448	96.262	1846	67	2	404197	406042	398797	400640	0.0	3012
ID1257	ID7448	96.195	1892	70	1	404151	406042	112611	114500	0.0	3085
ID1257	ID7448	96.617	1892	60	4	392846	394734	408097	409987	0.0	3110
ID1257	ID7448	73.285	5465	1241	73	26940	32307	21460	26802	0.0	3142
ID1257	ID7448	98.642	1914	23	3	262638	264549	645313	647225	0.0	3324
ID1257	ID7448	98.694	1914	22	3	262638	264549	283745	281833	0.0	3329
ID1257	ID7448	98.694	1914	22	3	262638	264549	151088	153000	0.0	3329
ID1257	ID7448	98.746	1914	20	4	262639	264550	398797	396886	0.0	3330
ID1257	ID7448	98.644	1918	23	3	262639	264554	265065	266981	0.0	3332
ID1257	ID7448	98.798	1914	19	4	262639	264550	560700	558789	0.0	3334
ID1257	ID7448	98.396	1933	28	3	262638	264568	854917	856848	0.0	3336
ID1257	ID7448	98.749	1918	21	3	262640	264555	258875	256959	0.0	3341
ID1257	ID7448	98.851	1914	19	3	262638	264549	912064	913976	0.0	3342
ID1257	ID7448	98.747	1915	23	1	285155	287068	856830	854916	0.0	3342
ID1257	ID7448	98.695	1916	25	0	857609	859524	645309	647224	0.0	3343
ID1257	ID7448	98.799	1915	21	2	401500	403412	258878	256964	0.0	3343
ID1257	ID7448	98.647	1921	25	1	857604	859524	265056	266975	0.0	3344
ID1257	ID7448	98.800	1916	21	2	285152	287066	558786	560700	0.0	3345
ID1257	ID7448	98.600	1928	24	3	401498	403423	560704	558778	0.0	3345
ID1257	ID7448	98.447	1932	29	1	285153	287083	256962	258893	0.0	3346
ID1257	ID7448	98.747	1915	24	0	857613	859527	151088	153002	0.0	3346
ID1257	ID7448	98.851	1915	20	2	401502	403414	912065	913979	0.0	3348
ID1257	ID7448	98.852	1917	19	3	401502	403416	645314	647229	0.0	3348
ID1257	ID7448	98.749	1918	23	1	285155	287071	153001	151084	0.0	3348
ID1257	ID7448	98.351	1941	29	2	285131	287070	647248	645310	0.0	3351
ID1257	ID7448	98.904	1916	20	1	285155	287069	913977	912062	0.0	3358
ID1257	ID7448	98.858	1926	18	2	683638	685559	913987	912062	0.0	3369
ID1257	ID7448	97.633	1986	27	4	104377	106357	645310	647280	0.0	3370
ID1257	ID7448	98.959	1921	20	0	104376	106296	151084	153004	0.0	3375
ID1257	ID7448	98.465	1954	26	3	683645	685597	647226	645276	0.0	3379
ID1257	ID7448	95.385	2665	98	8	511989	514633	490589	487930	0.0	4239
ID1257	ID7448	94.663	2773	97	21	114802	117566	398799	401528	0.0	4286
ID1257	ID7448	96.120	2912	87	13	392732	395626	112498	115400	0.0	4708
ID1257	ID7448	95.747	4185	102	19	730509	734674	745695	749822	0.0	6728
ID1257	ID7448	97.052	4173	99	12	730510	734674	753520	757676	0.0	6939
ID1257	ID7448	97.275	4183	88	12	730510	734674	749584	753758	0.0	7000
ID1257	ID7448	95.847	4575	140	9	859538	864071	886585	891150	0.0	7399
ID1257	ID7448	98.284	4486	64	4	265951	270425	260582	265065	0.0	7737
ID1257	ID7448	98.378	6104	99	0	884876	890979	913976	920079	0.0	10562
ID1257	ID7448	98.874	8348	82	10	106292	114635	104524	112863	0.0	14597
ID1257	ID7448	97.408	8873	173	11	403411	412242	407359	416215	0.0	14967
ID1257	ID7448	98.759	8620	87	16	392892	401502	398797	407405	0.0	15009
ID1257	ID7448	97.370	10533	152	23	350392	360833	350647	361145	0.0	17756
ID1257	ID7448	97.726	11695	208	15	221414	233105	151089	139450	0.0	19877
ID1257	ID7448	96.831	13601	361	11	634564	648105	647229	660818	0.0	22599
ID1257	ID7448	99.439	13372	70	3	33253	46622	33338	46706	0.0	23768
ID1257	ID7448	97.741	16603	236	34	648109	664604	661627	678197	0.0	28224
ID1257	ID7448	96.788	18152	487	26	531872	549996	540708	558790	0.0	30076
ID1257	ID7448	98.286	17503	254	28	770865	788329	797489	814983	0.0	30128
ID1257	ID7448	98.063	18228	255	11	270275	288462	266976	285145	0.0	31320
ID1257	ID7448	99.565	19068	67	10	664586	683646	678524	697582	0.0	33983
ID1257	ID7448	98.572	20938	214	20	864016	884907	891167	912065	0.0	36398
ID1257	ID7448	99.513	20753	86	8	169375	190120	205167	184423	0.0	36948
ID1257	ID7448	98.656	22320	203	16	141640	163910	227433	205162	0.0	38915
ID1257	ID7448	98.805	25266	242	22	486710	511930	515823	490573	0.0	44158
ID1257	ID7448	98.431	29259	318	36	114631	143845	112493	141654	0.0	50661
ID1257	ID7448	99.212	29832	200	13	827753	857570	856829	886639	0.0	52712
ID1257	ID7448	98.171	31713	493	30	360825	392481	361281	392962	0.0	54519
ID1257	ID7448	99.423	31391	138	23	190092	221450	184379	153000	0.0	55729
ID1257	ID7448	99.064	31747	252	4	230900	262611	225228	256964	0.0	55936
ID1257	ID7448	98.777	33209	368	21	1	33181	159	33357	0.0	57998
ID1257	ID7448	98.576	38069	487	18	734675	772732	757879	795903	0.0	66178
ID1257	ID7448	99.291	39499	227	20	788331	827798	815442	854918	0.0	69927
ID1257	ID7448	99.464	45323	205	18	685556	730864	697560	742858	0.0	80592
ID1257	ID7448	99.546	57867	249	14	46522	104380	46714	104574	0.0	1.031e+05
ID1257	ID7448	99.084	62023	459	29	288450	350405	286080	348060	0.0	1.093e+05
ID1257	ID7448	98.123	72579	962	71	413795	486139	416264	488676	0.0	1.248e+05
ID1257	ID7448	97.637	84782	1692	88	549993	634633	560703	645314	0.0	1.437e+05
ID1257	ID7448	97.619	294	4	2	265682	265972	260189	260482	2.11e-137	493
ID1257	ID7448	88.950	362	32	7	730510	730869	757438	757793	7.86e-124	449
ID1257	ID7448	71.713	753	196	7	432717	433467	533172	533909	9.58e-104	382
ID1257	ID7448	95.735	211	8	1	426816	427025	396180	396390	3.57e-90	337
ID1257	ID7448	71.386	678	156	14	664821	665481	285895	286551	2.75e-85	320
ID1257	ID7448	99.371	159	0	1	890980	891138	1	158	8.41e-73	279
ID1257	ID7448	77.353	340	76	1	349640	349979	518406	518744	6.47e-68	263
ID1257	ID7448	71.193	545	132	10	300517	301047	524263	524796	3.35e-65	253
ID1257	ID7448	92.754	138	10	0	426808	426945	757795	757658	1.52e-50	205
ID1257	ID7448	71.689	438	100	12	767499	767921	796068	796496	6.47e-49	199
ID1257	ID7448	67.594	611	181	8	211538	212139	258876	259478	1.17e-45	189
ID1257	ID7448	68.024	491	152	4	301324	301813	525076	525562	1.34e-38	165
ID1257	ID7448	96.774	93	3	0	426816	426908	393042	392950	2.41e-35	155
ID1257	ID7448	66.239	545	149	17	213229	213744	260208	260746	9.00e-22	109
ID1257	ID7448	90.769	65	6	0	412454	412518	416207	416271	2.42e-16	91.5
ID1257	ID7448	80.000	55	11	0	453949	454003	523929	523875	7.40e-04	50.9
ID1257	ID7448	84.783	46	6	1	394730	394774	535446	535491	0.003	49.1
ID1257	ID7448	82.692	52	5	3	773044	773093	537019	536970	0.031	44.6
ID1257	ID7448	76.562	64	9	2	472419	472476	539524	539461	0.031	45.5
ID1257	ID7448	92.857	28	2	0	560616	560643	540395	540368	0.11	42.8
ID1257	ID7448	100.000	23	0	0	279774	279796	522446	522424	0.11	42.8
ID1257	ID7448	87.879	33	4	0	156295	156327	519583	519551	0.11	42.8
ID1257	ID7448	79.630	54	8	2	661581	661631	350487	350434	0.11	42.8
ID1257	ID7448	77.049	61	9	2	329162	329218	742943	743002	0.11	43.7
ID1257	ID7448	96.154	26	1	0	26718	26743	519930	519955	0.11	43.7
ID1257	ID7448	90.909	33	2	1	254496	254528	518334	518365	0.11	43.7
ID1257	ID7448	77.358	53	9	1	826375	826424	534873	534925	0.38	41.0
ID1257	ID7448	71.579	95	18	4	188578	188665	393086	393178	0.38	41.0
ID1257	ID7448	90.000	30	3	0	475526	475555	536953	536982	0.38	41.9
ID1257	ID7448	76.271	59	12	1	870611	870669	535511	535455	0.38	41.9
ID1257	ID7448	90.000	30	3	0	674163	674192	395533	395562	0.38	41.9
ID1257	ID7448	92.308	26	2	0	404608	404633	539956	539981	1.3	39.2
ID1257	ID7448	92.308	26	2	0	185865	185890	538968	538993	1.3	39.2
ID1257	ID7448	72.857	70	17	1	607747	607816	538040	537973	1.3	39.2
ID1257	ID7448	84.211	38	5	1	592885	592922	531096	531060	1.3	39.2
ID1257	ID7448	100.000	21	0	0	41050	41070	525979	525999	1.3	39.2
ID1257	ID7448	75.862	58	13	1	313992	314049	523883	523939	1.3	39.2
ID1257	ID7448	87.097	31	4	0	882299	882329	394543	394513	1.3	39.2
ID1257	ID7448	74.627	67	9	3	131686	131747	350090	350153	1.3	39.2
ID1257	ID7448	75.926	54	13	0	42978	43031	538962	539015	1.3	40.1
ID1257	ID7448	76.364	55	10	1	107302	107353	535139	535193	1.3	40.1
ID1257	ID7448	80.952	42	4	1	181166	181203	526175	526134	1.3	40.1
ID1257	ID7448	85.294	34	5	0	106976	107009	394328	394361	1.3	40.1
ID1257	ID7448	92.000	25	2	0	48880	48904	538979	538955	4.7	37.4
ID1257	ID7448	83.784	37	5	1	280221	280257	538884	538919	4.7	37.4
ID1257	ID7448	86.667	30	4	0	318902	318931	538544	538573	4.7	37.4
ID1257	ID7448	92.593	27	1	1	185865	185890	537908	537934	4.7	37.4
ID1257	ID7448	82.857	35	6	0	809290	809324	537479	537445	4.7	37.4
ID1257	ID7448	80.952	42	7	1	317037	317078	537119	537079	4.7	37.4
ID1257	ID7448	100.000	20	0	0	876295	876314	532448	532429	4.7	37.4
ID1257	ID7448	73.016	63	13	1	597010	597072	532155	532097	4.7	37.4
ID1257	ID7448	100.000	20	0	0	782925	782944	526519	526500	4.7	37.4
ID1257	ID7448	92.593	27	1	1	79402	79428	523823	523848	4.7	37.4
ID1257	ID7448	81.633	49	2	4	490935	490980	523832	523788	4.7	37.4
ID1257	ID7448	92.000	25	2	0	236260	236284	395107	395131	4.7	37.4
ID1257	ID7448	72.222	72	14	2	742615	742686	361158	361093	4.7	37.4
ID1257	ID7448	78.723	47	9	1	541597	541643	350389	350344	4.7	37.4
ID1257	ID7448	100.000	20	0	0	100147	100166	349470	349489	4.7	37.4
ID1257	ID7448	90.000	30	2	1	76822	76850	745627	745598	4.7	38.3
ID1257	ID7448	84.615	39	3	2	701318	701356	540008	540043	4.7	38.3
ID1257	ID7448	76.364	55	12	1	391047	391101	536161	536108	4.7	38.3
ID1257	ID7448	90.000	30	2	1	531875	531904	533979	534007	4.7	38.3
ID1257	ID7448	77.083	48	6	1	679558	679600	532028	532075	4.7	38.3
ID1257	ID7448	82.500	40	6	1	531785	531824	531060	531098	4.7	38.3
ID1257	ID7448	89.286	28	3	0	82945	82972	528580	528553	4.7	38.3
ID1257	ID7448	85.714	35	4	1	385140	385174	523000	523033	4.7	38.3
