ID168L	ID7448	90.021	471	25	4	542678	543146	115298	114848	0.0	640
ID168L	ID7448	86.680	518	22	5	542656	543146	401485	400988	0.0	644
ID168L	ID7448	78.321	798	173	0	24064	24861	20342	21139	0.0	660
ID168L	ID7448	73.433	1133	280	9	879965	881087	518455	519576	0.0	665
ID168L	ID7448	82.779	662	81	8	381345	381981	516356	517009	0.0	674
ID168L	ID7448	86.525	564	33	7	421309	421849	114857	115400	0.0	682
ID168L	ID7448	79.306	807	149	7	21635	22426	25178	25981	0.0	688
ID168L	ID7448	96.882	417	12	1	307692	308107	838058	837642	0.0	691
ID168L	ID7448	94.831	445	17	3	524425	524863	837642	838086	0.0	691
ID168L	ID7448	93.952	463	23	4	824349	824807	645776	645315	0.0	696
ID168L	ID7448	87.279	566	72	0	498520	499085	515265	515830	0.0	697
ID168L	ID7448	94.168	463	21	5	824349	824807	398336	398796	0.0	697
ID168L	ID7448	94.168	463	22	4	824349	824807	912527	912066	0.0	700
ID168L	ID7448	94.168	463	22	4	824349	824807	855380	854919	0.0	700
ID168L	ID7448	94.168	463	22	4	824349	824807	560238	560699	0.0	700
ID168L	ID7448	94.168	463	22	4	824349	824807	265527	265066	0.0	700
ID168L	ID7448	94.168	463	22	4	824349	824807	151551	151090	0.0	700
ID168L	ID7448	94.181	464	22	4	824349	824808	258414	258876	0.0	702
ID168L	ID7448	92.169	498	28	6	824349	824836	283282	283778	0.0	706
ID168L	ID7448	93.542	480	23	6	373597	374069	837642	838120	0.0	707
ID168L	ID7448	84.806	645	62	9	406151	406781	114809	115431	0.0	714
ID168L	ID7448	84.498	658	74	7	537632	538268	389078	388428	0.0	721
ID168L	ID7448	71.596	1535	403	24	217708	219226	141649	140132	0.0	725
ID168L	ID7448	80.050	802	151	2	24060	24861	28452	29244	0.0	725
ID168L	ID7448	86.820	607	49	7	406151	406753	400949	401528	0.0	731
ID168L	ID7448	93.673	490	26	3	409109	409594	361769	361281	0.0	736
ID168L	ID7448	71.922	1535	399	23	217708	219226	225233	226751	0.0	751
ID168L	ID7448	71.680	1536	413	16	221612	223136	145559	144035	0.0	757
ID168L	ID7448	95.688	487	19	2	409109	409594	347425	346940	0.0	777
ID168L	ID7448	70.138	1882	461	38	214341	216194	221806	223614	0.0	781
ID168L	ID7448	91.021	568	48	3	536540	537106	489883	489318	0.0	784
ID168L	ID7448	75.789	1173	271	7	889954	891121	535706	536870	0.0	816
ID168L	ID7448	75.429	1225	288	7	367728	368946	518406	519623	0.0	833
ID168L	ID7448	89.346	657	47	4	199153	199786	161691	161035	0.0	873
ID168L	ID7448	97.132	523	15	0	199795	200317	256442	256964	0.0	876
ID168L	ID7448	92.044	641	38	7	367291	367925	361201	361834	0.0	907
ID168L	ID7448	68.272	2720	750	44	363103	365773	422699	425354	0.0	919
ID168L	ID7448	91.061	660	36	4	201521	202180	164058	163422	0.0	928
ID168L	ID7448	70.105	2181	546	32	17756	19894	27139	29255	0.0	946
ID168L	ID7448	84.481	857	102	4	499728	500555	516362	517216	0.0	957
ID168L	ID7448	68.562	2761	670	64	136945	139621	146248	148894	0.0	957
ID168L	ID7448	80.126	1112	203	10	252821	253924	163417	162316	0.0	981
ID168L	ID7448	73.033	1754	422	21	887585	889307	524269	526002	0.0	983
ID168L	ID7448	96.529	605	17	3	420712	421312	411412	412016	0.0	987
ID168L	ID7448	71.073	2292	567	42	20189	22437	18909	21147	0.0	1042
ID168L	ID7448	88.270	844	91	3	537638	538475	488675	487834	0.0	1070
ID168L	ID7448	96.904	743	20	2	367340	368081	346907	347647	0.0	1231
ID168L	ID7448	83.651	1156	165	5	407848	409000	348742	347608	0.0	1232
ID168L	ID7448	69.893	2903	772	28	400185	403047	385427	388267	0.0	1261
ID168L	ID7448	69.693	2897	788	19	382143	384982	367358	370221	0.0	1262
ID168L	ID7448	73.921	2201	473	35	17756	19917	21484	23622	0.0	1315
ID168L	ID7448	93.428	913	52	5	605247	606152	515274	514363	0.0	1361
ID168L	ID7448	94.499	909	47	3	535641	536549	607770	606865	0.0	1404
ID168L	ID7448	95.206	897	30	6	109088	109978	400639	401528	0.0	1409
ID168L	ID7448	93.361	964	54	4	406703	407664	364556	363601	0.0	1442
ID168L	ID7448	98.588	850	11	1	361400	362249	346058	346906	0.0	1476
ID168L	ID7448	96.584	966	31	2	253322	254285	258876	259841	0.0	1587
ID168L	ID7448	75.692	2744	594	23	603462	606173	361805	364507	0.0	1904
ID168L	ID7448	84.287	1852	275	7	781307	783146	792033	793880	0.0	2012
ID168L	ID7448	84.205	1874	276	8	781305	783163	797489	799357	0.0	2028
ID168L	ID7448	84.205	1874	279	7	784736	786604	794042	795903	0.0	2030
ID168L	ID7448	78.822	2682	526	21	778462	781123	796671	799330	0.0	2220
ID168L	ID7448	79.075	2681	520	23	783919	786577	791213	793874	0.0	2240
ID168L	ID7448	95.854	1857	63	3	105780	107635	398797	400640	0.0	3002
ID168L	ID7448	96.508	1890	65	1	418833	420721	408098	409987	0.0	3108
ID168L	ID7448	98.346	1935	22	4	275243	277176	519819	517894	0.0	3337
ID168L	ID7448	98.150	1946	21	3	743046	744987	398797	396863	0.0	3348
ID168L	ID7448	98.647	1922	16	1	743046	744967	645314	647225	0.0	3354
ID168L	ID7448	97.960	1961	25	3	743012	744970	912032	913979	0.0	3357
ID168L	ID7448	98.699	1922	15	1	743046	744967	854918	856829	0.0	3359
ID168L	ID7448	98.699	1922	15	1	743046	744967	283744	281833	0.0	3359
ID168L	ID7448	98.699	1922	15	1	743046	744967	151089	153000	0.0	3359
ID168L	ID7448	95.819	2081	72	2	558671	560739	560703	562780	0.0	3366
ID168L	ID7448	98.652	1929	16	1	743040	744968	265059	266977	0.0	3367
ID168L	ID7448	98.654	1932	15	2	743040	744971	560706	558786	0.0	3369
ID168L	ID7448	98.704	1929	15	1	743040	744968	258882	256964	0.0	3371
ID168L	ID7448	99.009	1918	19	0	156407	158324	647226	645309	0.0	3374
ID168L	ID7448	99.061	1916	18	0	307691	309606	645314	647229	0.0	3375
ID168L	ID7448	99.061	1917	18	0	156404	158320	913980	912064	0.0	3377
ID168L	ID7448	99.112	1915	17	0	156406	158320	856831	854917	0.0	3378
ID168L	ID7448	99.062	1918	18	0	156406	158323	153002	151085	0.0	3378
ID168L	ID7448	99.113	1916	17	0	307691	309606	283744	281829	0.0	3379
ID168L	ID7448	98.663	1945	24	2	416746	418689	912064	914007	0.0	3384
ID168L	ID7448	98.168	1965	23	2	522930	524881	647225	645261	0.0	3385
ID168L	ID7448	99.165	1917	16	0	502780	504696	647231	645315	0.0	3386
ID168L	ID7448	99.165	1917	16	0	372096	374012	266982	265066	0.0	3386
ID168L	ID7448	98.614	1948	18	3	482986	484928	912065	914008	0.0	3387
ID168L	ID7448	98.912	1930	21	0	307679	309608	265053	266982	0.0	3387
ID168L	ID7448	99.115	1920	17	0	416739	418658	151081	153000	0.0	3387
ID168L	ID7448	99.218	1917	15	0	502780	504696	281827	283743	0.0	3390
ID168L	ID7448	98.715	1946	22	2	522929	524873	266977	265034	0.0	3391
ID168L	ID7448	99.168	1923	14	1	482975	484897	151080	153000	0.0	3394
ID168L	ID7448	99.322	1918	12	1	416747	418664	560700	558784	0.0	3397
ID168L	ID7448	98.669	1953	22	2	522930	524878	856829	854877	0.0	3400
ID168L	ID7448	99.271	1920	14	0	212430	214349	645314	647233	0.0	3400
ID168L	ID7448	98.322	1967	16	3	212378	214344	265030	266979	0.0	3401
ID168L	ID7448	96.367	2092	47	12	212426	214498	151085	153166	0.0	3403
ID168L	ID7448	97.710	2009	35	5	482919	484922	283811	281809	0.0	3404
ID168L	ID7448	98.482	2240	31	3	210191	212430	151089	148853	0.0	3876
ID168L	ID7448	96.215	2378	69	4	418719	421094	112498	114856	0.0	3884
ID168L	ID7448	98.892	2257	24	1	403960	406215	366791	364535	0.0	3955
ID168L	ID7448	98.144	2586	39	2	539143	541728	540708	543284	0.0	4447
ID168L	ID7448	97.338	2893	44	6	421309	424192	400997	403865	0.0	4873
ID168L	ID7448	79.554	5600	1040	26	20202	25784	21383	26894	0.0	4915
ID168L	ID7448	95.172	3169	143	5	368915	372080	347608	350769	0.0	5012
ID168L	ID7448	77.757	6474	1182	72	20166	26499	27002	33357	0.0	5092
ID168L	ID7448	96.148	3141	66	7	16873	19976	18135	21257	0.0	5138
ID168L	ID7448	96.510	3295	85	7	424189	427479	407250	403982	0.0	5420
ID168L	ID7448	96.669	3512	87	5	876044	879534	891187	894689	0.0	5811
ID168L	ID7448	95.580	3710	151	2	105735	109443	408098	411795	0.0	5955
ID168L	ID7448	96.086	4267	98	17	738793	743044	745695	749907	0.0	6928
ID168L	ID7448	96.699	4271	113	11	738794	743046	749584	753844	0.0	7043
ID168L	ID7448	97.414	4254	94	9	738794	743044	753520	757760	0.0	7150
ID168L	ID7448	95.425	4546	125	16	871596	876082	886611	891132	0.0	7264
ID168L	ID7448	96.912	5019	108	7	497814	502786	490589	485572	0.0	8364
ID168L	ID7448	98.038	4893	56	7	277444	282312	260189	265065	0.0	8396
ID168L	ID7448	94.615	6592	276	29	409585	416127	361146	354585	0.0	10229
ID168L	ID7448	98.642	6110	77	1	914778	920887	913976	920079	0.0	10646
ID168L	ID7448	97.605	9479	177	7	214341	223818	148879	139450	0.0	16085
ID168L	ID7448	98.889	10713	101	7	296983	307690	283744	294443	0.0	18768
ID168L	ID7448	98.673	12891	124	12	484897	497750	503455	490575	0.0	22465
ID168L	ID7448	99.207	13369	106	0	26571	39939	33338	46706	0.0	23632
ID168L	ID7448	98.104	14237	240	10	524943	539156	503668	517897	0.0	24440
ID168L	ID7448	98.293	14882	225	7	282162	297038	266976	281833	0.0	25688
ID168L	ID7448	96.688	15578	415	19	543138	558674	543273	558790	0.0	25773
ID168L	ID7448	99.166	16898	128	6	1	16891	207	17098	0.0	29823
ID168L	ID7448	98.868	17315	148	11	897518	914809	894776	912065	0.0	30336
ID168L	ID7448	98.618	18301	182	11	504697	522930	485600	467304	0.0	31878
ID168L	ID7448	98.875	20627	149	15	158319	178876	205032	184420	0.0	36160
ID168L	ID7448	99.398	20937	113	7	254278	275210	540710	519783	0.0	37170
ID168L	ID7448	98.447	22469	274	15	133996	156409	227433	204985	0.0	38947
ID168L	ID7448	98.337	27182	358	24	109088	136201	114499	141654	0.0	46959
ID168L	ID7448	97.899	29274	529	18	374228	403454	396203	366969	0.0	50016
ID168L	ID7448	98.636	29828	356	15	841670	871483	856849	886639	0.0	51935
ID168L	ID7448	98.705	31419	335	25	178845	210227	184382	153000	0.0	54778
ID168L	ID7448	99.020	31739	304	3	221613	253345	225228	256965	0.0	55829
ID168L	ID7448	98.804	39481	423	14	802212	841657	815442	854908	0.0	69053
ID168L	ID7448	99.140	51772	313	13	309602	361365	294430	346077	0.0	91419
ID168L	ID7448	98.701	55363	600	46	427709	482982	412033	467365	0.0	96499
ID168L	ID7448	98.389	57304	829	31	744967	802210	757714	814983	0.0	99125
ID168L	ID7448	98.810	67820	751	19	39839	107635	46714	114500	0.0	1.186e+05
ID168L	ID7448	96.552	82363	2571	82	561416	643683	563126	645314	0.0	1.356e+05
ID168L	ID7448	98.618	95703	1095	54	643604	739147	647225	742858	0.0	1.666e+05
ID168L	ID7448	94.517	383	7	3	277176	277558	259825	260193	2.48e-168	596
ID168L	ID7448	97.887	284	4	2	418658	418940	396605	396887	4.80e-133	479
ID168L	ID7448	82.112	464	64	12	427226	427678	407177	407632	2.65e-117	426
ID168L	ID7448	97.345	226	5	1	374013	374238	396622	396398	1.21e-102	378
ID168L	ID7448	94.313	211	12	0	445001	445211	396180	396390	1.91e-87	327
ID168L	ID7448	81.749	263	33	5	560782	561043	562537	562785	4.22e-64	250
ID168L	ID7448	76.620	355	76	5	416395	416747	353289	352940	4.22e-64	251
ID168L	ID7448	86.957	184	13	7	524841	525018	503441	503619	5.49e-50	203
ID168L	ID7448	77.419	186	42	0	306375	306560	366781	366966	3.70e-33	147
ID168L	ID7448	91.589	107	6	2	416107	416210	26890	26996	3.70e-33	147
ID168L	ID7448	73.810	210	47	5	542721	542929	407464	407666	6.27e-24	116
ID168L	ID7448	73.684	209	49	4	421516	421723	407667	407464	6.27e-24	117
ID168L	ID7448	73.611	216	50	5	109626	109839	407674	407464	6.27e-24	117
ID168L	ID7448	79.032	124	26	0	703144	703267	407945	407822	3.25e-21	107
ID168L	ID7448	79.570	93	16	1	201828	201920	17208	17119	4.52e-13	81.5
ID168L	ID7448	84.058	69	11	0	377467	377535	396415	396347	1.92e-11	76.1
ID168L	ID7448	77.381	84	19	0	416395	416478	353935	353852	9.95e-09	67.1
ID168L	ID7448	75.269	93	21	1	406261	406353	407757	407667	1.21e-07	62.6
ID168L	ID7448	76.250	80	14	2	277197	277276	17192	17118	1.80e-05	55.4
ID168L	ID7448	93.333	30	2	0	427709	427738	412050	412021	0.009	46.4
ID168L	ID7448	81.132	53	7	2	448048	448098	404031	403980	0.033	45.5
ID168L	ID7448	96.154	26	1	0	743042	743067	856833	856808	0.11	43.7
ID168L	ID7448	77.049	61	9	2	342035	342091	742943	743002	0.11	43.7
ID168L	ID7448	93.103	29	1	1	191192	191220	353602	353575	0.40	41.0
ID168L	ID7448	78.000	50	11	0	307663	307712	856857	856808	0.40	41.9
ID168L	ID7448	87.879	33	3	1	403337	403368	412051	412019	1.4	39.2
ID168L	ID7448	92.857	28	1	1	614203	614229	403882	403855	1.4	39.2
ID168L	ID7448	92.308	26	2	0	710776	710801	18113	18138	1.4	39.2
ID168L	ID7448	86.111	36	4	1	561008	561043	562786	562752	1.4	40.1
ID168L	ID7448	85.294	34	5	0	166818	166851	354531	354564	1.4	40.1
ID168L	ID7448	89.655	29	3	0	840451	840479	200	172	1.4	40.1
ID168L	ID7448	75.862	58	10	2	368819	368876	745642	745589	4.8	37.4
ID168L	ID7448	72.222	72	14	2	753072	753143	361158	361093	4.8	37.4
ID168L	ID7448	77.778	45	10	0	262770	262814	17937	17893	4.8	37.4
ID168L	ID7448	84.848	33	5	0	611612	611644	891207	891175	4.8	38.3
ID168L	ID7448	95.652	23	1	0	438262	438284	745334	745356	4.8	38.3
ID168L	ID7448	85.714	35	4	1	451103	451136	354488	354454	4.8	38.3
ID168L	ID7448	95.652	23	1	0	876202	876224	354277	354299	4.8	38.3
ID168L	ID7448	89.286	28	3	0	428743	428770	18122	18095	4.8	38.3
ID168L	ID7448	85.714	35	4	1	213192	213225	17640	17606	4.8	38.3
