ID232	ID7448	95.683	417	16	2	813962	814378	398382	398796	0.0	664
ID232	ID7448	95.923	417	16	1	813962	814378	560284	560699	0.0	673
ID232	ID7448	95.933	418	16	1	813962	814379	258460	258876	0.0	674
ID232	ID7448	86.348	564	34	7	395734	396274	114857	115400	0.0	678
ID232	ID7448	96.643	417	13	1	813962	814378	645730	645315	0.0	686
ID232	ID7448	96.882	417	12	1	813962	814378	912481	912066	0.0	691
ID232	ID7448	96.882	417	12	1	813962	814378	855334	854919	0.0	691
ID232	ID7448	96.882	417	12	1	813962	814378	265481	265066	0.0	691
ID232	ID7448	96.882	417	12	1	813962	814378	151505	151090	0.0	691
ID232	ID7448	83.837	662	82	8	385122	385766	517009	516356	0.0	699
ID232	ID7448	87.478	567	70	1	479178	479744	515830	515265	0.0	700
ID232	ID7448	94.336	459	18	4	813962	814414	283328	283784	0.0	700
ID232	ID7448	97.150	421	11	1	730087	730506	838062	837642	0.0	702
ID232	ID7448	96.503	429	14	1	97815	98242	838070	837642	0.0	703
ID232	ID7448	73.898	1157	281	9	673751	674897	519600	518455	0.0	704
ID232	ID7448	71.242	1530	417	18	301834	303352	141649	140132	0.0	716
ID232	ID7448	88.380	568	63	3	504999	505565	489883	489318	0.0	717
ID232	ID7448	80.597	804	144	4	23976	24767	25178	25981	0.0	740
ID232	ID7448	71.569	1530	413	17	301834	303352	225233	226751	0.0	742
ID232	ID7448	71.623	1540	407	20	305724	307248	145559	144035	0.0	745
ID232	ID7448	85.714	658	72	7	506091	506733	389078	388428	0.0	752
ID232	ID7448	95.833	480	17	3	732009	732486	757315	757793	0.0	765
ID232	ID7448	81.343	804	138	4	26365	27168	22789	23580	0.0	767
ID232	ID7448	81.141	806	137	3	23974	24767	30880	31682	0.0	769
ID232	ID7448	81.445	803	146	1	26366	27168	20340	21139	0.0	775
ID232	ID7448	81.739	805	135	3	26364	27168	28452	29244	0.0	787
ID232	ID7448	81.863	805	134	3	29636	30428	25177	25981	0.0	792
ID232	ID7448	70.526	1900	451	40	298486	300350	221789	223614	0.0	820
ID232	ID7448	68.615	2361	660	36	105258	107586	425010	422699	0.0	829
ID232	ID7448	95.769	520	20	2	358298	358816	346907	347425	0.0	832
ID232	ID7448	97.972	493	7	2	392873	393365	396398	396887	0.0	838
ID232	ID7448	83.051	826	124	4	29616	30431	30866	31685	0.0	856
ID232	ID7448	83.414	826	121	4	32050	32869	28432	29247	0.0	869
ID232	ID7448	96.947	524	15	1	285891	286414	256442	256964	0.0	870
ID232	ID7448	89.346	657	48	3	285248	285882	161691	161035	0.0	876
ID232	ID7448	90.909	660	37	4	287618	288277	164058	163422	0.0	923
ID232	ID7448	68.603	2755	677	65	224912	227586	146248	148894	0.0	946
ID232	ID7448	75.104	1438	327	13	658095	659515	536870	535447	0.0	949
ID232	ID7448	70.420	2167	553	33	20211	22339	27139	29255	0.0	949
ID232	ID7448	70.729	2166	548	33	28323	30439	19019	21147	0.0	977
ID232	ID7448	96.364	605	18	3	395137	395737	411412	412016	0.0	983
ID232	ID7448	73.075	1753	421	21	664357	666077	526002	524269	0.0	985
ID232	ID7448	85.431	858	97	5	477703	478535	517216	516362	0.0	987
ID232	ID7448	80.541	1110	201	9	191780	192882	162316	163417	0.0	1002
ID232	ID7448	88.402	845	94	3	506097	506940	488675	487834	0.0	1073
ID232	ID7448	72.933	2165	501	33	22668	24780	19019	21150	0.0	1191
ID232	ID7448	83.665	1157	160	9	358925	360074	347608	348742	0.0	1221
ID232	ID7448	69.934	2897	781	24	382120	384959	370221	367358	0.0	1271
ID232	ID7448	69.997	2903	769	28	364021	366883	388267	385427	0.0	1275
ID232	ID7448	74.526	2163	467	34	20211	22342	21484	23593	0.0	1340
ID232	ID7448	93.160	921	47	5	504089	505008	607770	606865	0.0	1370
ID232	ID7448	92.803	931	31	8	331935	332862	401528	400631	0.0	1374
ID232	ID7448	93.757	913	49	5	571809	572714	515274	514363	0.0	1375
ID232	ID7448	92.308	1014	26	7	735115	736123	748975	749941	0.0	1493
ID232	ID7448	95.322	1026	27	7	735115	736123	752856	753877	0.0	1622
ID232	ID7448	76.104	2741	583	26	570030	572736	361805	364507	0.0	1939
ID232	ID7448	84.098	1874	281	7	773777	775645	794042	795903	0.0	2021
ID232	ID7448	96.920	1331	26	5	191053	192381	260193	258876	0.0	2207
ID232	ID7448	79.000	2681	523	22	772959	775618	791213	793874	0.0	2234
ID232	ID7448	79.202	2707	501	20	769539	772203	796671	799357	0.0	2310
ID232	ID7448	95.125	1846	88	2	334287	336132	400640	398797	0.0	2917
ID232	ID7448	72.672	5467	1271	74	28299	33666	21460	26802	0.0	2992
ID232	ID7448	73.155	5461	1258	71	22644	27989	27115	32482	0.0	3107
ID232	ID7448	96.561	1890	65	0	393257	395146	408098	409987	0.0	3116
ID232	ID7448	99.059	1913	16	2	730090	732002	645314	647224	0.0	3362
ID232	ID7448	99.111	1913	15	2	730090	732002	265065	266975	0.0	3367
ID232	ID7448	99.061	1916	16	2	730087	732002	283747	281834	0.0	3368
ID232	ID7448	99.061	1916	16	2	730087	732002	151086	152999	0.0	3368
ID232	ID7448	99.113	1916	14	3	730087	732002	398800	396888	0.0	3369
ID232	ID7448	98.612	1945	21	5	730060	732002	854888	856828	0.0	3369
ID232	ID7448	99.164	1914	13	2	730089	732002	560701	558791	0.0	3374
ID232	ID7448	99.062	1920	16	2	730091	732010	258875	256958	0.0	3375
ID232	ID7448	99.217	1916	13	2	730087	732002	912062	913975	0.0	3381
ID232	ID7448	99.165	1916	16	0	97822	99737	645310	647225	0.0	3384
ID232	ID7448	99.269	1914	14	0	97824	99737	854916	856829	0.0	3389
ID232	ID7448	99.269	1914	14	0	97826	99739	265065	266978	0.0	3389
ID232	ID7448	99.321	1914	12	1	97826	99739	560700	558788	0.0	3390
ID232	ID7448	99.269	1916	14	0	97822	99737	151085	153000	0.0	3393
ID232	ID7448	98.666	1949	22	1	97822	99770	283748	281804	0.0	3397
ID232	ID7448	99.374	1918	12	0	97820	99737	912059	913976	0.0	3406
ID232	ID7448	98.459	2206	33	1	221885	224090	139450	141654	0.0	3822
ID232	ID7448	98.595	2207	29	2	305725	307930	225228	227433	0.0	3834
ID232	ID7448	96.091	2379	72	4	393142	395519	112498	114856	0.0	3873
ID232	ID7448	94.673	3060	151	6	670709	673760	350663	347608	0.0	4768
ID232	ID7448	97.819	2888	35	5	395734	398612	400997	403865	0.0	4928
ID232	ID7448	96.864	2997	78	6	732131	735114	745696	748689	0.0	4969
ID232	ID7448	90.758	3603	241	16	355279	358816	358194	361769	0.0	5008
ID232	ID7448	97.458	3069	69	5	732052	735114	749505	752570	0.0	5169
ID232	ID7448	97.783	3113	66	3	732005	735114	753394	756506	0.0	5293
ID232	ID7448	96.687	3290	84	6	398609	401894	407250	403982	0.0	5438
ID232	ID7448	96.310	3713	124	2	332477	336177	411809	408098	0.0	6082
ID232	ID7448	96.948	3833	97	7	726261	730087	749584	753402	0.0	6372
ID232	ID7448	97.512	3818	79	6	726260	730070	745695	749503	0.0	6445
ID232	ID7448	97.912	3831	69	2	726261	730090	753520	757340	0.0	6550
ID232	ID7448	94.818	4496	168	17	349789	354247	354062	358529	0.0	7040
ID232	ID7448	94.774	4592	153	9	861072	865596	886585	891156	0.0	7238
ID232	ID7448	98.365	4892	53	7	186287	191166	265065	260189	0.0	8455
ID232	ID7448	99.158	4870	36	3	99737	104603	96618	101485	0.0	8589
ID232	ID7448	97.777	6073	82	5	507608	513647	540708	546760	0.0	10369
ID232	ID7448	98.460	6104	94	0	886447	892550	913976	920079	0.0	10585
ID232	ID7448	97.521	11898	240	9	513634	525522	546939	558790	0.0	20136
ID232	ID7448	98.090	13035	207	10	334287	347291	114500	101478	0.0	22378
ID232	ID7448	98.915	13087	130	8	641048	654126	678524	691606	0.0	22936
ID232	ID7448	98.294	14247	211	8	493390	507621	503668	517897	0.0	24591
ID232	ID7448	98.648	14868	188	4	171573	186437	281833	266976	0.0	25901
ID232	ID7448	98.053	15770	240	23	402124	417855	412033	427773	0.0	27013
ID232	ID7448	98.985	16844	154	9	1	16833	207	17044	0.0	29581
ID232	ID7448	98.474	20964	234	15	865534	886478	891169	912065	0.0	36374
ID232	ID7448	98.472	29849	405	13	831195	861030	856829	886639	0.0	51761
ID232	ID7448	97.724	31013	552	20	610168	641066	647225	678197	0.0	52794
ID232	ID7448	98.698	31406	353	26	264939	296317	184376	153000	0.0	54727
ID232	ID7448	97.939	32661	580	25	360258	392883	363601	396203	0.0	55838
ID232	ID7448	97.833	36679	620	46	296280	332862	151090	114491	0.0	62513
ID232	ID7448	97.718	37123	762	34	735115	772186	756792	793880	0.0	63052
ID232	ID7448	98.774	51322	553	26	675325	726622	691589	742858	0.0	89669
ID232	ID7448	98.249	60953	949	39	770335	831241	794038	854918	0.0	1.050e+05
ID232	ID7448	98.895	63242	567	18	108440	171628	346906	283744	0.0	1.109e+05
ID232	ID7448	98.902	72619	706	22	192358	264964	256965	184426	0.0	1.273e+05
ID232	ID7448	98.433	75800	892	56	417854	493465	427928	503619	0.0	1.314e+05
ID232	ID7448	98.732	79388	950	22	18481	97826	17289	96661	0.0	1.386e+05
ID232	ID7448	96.444	84871	2624	114	525515	610246	560699	645314	0.0	1.393e+05
ID232	ID7448	91.233	365	31	1	506944	507307	546925	547289	7.86e-143	511
ID232	ID7448	67.453	1527	404	33	168748	170225	679494	678012	7.87e-124	449
ID232	ID7448	82.328	464	63	12	401641	402093	407177	407632	2.11e-118	431
ID232	ID7448	71.979	753	194	7	425176	425926	533172	533909	1.85e-106	391
ID232	ID7448	89.850	266	9	2	17655	17902	17030	17295	7.38e-99	366
ID232	ID7448	99.038	208	0	1	892551	892758	1	206	2.58e-98	364
ID232	ID7448	94.787	211	11	0	419263	419473	396180	396390	1.52e-88	332
ID232	ID7448	70.159	630	171	10	674594	675210	347647	347022	7.89e-67	260
ID232	ID7448	71.193	545	132	10	156702	157232	524796	524263	3.36e-65	253
ID232	ID7448	70.530	509	127	10	662241	662742	528192	527700	2.42e-54	218
ID232	ID7448	65.371	1132	306	31	668266	669330	522373	521261	1.03e-52	213
ID232	ID7448	66.905	840	223	23	659943	660758	532454	531646	1.25e-51	208
ID232	ID7448	67.201	686	204	10	663367	664043	526932	526259	2.26e-48	197
ID232	ID7448	68.474	498	139	10	674719	675202	361869	361376	1.63e-37	162
ID232	ID7448	90.090	111	9	1	28050	28158	546953	546843	1.03e-33	149
ID232	ID7448	83.761	117	17	2	358701	358816	518419	518534	1.74e-24	119
ID232	ID7448	73.423	222	47	6	332074	332294	407464	407674	1.74e-24	119
ID232	ID7448	68.531	286	82	4	690420	690702	408102	407822	4.67e-19	100
ID232	ID7448	74.026	154	39	1	358804	358956	519470	519623	1.99e-17	95.1
ID232	ID7448	87.059	85	8	3	398599	398681	546839	546922	6.93e-17	94.2
ID232	ID7448	84.058	69	11	0	389576	389644	396347	396415	1.86e-11	76.1
ID232	ID7448	70.861	151	41	2	655651	655801	533099	532952	2.76e-09	68.9
ID232	ID7448	75.000	96	24	0	661815	661910	528615	528520	9.64e-09	66.2
ID232	ID7448	74.194	93	22	1	395795	395887	407757	407667	4.99e-06	58.1
ID232	ID7448	83.019	53	6	2	422310	422360	404031	403980	7.41e-04	50.0
ID232	ID7448	71.552	116	23	5	27992	28097	546741	546856	0.003	48.2
ID232	ID7448	93.333	30	2	0	402124	402153	412050	412021	0.009	46.4
ID232	ID7448	82.692	52	5	3	775976	776025	537019	536970	0.032	44.6
ID232	ID7448	84.615	39	6	0	667587	667625	523037	522999	0.032	44.6
ID232	ID7448	76.562	64	9	2	464851	464908	539524	539461	0.032	45.5
ID232	ID7448	92.857	28	2	0	536171	536198	540395	540368	0.11	42.8
ID232	ID7448	78.182	55	6	2	157765	157819	540241	540193	0.11	42.8
ID232	ID7448	84.211	38	6	0	656927	656964	534078	534041	0.11	42.8
ID232	ID7448	100.000	23	0	0	176895	176917	522424	522446	0.11	42.8
ID232	ID7448	77.049	61	9	2	128520	128576	743002	742943	0.11	43.7
ID232	ID7448	90.909	33	2	1	200442	200474	518365	518334	0.11	43.7
ID232	ID7448	75.000	72	13	3	708622	708689	540597	540527	0.38	41.0
ID232	ID7448	73.134	67	18	0	44233	44299	538949	539015	0.38	41.0
ID232	ID7448	78.723	47	10	0	105043	105089	538424	538378	0.38	41.0
ID232	ID7448	81.818	44	7	1	80711	80754	535218	535176	0.38	41.0
ID232	ID7448	77.358	53	9	1	829817	829866	534873	534925	0.38	41.0
ID232	ID7448	87.500	32	4	0	546518	546549	522993	523024	0.38	41.0
ID232	ID7448	93.103	29	1	1	277285	277313	353602	353575	0.38	41.0
ID232	ID7448	82.500	40	7	0	566790	566829	539883	539922	0.38	41.9
ID232	ID7448	96.296	27	0	1	566786	566811	537102	537076	0.38	41.9
ID232	ID7448	77.358	53	11	1	655416	655468	537601	537550	1.3	39.2
ID232	ID7448	92.857	28	1	1	580766	580792	403882	403855	1.3	39.2
ID232	ID7448	76.364	55	10	1	343183	343234	535193	535139	1.3	40.1
ID232	ID7448	77.586	58	11	2	657585	657641	534717	534661	1.3	40.1
ID232	ID7448	95.833	24	1	0	412540	412563	534423	534446	1.3	40.1
ID232	ID7448	95.833	24	1	0	668967	668990	534418	534395	1.3	40.1
ID232	ID7448	80.952	42	4	1	256006	256043	526175	526134	1.3	40.1
ID232	ID7448	74.648	71	12	3	317867	317934	523776	523843	1.3	40.1
ID232	ID7448	80.435	46	8	1	518277	518321	523663	523618	1.3	40.1
ID232	ID7448	95.833	24	1	0	392980	393003	519932	519955	1.3	40.1
ID232	ID7448	74.576	59	15	0	124568	124626	427744	427802	1.3	40.1
ID232	ID7448	92.000	25	2	0	717472	717496	793936	793912	4.7	37.4
ID232	ID7448	75.862	58	10	2	673799	673856	745589	745642	4.7	37.4
ID232	ID7448	82.857	35	6	0	811221	811255	745529	745563	4.7	37.4
ID232	ID7448	100.000	20	0	0	393712	393731	539956	539975	4.7	37.4
ID232	ID7448	83.784	37	5	1	176434	176470	538919	538884	4.7	37.4
ID232	ID7448	86.667	30	4	0	138786	138815	538573	538544	4.7	37.4
ID232	ID7448	92.593	27	1	1	260712	260737	537908	537934	4.7	37.4
ID232	ID7448	82.857	35	6	0	812704	812738	537479	537445	4.7	37.4
ID232	ID7448	88.235	34	2	2	534087	534118	537356	537389	4.7	37.4
ID232	ID7448	80.952	42	7	1	140640	140681	537079	537119	4.7	37.4
ID232	ID7448	82.051	39	5	1	701838	701876	533981	533945	4.7	37.4
ID232	ID7448	100.000	20	0	0	662438	662457	530965	530946	4.7	37.4
ID232	ID7448	100.000	20	0	0	415612	415631	529720	529701	4.7	37.4
ID232	ID7448	79.167	48	6	2	490927	490974	523935	523892	4.7	37.4
ID232	ID7448	92.593	27	1	1	80763	80789	523823	523848	4.7	37.4
ID232	ID7448	85.294	34	3	1	758921	758952	523114	523081	4.7	37.4
ID232	ID7448	92.000	25	2	0	586637	586661	520552	520576	4.7	37.4
ID232	ID7448	89.286	28	3	0	100759	100786	526057	526030	4.7	38.3
