IDMHP696	ID7448	69.065	1765	437	36	874951	876656	27115	28829	0.0	658
IDMHP696	ID7448	85.993	564	36	7	356601	357141	114857	115400	0.0	669
IDMHP696	ID7448	99.733	374	1	0	487291	487664	517524	517897	0.0	671
IDMHP696	ID7448	83.082	662	87	8	349641	350285	517009	516356	0.0	676
IDMHP696	ID7448	95.395	456	16	3	876655	877110	757343	757793	0.0	719
IDMHP696	ID7448	84.337	664	88	5	7951	8608	28432	29085	0.0	721
IDMHP696	ID7448	71.354	1536	417	18	192177	193701	141655	140132	0.0	727
IDMHP696	ID7448	71.699	1530	411	17	192183	193701	225233	226751	0.0	751
IDMHP696	ID7448	71.586	1538	411	16	196076	197600	145559	144035	0.0	755
IDMHP696	ID7448	81.095	804	140	4	2268	3071	22789	23580	0.0	758
IDMHP696	ID7448	81.196	803	148	1	2269	3071	20340	21139	0.0	766
IDMHP696	ID7448	81.366	805	138	4	5537	6329	25177	25981	0.0	769
IDMHP696	ID7448	93.898	508	28	2	311870	312377	361330	361834	0.0	771
IDMHP696	ID7448	97.403	462	10	1	486436	486897	488293	487834	0.0	777
IDMHP696	ID7448	81.491	805	137	3	2267	3071	28452	29244	0.0	778
IDMHP696	ID7448	70.744	1733	427	29	869290	870994	21484	23164	0.0	782
IDMHP696	ID7448	92.086	556	43	1	484644	485199	489883	489329	0.0	801
IDMHP696	ID7448	70.421	1900	450	41	188838	190699	221789	223614	0.0	810
IDMHP696	ID7448	92.661	545	17	3	354645	355189	398797	399318	0.0	810
IDMHP696	ID7448	83.504	782	111	5	457077	457842	517141	516362	0.0	823
IDMHP696	ID7448	71.461	1738	408	33	874975	876656	19019	20724	0.0	829
IDMHP696	ID7448	91.864	590	26	2	354600	355189	408098	408665	0.0	859
IDMHP696	ID7448	83.051	826	124	3	5517	6332	30866	31685	0.0	860
IDMHP696	ID7448	96.905	517	16	0	485312	485828	389681	389165	0.0	861
IDMHP696	ID7448	81.980	899	158	2	727533	728428	792981	793878	0.0	886
IDMHP696	ID7448	96.685	543	16	1	354166	354708	396347	396887	0.0	896
IDMHP696	ID7448	82.242	901	159	1	725433	726332	794986	795886	0.0	901
IDMHP696	ID7448	68.349	2774	663	67	117522	120207	146248	148894	0.0	937
IDMHP696	ID7448	83.062	921	144	5	727537	728448	798440	799357	0.0	947
IDMHP696	ID7448	96.558	581	11	3	876750	877325	745696	746272	0.0	953
IDMHP696	ID7448	97.727	572	13	0	877323	877894	514374	514945	0.0	974
IDMHP696	ID7448	96.205	606	18	4	356003	356604	411412	412016	0.0	976
IDMHP696	ID7448	80.252	1109	207	9	227305	228408	163417	162316	0.0	984
IDMHP696	ID7448	98.429	573	9	0	877322	877894	607760	607188	0.0	994
IDMHP696	ID7448	70.895	2168	541	34	4224	6340	19019	21147	0.0	994
IDMHP696	ID7448	84.550	945	137	4	726494	727432	797489	798430	0.0	1037
IDMHP696	ID7448	92.482	705	29	4	354485	355189	112498	113178	0.0	1037
IDMHP696	ID7448	96.494	656	18	3	876671	877325	749505	750156	0.0	1071
IDMHP696	ID7448	96.280	672	18	1	258046	258717	293916	294580	0.0	1102
IDMHP696	ID7448	74.254	1775	434	13	550780	552542	362214	363977	0.0	1104
IDMHP696	ID7448	86.378	947	115	7	724390	725332	794044	794980	0.0	1108
IDMHP696	ID7448	86.364	946	117	6	726496	727432	792033	792975	0.0	1109
IDMHP696	ID7448	98.212	671	9	1	876655	877325	753425	754092	0.0	1155
IDMHP696	ID7448	97.925	723	15	0	355290	356012	409265	409987	0.0	1237
IDMHP696	ID7448	69.727	2897	788	20	346641	349481	370221	367358	0.0	1261
IDMHP696	ID7448	76.484	1786	371	21	723570	725332	796671	798430	0.0	1278
IDMHP696	ID7448	70.069	2900	772	26	328534	331396	388267	385427	0.0	1287
IDMHP696	ID7448	96.717	792	24	2	459083	459873	489799	490589	0.0	1305
IDMHP696	ID7448	73.154	2343	587	22	323395	325713	605492	607816	0.0	1329
IDMHP696	ID7448	99.205	755	5	1	486436	487190	516757	517510	0.0	1332
IDMHP696	ID7448	94.161	959	55	1	484245	485203	514866	515823	0.0	1474
IDMHP696	ID7448	96.747	1076	34	1	311870	312945	346986	348060	0.0	1780
IDMHP696	ID7448	96.263	1097	22	2	355290	356385	113778	114856	0.0	1802
IDMHP696	ID7448	96.536	1097	19	2	355290	356385	399918	400996	0.0	1816
IDMHP696	ID7448	94.643	1176	62	1	89927	91101	408098	409273	0.0	1834
IDMHP696	ID7448	96.994	1131	32	2	89972	91101	398797	399926	0.0	1880
IDMHP696	ID7448	83.885	1874	285	7	730023	731891	794042	795903	0.0	2003
IDMHP696	ID7448	74.119	3574	810	40	385	3892	28958	32482	0.0	2199
IDMHP696	ID7448	79.412	2686	503	25	729205	731864	791213	793874	0.0	2284
IDMHP696	ID7448	98.939	1320	12	2	227806	229124	258876	260194	0.0	2311
IDMHP696	ID7448	98.217	1402	25	0	248549	249950	283744	285145	0.0	2416
IDMHP696	ID7448	98.363	1405	21	2	549276	550679	603933	605336	0.0	2424
IDMHP696	ID7448	99.184	1593	13	0	569340	570932	855237	856829	0.0	2815
IDMHP696	ID7448	99.184	1593	13	0	569340	570932	151408	153000	0.0	2815
IDMHP696	ID7448	99.123	1596	14	0	569340	570935	645633	647228	0.0	2816
IDMHP696	ID7448	99.123	1596	14	0	569340	570935	283425	281830	0.0	2816
IDMHP696	ID7448	99.248	1596	11	1	569340	570935	560381	558787	0.0	2821
IDMHP696	ID7448	99.186	1598	13	0	569340	570937	265384	266981	0.0	2824
IDMHP696	ID7448	99.372	1593	10	0	569340	570932	912384	913976	0.0	2828
IDMHP696	ID7448	99.373	1596	10	0	569340	570935	398479	396884	0.0	2834
IDMHP696	ID7448	99.312	1600	11	0	569340	570939	258557	256958	0.0	2837
IDMHP696	ID7448	74.526	4483	948	56	4200	8608	21460	25822	0.0	2859
IDMHP696	ID7448	96.754	1910	56	3	457077	458982	487908	489815	0.0	3158
IDMHP696	ID7448	98.118	1860	19	1	10681	12540	33322	35165	0.0	3207
IDMHP696	ID7448	97.762	1921	29	6	8709	10625	31447	33357	0.0	3257
IDMHP696	ID7448	99.800	2000	4	0	725433	727432	792981	794980	0.0	3589
IDMHP696	ID7448	98.054	2313	37	1	874352	876656	20853	23165	0.0	3972
IDMHP696	ID7448	99.125	2630	20	3	732285	734913	799489	802116	0.0	4629
IDMHP696	ID7448	95.542	3051	98	6	312932	315947	350647	353694	0.0	4897
IDMHP696	ID7448	97.853	2888	34	5	356601	359479	400997	403865	0.0	4932
IDMHP696	ID7448	96.955	3284	83	5	359476	362757	407250	403982	0.0	5465
IDMHP696	ID7448	96.316	3366	72	5	870992	874351	746246	749565	0.0	5536
IDMHP696	ID7448	97.244	3375	75	3	870992	874351	750130	753501	0.0	5671
IDMHP696	ID7448	99.560	3182	14	0	686703	689884	742699	745880	0.0	5676
IDMHP696	ID7448	98.036	3360	60	1	870992	874351	754066	757419	0.0	5763
IDMHP696	ID7448	98.428	3436	50	4	867562	870994	17289	20723	0.0	5939
IDMHP696	ID7448	96.949	3802	108	4	350437	354234	389165	392962	0.0	6323
IDMHP696	ID7448	99.552	3573	16	0	154115	157687	187986	184414	0.0	6372
IDMHP696	ID7448	98.436	4539	49	10	727533	732053	794986	799520	0.0	7841
IDMHP696	ID7448	98.793	4889	27	4	229022	233890	260189	265065	0.0	8562
IDMHP696	ID7448	98.955	5361	50	3	472894	478249	503311	508670	0.0	9408
IDMHP696	ID7448	98.947	5795	60	1	478350	484144	508657	514450	0.0	10173
IDMHP696	ID7448	98.602	6081	80	5	586183	592260	639236	645314	0.0	10566
IDMHP696	ID7448	99.214	6104	48	0	842760	848863	913976	920079	0.0	10792
IDMHP696	ID7448	98.279	6508	105	3	487651	494157	540708	547209	0.0	11225
IDMHP696	ID7448	99.589	6330	19	3	91985	98314	115236	121558	0.0	11292
IDMHP696	ID7448	97.441	7308	107	14	315494	322735	353852	361145	0.0	12346
IDMHP696	ID7448	98.697	7979	89	4	249938	257901	286080	294058	0.0	13916
IDMHP696	ID7448	98.481	8231	117	5	385	8608	23294	31523	0.0	14265
IDMHP696	ID7448	99.356	8080	42	6	622224	630297	678524	686599	0.0	14320
IDMHP696	ID7448	98.910	8713	67	7	177980	186682	161691	152997	0.0	15279
IDMHP696	ID7448	92.096	10665	771	23	516507	527150	571201	581814	0.0	15394
IDMHP696	ID7448	93.446	10513	651	14	505920	516406	560703	571203	0.0	15824
IDMHP696	ID7448	96.469	11582	367	9	494334	505911	547235	558778	0.0	19041
IDMHP696	ID7448	98.901	11646	116	4	186643	198282	151089	139450	0.0	20419
IDMHP696	ID7448	99.713	11490	32	1	12641	24129	35163	46652	0.0	20569
IDMHP696	ID7448	99.505	11706	50	4	300065	311769	335364	347062	0.0	20839
IDMHP696	ID7448	99.111	12368	106	4	460427	472793	490935	503299	0.0	21794
IDMHP696	ID7448	98.424	12945	162	14	735226	748145	802056	814983	0.0	22400
IDMHP696	ID7448	96.866	13595	366	8	592184	605719	647225	660818	0.0	22615
IDMHP696	ID7448	99.534	13315	55	3	673290	686602	729381	742690	0.0	23726
IDMHP696	ID7448	99.275	14479	102	2	424553	439030	473345	487821	0.0	25632
IDMHP696	ID7448	98.984	14867	140	2	233740	248604	266976	281833	0.0	26132
IDMHP696	ID7448	99.467	14810	79	0	787529	802338	856829	871638	0.0	26353
IDMHP696	ID7448	98.920	15191	135	9	570932	586103	624075	639255	0.0	26642
IDMHP696	ID7448	99.770	15237	34	1	284727	299962	320176	335412	0.0	27317
IDMHP696	ID7448	97.694	16610	254	25	605723	622242	661627	678197	0.0	28232
IDMHP696	ID7448	99.013	16412	105	7	552658	569015	607683	624091	0.0	28887
IDMHP696	ID7448	99.243	17049	115	9	848864	865903	1	17044	0.0	30137
IDMHP696	ID7448	99.600	16995	60	3	770584	787575	837929	854918	0.0	30336
IDMHP696	ID7448	98.685	18019	172	11	98464	116464	121555	139526	0.0	31436
IDMHP696	ID7448	99.357	20998	95	9	157650	178638	184388	163422	0.0	37255
IDMHP696	ID7448	98.509	22066	245	13	527251	549288	581826	603835	0.0	38328
IDMHP696	ID7448	97.965	22407	278	31	748147	770483	815442	837740	0.0	38374
IDMHP696	ID7448	99.084	25655	178	6	259024	284626	294524	320173	0.0	45231
IDMHP696	ID7448	98.828	26961	254	14	323393	350336	362214	389129	0.0	47190
IDMHP696	ID7448	99.226	31770	195	5	196077	227828	225228	256964	0.0	56208
IDMHP696	ID7448	99.276	35353	243	8	689985	725332	757631	792975	0.0	62577
IDMHP696	ID7448	99.162	37463	243	16	116565	154014	225396	187992	0.0	66137
IDMHP696	ID7448	98.156	40517	502	38	802439	842791	871630	912065	0.0	69750
IDMHP696	ID7448	99.464	42718	216	4	630398	673112	686620	729327	0.0	75998
IDMHP696	ID7448	98.797	61436	535	40	362988	424319	412033	473368	0.0	1.075e+05
IDMHP696	ID7448	99.426	67024	375	10	24083	91101	46768	113786	0.0	1.191e+05
IDMHP696	ID7448	86.069	524	67	2	495062	495582	604231	603711	3.08e-173	613
IDMHP696	ID7448	99.417	343	2	0	877891	878233	560304	560646	1.08e-172	610
IDMHP696	ID7448	99.417	343	2	0	877891	878233	258480	258822	1.08e-172	610
IDMHP696	ID7448	87.149	498	63	1	458485	458982	515830	515334	1.31e-171	607
IDMHP696	ID7448	99.125	343	3	0	877891	878233	912461	912119	4.57e-171	606
IDMHP696	ID7448	99.125	343	3	0	877891	878233	855314	854972	4.57e-171	606
IDMHP696	ID7448	99.125	343	3	0	877891	878233	283348	283690	4.57e-171	606
IDMHP696	ID7448	99.125	343	3	0	877891	878233	265461	265119	4.57e-171	606
IDMHP696	ID7448	99.125	343	3	0	877891	878233	151485	151143	4.57e-171	606
IDMHP696	ID7448	98.834	343	4	0	877891	878233	645710	645368	5.57e-170	601
IDMHP696	ID7448	98.834	343	4	0	877891	878233	398402	398744	5.57e-170	601
IDMHP696	ID7448	98.830	342	4	0	877892	878233	837664	838005	1.94e-169	600
IDMHP696	ID7448	98.542	343	5	0	322950	323292	361700	362042	2.37e-168	597
IDMHP696	ID7448	95.625	320	9	2	878221	878536	605578	605260	2.70e-142	510
IDMHP696	ID7448	91.620	358	23	5	876750	877105	742506	742858	5.96e-138	495
IDMHP696	ID7448	92.331	326	3	2	878233	878536	362291	361966	3.09e-135	487
IDMHP696	ID7448	93.174	293	18	1	459928	460220	490570	490860	4.89e-120	436
IDMHP696	ID7448	81.935	465	64	13	362504	362957	407177	407632	3.76e-115	420
IDMHP696	ID7448	92.096	291	22	1	486901	487190	546925	547215	1.31e-114	418
IDMHP696	ID7448	71.676	752	198	7	386176	386926	533172	533909	1.15e-102	379
IDMHP696	ID7448	87.500	280	14	3	866720	866983	17021	17295	4.59e-95	353
IDMHP696	ID7448	94.787	211	11	0	380275	380485	396180	396390	1.50e-88	332
IDMHP696	ID7448	71.386	678	156	14	622459	623119	285895	286551	2.71e-85	320
IDMHP696	ID7448	65.583	1354	367	29	439613	440914	388577	389883	2.54e-79	300
IDMHP696	ID7448	90.135	223	20	1	378431	378651	560473	560695	2.54e-79	301
IDMHP696	ID7448	90.135	223	20	1	378431	378651	258649	258871	2.54e-79	301
IDMHP696	ID7448	88.745	231	24	1	378431	378659	912292	912062	3.09e-78	297
IDMHP696	ID7448	88.745	231	24	1	378431	378659	283517	283747	3.09e-78	297
IDMHP696	ID7448	88.745	231	24	1	378431	378659	151316	151086	3.09e-78	297
IDMHP696	ID7448	88.696	230	24	1	378431	378658	855145	854916	1.08e-77	296
IDMHP696	ID7448	89.238	223	22	1	378431	378651	265292	265070	1.32e-76	292
IDMHP696	ID7448	88.210	229	25	1	378431	378657	645541	645313	4.59e-76	289
IDMHP696	ID7448	88.312	231	24	2	378431	378659	398571	398800	4.59e-76	289
IDMHP696	ID7448	84.766	256	25	5	319200	319449	361257	361504	2.90e-72	277
IDMHP696	ID7448	71.193	545	132	10	262641	263171	524263	524796	3.31e-65	253
IDMHP696	ID7448	76.687	326	76	0	312194	312519	518419	518744	4.91e-63	246
IDMHP696	ID7448	100.000	135	0	0	735094	735228	265195	265061	1.71e-62	244
IDMHP696	ID7448	98.529	136	2	0	446179	446314	560570	560705	2.54e-60	237
IDMHP696	ID7448	98.519	135	2	0	735094	735228	258746	258880	8.87e-60	235
IDMHP696	ID7448	87.421	159	16	1	311615	311769	361248	361406	7.78e-48	196
IDMHP696	ID7448	68.024	491	152	4	263448	263937	525076	525562	1.32e-38	165
IDMHP696	ID7448	96.774	93	3	0	380275	380367	393042	392950	2.38e-35	155
IDMHP696	ID7448	79.032	124	26	0	650634	650757	407945	407822	3.10e-21	107
IDMHP696	ID7448	72.249	209	52	4	356808	357015	407667	407464	3.78e-20	104
IDMHP696	ID7448	79.279	111	19	1	228615	228721	161713	161603	5.61e-18	96.9
IDMHP696	ID7448	69.822	169	49	2	452474	452641	410875	410708	2.72e-09	68.9
IDMHP696	ID7448	83.051	59	10	0	487293	487351	547231	547289	1.16e-07	62.6
IDMHP696	ID7448	74.194	93	22	1	356662	356754	407757	407667	4.92e-06	58.1
IDMHP696	ID7448	79.630	54	3	1	732285	732330	503341	503288	2.09e-04	51.8
IDMHP696	ID7448	84.783	46	6	1	91293	91337	535446	535491	0.003	49.1
IDMHP696	ID7448	91.176	34	3	0	550312	550345	517520	517487	0.003	49.1
IDMHP696	ID7448	93.333	30	2	0	259003	259032	558811	558782	0.009	46.4
IDMHP696	ID7448	93.333	30	2	0	362988	363017	412050	412021	0.009	46.4
IDMHP696	ID7448	83.673	49	5	2	383325	383371	404027	403980	0.009	47.3
IDMHP696	ID7448	88.235	34	4	0	550312	550345	547225	547192	0.031	44.6
IDMHP696	ID7448	82.692	52	5	3	732467	732516	537019	536970	0.031	44.6
IDMHP696	ID7448	78.182	55	9	1	82845	82896	535139	535193	0.031	44.6
IDMHP696	ID7448	76.562	64	9	2	426126	426183	539524	539461	0.031	45.5
IDMHP696	ID7448	100.000	23	0	0	243260	243282	522446	522424	0.11	42.8
IDMHP696	ID7448	87.879	33	4	0	129226	129258	519583	519551	0.11	42.8
IDMHP696	ID7448	84.211	38	6	0	672875	672912	412014	412051	0.11	42.8
IDMHP696	ID7448	79.630	54	8	2	619209	619259	350487	350434	0.11	42.8
IDMHP696	ID7448	90.323	31	3	0	547339	547369	539886	539916	0.11	43.7
IDMHP696	ID7448	96.154	26	1	0	3978	4003	519930	519955	0.11	43.7
IDMHP696	ID7448	90.909	33	2	1	219683	219715	518334	518365	0.11	43.7
IDMHP696	ID7448	77.358	53	9	1	786151	786200	534873	534925	0.38	41.0
IDMHP696	ID7448	87.500	32	4	0	527004	527035	522993	523024	0.38	41.0
IDMHP696	ID7448	71.579	95	18	4	156136	156223	393086	393178	0.38	41.0
IDMHP696	ID7448	90.000	30	3	0	631876	631905	395533	395562	0.38	41.9
IDMHP696	ID7448	92.308	26	2	0	153328	153353	538968	538993	1.3	39.2
IDMHP696	ID7448	100.000	21	0	0	18614	18634	525979	525999	1.3	39.2
IDMHP696	ID7448	75.862	58	13	1	276115	276172	523883	523939	1.3	39.2
IDMHP696	ID7448	92.857	28	1	1	560745	560771	403882	403855	1.3	39.2
IDMHP696	ID7448	87.097	31	4	0	840183	840213	394543	394513	1.3	39.2
IDMHP696	ID7448	74.627	67	9	3	106448	106509	350090	350153	1.3	39.2
IDMHP696	ID7448	75.926	54	13	0	20542	20595	538962	539015	1.3	40.1
IDMHP696	ID7448	95.833	24	1	0	373428	373451	534423	534446	1.3	40.1
IDMHP696	ID7448	80.952	42	4	1	148629	148666	526175	526134	1.3	40.1
IDMHP696	ID7448	80.435	46	8	1	498683	498727	523663	523618	1.3	40.1
IDMHP696	ID7448	92.000	25	2	0	321944	321968	729317	729341	4.6	37.4
IDMHP696	ID7448	100.000	20	0	0	355077	355096	539956	539975	4.6	37.4
IDMHP696	ID7448	87.500	32	3	1	757100	757130	538987	539018	4.6	37.4
IDMHP696	ID7448	92.000	25	2	0	26387	26411	538979	538955	4.6	37.4
IDMHP696	ID7448	83.784	37	5	1	243707	243743	538884	538919	4.6	37.4
IDMHP696	ID7448	86.667	30	4	0	281024	281053	538544	538573	4.6	37.4
IDMHP696	ID7448	92.593	27	1	1	153328	153353	537908	537934	4.6	37.4
IDMHP696	ID7448	82.857	35	6	0	769147	769181	537479	537445	4.6	37.4
IDMHP696	ID7448	80.952	42	7	1	279160	279201	537119	537079	4.6	37.4
IDMHP696	ID7448	86.667	30	4	0	715979	716008	535475	535504	4.6	37.4
IDMHP696	ID7448	100.000	20	0	0	834181	834200	532448	532429	4.6	37.4
IDMHP696	ID7448	92.000	25	2	0	849603	849627	532160	532184	4.6	37.4
IDMHP696	ID7448	73.016	63	13	1	552676	552738	532155	532097	4.6	37.4
IDMHP696	ID7448	100.000	20	0	0	742724	742743	526519	526500	4.6	37.4
IDMHP696	ID7448	81.633	49	2	4	481247	481292	523788	523832	4.6	37.4
IDMHP696	ID7448	70.175	114	27	5	605101	605213	519646	519539	4.6	37.4
IDMHP696	ID7448	82.927	41	4	2	251499	251538	395911	395949	4.6	37.4
IDMHP696	ID7448	92.000	25	2	0	201449	201473	395107	395131	4.6	37.4
IDMHP696	ID7448	72.222	72	14	2	698180	698251	361158	361093	4.6	37.4
IDMHP696	ID7448	79.545	44	7	1	497559	497602	350369	350328	4.6	37.4
IDMHP696	ID7448	100.000	20	0	0	77654	77673	349470	349489	4.6	37.4
IDMHP696	ID7448	76.271	59	7	3	436090	436143	285871	285927	4.6	37.4
IDMHP696	ID7448	77.083	48	11	0	828491	828538	535511	535464	4.6	38.3
IDMHP696	ID7448	90.000	30	2	1	487654	487683	533979	534007	4.6	38.3
IDMHP696	ID7448	77.083	48	6	1	637271	637313	532028	532075	4.6	38.3
IDMHP696	ID7448	82.500	40	6	1	487564	487603	531060	531098	4.6	38.3
IDMHP696	ID7448	82.500	40	6	1	98957	98995	529220	529181	4.6	38.3
IDMHP696	ID7448	89.286	28	3	0	60456	60483	528580	528553	4.6	38.3
IDMHP696	ID7448	89.286	28	3	0	74956	74983	526057	526030	4.6	38.3
IDMHP696	ID7448	85.714	35	4	1	346836	346870	523000	523033	4.6	38.3
IDMHP696	ID7448	84.848	33	5	0	452864	452896	410455	410423	4.6	38.3
