IDTB1	ID7448	85.740	561	80	0	9759	10319	28684	29244	0.0	652
IDTB1	ID7448	97.938	388	8	0	727329	727716	779257	779644	0.0	664
IDTB1	ID7448	73.433	1133	280	9	840591	841713	518455	519576	0.0	665
IDTB1	ID7448	97.044	406	8	3	390328	390729	411611	412016	0.0	669
IDTB1	ID7448	96.526	403	3	1	192816	193218	148883	148492	0.0	670
IDTB1	ID7448	79.306	807	149	7	7106	7897	25178	25981	0.0	688
IDTB1	ID7448	93.059	461	28	1	181815	182275	164058	163602	0.0	694
IDTB1	ID7448	100.000	388	0	0	70301	70688	91684	92071	0.0	700
IDTB1	ID7448	91.700	494	32	4	382325	382814	361769	361281	0.0	703
IDTB1	ID7448	92.095	506	38	2	379971	380475	364497	363993	0.0	726
IDTB1	ID7448	98.135	429	5	2	284077	284504	294017	294443	0.0	732
IDTB1	ID7448	93.686	491	25	3	382325	382814	347425	346940	0.0	744
IDTB1	ID7448	93.491	507	14	3	630375	630872	670443	670939	0.0	770
IDTB1	ID7448	88.403	595	57	4	93132	93722	400639	401225	0.0	786
IDTB1	ID7448	96.296	486	17	1	586060	586545	624073	624557	0.0	792
IDTB1	ID7448	93.905	525	27	3	607249	607773	647225	647744	0.0	809
IDTB1	ID7448	74.858	1229	292	8	342870	344092	518406	519623	0.0	810
IDTB1	ID7448	89.207	593	54	2	93132	93722	114499	115083	0.0	812
IDTB1	ID7448	75.789	1173	271	7	850587	851754	535706	536870	0.0	816
IDTB1	ID7448	86.677	668	55	5	179516	180160	161691	161035	0.0	820
IDTB1	ID7448	77.519	1072	205	12	9759	10818	31122	32169	0.0	826
IDTB1	ID7448	96.353	521	19	0	913144	913664	409050	408530	0.0	855
IDTB1	ID7448	96.929	521	16	0	913144	913664	113563	113043	0.0	868
IDTB1	ID7448	90.543	645	44	8	342429	343067	361201	361834	0.0	874
IDTB1	ID7448	97.505	521	13	0	913144	913664	399703	399183	0.0	882
IDTB1	ID7448	68.023	2727	750	46	338233	340908	422699	425354	0.0	894
IDTB1	ID7448	68.853	2607	647	56	119076	121618	146248	148753	0.0	938
IDTB1	ID7448	70.105	2181	546	32	3209	5347	27139	29255	0.0	946
IDTB1	ID7448	73.033	1754	422	21	848218	849940	524269	526002	0.0	983
IDTB1	ID7448	99.279	555	4	0	821120	821674	875878	876432	0.0	984
IDTB1	ID7448	98.596	570	8	0	912574	913143	912959	912390	0.0	993
IDTB1	ID7448	98.596	570	8	0	912574	913143	397904	398473	0.0	993
IDTB1	ID7448	98.772	570	7	0	912574	913143	855812	855243	0.0	997
IDTB1	ID7448	98.772	570	7	0	912574	913143	646208	645639	0.0	997
IDTB1	ID7448	98.772	570	7	0	912574	913143	282850	283419	0.0	997
IDTB1	ID7448	98.772	570	7	0	912574	913143	265959	265390	0.0	997
IDTB1	ID7448	98.772	570	7	0	912574	913143	151983	151414	0.0	997
IDTB1	ID7448	98.944	568	6	0	894521	895088	12740	13307	0.0	998
IDTB1	ID7448	98.947	570	6	0	912574	913143	559806	560375	0.0	1002
IDTB1	ID7448	98.947	570	6	0	912574	913143	257982	258551	0.0	1002
IDTB1	ID7448	71.073	2292	567	42	5660	7908	18909	21147	0.0	1042
IDTB1	ID7448	93.759	673	12	1	118206	118848	225298	224626	0.0	1048
IDTB1	ID7448	92.923	763	46	5	568867	569622	515274	514513	0.0	1118
IDTB1	ID7448	80.981	1162	191	6	381054	382212	348742	347608	0.0	1124
IDTB1	ID7448	94.071	759	42	3	499929	500687	607620	606865	0.0	1156
IDTB1	ID7448	73.564	2020	496	18	567485	569489	362207	364203	0.0	1189
IDTB1	ID7448	95.582	747	26	3	342478	343223	346907	347647	0.0	1197
IDTB1	ID7448	98.410	692	7	1	11292	11983	32670	33357	0.0	1198
IDTB1	ID7448	69.382	2897	796	20	355619	358457	367358	370221	0.0	1227
IDTB1	ID7448	69.893	2903	772	28	373654	376516	385427	388267	0.0	1261
IDTB1	ID7448	82.118	1303	230	1	9759	11061	25421	26720	0.0	1298
IDTB1	ID7448	73.921	2201	473	35	3209	5370	21484	23622	0.0	1315
IDTB1	ID7448	95.416	829	24	3	502277	503105	517083	517897	0.0	1326
IDTB1	ID7448	90.702	968	82	1	92528	93495	410836	411795	0.0	1374
IDTB1	ID7448	96.374	855	31	0	91595	92449	409905	410759	0.0	1403
IDTB1	ID7448	81.946	1418	244	5	742586	743999	792471	793880	0.0	1435
IDTB1	ID7448	99.040	833	7	1	336547	337379	346075	346906	0.0	1463
IDTB1	ID7448	82.227	1446	238	7	742581	744016	797921	799357	0.0	1479
IDTB1	ID7448	94.575	977	49	2	499929	500902	514513	515488	0.0	1518
IDTB1	ID7448	96.584	966	31	2	229704	230667	258876	259841	0.0	1587
IDTB1	ID7448	98.174	931	15	2	465720	466649	490589	489660	0.0	1596
IDTB1	ID7448	93.263	1039	17	2	704476	705514	748707	749692	0.0	1598
IDTB1	ID7448	98.592	923	13	0	726342	727264	778273	779195	0.0	1607
IDTB1	ID7448	96.289	1051	17	2	704476	705514	752588	753628	0.0	1731
IDTB1	ID7448	97.305	1039	12	2	704476	705514	756524	757546	0.0	1754
IDTB1	ID7448	98.269	1040	15	1	702861	703897	750119	751158	0.0	1793
IDTB1	ID7448	98.361	1037	17	0	702861	703897	754055	755091	0.0	1794
IDTB1	ID7448	98.554	1037	15	0	702861	703897	746235	747271	0.0	1803
IDTB1	ID7448	99.217	1022	8	0	260778	261799	268901	269922	0.0	1808
IDTB1	ID7448	99.411	1019	6	0	73131	74149	94435	95453	0.0	1811
IDTB1	ID7448	98.954	1052	10	1	208282	209332	235461	236512	0.0	1845
IDTB1	ID7448	95.745	1175	49	1	501003	502176	515507	516681	0.0	1891
IDTB1	ID7448	99.076	1082	10	0	1223	2304	15974	17055	0.0	1907
IDTB1	ID7448	82.974	1856	298	9	740117	741967	794044	795886	0.0	1937
IDTB1	ID7448	98.927	1118	12	0	5	1122	14927	16044	0.0	1963
IDTB1	ID7448	83.706	1878	285	8	745589	747461	794042	795903	0.0	1998
IDTB1	ID7448	97.927	1206	25	0	466754	467959	489569	488364	0.0	2063
IDTB1	ID7448	77.616	2685	556	22	739297	741961	796671	799330	0.0	2113
IDTB1	ID7448	95.722	1309	50	2	344061	345369	347608	348910	0.0	2129
IDTB1	ID7448	78.771	2685	525	24	744772	747434	791213	793874	0.0	2211
IDTB1	ID7448	98.081	1303	25	0	259035	260337	267087	268389	0.0	2238
IDTB1	ID7448	92.415	1503	93	4	607854	609335	647823	649325	0.0	2246
IDTB1	ID7448	98.671	1354	16	2	464304	465656	491927	490575	0.0	2354
IDTB1	ID7448	98.616	1373	17	2	455749	457120	500431	499060	0.0	2384
IDTB1	ID7448	98.330	1437	23	1	189075	190510	154442	153006	0.0	2480
IDTB1	ID7448	98.161	1468	27	0	734520	735987	786437	787904	0.0	2526
IDTB1	ID7448	96.995	1531	23	3	136848	138357	206513	204985	0.0	2562
IDTB1	ID7448	99.192	1486	9	1	257417	258902	263583	265065	0.0	2625
IDTB1	ID7448	98.940	1510	4	1	861824	863333	898310	899807	0.0	2658
IDTB1	ID7448	93.293	1804	114	4	345431	347231	348970	350769	0.0	2697
IDTB1	ID7448	99.222	1542	12	0	895153	896694	13370	14911	0.0	2727
IDTB1	ID7448	98.981	1570	16	0	869363	870932	905757	907326	0.0	2760
IDTB1	ID7448	76.040	4111	845	46	5637	9677	27002	31042	0.0	2892
IDTB1	ID7448	97.535	1785	36	4	198296	200079	143432	141655	0.0	3011
IDTB1	ID7448	99.589	1705	7	0	651759	653463	691589	693293	0.0	3044
IDTB1	ID7448	98.193	1826	29	1	180450	182275	163056	161235	0.0	3151
IDTB1	ID7448	97.544	1873	29	4	565545	567412	603584	605444	0.0	3177
IDTB1	ID7448	97.411	1931	50	0	196287	198217	145439	143509	0.0	3258
IDTB1	ID7448	99.404	1845	10	1	889297	891140	7526	9370	0.0	3275
IDTB1	ID7448	78.413	4021	790	24	5673	9677	21383	25341	0.0	3301
IDTB1	ID7448	98.346	1935	22	4	251644	253577	519819	517894	0.0	3337
IDTB1	ID7448	95.409	2091	71	3	522539	524617	560703	562780	0.0	3348
IDTB1	ID7448	99.013	1926	15	1	236643	238568	534742	532821	0.0	3388
IDTB1	ID7448	98.937	1975	20	1	908670	910644	141422	139449	0.0	3464
IDTB1	ID7448	98.987	1974	20	0	908670	910643	225460	227433	0.0	3470
IDTB1	ID7448	99.104	2008	18	0	659220	661227	699102	701109	0.0	3541
IDTB1	ID7448	98.304	2064	35	0	818961	821024	873745	875808	0.0	3565
IDTB1	ID7448	98.752	2164	25	2	166031	168192	177475	175312	0.0	3774
IDTB1	ID7448	97.934	2227	40	3	190480	192706	151089	148869	0.0	3810
IDTB1	ID7448	99.532	2138	10	0	567485	569622	605483	607620	0.0	3811
IDTB1	ID7448	98.361	2257	34	3	468061	470315	487827	485572	0.0	3893
IDTB1	ID7448	99.411	2208	13	0	70840	73047	92146	94353	0.0	3924
IDTB1	ID7448	98.892	2257	24	1	377448	379703	366791	364535	0.0	3955
IDTB1	ID7448	98.914	2303	23	2	412211	414512	427003	429304	0.0	4034
IDTB1	ID7448	99.341	2275	15	0	80688	82962	101877	104151	0.0	4036
IDTB1	ID7448	98.243	2391	31	2	906277	908667	106974	104595	0.0	4124
IDTB1	ID7448	99.088	2412	22	0	83412	85823	104595	107006	0.0	4251
IDTB1	ID7448	98.325	2507	38	1	503166	505672	540782	543284	0.0	4332
IDTB1	ID7448	98.354	2613	31	3	391126	393732	401259	403865	0.0	4516
IDTB1	ID7448	98.889	2611	29	0	119062	121672	224477	221867	0.0	4579
IDTB1	ID7448	91.603	3275	226	21	382805	386046	361146	357888	0.0	4617
IDTB1	ID7448	99.844	2570	4	0	200180	202749	227363	229932	0.0	4617
IDTB1	ID7448	98.902	2731	20	1	881753	884483	1	2721	0.0	4795
IDTB1	ID7448	99.056	2754	25	1	77857	80609	99047	101800	0.0	4846
IDTB1	ID7448	96.865	2903	61	1	193302	196204	148410	145538	0.0	4848
IDTB1	ID7448	97.040	2939	71	6	177414	180349	166162	163237	0.0	4904
IDTB1	ID7448	99.191	2844	22	1	452816	455659	503346	500504	0.0	5022
IDTB1	ID7448	96.130	3101	66	6	2365	5429	18175	21257	0.0	5074
IDTB1	ID7448	98.560	2916	29	1	586628	589530	624638	627553	0.0	5077
IDTB1	ID7448	98.074	3012	52	3	695805	698815	735668	738674	0.0	5163
IDTB1	ID7448	98.223	3038	38	2	386298	389330	357611	354585	0.0	5241
IDTB1	ID7448	95.779	3293	111	7	393729	397017	407250	403982	0.0	5314
IDTB1	ID7448	98.494	3054	20	2	185967	189020	157542	154515	0.0	5315
IDTB1	ID7448	99.533	3214	14	1	891222	894434	9450	12663	0.0	5726
IDTB1	ID7448	98.190	3315	35	3	182598	185888	160928	157615	0.0	5732
IDTB1	ID7448	96.166	3495	81	5	253845	257316	260189	263653	0.0	5755
IDTB1	ID7448	97.575	3423	73	5	858329	861746	894776	898193	0.0	5786
IDTB1	ID7448	96.640	3512	88	5	836571	840061	891187	894689	0.0	5807
IDTB1	ID7448	94.233	3780	208	3	533504	537281	571668	575439	0.0	5830
IDTB1	ID7448	98.542	3430	50	0	261900	265329	270004	273433	0.0	5961
IDTB1	ID7448	99.305	3454	24	0	74244	77697	95515	98968	0.0	6121
IDTB1	ID7448	99.478	3447	18	0	326411	329857	335940	339386	0.0	6136
IDTB1	ID7448	98.215	3642	56	1	815245	818877	870022	873663	0.0	6279
IDTB1	ID7448	99.386	3581	22	0	781205	784785	834083	837663	0.0	6359
IDTB1	ID7448	97.940	3883	61	4	698894	702758	738751	742632	0.0	6679
IDTB1	ID7448	98.943	3878	41	0	626439	630316	666509	670386	0.0	6809
IDTB1	ID7448	95.403	4546	126	16	832123	836609	886611	891132	0.0	7259
IDTB1	ID7448	98.329	4369	55	5	647166	651529	687251	691606	0.0	7545
IDTB1	ID7448	99.114	4289	38	0	21107	25395	42388	46676	0.0	7564
IDTB1	ID7448	99.591	4397	18	0	154757	159153	188816	184420	0.0	7849
IDTB1	ID7448	98.288	4673	79	1	757993	762664	809946	814618	0.0	8064
IDTB1	ID7448	96.298	4997	157	9	742581	747560	794471	799456	0.0	8212
IDTB1	ID7448	99.247	4645	34	1	884571	889214	2803	7447	0.0	8216
IDTB1	ID7448	99.378	4659	29	0	871016	875674	907407	912065	0.0	8272
IDTB1	ID7448	97.966	4917	93	5	826860	831775	881518	886428	0.0	8401
IDTB1	ID7448	97.984	5009	68	5	371923	376923	371952	366969	0.0	8586
IDTB1	ID7448	99.250	4932	34	3	821767	826696	876507	881437	0.0	8717
IDTB1	ID7448	99.353	4943	32	0	284743	289685	294430	299372	0.0	8771
IDTB1	ID7448	99.292	5370	38	0	202832	208201	230013	235382	0.0	9514
IDTB1	ID7448	98.854	5584	56	2	85918	91494	107089	112671	0.0	9780
IDTB1	ID7448	98.997	5582	47	3	653538	659119	693366	698938	0.0	9809
IDTB1	ID7448	98.741	5796	51	3	863419	869201	899891	905677	0.0	10158
IDTB1	ID7448	98.428	5978	65	8	482831	488784	473276	467304	0.0	10348
IDTB1	ID7448	95.731	6395	254	6	736062	742453	787977	794355	0.0	10378
IDTB1	ID7448	99.661	5901	19	1	230660	236559	540710	534810	0.0	10549
IDTB1	ID7448	98.642	6110	77	1	875643	881752	913976	920079	0.0	10646
IDTB1	ID7448	92.705	7224	499	7	526175	533389	564351	571555	0.0	10646
IDTB1	ID7448	98.036	6211	105	4	601119	607328	639120	645314	0.0	10661
IDTB1	ID7448	99.205	6166	49	0	309235	315400	318866	325031	0.0	10899
IDTB1	ID7448	98.282	6634	114	0	727807	734440	779726	786359	0.0	11450
IDTB1	ID7448	99.414	6488	31	1	329958	336445	339597	346077	0.0	11532
IDTB1	ID7448	98.963	6749	68	2	688989	695737	728857	735603	0.0	11849
IDTB1	ID7448	99.093	6724	59	1	159122	165843	184382	177659	0.0	11849
IDTB1	ID7448	98.286	6885	115	2	774220	781102	827108	833991	0.0	11890
IDTB1	ID7448	97.948	7017	116	6	430886	437879	445704	452715	0.0	12028
IDTB1	ID7448	98.035	7023	100	5	457202	464223	498991	492006	0.0	12087
IDTB1	ID7448	97.193	7375	199	4	347708	355074	396203	388829	0.0	12357
IDTB1	ID7448	98.667	7351	94	3	121800	129149	221738	214391	0.0	12806
IDTB1	ID7448	98.989	7515	69	6	129250	136761	214102	206592	0.0	13190
IDTB1	ID7448	98.887	7908	85	3	705687	713592	757714	765620	0.0	13854
IDTB1	ID7448	99.115	7913	65	2	785123	793032	837989	845899	0.0	13951
IDTB1	ID7448	98.434	8428	122	1	265430	273857	273416	281833	0.0	14609
IDTB1	ID7448	99.038	8523	76	2	61606	70122	82967	91489	0.0	14998
IDTB1	ID7448	98.762	8966	106	5	793094	802057	845946	854908	0.0	15651
IDTB1	ID7448	98.922	9000	79	7	168267	177252	175237	166242	0.0	15778
IDTB1	ID7448	91.265	11208	831	36	537434	548605	575581	586676	0.0	15824
IDTB1	ID7448	99.253	8973	67	0	12055	21027	33338	42310	0.0	15880
IDTB1	ID7448	98.224	10246	143	7	747661	757892	799647	809867	0.0	17698
IDTB1	ID7448	99.020	10207	95	3	273802	284003	283744	293950	0.0	17948
IDTB1	ID7448	98.431	10773	159	4	315564	326330	325112	335880	0.0	18731
IDTB1	ID7448	98.917	10708	111	2	489122	499828	503668	514371	0.0	18784
IDTB1	ID7448	98.922	11131	118	2	762990	774119	815442	826571	0.0	19526
IDTB1	ID7448	98.350	11453	152	9	589604	601044	627620	639047	0.0	19808
IDTB1	ID7448	98.588	12253	127	4	470553	482760	485600	473349	0.0	21350
IDTB1	ID7448	98.946	12518	121	4	713756	726270	765701	778210	0.0	21972
IDTB1	ID7448	99.344	12965	78	4	238649	251611	532742	519783	0.0	22987
IDTB1	ID7448	99.084	13095	120	0	802070	815164	856849	869943	0.0	23075
IDTB1	ID7448	98.412	14740	209	16	397247	411969	412033	426764	0.0	25478
IDTB1	ID7448	96.167	15600	467	23	506992	522542	543273	558790	0.0	25496
IDTB1	ID7448	99.095	14578	124	7	438035	452608	452792	467365	0.0	25671
IDTB1	ID7448	98.572	16034	169	14	630973	646957	671031	687053	0.0	27875
IDTB1	ID7448	98.246	16196	275	3	45344	61536	66711	82900	0.0	27922
IDTB1	ID7448	98.699	16147	130	12	138595	154673	205032	188898	0.0	28191
IDTB1	ID7448	98.949	16080	162	6	569723	585797	607763	623840	0.0	28225
IDTB1	ID7448	98.753	16201	158	12	414642	430813	429453	445638	0.0	28303
IDTB1	ID7448	98.058	16739	285	10	355129	371841	388756	372032	0.0	28735
IDTB1	ID7448	98.306	16762	261	5	548706	565444	586754	603515	0.0	28980
IDTB1	ID7448	98.197	17027	286	5	609359	626364	649410	666436	0.0	29319
IDTB1	ID7448	99.072	19392	124	5	289767	309156	299452	318789	0.0	34206
IDTB1	ID7448	98.868	19959	180	7	25325	45279	46732	66648	0.0	34996
IDTB1	ID7448	98.848	20049	226	1	209420	229463	236574	256622	0.0	35115
IDTB1	ID7448	98.406	24347	299	21	93823	118105	115199	139520	0.0	42144
IDTB1	ID7448	98.821	27562	278	12	661320	688858	701191	728728	0.0	48243
IDTB1	ID7448	76.609	808	176	4	7104	7900	30880	31685	2.02e-169	600
IDTB1	ID7448	68.028	1836	476	40	841832	843603	348875	350663	4.45e-165	585
IDTB1	ID7448	94.565	368	7	2	253577	253944	259825	260179	2.30e-162	577
IDTB1	ID7448	93.425	365	7	2	567066	567414	361805	362168	2.16e-156	557
IDTB1	ID7448	69.740	1421	398	23	196287	197691	225347	226751	3.20e-154	550
IDTB1	ID7448	68.995	1403	327	28	428014	429345	444592	445957	1.66e-151	541
IDTB1	ID7448	98.403	313	4	1	82997	83309	104217	104528	5.79e-151	539
IDTB1	ID7448	69.388	1421	402	24	196287	197691	141535	140132	1.28e-146	524
IDTB1	ID7448	91.200	375	18	5	260412	260782	268448	268811	5.42e-145	519
IDTB1	ID7448	94.154	325	19	0	501852	502176	389078	388754	1.46e-139	501
IDTB1	ID7448	73.822	764	190	6	525312	526073	563665	564420	4.46e-127	459
IDTB1	ID7448	82.112	464	64	12	396764	397216	407177	407632	2.63e-117	426
IDTB1	ID7448	88.580	324	37	0	501003	501326	489641	489318	1.36e-114	418
IDTB1	ID7448	88.779	303	13	3	390726	391025	400997	401281	3.66e-109	399
IDTB1	ID7448	97.758	223	5	0	704153	704375	755343	755565	3.43e-103	380
IDTB1	ID7448	97.345	226	5	1	347493	347718	396622	396398	1.20e-102	378
IDTB1	ID7448	85.672	335	39	6	383328	383657	358168	357838	6.20e-100	370
IDTB1	ID7448	86.424	302	20	3	390726	391025	114857	115139	7.55e-99	366
IDTB1	ID7448	96.789	218	4	2	762771	762988	814769	814983	3.91e-96	356
IDTB1	ID7448	95.133	226	8	1	704153	704375	747523	747748	3.91e-96	357
IDTB1	ID7448	94.619	223	12	0	704153	704375	751410	751632	5.81e-94	349
IDTB1	ID7448	75.624	521	108	8	379971	380475	607785	607268	5.81e-94	349
IDTB1	ID7448	91.270	252	12	4	342487	342730	357592	357841	2.03e-93	347
IDTB1	ID7448	86.667	285	16	4	391126	391389	115117	115400	7.07e-93	345
IDTB1	ID7448	75.294	510	111	6	379978	380475	514359	514865	1.05e-90	339
IDTB1	ID7448	98.361	183	3	0	258752	258934	266976	267158	3.43e-84	317
IDTB1	ID7448	86.567	268	31	3	412687	412949	837832	838099	4.18e-83	313
IDTB1	ID7448	90.043	231	21	1	412687	412915	912292	912062	1.46e-82	311
IDTB1	ID7448	90.043	231	21	1	412687	412915	283517	283747	1.46e-82	311
IDTB1	ID7448	90.043	231	21	1	412687	412915	151316	151086	1.46e-82	311
IDTB1	ID7448	90.000	230	21	1	412687	412914	855145	854916	5.09e-82	309
IDTB1	ID7448	90.583	223	19	1	412687	412907	560473	560695	6.20e-81	306
IDTB1	ID7448	90.583	223	19	1	412687	412907	265292	265070	6.20e-81	306
IDTB1	ID7448	90.583	223	19	1	412687	412907	258649	258871	6.20e-81	306
IDTB1	ID7448	92.093	215	13	2	762452	762664	827130	826918	6.20e-81	306
IDTB1	ID7448	89.520	229	22	1	412687	412913	645541	645313	7.56e-80	303
IDTB1	ID7448	89.610	231	21	2	412687	412915	398571	398800	7.56e-80	303
IDTB1	ID7448	99.390	164	0	1	229564	229727	256803	256965	1.66e-75	288
IDTB1	ID7448	79.937	319	63	1	501858	502176	488675	488358	2.03e-74	284
IDTB1	ID7448	77.297	370	71	5	353898	354259	515459	515823	8.62e-73	279
IDTB1	ID7448	78.338	337	57	6	355129	355457	516681	517009	5.44e-69	267
IDTB1	ID7448	93.103	174	5	2	831864	832036	886472	886639	2.82e-66	258
IDTB1	ID7448	92.571	175	10	2	91321	91494	396666	396838	1.20e-64	251
IDTB1	ID7448	78.755	273	33	6	524660	524931	562537	562785	1.37e-57	228
IDTB1	ID7448	72.906	406	77	9	192816	193218	221802	222177	4.77e-57	226
IDTB1	ID7448	75.076	329	82	0	355129	355457	488368	488040	1.67e-56	224
IDTB1	ID7448	89.881	168	13	2	379688	379855	745695	745858	2.03e-55	222
IDTB1	ID7448	96.296	135	3	1	502277	502411	487966	487834	7.08e-55	219
IDTB1	ID7448	87.047	193	19	5	417434	417621	396504	396695	7.08e-55	219
IDTB1	ID7448	68.005	772	207	22	746123	746874	755438	754687	8.63e-54	216
IDTB1	ID7448	67.662	770	213	19	746123	746874	747618	746867	3.01e-53	214
IDTB1	ID7448	86.957	184	13	7	489020	489197	503441	503619	5.45e-50	203
IDTB1	ID7448	72.951	366	86	5	353898	354255	489689	489329	5.45e-50	204
IDTB1	ID7448	67.526	776	207	23	746123	746874	751505	750751	1.90e-49	201
IDTB1	ID7448	79.424	243	37	6	417801	418040	753749	753517	2.32e-48	198
IDTB1	ID7448	75.972	283	63	3	389598	389879	353289	353011	8.08e-48	196
IDTB1	ID7448	80.930	215	29	5	417801	418013	745925	745721	9.85e-47	192
IDTB1	ID7448	77.778	243	45	4	390726	390968	745695	745928	1.46e-44	186
IDTB1	ID7448	84.431	167	22	2	379689	379855	757438	757600	6.21e-43	179
IDTB1	ID7448	76.735	245	46	4	417798	418040	757670	757435	2.17e-42	178
IDTB1	ID7448	71.031	359	98	2	276323	276681	687181	687533	7.57e-42	176
IDTB1	ID7448	76.860	242	47	4	390727	390968	753520	753752	2.64e-41	175
IDTB1	ID7448	83.234	167	24	2	379689	379855	749584	749746	3.22e-40	170
IDTB1	ID7448	76.543	243	44	6	417801	418040	749813	749581	3.92e-39	167
IDTB1	ID7448	76.860	242	41	7	417801	418038	742735	742505	3.92e-39	167
IDTB1	ID7448	97.938	97	2	0	350863	350959	396176	396272	3.92e-39	167
IDTB1	ID7448	76.132	243	49	4	390726	390968	742505	742738	3.92e-39	168
IDTB1	ID7448	76.033	242	49	4	390727	390968	749584	749816	1.37e-38	166
IDTB1	ID7448	69.816	381	113	2	849119	849498	299057	299436	1.67e-37	162
IDTB1	ID7448	67.807	497	143	7	245829	246315	299437	298948	5.82e-37	159
IDTB1	ID7448	95.699	93	4	0	350867	350959	429337	429429	3.02e-34	150
IDTB1	ID7448	77.419	186	42	0	283194	283379	366781	366966	3.67e-33	147
IDTB1	ID7448	91.589	107	6	2	389310	389413	26890	26996	3.67e-33	147
IDTB1	ID7448	98.795	83	1	0	91595	91677	400558	400640	1.28e-32	146
IDTB1	ID7448	98.795	83	1	0	91595	91677	114418	114500	1.28e-32	146
IDTB1	ID7448	93.548	93	6	0	350867	350959	757787	757695	1.56e-31	141
IDTB1	ID7448	93.548	93	5	1	350868	350959	753869	753777	1.90e-30	138
IDTB1	ID7448	80.795	151	14	4	470236	470382	256893	257032	1.90e-30	138
IDTB1	ID7448	85.950	121	16	1	371138	371257	26984	26864	1.90e-30	139
IDTB1	ID7448	100.000	75	0	0	452609	452683	265062	265136	6.64e-30	136
IDTB1	ID7448	88.288	111	9	2	488951	489057	854987	854877	6.64e-30	137
IDTB1	ID7448	92.632	95	6	1	350866	350959	742857	742763	6.64e-30	137
IDTB1	ID7448	92.391	92	7	0	350868	350959	749933	749842	2.32e-29	135
IDTB1	ID7448	90.722	97	4	1	350868	350959	746049	745953	2.32e-29	135
IDTB1	ID7448	92.473	93	6	1	913052	913143	837642	837734	8.09e-29	133
IDTB1	ID7448	97.368	76	2	0	470307	470382	396879	396954	9.86e-28	129
IDTB1	ID7448	90.426	94	5	1	705618	705707	396956	396863	9.86e-28	129
IDTB1	ID7448	100.000	71	0	0	118206	118276	141584	141654	9.86e-28	129
IDTB1	ID7448	98.649	74	1	0	138352	138425	913980	913907	9.86e-28	130
IDTB1	ID7448	98.649	74	1	0	347249	347322	647229	647156	9.86e-28	130
IDTB1	ID7448	98.630	73	1	0	470483	470555	258806	258878	3.44e-27	128
IDTB1	ID7448	89.474	95	10	0	414642	414736	396296	396390	3.44e-27	127
IDTB1	ID7448	97.297	74	2	0	705618	705691	558859	558786	1.20e-26	125
IDTB1	ID7448	97.297	74	2	0	347249	347322	281829	281902	1.20e-26	125
IDTB1	ID7448	97.297	74	2	0	284676	284749	266909	266982	1.20e-26	125
IDTB1	ID7448	98.611	72	1	0	138354	138425	856831	856760	1.20e-26	126
IDTB1	ID7448	98.611	72	1	0	452612	452683	560700	560629	1.20e-26	126
IDTB1	ID7448	98.611	72	1	0	138354	138425	153002	152931	1.20e-26	126
IDTB1	ID7448	97.260	73	2	0	347250	347322	256962	257034	4.19e-26	123
IDTB1	ID7448	98.592	71	1	0	705618	705688	266907	266977	4.19e-26	124
IDTB1	ID7448	94.805	77	4	0	284499	284575	560706	560630	1.46e-25	122
IDTB1	ID7448	100.000	66	0	0	118206	118271	145488	145553	5.11e-25	120
IDTB1	ID7448	90.476	84	8	0	390023	390106	353485	353402	6.22e-24	116
IDTB1	ID7448	94.595	74	3	1	488951	489024	398729	398801	7.58e-23	113
IDTB1	ID7448	95.652	69	3	0	406331	406399	426780	426848	2.64e-22	112
IDTB1	ID7448	79.032	124	26	0	666977	667100	407945	407822	3.22e-21	107
IDTB1	ID7448	64.274	599	202	5	664798	665390	42965	42373	3.93e-20	104
IDTB1	ID7448	96.667	60	2	0	91435	91494	408098	408157	4.78e-19	100
IDTB1	ID7448	75.641	156	25	6	801558	801710	603542	603397	2.03e-17	96.0
IDTB1	ID7448	89.855	69	7	0	119064	119132	224565	224497	7.10e-17	94.2
IDTB1	ID7448	94.828	58	3	0	415261	415318	426792	426849	2.48e-16	92.4
IDTB1	ID7448	82.418	91	15	1	180544	180634	177545	177634	8.65e-16	89.7
IDTB1	ID7448	96.154	52	2	0	93967	94018	364556	364505	1.05e-14	86.0
IDTB1	ID7448	81.053	95	15	2	229655	229749	177541	177632	3.68e-14	85.1
IDTB1	ID7448	85.714	70	10	0	119062	119131	224552	224483	1.28e-13	82.4
IDTB1	ID7448	69.231	273	71	10	910243	910510	143726	143462	4.48e-13	81.5
IDTB1	ID7448	79.570	93	16	1	182126	182218	17208	17119	4.48e-13	81.5
IDTB1	ID7448	75.214	117	26	1	195976	196089	224444	224560	1.56e-12	79.7
IDTB1	ID7448	84.058	69	11	0	350947	351015	396415	396347	1.90e-11	76.1
IDTB1	ID7448	77.381	84	19	0	389598	389681	353935	353852	9.87e-09	67.1
IDTB1	ID7448	75.269	93	21	1	379749	379841	407757	407667	1.20e-07	62.6
IDTB1	ID7448	63.950	638	199	18	274296	274917	686506	687128	4.19e-07	61.7
IDTB1	ID7448	82.540	63	5	2	400504	400565	364480	364537	4.19e-07	61.7
IDTB1	ID7448	84.483	58	5	2	831625	831680	886417	886472	1.46e-06	59.9
IDTB1	ID7448	66.400	375	94	18	254051	254403	161085	160721	5.11e-06	57.2
IDTB1	ID7448	76.250	80	14	2	253598	253677	17192	17118	1.78e-05	55.4
IDTB1	ID7448	83.333	60	6	3	229672	229730	809976	809920	6.23e-05	54.5
IDTB1	ID7448	81.667	60	9	2	512219	512276	339520	339461	2.17e-04	52.7
IDTB1	ID7448	86.364	44	5	1	892485	892528	699065	699107	7.58e-04	50.0
IDTB1	ID7448	83.019	53	6	2	417573	417623	404031	403980	7.58e-04	50.0
IDTB1	ID7448	85.366	41	6	0	781480	781520	503320	503360	0.003	48.2
IDTB1	ID7448	86.047	43	5	1	389306	389348	408197	408156	0.003	48.2
IDTB1	ID7448	93.333	30	2	0	397247	397276	412050	412021	0.009	46.4
IDTB1	ID7448	80.357	56	8	2	170919	170972	339538	339484	0.009	46.4
IDTB1	ID7448	75.758	66	7	2	460639	460701	586721	586780	0.009	47.3
IDTB1	ID7448	82.222	45	5	1	470233	470274	875859	875903	0.032	44.6
IDTB1	ID7448	93.103	29	2	0	170937	170965	670940	670912	0.032	44.6
IDTB1	ID7448	81.250	48	7	1	63555	63600	177506	177459	0.032	44.6
IDTB1	ID7448	83.721	43	5	1	389306	389348	112710	112670	0.032	44.6
IDTB1	ID7448	82.609	46	6	1	90225	90270	809838	809881	0.032	45.5
IDTB1	ID7448	76.271	59	8	1	377431	377483	294036	293978	0.032	45.5
IDTB1	ID7448	81.395	43	8	0	322399	322441	876519	876477	0.11	42.8
IDTB1	ID7448	72.917	96	12	6	142869	142950	834159	834064	0.11	42.8
IDTB1	ID7448	84.211	38	6	0	524824	524861	826720	826757	0.11	42.8
IDTB1	ID7448	80.851	47	7	1	164697	164743	699077	699033	0.11	42.8
IDTB1	ID7448	75.362	69	14	2	839778	839845	586713	586779	0.11	42.8
IDTB1	ID7448	85.000	40	5	1	913589	913628	571589	571551	0.11	42.8
IDTB1	ID7448	71.795	78	22	0	913579	913656	409266	409189	0.11	42.8
IDTB1	ID7448	79.245	53	1	3	693713	693763	268782	268826	0.11	42.8
IDTB1	ID7448	90.323	31	3	0	322221	322251	799539	799509	0.11	43.7
IDTB1	ID7448	77.049	61	9	2	317262	317318	742943	743002	0.11	43.7
IDTB1	ID7448	83.721	43	6	1	389306	389348	398851	398810	0.11	43.7
IDTB1	ID7448	83.721	43	6	1	389306	389348	396878	396837	0.11	43.7
IDTB1	ID7448	93.103	29	1	1	171472	171500	353602	353575	0.39	41.0
IDTB1	ID7448	78.000	50	11	0	284477	284526	856857	856808	0.39	41.9
IDTB1	ID7448	96.000	25	1	0	22155	22179	845956	845932	0.39	41.9
IDTB1	ID7448	96.296	27	0	1	32775	32800	826743	826717	0.39	41.9
IDTB1	ID7448	81.818	44	6	1	238938	238981	487832	487791	0.39	41.9
IDTB1	ID7448	81.818	44	6	1	647420	647461	473248	473291	0.39	41.9
IDTB1	ID7448	83.333	42	6	1	406368	406408	426803	426762	0.39	41.9
IDTB1	ID7448	96.000	25	1	0	670905	670929	410744	410768	0.39	41.9
IDTB1	ID7448	92.308	26	2	0	301276	301301	876448	876473	1.4	39.2
IDTB1	ID7448	75.439	57	11	1	747431	747487	845931	845984	1.4	39.2
IDTB1	ID7448	87.097	31	4	0	829164	829194	749980	750010	1.4	39.2
IDTB1	ID7448	87.097	31	4	0	829164	829194	746096	746126	1.4	39.2
IDTB1	ID7448	78.261	46	10	0	870206	870251	540708	540753	1.4	39.2
IDTB1	ID7448	81.395	43	7	1	894089	894131	517056	517097	1.4	39.2
IDTB1	ID7448	84.211	38	5	1	182680	182717	503440	503476	1.4	39.2
IDTB1	ID7448	79.245	53	5	3	238938	238990	487835	487789	1.4	39.2
IDTB1	ID7448	87.879	33	3	1	376806	376837	412051	412019	1.4	39.2
IDTB1	ID7448	92.857	28	1	1	577779	577805	403882	403855	1.4	39.2
IDTB1	ID7448	82.222	45	6	2	488763	488805	398820	398776	1.4	39.2
IDTB1	ID7448	80.488	41	8	0	322222	322262	221830	221790	1.4	39.2
IDTB1	ID7448	77.193	57	5	3	685605	685655	177461	177515	1.4	39.2
IDTB1	ID7448	92.308	26	2	0	674609	674634	18113	18138	1.4	39.2
IDTB1	ID7448	92.308	26	2	0	620136	620161	17060	17085	1.4	39.2
IDTB1	ID7448	95.833	24	1	0	302140	302163	905746	905769	1.4	40.1
IDTB1	ID7448	76.667	60	11	2	327078	327134	786407	786466	1.4	40.1
IDTB1	ID7448	86.111	36	4	1	524896	524931	562786	562752	1.4	40.1
IDTB1	ID7448	73.750	80	18	3	411749	411825	409713	409634	1.4	40.1
IDTB1	ID7448	73.750	80	18	3	411749	411825	400366	400287	1.4	40.1
IDTB1	ID7448	85.294	34	5	0	147093	147126	354531	354564	1.4	40.1
IDTB1	ID7448	82.051	39	7	0	764547	764585	339390	339428	1.4	40.1
IDTB1	ID7448	74.390	82	17	4	165691	165769	154493	154413	1.4	40.1
IDTB1	ID7448	73.750	80	18	3	411749	411825	114226	114147	1.4	40.1
IDTB1	ID7448	84.211	38	2	2	894111	894148	913623	913656	4.8	37.4
IDTB1	ID7448	92.000	25	2	0	276506	276530	913083	913107	4.8	37.4
IDTB1	ID7448	82.051	39	5	1	893927	893965	907394	907430	4.8	37.4
IDTB1	ID7448	92.000	25	2	0	638769	638793	876467	876443	4.8	37.4
IDTB1	ID7448	84.211	38	2	2	894111	894148	856476	856509	4.8	37.4
IDTB1	ID7448	92.000	25	2	0	276506	276530	855936	855960	4.8	37.4
IDTB1	ID7448	79.630	54	4	4	80264	80314	826600	826649	4.8	37.4
IDTB1	ID7448	86.667	30	4	0	550535	550564	799537	799508	4.8	37.4
IDTB1	ID7448	92.000	25	2	0	740422	740446	755680	755656	4.8	37.4
IDTB1	ID7448	80.000	40	8	0	331768	331807	754020	754059	4.8	37.4
IDTB1	ID7448	86.667	30	4	0	829164	829193	753916	753945	4.8	37.4
IDTB1	ID7448	71.154	104	18	6	44866	44964	750195	750099	4.8	37.4
IDTB1	ID7448	80.000	40	8	0	331768	331807	750084	750123	4.8	37.4
IDTB1	ID7448	71.154	104	18	6	44866	44964	746311	746215	4.8	37.4
IDTB1	ID7448	80.000	40	8	0	331768	331807	746200	746239	4.8	37.4
IDTB1	ID7448	75.862	58	10	2	343965	344022	745642	745589	4.8	37.4
IDTB1	ID7448	84.211	38	2	2	894111	894148	646872	646905	4.8	37.4
IDTB1	ID7448	92.000	25	2	0	276506	276530	646332	646356	4.8	37.4
IDTB1	ID7448	92.000	25	2	0	276506	276530	559682	559658	4.8	37.4
IDTB1	ID7448	84.211	38	2	2	894111	894148	559143	559110	4.8	37.4
IDTB1	ID7448	100.000	20	0	0	113703	113722	491993	492012	4.8	37.4
IDTB1	ID7448	83.784	37	5	1	151083	151118	473319	473355	4.8	37.4
IDTB1	ID7448	92.000	25	2	0	276506	276530	397780	397756	4.8	37.4
IDTB1	ID7448	84.211	38	2	2	894111	894148	397240	397207	4.8	37.4
IDTB1	ID7448	72.222	72	14	2	713875	713946	361158	361093	4.8	37.4
IDTB1	ID7448	92.000	25	2	0	276506	276530	282726	282702	4.8	37.4
IDTB1	ID7448	84.211	38	2	2	894111	894148	282186	282153	4.8	37.4
IDTB1	ID7448	84.211	38	2	2	894111	894148	266623	266656	4.8	37.4
IDTB1	ID7448	92.000	25	2	0	276506	276530	266083	266107	4.8	37.4
IDTB1	ID7448	92.000	25	2	0	276506	276530	257858	257834	4.8	37.4
IDTB1	ID7448	84.211	38	2	2	894111	894148	257318	257285	4.8	37.4
IDTB1	ID7448	80.488	41	5	1	182108	182145	177645	177605	4.8	37.4
IDTB1	ID7448	84.211	38	2	2	894111	894148	152647	152680	4.8	37.4
IDTB1	ID7448	92.000	25	2	0	276506	276530	152107	152131	4.8	37.4
IDTB1	ID7448	83.784	37	5	1	373566	373602	107069	107034	4.8	37.4
IDTB1	ID7448	86.667	30	4	0	799305	799334	32582	32611	4.8	37.4
IDTB1	ID7448	77.778	45	10	0	239171	239215	17937	17893	4.8	37.4
IDTB1	ID7448	89.655	29	0	1	32784	32809	913840	913812	4.8	38.3
IDTB1	ID7448	89.286	28	3	0	665284	665311	898204	898231	4.8	38.3
IDTB1	ID7448	84.848	33	5	0	575190	575222	891207	891175	4.8	38.3
IDTB1	ID7448	89.655	29	0	1	32784	32809	856693	856665	4.8	38.3
IDTB1	ID7448	70.103	97	27	2	740422	740517	751747	751652	4.8	38.3
IDTB1	ID7448	95.652	23	1	0	407800	407822	745334	745356	4.8	38.3
IDTB1	ID7448	74.603	63	11	2	686677	686735	670945	670884	4.8	38.3
IDTB1	ID7448	89.655	29	0	1	32784	32809	647089	647061	4.8	38.3
IDTB1	ID7448	76.000	50	6	1	63142	63191	624043	624000	4.8	38.3
IDTB1	ID7448	89.655	29	0	1	32784	32809	558926	558954	4.8	38.3
IDTB1	ID7448	89.286	28	3	0	650979	651006	500464	500491	4.8	38.3
IDTB1	ID7448	84.848	33	5	0	10099	10131	426895	426927	4.8	38.3
IDTB1	ID7448	89.655	29	0	1	32784	32809	397023	397051	4.8	38.3
IDTB1	ID7448	85.714	35	4	1	420630	420663	354488	354454	4.8	38.3
IDTB1	ID7448	95.652	23	1	0	836729	836751	354277	354299	4.8	38.3
IDTB1	ID7448	81.579	38	7	0	171127	171164	339504	339541	4.8	38.3
IDTB1	ID7448	89.655	29	0	1	32784	32809	281969	281997	4.8	38.3
IDTB1	ID7448	89.655	29	0	1	32784	32809	266840	266812	4.8	38.3
IDTB1	ID7448	89.655	29	0	1	32784	32809	257101	257129	4.8	38.3
IDTB1	ID7448	86.486	37	3	2	688414	688450	256702	256736	4.8	38.3
IDTB1	ID7448	95.652	23	1	0	877846	877868	224585	224563	4.8	38.3
IDTB1	ID7448	89.655	29	0	1	32784	32809	152864	152836	4.8	38.3
IDTB1	ID7448	80.000	45	8	1	113247	113291	32425	32468	4.8	38.3
IDTB1	ID7448	89.286	28	3	0	398281	398308	18122	18095	4.8	38.3
IDTB1	ID7448	85.714	35	4	1	912673	912706	17606	17640	4.8	38.3
