IDMHP650	ID7448	98.370	368	6	0	669732	670099	514382	514749	0.0	637
IDMHP650	ID7448	78.321	798	173	0	188561	189358	20342	21139	0.0	660
IDMHP650	ID7448	68.936	1851	469	39	896092	897882	350679	348875	0.0	666
IDMHP650	ID7448	98.945	379	4	0	907694	908072	227416	227038	0.0	666
IDMHP650	ID7448	98.945	379	4	0	907694	908072	139467	139845	0.0	666
IDMHP650	ID7448	98.947	380	4	0	907314	907693	225682	226061	0.0	668
IDMHP650	ID7448	98.947	380	4	0	907314	907693	141200	140821	0.0	668
IDMHP650	ID7448	98.698	384	5	0	906934	907317	225682	226065	0.0	671
IDMHP650	ID7448	98.698	384	5	0	906934	907317	141200	140817	0.0	671
IDMHP650	ID7448	79.306	807	149	7	186132	186923	25178	25981	0.0	688
IDMHP650	ID7448	89.729	516	53	0	38421	38936	794380	794895	0.0	692
IDMHP650	ID7448	97.122	417	11	1	432323	432738	837642	838058	0.0	695
IDMHP650	ID7448	84.219	659	85	8	671903	672550	389078	388428	0.0	701
IDMHP650	ID7448	90.310	516	50	0	38421	38936	797830	798345	0.0	706
IDMHP650	ID7448	87.831	567	68	1	642250	642816	515830	515265	0.0	709
IDMHP650	ID7448	90.891	516	47	0	38421	38936	792375	792890	0.0	719
IDMHP650	ID7448	88.556	568	62	3	670811	671377	489883	489318	0.0	721
IDMHP650	ID7448	95.374	454	17	1	906495	906944	361368	361821	0.0	724
IDMHP650	ID7448	80.050	802	151	2	188557	189358	28452	29244	0.0	725
IDMHP650	ID7448	96.811	439	14	0	906495	906933	347024	347462	0.0	729
IDMHP650	ID7448	71.419	1536	416	18	299105	300629	140132	141655	0.0	731
IDMHP650	ID7448	74.978	1127	271	5	885846	886967	519622	518502	0.0	749
IDMHP650	ID7448	71.765	1530	410	17	299105	300623	226751	225233	0.0	755
IDMHP650	ID7448	97.748	444	10	0	905609	906052	226672	227115	0.0	756
IDMHP650	ID7448	97.748	444	10	0	905609	906052	140211	139768	0.0	756
IDMHP650	ID7448	70.905	1746	427	33	302107	303823	223614	221921	0.0	783
IDMHP650	ID7448	91.250	560	21	5	271905	272461	400994	401528	0.0	792
IDMHP650	ID7448	83.995	731	99	3	640894	641607	517091	516362	0.0	794
IDMHP650	ID7448	88.746	622	43	5	670200	670820	607460	606865	0.0	809
IDMHP650	ID7448	82.079	837	142	4	39037	39867	798523	799357	0.0	823
IDMHP650	ID7448	98.770	488	5	1	432252	432739	398311	398797	0.0	850
IDMHP650	ID7448	95.037	544	23	3	541353	541895	396347	396887	0.0	850
IDMHP650	ID7448	98.973	487	5	0	85699	86185	645801	645315	0.0	856
IDMHP650	ID7448	99.179	487	4	0	85699	86185	912552	912066	0.0	861
IDMHP650	ID7448	99.179	487	4	0	85699	86185	855405	854919	0.0	861
IDMHP650	ID7448	99.179	487	4	0	85699	86185	560213	560699	0.0	861
IDMHP650	ID7448	99.179	487	4	0	85699	86185	265552	265066	0.0	861
IDMHP650	ID7448	99.179	487	4	0	85699	86185	151576	151090	0.0	861
IDMHP650	ID7448	99.180	488	4	0	85699	86186	258389	258876	0.0	863
IDMHP650	ID7448	98.592	497	7	0	85699	86195	283257	283753	0.0	866
IDMHP650	ID7448	99.385	488	3	0	432252	432739	645801	645314	0.0	867
IDMHP650	ID7448	92.525	602	37	5	738457	739051	515274	514674	0.0	868
IDMHP650	ID7448	99.590	488	2	0	432252	432739	912552	912065	0.0	872
IDMHP650	ID7448	99.192	495	3	1	432252	432745	258389	258883	0.0	872
IDMHP650	ID7448	99.590	488	2	0	432252	432739	151576	151089	0.0	872
IDMHP650	ID7448	99.389	491	3	0	432252	432742	855405	854915	0.0	873
IDMHP650	ID7448	99.190	494	4	0	432252	432745	560213	560706	0.0	874
IDMHP650	ID7448	99.394	495	2	1	432252	432745	265552	265058	0.0	876
IDMHP650	ID7448	97.323	523	14	0	315963	316485	256964	256442	0.0	881
IDMHP650	ID7448	96.324	544	20	0	903504	904047	793082	793625	0.0	892
IDMHP650	ID7448	97.398	538	7	2	905078	905608	913020	913557	0.0	905
IDMHP650	ID7448	97.398	538	7	2	905078	905608	855873	856410	0.0	905
IDMHP650	ID7448	97.398	538	7	2	905078	905608	646269	646806	0.0	905
IDMHP650	ID7448	97.398	538	7	2	905078	905608	397843	397306	0.0	905
IDMHP650	ID7448	97.398	538	7	2	905078	905608	282789	282252	0.0	905
IDMHP650	ID7448	97.398	538	7	2	905078	905608	266020	266557	0.0	905
IDMHP650	ID7448	97.398	538	7	2	905078	905608	152044	152581	0.0	905
IDMHP650	ID7448	84.926	816	118	3	39037	39850	793068	793880	0.0	909
IDMHP650	ID7448	97.584	538	6	2	905078	905608	559745	559208	0.0	910
IDMHP650	ID7448	97.584	538	6	2	905078	905608	257921	257384	0.0	910
IDMHP650	ID7448	90.411	657	42	2	316494	317129	161035	161691	0.0	911
IDMHP650	ID7448	68.272	2720	749	45	497062	499731	422699	425354	0.0	915
IDMHP650	ID7448	97.944	535	11	0	904571	905105	791836	791302	0.0	916
IDMHP650	ID7448	91.061	660	36	4	314100	314759	163422	164058	0.0	928
IDMHP650	ID7448	98.510	537	8	0	904041	904577	225222	225758	0.0	933
IDMHP650	ID7448	99.430	526	3	0	507913	508438	357765	358290	0.0	936
IDMHP650	ID7448	75.017	1433	327	13	888464	889879	536870	535452	0.0	940
IDMHP650	ID7448	68.528	2758	675	63	375086	377761	148894	146248	0.0	951
IDMHP650	ID7448	80.018	1106	211	8	407721	408820	163417	162316	0.0	972
IDMHP650	ID7448	70.643	2163	547	31	182271	184391	27139	29255	0.0	978
IDMHP650	ID7448	95.942	616	24	1	902889	903504	398857	399471	0.0	995
IDMHP650	ID7448	96.266	616	23	0	902889	903504	408203	408818	0.0	1008
IDMHP650	ID7448	96.753	616	20	0	902889	903504	112716	113331	0.0	1021
IDMHP650	ID7448	98.812	589	7	0	36954	37542	790790	791378	0.0	1031
IDMHP650	ID7448	71.073	2292	567	42	184686	186934	18909	21147	0.0	1042
IDMHP650	ID7448	87.529	850	97	3	671909	672757	488675	487834	0.0	1050
IDMHP650	ID7448	82.386	1056	185	1	40810	41864	798275	799330	0.0	1063
IDMHP650	ID7448	93.897	721	28	4	543915	544620	114681	115400	0.0	1099
IDMHP650	ID7448	88.594	868	99	0	39037	39904	795073	795940	0.0	1120
IDMHP650	ID7448	83.708	1068	173	1	40804	41870	794819	795886	0.0	1139
IDMHP650	ID7448	82.933	1125	168	5	883490	884611	348742	347639	0.0	1163
IDMHP650	ID7448	98.385	681	7	2	902219	902895	912451	913131	0.0	1174
IDMHP650	ID7448	98.385	681	7	2	902219	902895	560314	559634	0.0	1174
IDMHP650	ID7448	98.385	681	7	2	902219	902895	398412	397732	0.0	1174
IDMHP650	ID7448	73.724	1979	482	19	737082	739045	362214	364169	0.0	1174
IDMHP650	ID7448	98.385	681	7	2	902219	902895	258490	257810	0.0	1174
IDMHP650	ID7448	98.532	681	6	2	902219	902895	855304	855984	0.0	1178
IDMHP650	ID7448	98.532	681	6	2	902219	902895	645700	646380	0.0	1178
IDMHP650	ID7448	98.532	681	6	2	902219	902895	283358	282678	0.0	1178
IDMHP650	ID7448	98.532	681	6	2	902219	902895	265451	266131	0.0	1178
IDMHP650	ID7448	98.532	681	6	2	902219	902895	151475	152155	0.0	1178
IDMHP650	ID7448	97.711	699	16	0	40005	40703	791753	792451	0.0	1189
IDMHP650	ID7448	98.429	700	7	1	190497	191196	32662	33357	0.0	1213
IDMHP650	ID7448	99.282	696	5	0	807829	808524	677502	678197	0.0	1233
IDMHP650	ID7448	72.771	2266	582	17	893844	896087	607744	605492	0.0	1260
IDMHP650	ID7448	69.962	2903	770	28	515849	518711	388267	385427	0.0	1270
IDMHP650	ID7448	69.983	2895	785	22	533932	536773	370221	367358	0.0	1280
IDMHP650	ID7448	70.887	2772	689	37	873863	876596	526953	524262	0.0	1301
IDMHP650	ID7448	80.753	1408	238	10	536933	538316	517009	515611	0.0	1303
IDMHP650	ID7448	74.622	2183	471	33	182271	184414	21484	23622	0.0	1366
IDMHP650	ID7448	99.241	791	5	1	495418	496208	346117	346906	0.0	1397
IDMHP650	ID7448	98.206	836	13	2	62532	63366	815442	816276	0.0	1434
IDMHP650	ID7448	94.906	962	49	0	270590	271551	399395	400356	0.0	1515
IDMHP650	ID7448	95.114	962	47	0	270590	271551	408742	409703	0.0	1524
IDMHP650	ID7448	95.322	962	45	0	270590	271551	113255	114216	0.0	1533
IDMHP650	ID7448	84.854	1512	216	6	45465	46971	794042	795545	0.0	1680
IDMHP650	ID7448	97.502	1001	22	1	770788	771788	639236	640233	0.0	1691
IDMHP650	ID7448	93.292	1118	20	7	408222	409286	258876	259991	0.0	1697
IDMHP650	ID7448	78.474	2346	466	21	44647	46971	791213	793540	0.0	1895
IDMHP650	ID7448	98.307	1181	16	1	890229	891409	535138	533962	0.0	2039
IDMHP650	ID7448	84.365	1874	273	8	42031	43889	797489	799357	0.0	2041
IDMHP650	ID7448	96.426	1287	43	1	679495	680781	546939	548222	0.0	2113
IDMHP650	ID7448	95.806	1359	40	8	891370	892724	532679	531334	0.0	2174
IDMHP650	ID7448	98.519	1283	18	1	884596	885877	348890	347608	0.0	2225
IDMHP650	ID7448	95.339	1738	81	0	898075	899812	411578	409841	0.0	2770
IDMHP650	ID7448	99.505	1616	6	2	680883	682497	605325	603711	0.0	2872
IDMHP650	ID7448	93.216	1931	116	6	881580	883499	350755	348829	0.0	2879
IDMHP650	ID7448	95.546	1886	61	2	691128	693013	556928	558790	0.0	3035
IDMHP650	ID7448	94.817	2161	56	4	693006	695166	560699	562803	0.0	3425
IDMHP650	ID7448	99.469	2070	11	0	303989	306058	149020	151089	0.0	3684
IDMHP650	ID7448	98.366	2142	33	1	656338	658477	14897	17038	0.0	3703
IDMHP650	ID7448	75.756	5655	1178	69	184663	190238	27002	32542	0.0	3881
IDMHP650	ID7448	98.665	2247	29	1	893844	896089	364460	362214	0.0	3914
IDMHP650	ID7448	96.177	2642	93	5	640886	643521	487950	490589	0.0	4295
IDMHP650	ID7448	79.636	5549	1032	24	184699	190230	21383	26850	0.0	4893
IDMHP650	ID7448	96.481	3154	74	9	670201	673340	514674	517804	0.0	5181
IDMHP650	ID7448	94.367	3355	179	4	538074	541421	389611	392962	0.0	5190
IDMHP650	ID7448	98.786	3047	31	4	543915	546957	400821	403865	0.0	5316
IDMHP650	ID7448	96.772	3284	89	5	546954	550235	407250	403982	0.0	5438
IDMHP650	ID7448	98.524	3251	40	4	509714	512956	358194	361444	0.0	5636
IDMHP650	ID7448	99.245	3311	9	1	500795	504089	350647	353957	0.0	5869
IDMHP650	ID7448	98.334	3541	42	5	504201	507737	354034	357561	0.0	6113
IDMHP650	ID7448	95.283	4007	103	11	160	4105	749896	753877	0.0	6403
IDMHP650	ID7448	97.108	3942	91	8	168	4105	746019	749941	0.0	6580
IDMHP650	ID7448	97.557	3970	60	6	180540	184473	17289	21257	0.0	6729
IDMHP650	ID7448	98.775	4488	50	3	412782	417268	260582	265065	0.0	7837
IDMHP650	ID7448	98.489	5097	71	4	771929	777020	640219	645314	0.0	8833
IDMHP650	ID7448	96.878	6181	173	7	40808	46971	792818	798995	0.0	10264
IDMHP650	ID7448	98.292	6032	88	4	673477	679508	540744	546760	0.0	10410
IDMHP650	ID7448	98.984	6104	62	0	158570	164673	913976	920079	0.0	10729
IDMHP650	ID7448	98.997	6679	47	5	488554	495229	339502	346163	0.0	11739
IDMHP650	ID7448	97.788	7098	84	11	800317	807360	670459	677537	0.0	12110
IDMHP650	ID7448	98.182	7205	123	3	296653	303850	141578	148781	0.0	12397
IDMHP650	ID7448	99.277	7469	53	1	306019	313486	152997	160465	0.0	13223
IDMHP650	ID7448	98.854	8028	85	4	262462	270489	104779	112799	0.0	14052
IDMHP650	ID7448	99.203	8285	65	1	85770	94053	837642	845926	0.0	14641
IDMHP650	ID7448	96.288	9026	306	11	681977	690997	547963	556964	0.0	14744
IDMHP650	ID7448	98.934	8916	92	3	94353	103265	845993	854908	0.0	15641
IDMHP650	ID7448	98.840	10342	119	1	63618	73959	816189	826529	0.0	18107
IDMHP650	ID7448	98.825	10727	119	2	658905	669628	503733	514455	0.0	18775
IDMHP650	ID7448	97.478	11299	183	17	74333	85598	826641	837870	0.0	19107
IDMHP650	ID7448	98.783	12816	140	9	643584	656387	490575	503386	0.0	22383
IDMHP650	ID7448	98.890	13336	143	3	191268	204601	33338	46670	0.0	23374
IDMHP650	ID7448	99.053	14461	101	5	611686	626111	473448	487907	0.0	25472
IDMHP650	ID7448	98.570	15037	193	5	417118	432151	266976	281993	0.0	26146
IDMHP650	ID7448	99.167	14880	120	4	164674	179549	1	14880	0.0	26261
IDMHP650	ID7448	98.383	15458	223	14	47091	62530	799535	814983	0.0	26711
IDMHP650	ID7448	98.229	18410	246	19	550464	568864	412033	430371	0.0	31718
IDMHP650	ID7448	98.820	19661	222	2	103278	122929	856849	876508	0.0	34411
IDMHP650	ID7448	99.275	19849	123	6	337410	357256	184414	204243	0.0	35139
IDMHP650	ID7448	98.307	21141	265	13	357468	378524	204173	225304	0.0	36537
IDMHP650	ID7448	97.881	23313	416	14	776945	800197	647225	670519	0.0	39823
IDMHP650	ID7448	98.809	23845	245	21	313625	337447	160561	184388	0.0	41662
IDMHP650	ID7448	97.801	24735	412	27	271905	296552	114854	139543	0.0	42152
IDMHP650	ID7448	98.435	24534	339	12	513076	537584	364578	389091	0.0	42500
IDMHP650	ID7448	99.109	29626	257	3	378625	408244	227340	256964	0.0	52230
IDMHP650	ID7448	98.904	31582	317	11	739153	770708	607677	639255	0.0	55371
IDMHP650	ID7448	97.938	35494	496	31	123296	158601	876620	912065	0.0	60782
IDMHP650	ID7448	98.406	36700	515	16	161	36815	753832	790506	0.0	63538
IDMHP650	ID7448	96.606	40190	1256	34	695582	735740	563066	603178	0.0	66273
IDMHP650	ID7448	98.632	42544	423	31	569095	611557	430541	473006	0.0	74103
IDMHP650	ID7448	98.951	56219	465	20	432252	488361	283257	339459	0.0	98747
IDMHP650	ID7448	98.877	57801	624	15	204537	262323	46750	104539	0.0	1.013e+05
IDMHP650	ID7448	98.865	64137	678	30	808506	872622	678524	742630	0.0	1.123e+05
IDMHP650	ID7448	99.667	300	1	0	807537	807836	646935	647234	2.01e-150	537
IDMHP650	ID7448	93.113	363	17	4	3750	4105	745696	746057	8.55e-149	532
IDMHP650	ID7448	96.573	321	6	1	807537	807852	282123	281803	2.98e-148	530
IDMHP650	ID7448	100.000	292	0	0	807537	807828	913686	913977	1.04e-147	527
IDMHP650	ID7448	100.000	292	0	0	807537	807828	856539	856830	1.04e-147	527
IDMHP650	ID7448	99.327	297	2	0	807537	807833	397177	396881	1.04e-147	527
IDMHP650	ID7448	100.000	292	0	0	807537	807828	152710	153001	1.04e-147	527
IDMHP650	ID7448	99.660	294	1	0	807537	807830	266686	266979	3.64e-147	526
IDMHP650	ID7448	95.912	318	7	1	736670	736981	605249	605566	1.88e-144	517
IDMHP650	ID7448	100.000	286	0	0	543529	543814	400494	400779	1.88e-144	517
IDMHP650	ID7448	99.313	291	2	0	543138	543428	400280	400570	1.88e-144	517
IDMHP650	ID7448	100.000	286	0	0	543529	543814	114354	114639	1.88e-144	517
IDMHP650	ID7448	97.682	302	7	0	736268	736569	361730	362031	2.29e-143	514
IDMHP650	ID7448	100.000	282	0	0	908735	909016	913762	913481	2.80e-142	509
IDMHP650	ID7448	100.000	282	0	0	908735	909016	856615	856334	2.80e-142	509
IDMHP650	ID7448	100.000	282	0	0	908735	909016	647011	646730	2.80e-142	509
IDMHP650	ID7448	100.000	282	0	0	908735	909016	397101	397382	2.80e-142	509
IDMHP650	ID7448	100.000	282	0	0	908735	909016	282047	282328	2.80e-142	509
IDMHP650	ID7448	100.000	282	0	0	908735	909016	266762	266481	2.80e-142	509
IDMHP650	ID7448	100.000	282	0	0	908735	909016	257179	257460	2.80e-142	509
IDMHP650	ID7448	100.000	282	0	0	908735	909016	152786	152505	2.80e-142	509
IDMHP650	ID7448	98.305	295	5	0	807537	807831	559080	558786	2.80e-142	510
IDMHP650	ID7448	98.299	294	5	0	807537	807830	257255	256962	9.76e-142	508
IDMHP650	ID7448	98.282	291	5	0	543138	543428	114140	114430	4.15e-140	503
IDMHP650	ID7448	99.645	282	0	1	908735	909016	559004	559284	1.45e-139	501
IDMHP650	ID7448	97.938	291	6	0	543138	543428	409627	409917	5.05e-139	499
IDMHP650	ID7448	96.429	308	5	3	412501	412803	260176	260482	5.05e-139	499
IDMHP650	ID7448	90.685	365	31	2	672761	673122	546925	547289	5.05e-139	499
IDMHP650	ID7448	91.667	336	4	2	736670	736981	361955	362290	2.15e-137	493
IDMHP650	ID7448	91.761	352	26	3	3750	4099	742506	742856	2.15e-137	494
IDMHP650	ID7448	67.562	1526	405	34	434108	435586	678012	679494	8.02e-124	449
IDMHP650	ID7448	82.112	464	64	12	549982	550434	407177	407632	2.62e-117	426
IDMHP650	ID7448	94.265	279	13	2	886697	886974	347662	347386	9.15e-117	425
IDMHP650	ID7448	71.713	753	196	7	573798	574548	533172	533909	9.77e-104	382
IDMHP650	ID7448	86.469	303	17	3	179675	179961	17001	17295	1.77e-100	370
IDMHP650	ID7448	98.131	214	3	1	412401	412613	259981	260194	7.51e-99	365
IDMHP650	ID7448	94.787	211	11	0	567828	568038	396180	396390	1.55e-88	332
IDMHP650	ID7448	96.842	190	5	1	541787	541975	408097	408286	4.16e-83	313
IDMHP650	ID7448	73.541	514	112	6	503357	503849	353852	354362	5.07e-82	309
IDMHP650	ID7448	99.425	174	1	0	735897	736070	603322	603495	5.07e-82	310
IDMHP650	ID7448	95.408	196	8	1	500380	500574	346905	347100	5.07e-82	310
IDMHP650	ID7448	96.739	184	4	2	271652	271834	411620	411802	9.16e-79	298
IDMHP650	ID7448	88.745	231	23	2	565968	566196	398571	398800	3.90e-77	294
IDMHP650	ID7448	69.684	696	151	17	900117	900772	389252	388577	7.04e-74	282
IDMHP650	ID7448	87.671	219	10	4	673125	673340	603837	603633	1.27e-70	271
IDMHP650	ID7448	90.625	192	8	4	500391	500574	357592	357781	2.81e-66	257
IDMHP650	ID7448	66.384	1062	296	24	878895	879909	522373	521326	3.42e-65	253
IDMHP650	ID7448	71.633	490	124	5	872691	873177	528190	527713	1.45e-63	249
IDMHP650	ID7448	97.222	144	3	1	270347	270489	398797	398940	7.53e-61	239
IDMHP650	ID7448	71.498	414	107	5	44053	44459	790706	791115	5.42e-50	203
IDMHP650	ID7448	84.656	189	25	4	566451	566637	603496	603310	8.04e-48	196
IDMHP650	ID7448	78.189	243	44	4	271908	272150	745695	745928	3.42e-46	190
IDMHP650	ID7448	70.674	341	100	0	669730	670070	364469	364129	1.36e-38	165
IDMHP650	ID7448	87.218	133	14	2	521106	521235	26852	26984	2.02e-36	158
IDMHP650	ID7448	96.774	93	3	0	567828	567920	393042	392950	2.46e-35	155
IDMHP650	ID7448	88.696	115	10	1	553727	553838	546952	546838	3.66e-33	148
IDMHP650	ID7448	94.737	95	3	2	807344	807436	854900	854994	1.55e-31	142
IDMHP650	ID7448	78.916	166	34	1	906767	906932	518406	518570	1.89e-30	139
IDMHP650	ID7448	97.468	79	2	0	63544	63622	856755	856833	2.31e-29	134
IDMHP650	ID7448	73.684	209	49	4	272115	272322	407667	407464	6.19e-24	117
IDMHP650	ID7448	65.258	639	179	18	880438	881050	520785	520164	9.19e-22	110
IDMHP650	ID7448	68.551	283	87	1	836671	836953	408102	407822	3.21e-21	107
IDMHP650	ID7448	75.510	147	29	3	551314	551453	546776	546922	5.80e-18	96.9
IDMHP650	ID7448	75.641	156	25	6	102767	102919	603542	603397	2.02e-17	96.0
IDMHP650	ID7448	96.154	52	2	0	272411	272462	364556	364505	1.05e-14	86.0
IDMHP650	ID7448	71.257	167	48	0	658153	658319	260699	260533	1.05e-14	86.0
IDMHP650	ID7448	76.522	115	27	0	739153	739267	364393	364507	1.05e-14	86.9
IDMHP650	ID7448	70.861	151	41	2	410343	410493	532952	533099	2.81e-09	68.9
IDMHP650	ID7448	67.788	208	65	2	411754	411960	538207	538413	9.82e-09	67.1
IDMHP650	ID7448	67.907	215	55	7	882838	883048	530428	530632	1.46e-06	59.0
IDMHP650	ID7448	74.194	93	22	1	271969	272061	407757	407667	5.09e-06	58.1
IDMHP650	ID7448	68.750	176	46	5	893030	893202	528937	528768	1.78e-05	56.3
IDMHP650	ID7448	73.394	109	18	5	271351	271451	503535	503430	6.20e-05	54.5
IDMHP650	ID7448	88.372	43	4	1	240512	240553	603213	603171	2.16e-04	52.7
IDMHP650	ID7448	66.129	186	63	0	627327	627512	389344	389529	2.16e-04	52.7
IDMHP650	ID7448	81.667	60	9	2	682534	682591	339520	339461	2.16e-04	52.7
IDMHP650	ID7448	71.000	100	29	0	658310	658409	260522	260423	7.55e-04	50.9
IDMHP650	ID7448	84.783	46	6	1	543671	543715	535446	535491	0.003	49.1
IDMHP650	ID7448	93.333	30	2	0	550464	550493	412050	412021	0.009	46.4
IDMHP650	ID7448	83.721	43	7	0	358422	358464	603238	603196	0.009	47.3
IDMHP650	ID7448	75.581	86	17	4	498529	498612	411729	411812	0.009	47.3
IDMHP650	ID7448	90.909	33	3	0	900110	900142	394601	394569	0.009	47.3
IDMHP650	ID7448	78.571	56	11	1	307538	307593	826510	826564	0.032	44.6
IDMHP650	ID7448	82.692	52	5	3	47230	47279	537019	536970	0.032	44.6
IDMHP650	ID7448	76.562	64	9	2	613155	613212	539524	539461	0.032	45.5
IDMHP650	ID7448	78.333	60	7	3	432718	432777	856808	856861	0.11	42.8
IDMHP650	ID7448	92.857	28	2	0	703876	703903	540395	540368	0.11	42.8
IDMHP650	ID7448	79.167	48	10	0	892837	892884	531187	531140	0.11	42.8
IDMHP650	ID7448	100.000	23	0	0	426639	426661	522446	522424	0.11	42.8
IDMHP650	ID7448	90.323	31	3	0	480667	480697	799539	799509	0.11	43.7
IDMHP650	ID7448	77.049	61	9	2	475708	475764	742943	743002	0.11	43.7
IDMHP650	ID7448	96.154	26	1	0	553752	553777	519930	519955	0.11	43.7
IDMHP650	ID7448	90.909	33	2	1	400129	400161	518334	518365	0.11	43.7
IDMHP650	ID7448	86.111	36	5	0	221456	221491	104631	104666	0.11	43.7
IDMHP650	ID7448	83.784	37	6	0	7195	7231	790588	790552	0.39	41.0
IDMHP650	ID7448	84.615	39	5	1	807324	807362	527333	527296	0.39	41.0
IDMHP650	ID7448	76.923	52	12	0	906784	906835	395314	395263	0.39	41.0
IDMHP650	ID7448	96.000	25	1	0	201365	201389	845956	845932	0.39	41.9
IDMHP650	ID7448	96.296	27	0	1	734440	734465	537102	537076	0.39	41.9
IDMHP650	ID7448	90.000	30	3	0	882090	882119	529704	529733	0.39	41.9
IDMHP650	ID7448	96.000	25	1	0	412380	412404	517915	517891	0.39	41.9
IDMHP650	ID7448	81.818	44	6	1	817487	817528	473248	473291	0.39	41.9
IDMHP650	ID7448	90.000	30	3	0	818080	818109	395533	395562	0.39	41.9
IDMHP650	ID7448	80.769	52	7	3	539166	539217	876546	876594	1.4	39.2
IDMHP650	ID7448	78.846	52	8	2	264926	264976	876539	876490	1.4	39.2
IDMHP650	ID7448	78.261	46	10	0	153136	153181	540708	540753	1.4	39.2
IDMHP650	ID7448	92.308	26	2	0	903239	903264	539956	539981	1.4	39.2
IDMHP650	ID7448	92.308	26	2	0	341650	341675	538993	538968	1.4	39.2
IDMHP650	ID7448	77.358	53	11	1	410676	410728	537550	537601	1.4	39.2
IDMHP650	ID7448	75.926	54	9	1	41641	41690	527173	527120	1.4	39.2
IDMHP650	ID7448	75.862	58	13	1	460569	460626	523883	523939	1.4	39.2
IDMHP650	ID7448	78.182	55	5	3	651433	651481	503507	503560	1.4	39.2
IDMHP650	ID7448	92.857	28	1	1	747298	747324	403882	403855	1.4	39.2
IDMHP650	ID7448	87.097	31	4	0	155993	156023	394543	394513	1.4	39.2
IDMHP650	ID7448	82.927	41	2	2	749628	749667	394545	394509	1.4	39.2
IDMHP650	ID7448	83.333	36	6	0	485507	485542	394292	394257	1.4	39.2
IDMHP650	ID7448	82.051	39	3	1	53278	53312	364598	364560	1.4	39.2
IDMHP650	ID7448	74.286	70	15	2	375099	375168	790766	790700	1.4	40.1
IDMHP650	ID7448	85.294	34	5	0	734444	734477	539883	539916	1.4	40.1
IDMHP650	ID7448	75.926	54	13	0	200994	201047	538962	539015	1.4	40.1
IDMHP650	ID7448	76.364	55	10	1	263213	263264	535139	535193	1.4	40.1
IDMHP650	ID7448	80.435	46	8	1	685602	685646	523663	523618	1.4	40.1
IDMHP650	ID7448	78.000	50	8	1	731527	731576	357577	357531	1.4	40.1
IDMHP650	ID7448	95.833	24	1	0	662558	662581	104645	104668	1.4	40.1
IDMHP650	ID7448	79.630	54	4	4	259239	259289	826600	826649	4.8	37.4
IDMHP650	ID7448	70.796	113	24	6	119036	119142	790632	790523	4.8	37.4
IDMHP650	ID7448	75.862	58	10	2	885916	885973	745589	745642	4.8	37.4
IDMHP650	ID7448	82.857	35	6	0	82649	82683	745529	745563	4.8	37.4
IDMHP650	ID7448	92.000	25	2	0	206860	206884	538979	538955	4.8	37.4
IDMHP650	ID7448	83.784	37	5	1	427086	427122	538884	538919	4.8	37.4
IDMHP650	ID7448	86.667	30	4	0	465480	465509	538544	538573	4.8	37.4
IDMHP650	ID7448	92.593	27	1	1	341650	341675	537934	537908	4.8	37.4
IDMHP650	ID7448	82.857	35	6	0	84132	84166	537479	537445	4.8	37.4
IDMHP650	ID7448	80.952	42	7	1	463614	463655	537119	537079	4.8	37.4
IDMHP650	ID7448	92.000	25	2	0	411982	412006	535194	535218	4.8	37.4
IDMHP650	ID7448	83.333	36	3	1	392935	392967	527142	527177	4.8	37.4
IDMHP650	ID7448	81.633	49	2	4	666726	666771	523788	523832	4.8	37.4
IDMHP650	ID7448	72.000	75	16	2	897863	897934	519676	519604	4.8	37.4
IDMHP650	ID7448	73.611	72	13	3	742769	742840	503515	503580	4.8	37.4
IDMHP650	ID7448	83.784	37	5	1	345457	345492	473355	473319	4.8	37.4
IDMHP650	ID7448	82.927	41	4	2	436615	436654	395911	395949	4.8	37.4
IDMHP650	ID7448	92.000	25	2	0	381903	381927	395107	395131	4.8	37.4
IDMHP650	ID7448	70.526	95	18	4	338877	338961	393180	393086	4.8	37.4
IDMHP650	ID7448	86.667	30	4	0	100514	100543	32582	32611	4.8	37.4
IDMHP650	ID7448	95.652	23	1	0	561083	561105	745334	745356	4.8	38.3
IDMHP650	ID7448	78.000	50	10	1	863390	863439	603195	603243	4.8	38.3
IDMHP650	ID7448	90.000	30	2	1	815472	815500	538599	538628	4.8	38.3
IDMHP650	ID7448	95.652	23	1	0	515707	515729	537488	537466	4.8	38.3
IDMHP650	ID7448	89.286	28	3	0	240931	240958	528580	528553	4.8	38.3
IDMHP650	ID7448	73.016	63	17	0	876987	877049	524042	523980	4.8	38.3
IDMHP650	ID7448	85.714	35	4	1	534127	534161	523000	523033	4.8	38.3
IDMHP650	ID7448	79.592	49	7	2	29130	29175	520941	520989	4.8	38.3
IDMHP650	ID7448	84.848	33	5	0	12353	12385	517890	517858	4.8	38.3
IDMHP650	ID7448	77.358	53	7	2	887496	887548	411971	411924	4.8	38.3
IDMHP650	ID7448	96.000	25	0	1	280237	280260	394999	395023	4.8	38.3
