IDMHP709	ID7448	69.030	1763	437	36	37920	39623	27115	28827	0.0	655
IDMHP709	ID7448	100.000	378	0	0	877818	878195	347055	347432	0.0	682
IDMHP709	ID7448	99.738	381	1	0	524938	525318	517517	517897	0.0	683
IDMHP709	ID7448	83.686	662	87	8	389728	390376	517009	516356	0.0	691
IDMHP709	ID7448	87.234	564	29	7	396676	397216	114857	115400	0.0	700
IDMHP709	ID7448	95.937	443	11	3	728032	728473	749505	749941	0.0	711
IDMHP709	ID7448	88.007	567	67	1	496715	497281	515830	515265	0.0	713
IDMHP709	ID7448	95.175	456	17	3	877362	877817	757793	757343	0.0	715
IDMHP709	ID7448	84.337	664	88	5	47291	47948	28432	29085	0.0	721
IDMHP709	ID7448	71.354	1536	417	18	231704	233228	141655	140132	0.0	727
IDMHP709	ID7448	71.699	1530	411	17	231710	233228	225233	226751	0.0	751
IDMHP709	ID7448	96.507	458	11	1	728016	728473	753425	753877	0.0	755
IDMHP709	ID7448	71.586	1538	411	16	235603	237127	145559	144035	0.0	755
IDMHP709	ID7448	81.095	804	140	4	41607	42410	22789	23580	0.0	758
IDMHP709	ID7448	81.196	803	148	1	41608	42410	20340	21139	0.0	766
IDMHP709	ID7448	81.366	805	138	4	44877	45669	25177	25981	0.0	769
IDMHP709	ID7448	81.491	805	137	3	41606	42410	28452	29244	0.0	778
IDMHP709	ID7448	70.727	1732	427	29	35133	36836	21484	23163	0.0	780
IDMHP709	ID7448	92.086	556	43	1	522508	523063	489883	489329	0.0	801
IDMHP709	ID7448	92.336	548	16	3	394670	395217	398797	399318	0.0	810
IDMHP709	ID7448	70.421	1900	450	41	228365	230226	221789	223614	0.0	810
IDMHP709	ID7448	71.429	1736	408	33	37944	39623	19019	20722	0.0	826
IDMHP709	ID7448	100.000	464	0	0	297669	298132	294117	294580	0.0	838
IDMHP709	ID7448	91.568	593	25	2	394625	395217	408098	408665	0.0	858
IDMHP709	ID7448	83.051	826	124	3	44857	45672	30866	31685	0.0	860
IDMHP709	ID7448	96.685	543	16	1	394191	394733	396347	396887	0.0	896
IDMHP709	ID7448	68.349	2774	663	67	156891	159576	146248	148894	0.0	937
IDMHP709	ID7448	96.724	580	10	3	877148	877722	746271	745696	0.0	956
IDMHP709	ID7448	97.891	569	12	0	590165	590733	514942	514374	0.0	973
IDMHP709	ID7448	96.205	606	18	4	396078	396679	411412	412016	0.0	976
IDMHP709	ID7448	80.252	1109	207	9	266832	267935	163417	162316	0.0	984
IDMHP709	ID7448	98.594	569	8	0	590165	590733	607191	607759	0.0	991
IDMHP709	ID7448	70.895	2168	541	34	43564	45680	19019	21147	0.0	994
IDMHP709	ID7448	82.721	1007	162	5	765755	766752	798354	799357	0.0	1021
IDMHP709	ID7448	83.486	981	158	2	765755	766732	792899	793878	0.0	1034
IDMHP709	ID7448	92.232	708	28	4	394510	395217	112498	113178	0.0	1036
IDMHP709	ID7448	84.550	945	137	4	764716	765654	797489	798430	0.0	1037
IDMHP709	ID7448	96.336	655	19	3	877148	877801	750155	749505	0.0	1065
IDMHP709	ID7448	74.254	1775	434	13	588287	590049	362214	363977	0.0	1104
IDMHP709	ID7448	86.364	946	117	6	764718	765654	792033	792975	0.0	1109
IDMHP709	ID7448	95.326	706	32	1	351213	351918	347356	348060	0.0	1122
IDMHP709	ID7448	98.060	670	10	1	877148	877817	754091	753425	0.0	1149
IDMHP709	ID7448	94.517	766	31	3	217359	218120	161691	160933	0.0	1189
IDMHP709	ID7448	99.704	675	2	0	51579	52253	34494	35168	0.0	1209
IDMHP709	ID7448	98.703	694	9	0	395394	396087	409294	409987	0.0	1212
IDMHP709	ID7448	69.727	2897	788	20	386728	389568	370221	367358	0.0	1261
IDMHP709	ID7448	70.069	2900	772	26	368621	371483	388267	385427	0.0	1287
IDMHP709	ID7448	94.125	851	42	2	523639	524489	488676	487834	0.0	1308
IDMHP709	ID7448	73.259	2341	585	22	363235	365550	605492	607816	0.0	1338
IDMHP709	ID7448	96.793	842	13	5	49415	50252	32526	33357	0.0	1388
IDMHP709	ID7448	94.161	959	55	1	522109	523067	514866	515823	0.0	1474
IDMHP709	ID7448	92.550	1141	78	2	523634	524768	516356	517495	0.0	1673
IDMHP709	ID7448	96.255	1068	21	2	395394	396460	113807	114856	0.0	1755
IDMHP709	ID7448	96.348	1068	20	2	395394	396460	399947	400996	0.0	1759
IDMHP709	ID7448	85.346	1590	210	11	522703	524281	390005	388428	0.0	1789
IDMHP709	ID7448	95.508	1180	52	1	129706	130884	408098	409277	0.0	1886
IDMHP709	ID7448	97.181	1135	30	2	129751	130884	398797	399930	0.0	1896
IDMHP709	ID7448	83.885	1874	285	7	768327	770195	794042	795903	0.0	2003
IDMHP709	ID7448	98.548	1171	17	0	50308	51478	33322	34492	0.0	2036
IDMHP709	ID7448	96.212	1267	41	2	48048	49314	31446	32705	0.0	2067
IDMHP709	ID7448	74.119	3574	810	40	39724	43231	28958	32482	0.0	2199
IDMHP709	ID7448	79.271	2687	505	24	761887	764548	796671	799330	0.0	2274
IDMHP709	ID7448	79.412	2686	503	25	767509	770168	791213	793874	0.0	2284
IDMHP709	ID7448	98.939	1320	12	2	267333	268651	258876	260194	0.0	2311
IDMHP709	ID7448	98.217	1402	25	0	288076	289477	283744	285145	0.0	2416
IDMHP709	ID7448	98.363	1405	21	2	586783	588186	603933	605336	0.0	2424
IDMHP709	ID7448	98.872	1596	17	1	607517	609112	560381	558787	0.0	2794
IDMHP709	ID7448	98.933	1593	17	0	607517	609109	855237	856829	0.0	2797
IDMHP709	ID7448	98.933	1593	17	0	607517	609109	151408	153000	0.0	2797
IDMHP709	ID7448	98.872	1596	18	0	607517	609112	645633	647228	0.0	2798
IDMHP709	ID7448	98.872	1596	18	0	607517	609112	283425	281830	0.0	2798
IDMHP709	ID7448	98.996	1593	16	0	607517	609109	912384	913976	0.0	2801
IDMHP709	ID7448	98.936	1598	17	0	607517	609114	265384	266981	0.0	2806
IDMHP709	ID7448	98.997	1596	16	0	607517	609112	398479	396884	0.0	2807
IDMHP709	ID7448	98.938	1600	17	0	607517	609116	258557	256958	0.0	2810
IDMHP709	ID7448	74.526	4483	948	56	43540	47948	21460	25822	0.0	2859
IDMHP709	ID7448	97.959	2107	41	2	495881	497986	488484	490589	0.0	3599
IDMHP709	ID7448	98.053	2311	37	1	37321	39623	20853	23163	0.0	3968
IDMHP709	ID7448	98.938	2354	23	2	363233	365584	362214	364567	0.0	4126
IDMHP709	ID7448	99.152	2475	18	3	770983	773456	799644	802116	0.0	4359
IDMHP709	ID7448	95.608	3051	98	6	351905	354922	350647	353694	0.0	4904
IDMHP709	ID7448	97.957	2888	31	5	396676	399554	400997	403865	0.0	4946
IDMHP709	ID7448	96.955	3284	83	5	399551	402832	407250	403982	0.0	5465
IDMHP709	ID7448	95.830	3381	83	7	872748	876122	749576	746248	0.0	5483
IDMHP709	ID7448	99.521	3129	14	1	724787	727915	742753	745880	0.0	5572
IDMHP709	ID7448	97.244	3375	81	3	872748	876122	757430	754068	0.0	5665
IDMHP709	ID7448	97.139	3390	73	4	872748	876122	753512	750132	0.0	5680
IDMHP709	ID7448	98.428	3435	50	4	33405	36836	17289	20722	0.0	5937
IDMHP709	ID7448	98.101	3529	45	6	358591	362099	357619	361145	0.0	6056
IDMHP709	ID7448	99.553	3578	16	0	193489	197066	187991	184414	0.0	6381
IDMHP709	ID7448	96.921	3865	63	9	354467	358288	353852	357703	0.0	6444
IDMHP709	ID7448	98.485	4621	48	10	765755	770357	794904	799520	0.0	7993
IDMHP709	ID7448	98.793	4889	27	4	268549	273417	260189	265065	0.0	8562
IDMHP709	ID7448	98.602	6081	80	5	624360	630437	639236	645314	0.0	10566
IDMHP709	ID7448	99.214	6104	48	0	8601	14704	913976	920079	0.0	10792
IDMHP709	ID7448	99.618	6289	17	3	131433	137721	115267	121548	0.0	11227
IDMHP709	ID7448	98.697	7979	89	4	289465	297428	286080	294058	0.0	13916
IDMHP709	ID7448	99.212	7992	42	5	218226	226209	160975	152997	0.0	14126
IDMHP709	ID7448	98.494	8231	117	5	39724	47948	23294	31523	0.0	14269
IDMHP709	ID7448	99.247	8632	64	1	2	8632	903434	912065	0.0	15271
IDMHP709	ID7448	92.068	10665	771	23	554003	564646	571193	581803	0.0	15384
IDMHP709	ID7448	93.442	10506	651	14	543423	553902	560703	571196	0.0	15812
IDMHP709	ID7448	98.901	11646	116	4	226170	237809	151089	139450	0.0	20419
IDMHP709	ID7448	99.713	11479	32	1	52429	63906	35174	46652	0.0	20549
IDMHP709	ID7448	98.424	12945	162	14	773769	786688	802056	814983	0.0	22400
IDMHP709	ID7448	96.866	13595	366	8	630361	643896	647225	660818	0.0	22615
IDMHP709	ID7448	99.543	13343	55	3	711345	724686	729353	742690	0.0	23780
IDMHP709	ID7448	98.984	14867	140	2	273267	288131	266976	281833	0.0	26132
IDMHP709	ID7448	99.467	14810	79	0	826071	840880	856829	871638	0.0	26353
IDMHP709	ID7448	98.920	15191	135	9	609109	624280	624075	639255	0.0	26642
IDMHP709	ID7448	97.694	16610	254	25	643900	660419	661627	678197	0.0	28232
IDMHP709	ID7448	99.007	16413	105	7	590834	607192	607683	624091	0.0	28885
IDMHP709	ID7448	99.243	17049	115	9	14705	31744	1	17044	0.0	30137
IDMHP709	ID7448	97.113	18115	474	12	525305	543414	540708	558778	0.0	30301
IDMHP709	ID7448	99.612	16995	60	3	809124	826117	837929	854918	0.0	30343
IDMHP709	ID7448	98.641	18025	176	12	137827	155833	121553	139526	0.0	31410
IDMHP709	ID7448	99.357	20998	95	9	197029	218017	184388	163422	0.0	37255
IDMHP709	ID7448	98.510	22077	245	13	564747	586795	581815	603835	0.0	38348
IDMHP709	ID7448	97.987	22407	270	31	786690	809023	815442	837740	0.0	38399
IDMHP709	ID7448	99.039	23510	201	8	498514	522008	490951	514450	0.0	41366
IDMHP709	ID7448	99.084	25668	178	6	298439	324054	294524	320186	0.0	45255
IDMHP709	ID7448	99.677	26960	79	5	324155	351112	320178	347131	0.0	48212
IDMHP709	ID7448	98.583	28521	342	15	365755	394259	364488	392962	0.0	49602
IDMHP709	ID7448	97.833	31932	453	35	840985	872755	871654	903507	0.0	54524
IDMHP709	ID7448	99.226	31770	195	5	235604	267355	225228	256964	0.0	56208
IDMHP709	ID7448	99.162	37468	243	16	155934	193388	225396	187987	0.0	66146
IDMHP709	ID7448	99.283	37646	255	9	728016	765654	757343	794980	0.0	66646
IDMHP709	ID7448	99.428	50853	262	11	660401	711244	678524	729356	0.0	90376
IDMHP709	ID7448	99.426	67030	373	11	63860	130884	46768	113790	0.0	1.191e+05
IDMHP709	ID7448	98.859	76005	640	42	403063	478940	412033	487937	0.0	1.332e+05
IDMHP709	ID7448	96.561	378	13	0	877818	878195	361399	361776	1.70e-176	624
IDMHP709	ID7448	86.069	524	67	2	532565	533085	604231	603711	3.08e-173	613
IDMHP709	ID7448	98.571	350	5	0	878544	878893	560305	560654	3.76e-172	609
IDMHP709	ID7448	98.571	350	5	0	878544	878893	258481	258830	3.76e-172	609
IDMHP709	ID7448	99.123	342	3	0	878544	878885	912460	912119	1.60e-170	604
IDMHP709	ID7448	99.123	342	3	0	878544	878885	855313	854972	1.60e-170	604
IDMHP709	ID7448	99.123	342	3	0	878544	878885	283349	283690	1.60e-170	604
IDMHP709	ID7448	99.123	342	3	0	878544	878885	265460	265119	1.60e-170	604
IDMHP709	ID7448	99.123	342	3	0	878544	878885	151484	151143	1.60e-170	604
IDMHP709	ID7448	98.830	342	4	0	878544	878885	837664	838005	1.95e-169	600
IDMHP709	ID7448	98.830	342	4	0	878544	878885	645709	645368	1.95e-169	600
IDMHP709	ID7448	98.830	342	4	0	878544	878885	398403	398744	1.95e-169	600
IDMHP709	ID7448	98.542	343	5	0	362383	362725	361700	362042	2.37e-168	597
IDMHP709	ID7448	94.638	373	18	1	498041	498413	490570	490940	1.82e-163	581
IDMHP709	ID7448	98.046	307	6	0	362826	363132	605260	605566	1.01e-147	527
IDMHP709	ID7448	91.351	370	30	2	531523	531891	517216	517584	1.82e-144	517
IDMHP709	ID7448	93.538	325	3	2	362826	363132	361966	362290	4.89e-139	499
IDMHP709	ID7448	91.341	358	24	5	877367	877722	742858	742506	2.53e-136	490
IDMHP709	ID7448	81.935	465	64	13	402579	403032	407177	407632	3.77e-115	420
IDMHP709	ID7448	97.083	240	3	2	770550	770789	799477	799712	4.30e-108	397
IDMHP709	ID7448	71.676	752	198	7	426252	427002	533172	533909	1.15e-102	379
IDMHP709	ID7448	88.848	269	11	2	32574	32826	17030	17295	1.08e-96	359
IDMHP709	ID7448	94.787	211	11	0	420351	420561	396180	396390	1.50e-88	332
IDMHP709	ID7448	71.386	678	156	14	660636	661296	285895	286551	2.71e-85	320
IDMHP709	ID7448	90.789	228	17	1	350889	351112	361248	361475	3.31e-84	316
IDMHP709	ID7448	90.135	223	20	1	418507	418727	560473	560695	2.54e-79	301
IDMHP709	ID7448	90.135	223	20	1	418507	418727	258649	258871	2.54e-79	301
IDMHP709	ID7448	88.745	231	24	1	418507	418735	283517	283747	3.10e-78	297
IDMHP709	ID7448	88.745	231	24	1	418507	418735	151316	151086	3.10e-78	297
IDMHP709	ID7448	88.745	231	24	1	418507	418735	912292	912062	3.10e-78	297
IDMHP709	ID7448	88.696	230	24	1	418507	418734	855145	854916	1.08e-77	296
IDMHP709	ID7448	89.238	223	22	1	418507	418727	265292	265070	1.32e-76	292
IDMHP709	ID7448	88.210	229	25	1	418507	418733	645541	645313	4.60e-76	289
IDMHP709	ID7448	88.312	231	24	2	418507	418735	398571	398800	4.60e-76	289
IDMHP709	ID7448	71.193	545	132	10	302056	302586	524263	524796	3.31e-65	253
IDMHP709	ID7448	100.000	135	0	0	773637	773771	265195	265061	1.71e-62	244
IDMHP709	ID7448	98.529	136	2	0	485473	485608	560570	560705	2.54e-60	237
IDMHP709	ID7448	98.519	135	2	0	773637	773771	258746	258880	8.88e-60	235
IDMHP709	ID7448	75.357	280	69	0	351213	351492	518465	518744	2.72e-47	195
IDMHP709	ID7448	68.024	491	152	4	302863	303352	525076	525562	1.32e-38	165
IDMHP709	ID7448	95.238	105	4	1	724787	724891	396282	396179	4.60e-38	164
IDMHP709	ID7448	96.774	93	3	0	420351	420443	393042	392950	2.38e-35	155
IDMHP709	ID7448	96.250	80	3	0	358281	358360	558784	558863	2.72e-28	132
IDMHP709	ID7448	79.675	123	25	0	878073	878195	518419	518541	8.89e-22	110
IDMHP709	ID7448	79.032	124	26	0	688737	688860	407945	407822	3.10e-21	107
IDMHP709	ID7448	79.279	111	19	1	268142	268248	161713	161603	5.61e-18	96.9
IDMHP709	ID7448	71.635	208	53	4	396884	397090	407666	407464	5.61e-18	97.8
IDMHP709	ID7448	69.822	169	49	2	494085	494252	410708	410875	2.72e-09	68.9
IDMHP709	ID7448	74.194	93	22	1	396737	396829	407757	407667	4.92e-06	58.1
IDMHP709	ID7448	84.783	46	6	1	879482	879526	535446	535491	0.003	49.1
IDMHP709	ID7448	93.333	30	2	0	298418	298447	558811	558782	0.009	46.4
IDMHP709	ID7448	93.333	30	2	0	403063	403092	412050	412021	0.009	46.4
IDMHP709	ID7448	83.673	49	5	2	423401	423447	404027	403980	0.009	47.3
IDMHP709	ID7448	82.692	52	5	3	771010	771059	537019	536970	0.031	44.6
IDMHP709	ID7448	78.182	55	9	1	122624	122675	535139	535193	0.031	44.6
IDMHP709	ID7448	76.562	64	9	2	465942	465999	539524	539461	0.031	45.5
IDMHP709	ID7448	100.000	23	0	0	282787	282809	522446	522424	0.11	42.8
IDMHP709	ID7448	87.879	33	4	0	168595	168627	519583	519551	0.11	42.8
IDMHP709	ID7448	84.211	38	6	0	710978	711015	412014	412051	0.11	42.8
IDMHP709	ID7448	79.630	54	8	2	657386	657436	350487	350434	0.11	42.8
IDMHP709	ID7448	90.323	31	3	0	584846	584876	539886	539916	0.11	43.7
IDMHP709	ID7448	96.154	26	1	0	43318	43343	519930	519955	0.11	43.7
IDMHP709	ID7448	90.909	33	2	1	259210	259242	518334	518365	0.11	43.7
IDMHP709	ID7448	77.358	53	9	1	824693	824742	534873	534925	0.38	41.0
IDMHP709	ID7448	87.500	32	4	0	564511	564542	522993	523024	0.38	41.0
IDMHP709	ID7448	71.579	95	18	4	195515	195602	393086	393178	0.38	41.0
IDMHP709	ID7448	90.000	30	3	0	669979	670008	395533	395562	0.38	41.9
IDMHP709	ID7448	92.308	26	2	0	192697	192722	538968	538993	1.3	39.2
IDMHP709	ID7448	100.000	21	0	0	58391	58411	525979	525999	1.3	39.2
IDMHP709	ID7448	75.862	58	13	1	315530	315587	523883	523939	1.3	39.2
IDMHP709	ID7448	92.857	28	1	1	598921	598947	403882	403855	1.3	39.2
IDMHP709	ID7448	87.097	31	4	0	6024	6054	394543	394513	1.3	39.2
IDMHP709	ID7448	74.627	67	9	3	145813	145874	350090	350153	1.3	39.2
IDMHP709	ID7448	75.926	54	13	0	60319	60372	538962	539015	1.3	40.1
IDMHP709	ID7448	95.833	24	1	0	413503	413526	534423	534446	1.3	40.1
IDMHP709	ID7448	80.952	42	4	1	187998	188035	526175	526134	1.3	40.1
IDMHP709	ID7448	80.435	46	8	1	536186	536230	523663	523618	1.3	40.1
IDMHP709	ID7448	100.000	20	0	0	395105	395124	539956	539975	4.6	37.4
IDMHP709	ID7448	87.500	32	3	1	795643	795673	538987	539018	4.6	37.4
IDMHP709	ID7448	92.000	25	2	0	66164	66188	538979	538955	4.6	37.4
IDMHP709	ID7448	83.784	37	5	1	283234	283270	538884	538919	4.6	37.4
IDMHP709	ID7448	86.667	30	4	0	320439	320468	538544	538573	4.6	37.4
IDMHP709	ID7448	92.593	27	1	1	192697	192722	537908	537934	4.6	37.4
IDMHP709	ID7448	82.857	35	6	0	807687	807721	537479	537445	4.6	37.4
IDMHP709	ID7448	80.952	42	7	1	318575	318616	537119	537079	4.6	37.4
IDMHP709	ID7448	86.667	30	4	0	754298	754327	535475	535504	4.6	37.4
IDMHP709	ID7448	100.000	20	0	0	872700	872719	532448	532429	4.6	37.4
IDMHP709	ID7448	92.000	25	2	0	15444	15468	532160	532184	4.6	37.4
IDMHP709	ID7448	73.016	63	13	1	590852	590914	532155	532097	4.6	37.4
IDMHP709	ID7448	100.000	20	0	0	781267	781286	526519	526500	4.6	37.4
IDMHP709	ID7448	81.633	49	2	4	519111	519156	523788	523832	4.6	37.4
IDMHP709	ID7448	70.175	114	27	5	643278	643390	519646	519539	4.6	37.4
IDMHP709	ID7448	82.927	41	4	2	291026	291065	395911	395949	4.6	37.4
IDMHP709	ID7448	92.000	25	2	0	240976	241000	395107	395131	4.6	37.4
IDMHP709	ID7448	72.222	72	14	2	736499	736570	361158	361093	4.6	37.4
IDMHP709	ID7448	79.545	44	7	1	535062	535105	350369	350328	4.6	37.4
IDMHP709	ID7448	100.000	20	0	0	117433	117452	349470	349489	4.6	37.4
IDMHP709	ID7448	76.271	59	7	3	475906	475959	285871	285927	4.6	37.4
IDMHP709	ID7448	77.083	48	11	0	867011	867058	535511	535464	4.6	38.3
IDMHP709	ID7448	90.000	30	2	1	525308	525337	533979	534007	4.6	38.3
IDMHP709	ID7448	77.083	48	6	1	675374	675416	532028	532075	4.6	38.3
IDMHP709	ID7448	82.500	40	6	1	525218	525257	531060	531098	4.6	38.3
IDMHP709	ID7448	82.500	40	6	1	138322	138360	529220	529181	4.6	38.3
IDMHP709	ID7448	89.286	28	3	0	100233	100260	528580	528553	4.6	38.3
IDMHP709	ID7448	89.286	28	3	0	114735	114762	526057	526030	4.6	38.3
IDMHP709	ID7448	85.714	35	4	1	386923	386957	523000	523033	4.6	38.3
IDMHP709	ID7448	84.848	33	5	0	493830	493862	410423	410455	4.6	38.3
