>IDJ
+10 +34 +33 +27 +25 +35 +19 -14 -9 +17 +8 +24 +59 -5 +53 -36 -31 -13 -28 +6 +12 -41 -43 +20 -15 +23 +30 +7 +2 +11 +26 +21 +3 +1 -4 +16 +22 +29 -18 $
>IDES2
+10 +34 +33 +27 +25 +35 +19 -14 -9 +17 +8 +24 +38 +62 -54 -5 +49 -31 -13 -28 +6 +12 +57 -41 -43 +20 -15 +54 -62 +23 +30 +7 +2 +11 +26 +40 +21 +3 +1 -4 +16 +22 +29 -18 $
>ID133A
+10 +34 +33 +27 +60 -54 +25 +35 +19 -14 -9 +17 +8 +24 +38 -5 -55 -36 -31 -13 -28 +6 +12 +57 -41 +61 +20 -15 +23 +30 +7 +2 +11 +26 +40 +21 +3 +1 -4 +16 +22 +32 +29 -18 $
>ID131B
+10 +34 +33 +27 +60 -54 +25 +35 +19 -14 -9 +17 +8 +24 +38 -5 -55 -36 -31 -13 -28 +6 +12 +57 -41 +61 +20 -15 +23 +30 +7 +2 +11 +26 +40 +21 +3 +1 -4 +16 +22 +32 +29 -18 $
>ID111A
+10 +34 +33 +27 +25 +35 +19 -14 +65 +67 -9 +17 +8 +24 +38 -5 -55 +64 +46 -47 -12 -6 +28 +13 +31 +36 +20 -15 +23 +30 +7 +2 +11 +26 +40 +21 +3 +1 -4 +16 +22 +37 +29 -18 $
>IDLH
+10 +34 +33 +27 +25 +35 +19 -14 -9 +17 +47 -46 +8 +24 +38 -5 -36 -31 -13 -28 +6 +12 +57 -41 +44 +20 -15 +23 +30 +7 +2 +11 +26 +40 +21 +3 +1 -4 +16 +22 +37 +29 -18 $
>ID154B
+10 +39 +33 +27 +25 +9 +14 -19 -35 +17 +8 +24 +38 -5 -36 -31 -13 -28 +6 +46 -47 +12 +57 -41 +61 +20 -15 +23 +30 +7 +2 +11 +26 +40 +21 +3 +1 -4 +16 +22 +37 +29 -18 $
>ID153B
+10 +39 +33 +27 +25 +9 +14 -19 -35 +17 +8 +24 +38 -5 -36 -31 -13 -28 +6 +46 -47 +12 +57 -41 +61 +20 -15 +23 +30 +7 +2 +11 +26 +40 +21 +3 +1 -4 +16 +22 +37 +29 -18 $
>IDES2L
+10 +34 +33 +27 +25 +35 +19 -14 -9 +17 +8 +24 +38 -5 -36 -31 -13 -28 +6 +12 +57 -41 -43 +20 -15 +23 +30 +7 +2 +11 +26 +40 +21 +52 -54 +3 +1 -4 +16 +22 +37 +29 -18 $
>ID116
+10 +34 +33 +27 +25 +9 +14 -19 -35 +17 +8 +42 +24 +38 -5 +49 -31 -13 -28 +6 +12 -41 -43 +20 -15 +23 +30 +7 +2 +11 +26 +40 +21 +3 +1 -4 +16 +22 +37 +29 -18 $
>IDUe273
+10 +34 +33 +27 +25 +35 +19 -14 -9 +17 +8 +24 +38 -5 +45 +49 -31 -13 -28 +6 +12 +20 -15 +23 +30 +7 +2 +11 +26 +21 +3 +1 -4 +16 +22 +37 +29 -18 $
>IDF72C
+10 +34 +33 +27 +25 +19 -14 +65 +43 -9 +17 +8 +24 +38 -5 -55 -12 -6 +28 +13 +31 -45 +20 -15 +23 +30 +7 +2 +11 +26 +40 +21 +3 +1 -4 +16 +22 +37 +29 -18 $
>ID1257
+10 +34 +33 +27 +25 +9 +14 -19 -35 +17 +8 +42 +24 +38 -5 +49 -31 -13 -28 +6 +12 +15 -20 +43 +41 +23 +30 +7 +2 +11 +26 +21 +3 +1 -4 +16 +22 +37 +29 -18 $
>ID4284
+10 +34 +33 +27 +25 +9 +14 -19 -35 +17 +8 +24 +38 -5 -36 -31 -13 -28 +6 +12 +20 -15 +43 +41 +23 +30 +7 +2 +11 +26 +40 +21 +3 +1 +4 +16 +22 +37 +29 -18 $
>IDNCTC10127
+10 +34 +33 +27 +47 -46 +59 -51 -5 -36 -31 -13 -28 +6 +12 +20 -15 +23 +30 +7 +2 +11 +26 +21 +3 +1 -4 +16 +22 +37 +29 -18 -47 -24 -8 -17 +9 +14 -19 -35 -25 +46 +46 -52 -2 $
>ID168
+10 +34 +33 +27 +25 +9 +14 -19 -35 +17 +8 +56 +24 +48 +55 +5 -36 -31 -13 -28 -20 +50 -12 -6 -15 +23 +30 +7 +2 +11 +26 +21 +3 +1 -4 +16 +22 +66 -52 +63 +29 -18 $
>ID168L
+10 +34 +33 +27 +25 +9 +14 -19 -35 +17 +8 +56 +24 +48 +55 +5 -36 -31 -13 -28 -20 +50 -12 -6 -15 +23 +30 +7 +2 +11 +26 +21 +3 +1 -4 +16 +22 +66 -52 +63 +29 -18 $
>ID7448
+10 +34 +33 +27 +25 +35 +19 -14 -9 +17 +8 +24 +38 -5 +49 -36 -13 -28 +6 +12 +20 -15 -56 +23 +30 +7 +2 +11 +26 +40 +21 +3 +1 -4 +16 +22 +37 +29 -18 $
>ID7422
+10 +34 +33 +27 +25 +56 +35 +19 -14 -9 +17 +8 +24 +38 -5 +53 +49 -31 -13 -28 +6 +12 -41 -43 +20 -15 +23 +30 +7 +2 +11 +26 +21 +3 +1 -4 +16 +22 +37 +29 -18 $
>ID232
+10 +34 +33 +27 -24 -8 -17 +9 +14 -19 -35 -25 +59 -51 -5 -36 -31 -13 -28 +6 +12 +20 -15 +23 +30 +7 +2 +11 +47 -46 +26 +21 +3 +1 -4 +16 +22 +37 +29 -18 $
>ID112B
+10 +34 +33 +27 +25 +35 +19 -14 +65 +67 +43 -9 +17 +8 +24 +38 -5 -55 +64 +46 -47 -12 -6 +28 +13 +31 +36 +20 -15 +23 +30 +7 +2 +11 +26 +40 +21 +3 +1 -4 +16 +22 +37 +29 -18 $
>IDUFV01
-4 +16 +22 +29 -18 +10 +34 +33 +27 +25 +35 +19 -14 -9 +17 +8 +24 +58 -5 -56 -36 -31 -13 -28 +6 +12 -41 -43 +20 -15 +23 +30 +7 +2 +11 +26 +40 +21 +3 +1 $
>ID11
+59 -51 -5 -36 -31 -13 -28 +6 +12 +20 -15 +23 +30 +7 +2 +11 +26 +21 +3 +1 -4 +16 +22 +37 +29 -18 +10 +34 +33 +27 +47 -46 -24 -8 -17 +9 +14 -19 -35 -25 $
>ID98
+68 +27 +25 +9 -19 +17 +8 +24 +38 -5 +49 -13 -28 +6 +12 +20 -15 +23 +7 +2 +11 +26 +40 +21 +3 +1 -4 +16 +46 -47 -14 +22 +37 +29 -18 +10 +39 $
>IDUFV02
+21 +3 +1 -4 +16 +22 +29 -18 +10 +34 +33 +27 +25 +35 +19 -14 -9 +17 +8 +24 +58 -5 -56 -36 -31 -13 -28 +6 +12 -41 -43 +20 -15 +23 +30 +7 +2 +11 +26 +21 +3 +1 $
>IDMHP691
+37 +29 -18 +10 +34 +33 +27 +25 +9 +14 -19 -35 +17 +8 +24 +38 -5 -31 -13 -28 +6 +12 +20 -15 +62 -54 +43 +41 +23 +30 +7 +2 +11 +26 +21 +3 +1 -4 +16 +22 $
>IDMHP696
+33 +27 +25 +9 +14 -19 -35 +17 +8 +24 +38 -5 -36 -31 -13 -28 +6 +12 +57 -41 -43 +20 -15 +23 +30 +7 +2 +11 +26 +21 +3 +1 -4 +16 +22 +37 +29 -18 +10 +39 $
>IDMHP699
+37 +29 -18 +10 +34 +33 +27 +25 +35 +19 -14 -9 +17 +8 +24 +38 -5 +49 -13 -28 +6 +12 -41 +20 -15 +23 +30 +7 +2 +11 +26 +21 +3 +60 -54 +1 -4 +16 +22 $
>IDMHP694
+34 +33 +27 +25 +9 +14 -19 +17 +8 +24 +58 -5 +49 -31 -13 -10 +18 -29 -28 +6 +12 +20 -15 +23 +30 +7 +2 +11 +26 +40 +21 +3 +1 -4 +16 +22 -40 $
>IDMHP709
-18 +10 +34 +33 +27 +25 +9 +14 -19 -35 +17 +8 +24 +38 -5 -36 -31 -13 -28 +6 +12 -41 -43 +20 -15 +23 +30 +7 +2 +11 +26 +21 +3 +1 -4 +16 +22 +37 +29 $
>IDMHP650
+21 +3 +1 -4 +16 +22 +37 +29 -18 +10 +34 +33 +27 +25 +35 +19 -14 -9 +17 +8 +24 +38 -5 -36 -31 -13 -28 +6 +12 -41 -43 +20 -15 +23 +30 +7 +2 +11 +26 -54 +60 $
>IDMHP653
-18 +10 +34 +33 +27 +25 +35 +19 -14 -9 +17 +8 +24 +38 -5 -55 +49 -31 -13 -28 +6 +12 -41 -43 +20 -15 +23 +30 +7 +2 +11 +26 +40 +21 +3 +1 -4 +16 +22 +37 +29 $
>IDMHP682
+10 +34 +33 +27 +25 +60 -54 +35 +19 -14 -9 +17 +8 +24 +38 -5 +49 -31 -13 -28 +6 +12 -41 -43 +44 +20 -15 +23 +30 +7 +2 +11 +26 +21 +3 +1 -4 +16 +22 +37 +29 -18 $
>IDMHP679
+68 +27 +25 +35 +19 -14 -9 +17 +8 +24 +38 -5 -36 -56 -13 -28 +6 +12 -41 -43 +20 -15 +23 +30 +7 +2 +11 +26 +3 +1 -4 +16 +22 +29 -18 +10 $
>IDTB1
+34 +27 +25 +9 +14 -19 -35 +17 +8 +56 +24 +48 +55 +5 -58 -36 -31 -13 -28 -20 -12 -6 -15 +23 +30 +7 +2 +11 +26 +21 +3 +1 -4 +16 +22 +66 -52 +63 +29 -18 +10 $
>IDKM014
-56 +21 +3 +1 -4 +16 +22 +37 -18 +10 +34 +33 +27 -54 +46 -47 +25 +19 -14 -9 +17 +8 +24 +38 -5 -36 -31 -13 -28 +6 +12 -41 -43 +20 -15 +23 +30 +7 +2 +11 +26 +40 $
