MF30	Ms42	99.475	71385	232	24	12833	84074	12988	84372	0.0	1.271e+05
MF30	Ms42	99.397	57665	168	22	134669	192153	138816	196480	0.0	1.025e+05
MF30	Ms42	99.646	51124	125	20	362241	413308	410825	461948	0.0	91341
MF30	Ms42	99.233	46139	171	29	449466	495421	503128	549266	0.0	81665
MF30	Ms42	97.141	43023	873	46	238411	281079	260585	303604	0.0	72280
MF30	Ms42	99.631	38208	112	9	502644	540823	556975	595181	0.0	68273
MF30	Ms42	99.675	32971	72	15	701075	734010	798900	831870	0.0	58944
MF30	Ms42	99.587	31448	77	13	571552	602946	644826	676273	0.0	56120
MF30	Ms42	98.577	29865	238	26	192205	221882	196552	226416	0.0	52041
MF30	Ms42	99.514	29196	93	12	540824	569970	595356	624551	0.0	52008
MF30	Ms42	99.742	29015	63	5	635468	664470	715052	744066	0.0	51977
MF30	Ms42	98.878	21568	154	17	674978	696457	759615	781182	0.0	37816
MF30	Ms42	98.433	19528	224	20	90785	110231	91421	110947	0.0	33897
MF30	Ms42	99.471	18513	94	2	222301	240809	227311	245823	0.0	32952
MF30	Ms42	99.099	18085	82	12	110265	128270	111016	129098	0.0	31915
MF30	Ms42	99.179	16925	75	15	603139	619999	676649	693573	0.0	29901
MF30	Ms42	99.295	16319	52	7	328407	344662	356093	372411	0.0	28941
MF30	Ms42	99.630	12976	42	2	434567	447536	486684	499659	0.0	23181
MF30	Ms42	99.484	12996	39	7	421599	434566	473506	486501	0.0	23129
MF30	Ms42	99.898	12724	10	3	1	12721	1	12724	0.0	22877
MF30	Ms42	99.159	12366	54	10	290733	303048	313666	326031	0.0	21832
MF30	Ms42	99.207	10217	41	8	620168	630344	694337	704553	0.0	18060
MF30	Ms42	98.091	9744	105	16	281060	290722	303656	313399	0.0	16743
MF30	Ms42	99.506	8499	41	1	229911	238409	245805	254302	0.0	15135
MF30	Ms42	99.338	8153	26	4	349627	357751	377622	385774	0.0	14467
MF30	Ms42	99.483	7541	32	3	318806	326340	343566	351105	0.0	13418
MF30	Ms42	99.572	7236	9	4	495430	502643	549601	556836	0.0	12911
MF30	Ms42	97.617	6923	129	8	84074	90961	84625	91546	0.0	11795
MF30	Ms42	99.299	6421	12	6	664653	671040	744359	750779	0.0	11380
MF30	Ms42	99.609	6132	23	1	128546	134676	132052	138183	0.0	10949
MF30	Ms42	99.485	5630	20	2	303049	308669	326215	331844	0.0	10022
MF30	Ms42	99.185	5030	38	1	630451	635477	704856	709885	0.0	8886
MF30	Ms42	99.691	4862	12	2	344765	349623	372542	377403	0.0	8695
MF30	Ms42	99.870	4618	5	1	696442	701058	785221	789838	0.0	8298
MF30	Ms42	99.202	4261	23	2	314422	318671	338887	343147	0.0	7532
MF30	Ms42	99.122	3987	16	3	671042	675009	750861	754847	0.0	7036
MF30	Ms42	99.127	3667	13	4	308676	312323	332186	335852	0.0	6469
MF30	Ms42	96.933	2478	56	6	419094	421551	631392	628915	0.0	4118
MF30	Ms42	98.611	2088	28	1	419469	421555	835046	832959	0.0	3631
MF30	Ms42	98.593	2061	28	1	419497	421556	637029	634969	0.0	3582
MF30	Ms42	87.235	2640	321	7	359608	362234	407929	410565	0.0	3265
MF30	Ms42	99.397	1823	4	1	312421	314236	336773	338595	0.0	3240
MF30	Ms42	97.117	1769	8	5	447715	449441	407929	409696	0.0	2976
MF30	Ms42	75.091	4396	987	33	122941	127270	176699	172346	0.0	2942
MF30	Ms42	75.171	4386	989	35	168099	172431	128100	123762	0.0	2933
MF30	Ms42	98.727	1571	19	1	417525	419095	633477	635046	0.0	2740
MF30	Ms42	97.241	1341	34	1	570249	571586	640160	641500	0.0	2278
MF30	Ms42	96.667	960	9	4	327470	328406	354997	355956	0.0	1593
MF30	Ms42	98.865	881	10	0	326441	327321	352624	353504	0.0	1544
MF30	Ms42	97.065	886	17	1	417525	418401	637442	638327	0.0	1485
MF30	Ms42	99.034	828	8	0	357854	358681	404257	405084	0.0	1458
MF30	Ms42	98.905	822	3	1	418274	419095	832220	833035	0.0	1443
MF30	Ms42	99.840	626	1	0	358930	359555	406167	406792	0.0	1124
MF30	Ms42	75.379	1584	321	17	310887	312420	337031	338595	0.0	1086
MF30	Ms42	74.771	1637	308	27	255736	257327	275635	277211	0.0	1063
MF30	Ms42	74.282	1637	316	27	253411	254987	277961	279552	0.0	1027
MF30	Ms42	74.659	1468	330	11	312679	314128	334398	335841	0.0	975
MF30	Ms42	76.124	1223	249	15	127343	128534	130768	131978	0.0	874
MF30	Ms42	99.078	434	4	0	602606	603039	675219	675652	0.0	765
MF30	Ms42	83.836	730	106	7	358782	359501	351105	350378	0.0	764
MF30	Ms42	99.518	415	2	0	221883	222297	226785	227199	0.0	740
MF30	Ms42	93.162	468	20	5	416186	416644	631390	630926	0.0	688
MF30	Ms42	80.985	731	121	8	416645	417360	351105	350378	0.0	672
MF30	Ms42	96.774	403	13	0	416186	416588	637518	637116	0.0	668
MF30	Ms42	96.059	406	13	1	419094	419496	637520	637115	0.0	659
MF30	Ms42	96.543	376	13	0	416186	416561	633553	633178	1.57e-175	619
MF30	Ms42	99.120	341	3	0	601898	602238	675933	676273	1.21e-170	603
MF30	Ms42	94.974	378	16	1	419094	419468	633555	633178	6.27e-168	594
MF30	Ms42	96.275	349	13	0	417697	418045	831871	832219	7.15e-161	571
MF30	Ms42	78.169	710	135	8	416833	417527	406204	406908	3.04e-159	565
MF30	Ms42	83.271	538	85	4	325614	326149	406738	406204	6.70e-155	551
MF30	Ms42	100.000	305	0	0	418498	418802	639034	639338	6.70e-155	551
MF30	Ms42	98.697	307	4	0	415853	416159	386303	385997	1.47e-150	536
MF30	Ms42	96.990	299	9	0	415860	416158	403489	403191	3.71e-139	499
MF30	Ms42	99.288	281	1	1	418803	419082	639571	639851	4.52e-138	495
MF30	Ms42	87.089	395	43	5	129160	129550	129377	129767	6.28e-130	468
MF30	Ms42	85.393	356	6	1	415532	415841	353783	353428	7.16e-123	444
MF30	Ms42	99.149	235	2	0	415532	415766	403861	404095	3.47e-114	416
MF30	Ms42	98.729	236	3	0	418038	418273	631479	631714	1.21e-113	414
MF30	Ms42	94.979	239	1	1	413327	413554	693735	693497	2.05e-104	383
MF30	Ms42	82.716	324	8	2	415876	416151	473112	473435	1.58e-99	367
MF30	Ms42	95.964	223	3	3	570144	570360	634970	635192	9.96e-96	354
MF30	Ms42	95.964	223	3	3	570144	570360	832959	833181	9.96e-96	354
MF30	Ms42	72.982	607	162	2	683297	683902	765561	766166	4.24e-94	349
MF30	Ms42	72.982	607	162	2	680889	681494	767969	768574	4.24e-94	349
MF30	Ms42	95.890	219	3	3	570148	570360	628915	629133	1.48e-93	347
MF30	Ms42	87.356	261	2	1	571290	571550	644411	644640	1.48e-93	347
MF30	Ms42	99.438	178	1	0	413312	413489	704606	704783	2.50e-84	316
MF30	Ms42	98.352	182	3	0	415841	416022	353764	353945	8.74e-84	315
MF30	Ms42	70.655	702	187	10	447558	448249	761772	761080	3.72e-82	309
MF30	Ms42	94.444	198	3	2	327465	327654	473506	473703	4.53e-81	306
MF30	Ms42	91.667	204	3	2	327473	327662	385899	385696	8.19e-78	295
MF30	Ms42	70.455	528	99	2	678746	679227	353428	353944	9.97e-77	291
MF30	Ms42	72.814	526	138	5	676426	676949	408463	407941	4.24e-75	286
MF30	Ms42	89.202	213	3	4	327472	327664	403086	402874	1.80e-73	280
MF30	Ms42	100.000	155	0	0	447558	447712	406799	406953	1.80e-73	280
MF30	Ms42	99.363	157	1	0	414777	414933	405008	405164	6.29e-73	279
MF30	Ms42	94.886	176	6	1	417540	417712	631329	631504	2.20e-72	277
MF30	Ms42	80.756	291	56	0	415551	415841	763690	763400	2.68e-71	273
MF30	Ms42	88.263	213	22	3	569832	570043	634836	635046	1.69e-67	260
MF30	Ms42	76.347	334	79	0	415841	416174	763719	764052	3.72e-63	246
MF30	Ms42	83.190	232	39	0	734256	734487	318548	318317	4.53e-62	242
MF30	Ms42	71.257	501	134	6	359567	360062	761656	761161	1.93e-60	237
MF30	Ms42	85.981	214	26	4	569832	570043	832824	833035	1.93e-60	237
MF30	Ms42	70.818	538	133	11	416947	417474	762239	761716	6.73e-60	235
MF30	Ms42	75.896	307	74	0	679059	679365	386303	385997	1.48e-55	221
MF30	Ms42	99.194	124	1	0	222249	222372	226785	226908	5.17e-55	219
MF30	Ms42	78.776	245	47	1	678821	679065	404095	403856	9.35e-52	208
MF30	Ms42	84.577	201	27	4	569832	570030	639653	639851	9.35e-52	208
MF30	Ms42	75.251	299	74	0	679066	679364	403489	403191	3.26e-51	206
MF30	Ms42	69.418	533	146	8	677062	677580	406855	406326	3.26e-51	206
MF30	Ms42	70.968	434	118	5	359089	359519	762234	761806	4.84e-49	199
MF30	Ms42	84.472	161	22	1	326441	326598	405084	404924	5.53e-42	176
MF30	Ms42	70.573	384	111	2	325643	326026	761853	762234	5.53e-42	176
MF30	Ms42	83.851	161	23	1	358521	358681	352781	352624	6.73e-41	172
MF30	Ms42	70.390	385	111	3	677199	677580	350407	350791	2.35e-40	170
MF30	Ms42	96.154	104	4	0	602242	602345	676637	676740	2.35e-40	170
MF30	Ms42	97.030	101	0	1	415608	415705	386849	386949	2.86e-39	167
MF30	Ms42	98.969	97	0	1	418402	418497	638431	638527	2.86e-39	167
MF30	Ms42	75.732	239	54	2	631036	631272	428292	428528	9.99e-39	165
MF30	Ms42	75.732	239	54	2	379675	379911	705441	705677	9.99e-39	165
MF30	Ms42	67.937	446	137	1	618405	618844	194998	195443	1.22e-37	161
MF30	Ms42	78.173	197	43	0	679159	679355	473237	473433	1.22e-37	161
MF30	Ms42	100.000	88	0	0	192154	192241	196552	196639	4.25e-37	159
MF30	Ms42	100.000	88	0	0	602950	603037	676637	676724	4.25e-37	159
MF30	Ms42	85.811	148	13	5	253110	253253	277317	277460	1.48e-36	158
MF30	Ms42	67.713	446	138	1	190671	191116	691979	692418	5.18e-36	156
MF30	Ms42	85.811	148	13	6	255093	255236	275334	275477	6.30e-35	152
MF30	Ms42	96.739	92	3	0	603139	603230	675575	675666	6.30e-35	152
MF30	Ms42	95.556	90	4	0	414777	414866	352700	352611	9.36e-33	145
MF30	Ms42	92.079	101	6	1	314414	314512	336773	336873	3.27e-32	143
MF30	Ms42	98.765	81	1	0	414945	415025	351106	351026	1.14e-31	141
MF30	Ms42	100.000	78	0	0	414867	414944	352188	352111	1.14e-31	141
MF30	Ms42	100.000	77	0	0	314237	314313	336773	336849	3.98e-31	140
MF30	Ms42	100.000	77	0	0	357852	357928	353504	353428	3.98e-31	140
MF30	Ms42	88.073	109	10	1	109541	109646	110839	110947	1.39e-30	138
MF30	Ms42	100.000	75	0	0	327245	327319	404331	404257	4.85e-30	136
MF30	Ms42	100.000	75	0	0	415767	415841	404257	404331	4.85e-30	136
MF30	Ms42	96.386	83	3	0	416562	416644	835046	834964	4.85e-30	136
MF30	Ms42	100.000	73	0	0	419023	419095	628915	628987	5.90e-29	132
MF30	Ms42	100.000	73	0	0	569971	570043	628915	628987	5.90e-29	132
MF30	Ms42	81.818	132	15	2	312429	312560	338887	339009	2.06e-28	131
MF30	Ms42	76.238	202	32	7	415532	415726	389680	389872	2.06e-28	131
MF30	Ms42	100.000	70	0	0	312324	312393	336177	336246	2.51e-27	127
MF30	Ms42	65.761	552	177	6	331545	332090	765581	766126	2.51e-27	127
MF30	Ms42	98.611	72	1	0	221935	222006	227311	227382	8.76e-27	125
MF30	Ms42	100.000	69	0	0	314245	314313	338887	338955	8.76e-27	125
MF30	Ms42	65.580	552	178	6	680909	681454	359255	359800	3.06e-26	123
MF30	Ms42	71.861	231	57	3	414777	415003	392616	392842	1.30e-24	118
MF30	Ms42	93.590	78	5	0	358852	358929	405958	406035	1.30e-24	118
MF30	Ms42	100.000	65	0	0	664471	664535	717191	717127	1.30e-24	118
MF30	Ms42	100.000	64	0	0	192127	192190	196576	196639	4.54e-24	116
MF30	Ms42	72.603	219	49	4	678849	679067	389884	389677	4.54e-24	116
MF30	Ms42	100.000	64	0	0	414941	415004	405714	405777	4.54e-24	116
MF30	Ms42	78.723	141	28	2	418884	419022	624411	624551	1.58e-23	114
MF30	Ms42	91.358	81	0	2	357678	357751	402880	402960	5.53e-23	113
MF30	Ms42	72.124	226	55	4	200855	201076	606236	606457	5.53e-23	113
MF30	Ms42	100.000	62	0	0	620100	620161	693985	694046	5.53e-23	113
MF30	Ms42	64.228	1107	293	43	676515	677565	394226	393167	1.93e-22	111
MF30	Ms42	98.438	64	1	0	421492	421555	639851	639788	1.93e-22	111
MF30	Ms42	98.438	64	1	0	570144	570207	639788	639851	1.93e-22	111
MF30	Ms42	95.588	68	3	0	357852	357919	387245	387312	6.74e-22	109
MF30	Ms42	95.588	68	3	0	327254	327321	387312	387245	6.74e-22	109
MF30	Ms42	95.588	68	3	0	415765	415832	387245	387312	6.74e-22	109
MF30	Ms42	86.022	93	10	1	678728	678820	404346	404257	2.35e-21	107
MF30	Ms42	100.000	59	0	0	358782	358840	405719	405777	2.35e-21	107
MF30	Ms42	100.000	59	0	0	326282	326340	405777	405719	2.35e-21	107
MF30	Ms42	100.000	59	0	0	416645	416703	405719	405777	2.35e-21	107
MF30	Ms42	85.263	95	11	1	357852	357943	763476	763382	2.35e-21	107
MF30	Ms42	100.000	58	0	0	221874	221931	227142	227199	8.21e-21	105
MF30	Ms42	95.522	67	2	1	357675	357740	355211	355145	8.21e-21	105
MF30	Ms42	77.465	142	30	2	448037	448177	394102	394242	8.21e-21	105
MF30	Ms42	94.286	70	3	1	357683	357751	473703	473634	8.21e-21	105
MF30	Ms42	87.209	86	8	1	109534	109616	110862	110947	2.86e-20	104
MF30	Ms42	98.333	60	1	0	630284	630343	694046	693987	2.86e-20	104
MF30	Ms42	98.305	59	1	0	301252	301310	324290	324232	1.00e-19	102
MF30	Ms42	100.000	55	0	0	416056	416110	354611	354665	3.49e-19	100
MF30	Ms42	100.000	55	0	0	416590	416644	637029	636975	3.49e-19	100
MF30	Ms42	68.421	285	81	4	113370	113650	13759	14038	1.22e-18	98.7
MF30	Ms42	68.421	285	81	4	13604	13883	114124	114404	1.22e-18	98.7
MF30	Ms42	74.830	147	37	0	678052	678198	352623	352769	1.22e-18	98.7
MF30	Ms42	86.585	82	11	0	415739	415820	389987	390068	1.22e-18	98.7
MF30	Ms42	88.312	77	9	0	327245	327321	763400	763476	1.22e-18	98.7
MF30	Ms42	70.588	221	57	4	551664	551880	205230	205446	1.48e-17	95.1
MF30	Ms42	87.838	74	3	1	415532	415599	386532	386605	1.48e-17	95.1
MF30	Ms42	85.366	82	12	0	678767	678848	390068	389987	1.48e-17	95.1
MF30	Ms42	73.077	182	34	6	283845	284016	728749	728573	1.48e-17	95.1
MF30	Ms42	71.845	206	38	8	167792	167978	130651	130447	5.18e-17	93.3
MF30	Ms42	72.376	181	38	5	648983	649159	306676	306504	1.81e-16	91.5
MF30	Ms42	90.909	66	3	1	421541	421606	386059	385997	1.81e-16	91.5
MF30	Ms42	74.638	138	35	0	414363	414500	598535	598398	1.81e-16	91.5
MF30	Ms42	77.344	128	26	3	414529	414654	617807	617681	6.31e-16	89.7
MF30	Ms42	65.873	378	113	6	114497	114866	14877	15246	2.20e-15	87.8
MF30	Ms42	85.333	75	11	0	311030	311104	18336	18262	7.69e-15	86.0
MF30	Ms42	67.391	276	88	2	12834	13108	158412	158686	7.69e-15	86.0
MF30	Ms42	66.866	335	106	5	129632	129963	172106	171774	7.69e-15	86.0
MF30	Ms42	85.333	75	11	0	18028	18102	334615	334541	7.69e-15	86.0
MF30	Ms42	65.608	378	114	6	14722	15091	115251	115620	2.68e-14	84.2
MF30	Ms42	96.078	51	2	0	327422	327472	386047	385997	2.68e-14	84.2
MF30	Ms42	74.046	131	34	0	326456	326586	762722	762852	2.68e-14	84.2
MF30	Ms42	87.879	66	8	0	327422	327487	763987	764052	2.68e-14	84.2
MF30	Ms42	91.379	58	5	0	311049	311106	279120	279063	9.37e-14	82.4
MF30	Ms42	94.340	53	3	0	678755	678807	387312	387260	9.37e-14	82.4
MF30	Ms42	68.720	211	63	1	677990	678197	405147	404937	9.37e-14	82.4
MF30	Ms42	69.915	236	63	7	167018	167248	749716	749484	9.37e-14	82.4
MF30	Ms42	67.029	276	89	2	154189	154463	12989	13263	3.27e-13	80.6
MF30	Ms42	100.000	44	0	0	109534	109577	110565	110608	3.27e-13	80.6
MF30	Ms42	68.462	260	74	6	669722	669977	171520	171265	3.27e-13	80.6
MF30	Ms42	82.278	79	14	0	18023	18101	337250	337172	3.27e-13	80.6
MF30	Ms42	89.831	59	6	0	415706	415764	387059	387117	3.27e-13	80.6
MF30	Ms42	81.111	90	13	2	418794	418882	629128	629214	3.27e-13	80.6
MF30	Ms42	81.111	90	13	2	418794	418882	635187	635273	3.27e-13	80.6
MF30	Ms42	81.111	90	13	2	418794	418882	833176	833262	3.27e-13	80.6
MF30	Ms42	89.655	58	6	0	256838	256895	334617	334560	1.14e-12	78.8
MF30	Ms42	68.379	253	74	5	415274	415523	655564	655813	1.14e-12	78.8
MF30	Ms42	65.683	542	151	21	636501	637029	783655	784174	3.98e-12	77.0
MF30	Ms42	81.013	79	15	0	312820	312898	18335	18257	1.39e-11	75.2
MF30	Ms42	82.051	78	13	1	81560	81636	81953	82030	1.39e-11	75.2
MF30	Ms42	75.000	120	28	2	414777	414895	388452	388570	1.39e-11	75.2
MF30	Ms42	86.154	65	6	1	421541	421605	403252	403191	1.39e-11	75.2
MF30	Ms42	85.714	63	9	0	607374	607436	267993	268055	4.85e-11	73.4
MF30	Ms42	97.674	43	1	0	327422	327464	473393	473435	4.85e-11	73.4
MF30	Ms42	85.714	63	9	0	245812	245874	680904	680966	4.85e-11	73.4
MF30	Ms42	69.828	116	7	1	620102	620189	704552	704437	4.85e-11	73.4
MF30	Ms42	66.148	257	87	0	17290	17546	275968	276224	1.69e-10	71.6
MF30	Ms42	95.455	44	2	0	357864	357907	390025	390068	1.69e-10	71.6
MF30	Ms42	95.455	44	2	0	327266	327309	390068	390025	1.69e-10	71.6
MF30	Ms42	72.340	141	37	2	359930	360069	394102	394241	1.69e-10	71.6
MF30	Ms42	87.931	58	4	1	421541	421598	473381	473435	1.69e-10	71.6
MF30	Ms42	95.455	44	2	0	421448	421491	639977	639934	1.69e-10	71.6
MF30	Ms42	65.116	387	118	8	235193	235572	34451	34827	5.91e-10	69.8
MF30	Ms42	86.207	58	8	0	109580	109637	110551	110608	5.91e-10	69.8
MF30	Ms42	73.188	138	26	5	675522	675652	409455	409322	5.91e-10	69.8
MF30	Ms42	73.826	149	26	8	723145	723287	820005	820146	5.91e-10	69.8
MF30	Ms42	73.826	149	26	8	722151	722292	821002	821144	5.91e-10	69.8
MF30	Ms42	65.759	257	88	0	253744	254000	17524	17780	2.06e-09	68.0
MF30	Ms42	93.333	45	3	0	325577	325621	385584	385540	2.06e-09	68.0
MF30	Ms42	90.000	50	5	0	327422	327471	403240	403191	2.06e-09	68.0
MF30	Ms42	100.000	37	0	0	415841	415877	472915	472951	2.06e-09	68.0
MF30	Ms42	72.222	126	27	2	191294	191415	692602	692723	2.06e-09	68.0
MF30	Ms42	71.852	135	36	2	449072	449205	760303	760170	2.06e-09	68.0
MF30	Ms42	80.263	76	14	1	113122	113196	13523	13598	7.20e-09	66.2
MF30	Ms42	77.778	81	18	0	678886	678966	386945	386865	7.20e-09	66.2
MF30	Ms42	84.746	59	9	0	326471	326529	392662	392604	7.20e-09	66.2
MF30	Ms42	66.809	235	70	3	331878	332108	768322	768552	7.20e-09	66.2
MF30	Ms42	76.471	85	20	0	86963	87047	85694	85778	2.51e-08	64.4
MF30	Ms42	76.471	85	20	0	85142	85226	87515	87599	2.51e-08	64.4
MF30	Ms42	93.023	43	3	0	179703	179745	184021	183979	2.51e-08	64.4
MF30	Ms42	71.429	126	28	2	619028	619149	195621	195742	2.51e-08	64.4
MF30	Ms42	97.297	37	1	0	109859	109895	110839	110875	8.77e-08	62.6
MF30	Ms42	80.597	67	10	1	109526	109589	110884	110950	8.77e-08	62.6
MF30	Ms42	78.947	76	15	1	13368	13443	113876	113950	8.77e-08	62.6
MF30	Ms42	69.048	168	50	2	17908	18074	278945	279111	8.77e-08	62.6
MF30	Ms42	66.383	235	71	3	683650	683880	359588	359818	8.77e-08	62.6
MF30	Ms42	83.051	59	10	0	678823	678881	387117	387059	8.77e-08	62.6
MF30	Ms42	100.000	34	0	0	416152	416185	473506	473539	8.77e-08	62.6
MF30	Ms42	79.012	81	15	2	423118	423197	475114	475035	8.77e-08	62.6
MF30	Ms42	92.857	42	3	0	542297	542338	785411	785370	8.77e-08	62.6
MF30	Ms42	64.858	387	119	9	34213	34589	240207	240586	3.06e-07	60.8
MF30	Ms42	64.858	387	119	9	34213	34589	251086	251465	3.06e-07	60.8
MF30	Ms42	72.642	106	29	0	254353	254458	337413	337308	3.06e-07	60.8
MF30	Ms42	80.303	66	13	0	358586	358651	392597	392662	3.06e-07	60.8
MF30	Ms42	72.650	117	30	2	681800	681915	764442	764557	3.06e-07	60.8
MF30	Ms42	72.650	117	30	2	679770	679885	766472	766587	3.06e-07	60.8
MF30	Ms42	66.534	251	72	6	550335	550579	202891	203135	1.07e-06	59.0
MF30	Ms42	100.000	32	0	0	250373	250404	272674	272705	1.07e-06	59.0
MF30	Ms42	77.778	72	16	0	311395	311466	278780	278709	1.07e-06	59.0
MF30	Ms42	77.778	72	16	0	256484	256555	334977	334906	1.07e-06	59.0
MF30	Ms42	92.857	42	2	1	416111	416151	354713	354754	1.07e-06	59.0
MF30	Ms42	92.857	42	2	1	421558	421598	354713	354754	1.07e-06	59.0
MF30	Ms42	90.476	42	4	0	696591	696632	596870	596829	1.07e-06	59.0
MF30	Ms42	84.211	57	8	1	528417	528473	803821	803766	1.07e-06	59.0
MF30	Ms42	97.059	34	1	0	109530	109563	111016	111049	3.73e-06	57.2
MF30	Ms42	97.059	34	1	0	109848	109881	111016	111049	3.73e-06	57.2
MF30	Ms42	77.465	71	16	0	572507	572577	192332	192402	3.73e-06	57.2
MF30	Ms42	77.465	71	16	0	222248	222318	226976	227046	3.73e-06	57.2
MF30	Ms42	68.902	164	42	4	679074	679231	389531	389371	3.73e-06	57.2
MF30	Ms42	77.465	71	16	0	188050	188120	645795	645865	3.73e-06	57.2
MF30	Ms42	69.841	126	38	0	638159	638284	783685	783810	3.73e-06	57.2
MF30	Ms42	88.372	43	5	0	31381	31423	71915	71873	1.30e-05	55.4
MF30	Ms42	77.778	81	15	3	358875	358953	84253	84332	1.30e-05	55.4
MF30	Ms42	75.269	93	14	4	702560	702648	113692	113605	1.30e-05	55.4
MF30	Ms42	97.143	35	0	1	217406	217439	221948	221914	1.30e-05	55.4
MF30	Ms42	90.476	42	3	1	327424	327464	354713	354754	1.30e-05	55.4
MF30	Ms42	71.538	130	27	5	414897	415021	388669	388793	1.30e-05	55.4
MF30	Ms42	86.275	51	3	2	374612	374660	423274	423226	1.30e-05	55.4
MF30	Ms42	90.909	44	2	2	167811	167852	538958	539001	1.30e-05	55.4
MF30	Ms42	90.476	42	3	1	167805	167845	538999	538958	1.30e-05	55.4
MF30	Ms42	66.284	261	75	7	198525	198778	604912	605166	1.30e-05	55.4
MF30	Ms42	73.077	104	26	2	613335	613437	649446	649344	1.30e-05	55.4
MF30	Ms42	89.362	47	3	2	579916	579961	653254	653209	1.30e-05	55.4
MF30	Ms42	73.077	104	26	2	576051	576153	686986	686884	1.30e-05	55.4
MF30	Ms42	69.600	125	38	0	414792	414916	762768	762644	1.30e-05	55.4
MF30	Ms42	73.958	96	23	2	256792	256886	18214	18308	4.54e-05	53.6
MF30	Ms42	80.952	63	5	3	167793	167848	133128	133190	4.54e-05	53.6
MF30	Ms42	72.917	96	20	2	670057	670149	171171	171079	4.54e-05	53.6
MF30	Ms42	80.952	63	5	3	129622	129684	172040	172095	4.54e-05	53.6
MF30	Ms42	88.095	42	5	0	542292	542333	186715	186756	4.54e-05	53.6
MF30	Ms42	82.759	58	8	2	221988	222044	226946	226890	4.54e-05	53.6
MF30	Ms42	73.626	91	22	1	311022	311112	276788	276700	4.54e-05	53.6
MF30	Ms42	73.626	91	22	1	254476	254564	334623	334533	4.54e-05	53.6
MF30	Ms42	79.032	62	13	0	256834	256895	337251	337190	4.54e-05	53.6
MF30	Ms42	71.698	106	28	1	551719	551822	345523	345628	4.54e-05	53.6
MF30	Ms42	88.095	42	5	0	182439	182480	596824	596865	4.54e-05	53.6
MF30	Ms42	79.661	59	12	0	199279	199337	605794	605852	4.54e-05	53.6
MF30	Ms42	71.698	106	28	1	320764	320869	606296	606399	4.54e-05	53.6
MF30	Ms42	72.917	96	20	2	166832	166924	749888	749796	4.54e-05	53.6
MF30	Ms42	69.173	133	38	1	358534	358666	762851	762722	4.54e-05	53.6
MF30	Ms42	73.626	91	19	2	116337	116426	82238	82324	1.59e-04	51.8
MF30	Ms42	73.626	91	19	2	81963	82049	117155	117244	1.59e-04	51.8
MF30	Ms42	69.343	137	30	4	670520	670650	170753	170623	1.59e-04	51.8
MF30	Ms42	100.000	28	0	0	219115	219142	223659	223632	1.59e-04	51.8
MF30	Ms42	76.250	80	12	3	81111	81190	320629	320557	1.59e-04	51.8
MF30	Ms42	70.370	108	32	0	256711	256818	337413	337306	1.59e-04	51.8
MF30	Ms42	74.667	75	18	1	678989	679063	386604	386531	1.59e-04	51.8
MF30	Ms42	86.364	44	2	1	570208	570247	639934	639977	1.59e-04	51.8
MF30	Ms42	69.343	137	30	4	166376	166506	750389	750259	1.59e-04	51.8
MF30	Ms42	75.294	85	19	2	675200	675283	759922	759839	1.59e-04	51.8
MF30	Ms42	83.019	53	8	1	577619	577671	823819	823768	1.59e-04	51.8
MF30	Ms42	75.949	79	12	3	297584	297655	81465	81387	5.54e-04	50.0
MF30	Ms42	85.714	42	6	0	167998	168039	132127	132086	5.54e-04	50.0
MF30	Ms42	79.365	63	10	2	189578	189638	161338	161277	5.54e-04	50.0
MF30	Ms42	85.714	42	6	0	128580	128621	172286	172245	5.54e-04	50.0
MF30	Ms42	78.378	74	10	4	192832	192902	197268	197198	5.54e-04	50.0
MF30	Ms42	83.019	53	5	2	226373	226423	231434	231384	5.54e-04	50.0
MF30	Ms42	77.419	62	14	0	312838	312899	279120	279059	5.54e-04	50.0
MF30	Ms42	80.645	62	7	3	710487	710546	311603	311661	5.54e-04	50.0
MF30	Ms42	85.714	42	6	0	679317	679358	354713	354754	5.54e-04	50.0
MF30	Ms42	71.134	97	28	0	200870	200966	359455	359359	5.54e-04	50.0
MF30	Ms42	100.000	27	0	0	416159	416185	403086	403060	5.54e-04	50.0
MF30	Ms42	75.949	79	17	2	94392	94469	415771	415694	5.54e-04	50.0
MF30	Ms42	80.000	55	11	0	659613	659667	418654	418600	5.54e-04	50.0
MF30	Ms42	88.095	42	4	1	573452	573492	615532	615573	5.54e-04	50.0
MF30	Ms42	88.095	42	4	1	573452	573492	615579	615538	5.54e-04	50.0
MF30	Ms42	81.481	54	9	1	376287	376339	665668	665615	5.54e-04	50.0
MF30	Ms42	80.000	55	11	0	369989	370043	739263	739209	5.54e-04	50.0
MF30	Ms42	88.372	43	3	2	89956	89997	90549	90508	0.002	48.2
MF30	Ms42	93.548	31	2	0	109546	109576	110346	110376	0.002	48.2
MF30	Ms42	77.966	59	13	0	551217	551275	203645	203703	0.002	48.2
MF30	Ms42	80.000	60	9	2	416074	416130	208783	208724	0.002	48.2
MF30	Ms42	71.429	98	22	2	17980	18074	276658	276752	0.002	48.2
MF30	Ms42	76.712	73	15	2	311199	311270	278991	278920	0.002	48.2
MF30	Ms42	96.552	29	1	0	416157	416185	354997	355025	0.002	48.2
MF30	Ms42	73.333	90	22	2	432033	432122	373635	373722	0.002	48.2
MF30	Ms42	100.000	26	0	0	416160	416185	385899	385874	0.002	48.2
MF30	Ms42	78.125	64	9	2	674686	674745	415694	415632	0.002	48.2
MF30	Ms42	79.412	68	8	4	423209	423273	475190	475126	0.002	48.2
MF30	Ms42	88.889	36	4	0	489584	489619	497141	497106	0.002	48.2
MF30	Ms42	77.143	70	14	2	27975	28044	558052	557985	0.002	48.2
MF30	Ms42	96.552	29	1	0	325747	325775	745565	745537	0.002	48.2
MF30	Ms42	71.277	94	21	2	360995	361085	760303	760213	0.002	48.2
MF30	Ms42	80.000	55	9	1	162904	162956	808219	808273	0.002	48.2
MF30	Ms42	100.000	26	0	0	9	34	831849	831824	0.002	48.2
MF30	Ms42	77.586	58	13	0	234182	234239	32626	32683	0.007	46.4
MF30	Ms42	93.333	30	2	0	219114	219143	84222	84251	0.007	46.4
MF30	Ms42	91.429	35	2	1	449471	449505	90826	90793	0.007	46.4
MF30	Ms42	81.132	53	6	2	186638	186687	133186	133135	0.007	46.4
MF30	Ms42	90.909	33	3	0	602625	602657	172091	172059	0.007	46.4
MF30	Ms42	90.909	33	3	0	601917	601949	172091	172059	0.007	46.4
MF30	Ms42	79.245	53	11	0	172306	172358	176626	176574	0.007	46.4
MF30	Ms42	88.571	35	4	0	607406	607440	186766	186732	0.007	46.4
MF30	Ms42	93.333	30	2	0	227136	227165	232176	232147	0.007	46.4
MF30	Ms42	77.586	58	13	0	32389	32446	239196	239253	0.007	46.4
MF30	Ms42	77.586	58	13	0	32389	32446	250075	250132	0.007	46.4
MF30	Ms42	76.667	60	14	0	313788	313847	275865	275806	0.007	46.4
MF30	Ms42	76.667	60	14	0	253582	253641	338206	338147	0.007	46.4
MF30	Ms42	96.429	28	1	0	416023	416050	354358	354385	0.007	46.4
MF30	Ms42	76.389	72	15	2	358787	358857	388723	388793	0.007	46.4
MF30	Ms42	76.389	72	15	2	326265	326335	388793	388723	0.007	46.4
MF30	Ms42	76.389	72	15	2	416650	416720	388723	388793	0.007	46.4
MF30	Ms42	68.027	147	36	4	415886	416025	389513	389371	0.007	46.4
MF30	Ms42	96.429	28	1	0	398324	398351	446975	446948	0.007	46.4
MF30	Ms42	82.979	47	7	1	480852	480897	456330	456376	0.007	46.4
MF30	Ms42	88.571	35	4	0	63317	63351	461516	461550	0.007	46.4
MF30	Ms42	82.979	47	7	1	407691	407737	534669	534714	0.007	46.4
MF30	Ms42	90.909	33	3	0	167812	167844	675270	675238	0.007	46.4
MF30	Ms42	90.909	33	3	0	167812	167844	675984	675952	0.007	46.4
MF30	Ms42	88.571	35	4	0	182456	182490	680970	680936	0.007	46.4
MF30	Ms42	67.273	165	44	4	615614	615773	709559	709400	0.007	46.4
MF30	Ms42	66.834	199	58	5	638166	638359	716122	716317	0.007	46.4
MF30	Ms42	66.834	199	58	5	636538	636733	717750	717943	0.007	46.4
MF30	Ms42	71.277	94	16	3	112854	112939	800482	800392	0.007	46.4
MF30	Ms42	74.324	74	14	2	663603	663672	29138	29210	0.024	44.6
MF30	Ms42	93.103	29	2	0	98081	98109	31629	31657	0.024	44.6
MF30	Ms42	82.609	46	7	1	504473	504518	72012	72056	0.024	44.6
MF30	Ms42	88.235	34	4	0	219109	219142	84256	84223	0.024	44.6
MF30	Ms42	93.103	29	2	0	31392	31420	98738	98766	0.024	44.6
MF30	Ms42	81.818	44	8	0	109852	109895	110862	110905	0.024	44.6
MF30	Ms42	77.586	58	10	1	441569	441626	144901	144847	0.024	44.6
MF30	Ms42	81.818	44	8	0	31399	31442	155775	155732	0.024	44.6
MF30	Ms42	81.818	44	8	0	366427	366470	159665	159622	0.024	44.6
MF30	Ms42	73.973	73	17	1	501536	501606	164247	164175	0.024	44.6
MF30	Ms42	86.486	37	5	0	166887	166923	171170	171134	0.024	44.6
MF30	Ms42	83.333	42	7	0	696591	696632	186761	186720	0.024	44.6
MF30	Ms42	87.179	39	4	1	129643	129680	190953	190915	0.024	44.6
MF30	Ms42	69.014	142	34	5	201024	201160	202973	203109	0.024	44.6
MF30	Ms42	70.103	97	29	0	331649	331745	205336	205240	0.024	44.6
MF30	Ms42	88.889	36	3	1	310845	310880	223625	223659	0.024	44.6
MF30	Ms42	96.296	27	1	0	228764	228790	233804	233778	0.024	44.6
MF30	Ms42	100.000	24	0	0	167808	167831	244305	244282	0.024	44.6
MF30	Ms42	100.000	24	0	0	167808	167831	261465	261442	0.024	44.6
MF30	Ms42	86.047	43	3	2	732626	732666	265162	265121	0.024	44.6
MF30	Ms42	69.167	120	33	2	311153	311270	276678	276561	0.024	44.6
MF30	Ms42	76.562	64	10	2	654336	654396	277130	277069	0.024	44.6
MF30	Ms42	88.235	34	4	0	272269	272302	294780	294747	0.024	44.6
MF30	Ms42	77.027	74	11	4	163717	163790	336969	337036	0.024	44.6
MF30	Ms42	73.611	72	19	0	256484	256555	337628	337557	0.024	44.6
MF30	Ms42	81.633	49	8	1	204364	204412	386035	386082	0.024	44.6
MF30	Ms42	86.486	37	5	0	358534	358570	391772	391808	0.024	44.6
MF30	Ms42	81.633	49	8	1	204364	204412	403228	403275	0.024	44.6
MF30	Ms42	93.103	29	2	0	447539	447567	461968	461940	0.024	44.6
MF30	Ms42	81.633	49	8	1	204364	204412	473405	473358	0.024	44.6
MF30	Ms42	81.818	44	8	0	429792	429835	481769	481726	0.024	44.6
MF30	Ms42	80.851	47	9	0	535704	535750	513650	513604	0.024	44.6
MF30	Ms42	88.235	34	4	0	476922	476955	530753	530720	0.024	44.6
MF30	Ms42	86.486	37	5	0	219106	219142	538953	538989	0.024	44.6
MF30	Ms42	93.103	29	2	0	219114	219142	538990	538962	0.024	44.6
MF30	Ms42	82.609	46	7	1	71752	71796	558804	558849	0.024	44.6
MF30	Ms42	93.103	29	2	0	452692	452720	564890	564862	0.024	44.6
MF30	Ms42	100.000	24	0	0	530234	530257	584615	584592	0.024	44.6
MF30	Ms42	96.296	27	1	0	534230	534256	588614	588588	0.024	44.6
MF30	Ms42	80.851	47	9	0	459849	459895	590108	590062	0.024	44.6
MF30	Ms42	75.758	66	14	1	673340	673405	636611	636548	0.024	44.6
MF30	Ms42	91.176	34	2	1	166896	166928	646605	646638	0.024	44.6
MF30	Ms42	86.486	37	5	0	230134	230170	655277	655241	0.024	44.6
MF30	Ms42	79.032	62	8	3	8314	8375	676983	676927	0.024	44.6
MF30	Ms42	74.118	85	18	3	94304	94386	695677	695595	0.024	44.6
MF30	Ms42	86.486	37	5	0	629550	629586	703760	703724	0.024	44.6
MF30	Ms42	76.562	64	10	2	254845	254906	733992	733932	0.024	44.6
MF30	Ms42	90.625	32	3	0	732313	732344	747662	747693	0.024	44.6
MF30	Ms42	87.179	39	4	1	410592	410630	751330	751293	0.024	44.6
MF30	Ms42	82.979	47	3	2	124683	124727	768547	768504	0.024	44.6
MF30	Ms42	96.296	27	1	0	59236	59262	783663	783689	0.024	44.6
MF30	Ms42	83.333	42	7	0	182444	182485	785411	785370	0.024	44.6
MF30	Ms42	90.625	32	3	0	667935	667966	830173	830204	0.024	44.6
MF30	Ms42	75.758	66	14	1	673340	673405	834600	834537	0.024	44.6
MF30	Ms42	92.857	28	2	0	77662	77689	14655	14682	0.082	42.8
MF30	Ms42	70.408	98	23	2	254434	254528	18214	18308	0.082	42.8
MF30	Ms42	75.714	70	15	2	503654	503721	28278	28209	0.082	42.8
MF30	Ms42	85.000	40	5	1	65330	65369	31611	31649	0.082	42.8
MF30	Ms42	90.323	31	3	0	129656	129686	39085	39055	0.082	42.8
MF30	Ms42	92.857	28	2	0	340691	340718	43813	43786	0.082	42.8
MF30	Ms42	79.245	53	10	1	59613	59664	59911	59859	0.082	42.8
MF30	Ms42	92.857	28	2	0	14500	14527	77931	77958	0.082	42.8
MF30	Ms42	90.625	32	1	1	362222	362251	81291	81322	0.082	42.8
MF30	Ms42	82.927	41	7	0	304400	304440	82737	82697	0.082	42.8
MF30	Ms42	80.435	46	9	0	276169	276214	97289	97334	0.082	42.8
MF30	Ms42	90.323	31	3	0	109864	109894	110346	110376	0.082	42.8
MF30	Ms42	84.444	45	5	2	114986	115029	115783	115740	0.082	42.8
MF30	Ms42	84.211	38	6	0	150805	150842	123688	123651	0.082	42.8
MF30	Ms42	84.211	38	6	0	124677	124714	125535	125498	0.082	42.8
MF30	Ms42	71.134	97	16	4	324166	324260	129012	128926	0.082	42.8
MF30	Ms42	80.851	47	6	1	139504	139550	130229	130186	0.082	42.8
MF30	Ms42	90.323	31	3	0	38811	38841	133192	133162	0.082	42.8
MF30	Ms42	92.857	28	2	0	135110	135137	139285	139258	0.082	42.8
MF30	Ms42	68.485	165	40	7	350417	350575	140149	139991	0.082	42.8
MF30	Ms42	77.358	53	12	0	583432	583484	153118	153066	0.082	42.8
MF30	Ms42	79.167	48	10	0	162906	162953	167189	167142	0.082	42.8
MF30	Ms42	86.842	38	4	1	480030	480066	172059	172096	0.082	42.8
MF30	Ms42	84.211	38	6	0	546642	546679	175070	175033	0.082	42.8
MF30	Ms42	84.211	38	6	0	184384	184421	188698	188661	0.082	42.8
MF30	Ms42	90.323	31	3	0	219110	219140	190914	190944	0.082	42.8
MF30	Ms42	96.154	26	1	0	582665	582690	190942	190917	0.082	42.8
MF30	Ms42	73.563	87	10	5	26178	26261	212424	212500	0.082	42.8
MF30	Ms42	90.323	31	3	0	186637	186667	223627	223657	0.082	42.8
MF30	Ms42	66.825	211	56	8	311831	312034	276012	275809	0.082	42.8
MF30	Ms42	77.358	53	12	0	311395	311447	276421	276369	0.082	42.8
MF30	Ms42	80.435	46	9	0	96632	96677	298655	298700	0.082	42.8
MF30	Ms42	82.927	41	7	0	82422	82462	327615	327575	0.082	42.8
MF30	Ms42	70.455	88	26	0	254337	254424	334781	334694	0.082	42.8
MF30	Ms42	77.358	53	12	0	254145	254197	334958	334906	0.082	42.8
MF30	Ms42	82.353	51	4	3	150795	150845	343830	343785	0.082	42.8
MF30	Ms42	93.333	30	1	1	204383	204412	354657	354629	0.082	42.8
MF30	Ms42	93.333	30	1	1	505497	505526	356322	356294	0.082	42.8
MF30	Ms42	77.358	53	7	1	501579	501626	359955	359903	0.082	42.8
MF30	Ms42	77.358	53	12	0	358787	358839	392790	392842	0.082	42.8
MF30	Ms42	77.358	53	12	0	326283	326335	392842	392790	0.082	42.8
MF30	Ms42	77.358	53	12	0	416650	416702	392790	392842	0.082	42.8
MF30	Ms42	83.721	43	6	1	373868	373909	399432	399474	0.082	42.8
MF30	Ms42	77.778	54	9	1	33100	33150	400207	400154	0.082	42.8
MF30	Ms42	75.000	68	11	2	189613	189674	402871	402804	0.082	42.8
MF30	Ms42	80.851	47	6	1	673486	673529	426406	426360	0.082	42.8
MF30	Ms42	77.358	53	12	0	7865	7917	432007	432059	0.082	42.8
MF30	Ms42	84.211	38	6	0	393240	393277	441904	441867	0.082	42.8
MF30	Ms42	71.429	105	25	4	403488	403589	452218	452116	0.082	42.8
MF30	Ms42	92.857	28	2	0	601225	601252	459242	459269	0.082	42.8
MF30	Ms42	78.788	66	9	4	393294	393358	460047	460108	0.082	42.8
MF30	Ms42	100.000	23	0	0	694495	694517	460422	460400	0.082	42.8
MF30	Ms42	85.000	40	4	1	47746	47785	461527	461564	0.082	42.8
MF30	Ms42	87.879	33	4	0	445236	445268	496505	496537	0.082	42.8
MF30	Ms42	87.879	33	4	0	444382	444414	497359	497391	0.082	42.8
MF30	Ms42	78.947	57	10	2	396753	396809	511966	512020	0.082	42.8
MF30	Ms42	81.481	54	7	3	371769	371820	512049	511997	0.082	42.8
MF30	Ms42	92.857	28	2	0	648791	648818	513947	513974	0.082	42.8
MF30	Ms42	90.323	31	3	0	560291	560321	515368	515338	0.082	42.8
MF30	Ms42	92.857	28	2	0	607735	607762	530852	530825	0.082	42.8
MF30	Ms42	86.842	38	4	1	167812	167849	533844	533880	0.082	42.8
MF30	Ms42	96.154	26	1	0	332355	332380	536112	536137	0.082	42.8
MF30	Ms42	74.242	66	17	0	577516	577581	538866	538931	0.082	42.8
MF30	Ms42	86.111	36	5	0	444983	445018	543463	543428	0.082	42.8
MF30	Ms42	79.245	53	10	1	449457	449508	552977	553029	0.082	42.8
MF30	Ms42	90.323	31	3	0	653764	653794	563341	563311	0.082	42.8
MF30	Ms42	81.132	53	5	3	584975	585025	577592	577543	0.082	42.8
MF30	Ms42	96.154	26	1	0	718685	718710	587150	587175	0.082	42.8
MF30	Ms42	84.211	38	6	0	170784	170821	601227	601190	0.082	42.8
MF30	Ms42	79.167	48	10	0	551047	551094	604464	604511	0.082	42.8
MF30	Ms42	79.167	48	10	0	549888	549935	605624	605671	0.082	42.8
MF30	Ms42	83.333	42	5	1	167808	167847	619723	619682	0.082	42.8
MF30	Ms42	96.429	28	0	1	266337	266364	620219	620245	0.082	42.8
MF30	Ms42	86.486	37	2	1	663624	663660	622780	622747	0.082	42.8
MF30	Ms42	85.000	40	5	1	186457	186495	630641	630602	0.082	42.8
MF30	Ms42	96.154	26	1	0	186640	186665	655997	655972	0.082	42.8
MF30	Ms42	77.358	53	12	0	148893	148945	656797	656745	0.082	42.8
MF30	Ms42	81.132	53	5	3	523204	523253	658338	658288	0.082	42.8
MF30	Ms42	92.857	28	2	0	667435	667462	660788	660815	0.082	42.8
MF30	Ms42	92.857	28	2	0	410602	410629	674546	674573	0.082	42.8
MF30	Ms42	86.486	37	2	1	568170	568203	743256	743220	0.082	42.8
MF30	Ms42	92.857	28	2	0	587475	587502	747148	747175	0.082	42.8
MF30	Ms42	80.851	47	6	1	377743	377789	753348	753305	0.082	42.8
MF30	Ms42	79.630	54	9	2	305411	305462	770216	770269	0.082	42.8
MF30	Ms42	100.000	23	0	0	411760	411782	779239	779217	0.082	42.8
MF30	Ms42	92.857	28	2	0	729555	729582	827441	827414	0.082	42.8
MF30	Ms42	86.111	36	2	1	320895	320930	4521	4489	0.29	41.0
MF30	Ms42	82.927	41	5	1	548268	548306	8152	8192	0.29	41.0
MF30	Ms42	83.784	37	6	0	125292	125328	9803	9767	0.29	41.0
MF30	Ms42	92.593	27	2	0	673523	673549	15467	15493	0.29	41.0
MF30	Ms42	90.625	32	2	1	87488	87519	30217	30187	0.29	41.0
MF30	Ms42	82.609	46	5	2	675926	675971	45899	45857	0.29	41.0
MF30	Ms42	77.586	58	10	2	165176	165232	55217	55162	0.29	41.0
MF30	Ms42	90.000	30	3	0	146423	146452	56027	55998	0.29	41.0
MF30	Ms42	82.051	39	7	0	394844	394882	57996	58034	0.29	41.0
MF30	Ms42	78.723	47	10	0	335562	335608	61287	61241	0.29	41.0
MF30	Ms42	76.364	55	13	0	62225	62279	61969	62023	0.29	41.0
MF30	Ms42	76.364	55	13	0	61721	61775	62473	62527	0.29	41.0
MF30	Ms42	76.471	68	12	3	728047	728112	65624	65689	0.29	41.0
MF30	Ms42	83.784	37	6	0	441597	441633	71815	71851	0.29	41.0
MF30	Ms42	87.500	32	4	0	327746	327777	81768	81737	0.29	41.0
MF30	Ms42	90.625	32	2	1	31393	31423	84250	84219	0.29	41.0
MF30	Ms42	92.593	27	2	0	427131	427157	87956	87982	0.29	41.0
MF30	Ms42	90.625	32	2	1	29953	29983	88071	88040	0.29	41.0
MF30	Ms42	83.333	42	6	1	480385	480426	93905	93865	0.29	41.0
MF30	Ms42	96.000	25	1	0	613777	613801	98842	98818	0.29	41.0
MF30	Ms42	81.633	49	7	2	648094	648141	101183	101136	0.29	41.0
MF30	Ms42	88.235	34	3	1	285998	286031	104462	104430	0.29	41.0
MF30	Ms42	84.091	44	5	2	105149	105191	105850	105808	0.29	41.0
MF30	Ms42	83.784	37	6	0	611440	611476	106840	106804	0.29	41.0
MF30	Ms42	87.500	32	4	0	637756	637787	109381	109350	0.29	41.0
MF30	Ms42	83.784	37	6	0	109852	109888	110266	110302	0.29	41.0
MF30	Ms42	86.111	36	3	1	510661	510694	125089	125124	0.29	41.0
MF30	Ms42	85.714	35	5	0	129650	129684	130628	130594	0.29	41.0
MF30	Ms42	92.593	27	2	0	239940	239966	140580	140606	0.29	41.0
MF30	Ms42	100.000	22	0	0	703027	703048	166999	166978	0.29	41.0
MF30	Ms42	81.395	43	5	1	332047	332089	168046	168085	0.29	41.0
MF30	Ms42	77.586	58	10	2	54917	54972	169479	169423	0.29	41.0
MF30	Ms42	84.615	39	4	1	289818	289856	172927	172891	0.29	41.0
MF30	Ms42	92.593	27	2	0	62311	62337	173232	173258	0.29	41.0
MF30	Ms42	86.842	38	2	2	355926	355960	174863	174900	0.29	41.0
MF30	Ms42	87.500	32	4	0	419956	419987	175510	175479	0.29	41.0
MF30	Ms42	85.714	35	5	0	124082	124116	175487	175521	0.29	41.0
MF30	Ms42	83.784	37	6	0	575862	575898	207400	207436	0.29	41.0
MF30	Ms42	87.500	32	4	0	20651	20682	225226	225195	0.29	41.0
MF30	Ms42	84.615	39	5	1	605329	605367	227787	227824	0.29	41.0
MF30	Ms42	93.103	29	1	1	467585	467612	229747	229775	0.29	41.0
MF30	Ms42	75.342	73	14	3	650747	650817	230631	230701	0.29	41.0
MF30	Ms42	96.000	25	1	0	490295	490319	277852	277876	0.29	41.0
MF30	Ms42	81.395	43	4	1	45179	45217	281352	281394	0.29	41.0
MF30	Ms42	88.889	36	2	2	345753	345787	293961	293995	0.29	41.0
MF30	Ms42	84.615	39	4	1	168643	168679	312533	312495	0.29	41.0
MF30	Ms42	90.625	32	2	1	59654	59685	327360	327390	0.29	41.0
MF30	Ms42	87.500	32	4	0	324940	324971	328113	328082	0.29	41.0
MF30	Ms42	86.111	36	2	1	4487	4519	345689	345654	0.29	41.0
MF30	Ms42	92.593	27	2	0	437918	437944	347882	347908	0.29	41.0
MF30	Ms42	87.500	32	4	0	81462	81493	355326	355295	0.29	41.0
MF30	Ms42	81.395	43	5	1	163799	163838	359757	359799	0.29	41.0
MF30	Ms42	78.723	47	10	0	60993	61039	363319	363273	0.29	41.0
MF30	Ms42	88.889	36	2	2	271483	271517	373530	373564	0.29	41.0
MF30	Ms42	80.435	46	6	1	724827	724869	381122	381077	0.29	41.0
MF30	Ms42	85.000	40	2	2	354689	354726	382721	382684	0.29	41.0
MF30	Ms42	87.500	32	4	0	35198	35229	391520	391551	0.29	41.0
MF30	Ms42	85.366	41	3	2	50552	50589	402610	402570	0.29	41.0
MF30	Ms42	80.851	47	8	1	671035	671081	409659	409704	0.29	41.0
MF30	Ms42	83.784	37	6	0	89239	89275	419132	419096	0.29	41.0
MF30	Ms42	80.000	50	6	2	543819	543865	430080	430128	0.29	41.0
MF30	Ms42	96.296	27	0	1	669065	669090	444317	444291	0.29	41.0
MF30	Ms42	78.846	52	10	1	127241	127291	461732	461783	0.29	41.0
MF30	Ms42	77.778	54	11	1	288899	288952	473633	473685	0.29	41.0
MF30	Ms42	83.784	37	6	0	33060	33096	476393	476357	0.29	41.0
MF30	Ms42	85.714	35	5	0	16567	16601	493605	493571	0.29	41.0
MF30	Ms42	75.000	68	14	2	734115	734182	501999	502063	0.29	41.0
MF30	Ms42	100.000	22	0	0	625307	625328	511686	511707	0.29	41.0
MF30	Ms42	93.103	29	1	1	224737	224765	521352	521379	0.29	41.0
MF30	Ms42	77.778	54	5	2	457138	457191	522563	522609	0.29	41.0
MF30	Ms42	79.630	54	9	2	318572	318623	524008	524061	0.29	41.0
MF30	Ms42	77.143	70	12	4	481213	481280	535098	535031	0.29	41.0
MF30	Ms42	96.000	25	1	0	255627	255651	544139	544163	0.29	41.0
MF30	Ms42	83.784	37	6	0	584212	584248	550185	550221	0.29	41.0
MF30	Ms42	88.235	34	3	1	147396	147429	550205	550237	0.29	41.0
MF30	Ms42	96.000	25	1	0	411160	411184	562621	562645	0.29	41.0
MF30	Ms42	80.952	42	8	0	25071	25112	563033	563074	0.29	41.0
MF30	Ms42	86.111	36	3	1	124268	124303	564992	565025	0.29	41.0
MF30	Ms42	67.606	142	36	4	733492	733624	569461	569321	0.29	41.0
MF30	Ms42	92.593	27	2	0	597618	597644	573442	573468	0.29	41.0
MF30	Ms42	92.593	27	2	0	648411	648437	601119	601093	0.29	41.0
MF30	Ms42	83.784	37	6	0	418619	418655	601596	601560	0.29	41.0
MF30	Ms42	92.593	27	2	0	81640	81666	601588	601562	0.29	41.0
MF30	Ms42	87.500	32	4	0	528418	528449	609782	609751	0.29	41.0
MF30	Ms42	78.689	61	10	3	695336	695395	622450	622392	0.29	41.0
MF30	Ms42	90.625	32	2	1	667596	667627	624188	624218	0.29	41.0
MF30	Ms42	74.242	66	15	1	673340	673405	630559	630496	0.29	41.0
MF30	Ms42	87.500	32	4	0	433689	433720	634764	634733	0.29	41.0
MF30	Ms42	86.111	36	2	1	546920	546955	644180	644148	0.29	41.0
MF30	Ms42	81.250	48	6	2	49317	49364	644441	644397	0.29	41.0
MF30	Ms42	87.500	32	4	0	82963	82994	645766	645797	0.29	41.0
MF30	Ms42	75.758	66	13	2	362074	362136	650793	650728	0.29	41.0
MF30	Ms42	92.593	27	2	0	215909	215935	650760	650786	0.29	41.0
MF30	Ms42	84.615	39	5	1	222777	222814	678848	678886	0.29	41.0
MF30	Ms42	96.000	25	1	0	98161	98185	687350	687326	0.29	41.0
MF30	Ms42	66.667	165	45	4	634995	635154	689332	689173	0.29	41.0
MF30	Ms42	80.435	46	7	1	607308	607353	695665	695622	0.29	41.0
MF30	Ms42	87.500	32	4	0	77746	77777	708637	708606	0.29	41.0
MF30	Ms42	87.500	32	4	0	108684	108715	717371	717340	0.29	41.0
MF30	Ms42	78.723	47	10	0	645482	645528	724058	724012	0.29	41.0
MF30	Ms42	87.879	33	1	1	330510	330542	741213	741184	0.29	41.0
MF30	Ms42	88.235	34	3	1	438542	438574	745419	745452	0.29	41.0
MF30	Ms42	96.000	25	1	0	417203	417227	745541	745565	0.29	41.0
MF30	Ms42	90.625	32	2	1	569611	569641	747309	747340	0.29	41.0
MF30	Ms42	79.245	53	7	2	27483	27534	751939	751988	0.29	41.0
MF30	Ms42	74.242	66	15	1	419915	419978	753159	753224	0.29	41.0
MF30	Ms42	92.593	27	2	0	306124	306150	755253	755227	0.29	41.0
MF30	Ms42	93.103	29	1	1	479668	479696	758657	758684	0.29	41.0
MF30	Ms42	82.609	46	5	2	45613	45655	760622	760577	0.29	41.0
MF30	Ms42	96.000	25	1	0	169050	169074	769535	769559	0.29	41.0
MF30	Ms42	80.702	57	6	4	43512	43565	785539	785593	0.29	41.0
MF30	Ms42	100.000	22	0	0	162740	162761	800882	800861	0.29	41.0
MF30	Ms42	86.486	37	4	1	17481	17517	805632	805667	0.29	41.0
MF30	Ms42	87.500	32	4	0	431623	431654	812219	812250	0.29	41.0
MF30	Ms42	90.000	30	3	0	409598	409627	820878	820907	0.29	41.0
MF30	Ms42	76.471	68	12	3	65376	65441	825906	825971	0.29	41.0
MF30	Ms42	78.182	55	8	2	675988	676042	826977	826927	0.29	41.0
MF30	Ms42	83.721	43	4	2	242940	242981	830526	830486	0.29	41.0
MF30	Ms42	87.500	32	4	0	433689	433720	832758	832727	0.29	41.0
MF30	Ms42	87.097	31	4	0	99493	99523	1771	1741	1.0	39.2
MF30	Ms42	84.211	38	5	1	648801	648838	6708	6744	1.0	39.2
MF30	Ms42	76.786	56	12	1	306083	306137	7309	7254	1.0	39.2
MF30	Ms42	95.833	24	1	0	595172	595195	10078	10101	1.0	39.2
MF30	Ms42	83.333	36	6	0	546135	546170	11223	11188	1.0	39.2
MF30	Ms42	71.053	76	22	0	153843	153918	12384	12459	1.0	39.2
MF30	Ms42	80.488	41	8	0	41441	41481	23602	23562	1.0	39.2
MF30	Ms42	95.833	24	1	0	432036	432059	23732	23709	1.0	39.2
MF30	Ms42	78.846	52	3	3	208037	208080	26412	26463	1.0	39.2
MF30	Ms42	82.051	39	7	0	680752	680790	33334	33296	1.0	39.2
MF30	Ms42	92.857	28	1	1	242084	242110	35104	35131	1.0	39.2
MF30	Ms42	80.000	50	7	2	108473	108519	38256	38207	1.0	39.2
MF30	Ms42	90.000	30	1	1	167820	167847	39086	39057	1.0	39.2
MF30	Ms42	87.879	33	3	1	409362	409394	42920	42951	1.0	39.2
MF30	Ms42	95.833	24	1	0	672232	672255	45507	45484	1.0	39.2
MF30	Ms42	80.392	51	4	3	208040	208084	45835	45885	1.0	39.2
MF30	Ms42	90.000	30	1	1	125177	125206	49833	49806	1.0	39.2
MF30	Ms42	82.500	40	4	1	55467	55506	52362	52398	1.0	39.2
MF30	Ms42	95.833	24	1	0	154809	154832	56099	56076	1.0	39.2
MF30	Ms42	86.111	36	4	1	710484	710519	56533	56499	1.0	39.2
MF30	Ms42	83.333	42	4	2	238129	238170	56824	56786	1.0	39.2
MF30	Ms42	90.625	32	0	2	516312	516341	58051	58021	1.0	39.2
MF30	Ms42	79.070	43	3	1	374861	374897	63624	63582	1.0	39.2
MF30	Ms42	73.438	64	17	0	406981	407044	64280	64217	1.0	39.2
MF30	Ms42	89.655	29	3	0	360137	360165	66721	66693	1.0	39.2
MF30	Ms42	78.182	55	9	2	41632	41686	71121	71070	1.0	39.2
MF30	Ms42	87.879	33	3	1	669068	669100	71113	71082	1.0	39.2
MF30	Ms42	71.053	76	22	0	77088	77163	77432	77357	1.0	39.2
MF30	Ms42	87.097	31	4	0	283844	283874	82110	82140	1.0	39.2
MF30	Ms42	92.308	26	2	0	518917	518942	82252	82227	1.0	39.2
MF30	Ms42	83.333	36	6	0	635665	635700	85860	85825	1.0	39.2
MF30	Ms42	92.857	28	1	1	441381	441407	85997	85970	1.0	39.2
MF30	Ms42	87.097	31	4	0	1739	1769	100180	100150	1.0	39.2
MF30	Ms42	87.097	31	4	0	656472	656502	103982	104012	1.0	39.2
MF30	Ms42	90.323	31	2	1	208250	208280	109184	109213	1.0	39.2
MF30	Ms42	79.545	44	9	0	109564	109607	110565	110608	1.0	39.2
MF30	Ms42	82.500	40	4	1	109838	109874	110908	110947	1.0	39.2
MF30	Ms42	79.167	48	8	1	301537	301584	113640	113685	1.0	39.2
MF30	Ms42	84.211	38	5	1	277373	277410	115209	115173	1.0	39.2
MF30	Ms42	92.308	26	2	0	702627	702652	115811	115786	1.0	39.2
MF30	Ms42	82.927	41	6	1	284641	284681	118677	118638	1.0	39.2
MF30	Ms42	100.000	21	0	0	567668	567688	120954	120934	1.0	39.2
MF30	Ms42	85.294	34	5	0	537290	537323	125324	125357	1.0	39.2
MF30	Ms42	90.000	30	1	1	49562	49589	126027	125998	1.0	39.2
MF30	Ms42	74.390	82	13	5	166456	166536	127127	127053	1.0	39.2
MF30	Ms42	87.879	33	2	1	111216	111248	128478	128448	1.0	39.2
MF30	Ms42	92.308	26	2	0	612563	612588	137355	137380	1.0	39.2
MF30	Ms42	95.833	24	1	0	139586	139609	139809	139832	1.0	39.2
MF30	Ms42	95.833	24	1	0	135661	135684	143734	143757	1.0	39.2
MF30	Ms42	89.655	29	3	0	238648	238676	145407	145379	1.0	39.2
MF30	Ms42	76.786	56	12	1	488139	488193	148448	148393	1.0	39.2
MF30	Ms42	87.500	32	1	1	481747	481778	148811	148839	1.0	39.2
MF30	Ms42	83.333	36	6	0	730613	730648	155062	155027	1.0	39.2
MF30	Ms42	95.833	24	1	0	55831	55854	159055	159032	1.0	39.2
MF30	Ms42	80.000	45	7	1	286973	287017	164247	164205	1.0	39.2
MF30	Ms42	80.435	46	8	1	646713	646758	164238	164282	1.0	39.2
MF30	Ms42	89.655	29	3	0	396130	396158	166865	166893	1.0	39.2
MF30	Ms42	92.308	26	2	0	560121	560146	168609	168634	1.0	39.2
MF30	Ms42	87.500	32	1	1	417995	418023	168807	168838	1.0	39.2
MF30	Ms42	89.655	29	3	0	396223	396251	171203	171231	1.0	39.2
MF30	Ms42	90.000	30	1	1	38813	38842	172094	172067	1.0	39.2
MF30	Ms42	92.308	26	2	0	492577	492602	175643	175618	1.0	39.2
MF30	Ms42	92.308	26	2	0	172051	172076	176344	176319	1.0	39.2
MF30	Ms42	87.500	32	1	1	277233	277261	176575	176544	1.0	39.2
MF30	Ms42	73.529	68	17	1	123205	123272	178868	178934	1.0	39.2
MF30	Ms42	78.261	46	10	0	546399	546444	180856	180901	1.0	39.2
MF30	Ms42	86.842	38	3	2	181509	181545	185821	185785	1.0	39.2
MF30	Ms42	79.167	48	9	1	461273	461319	196049	196096	1.0	39.2
MF30	Ms42	90.909	33	1	2	163733	163764	199044	199013	1.0	39.2
MF30	Ms42	78.182	55	9	2	545672	545724	202113	202060	1.0	39.2
MF30	Ms42	77.193	57	10	2	329312	329368	204006	203953	1.0	39.2
MF30	Ms42	84.211	38	5	1	238834	238870	205152	205115	1.0	39.2
MF30	Ms42	89.655	29	3	0	679778	679806	210990	210962	1.0	39.2
MF30	Ms42	87.500	32	1	1	639160	639191	211773	211801	1.0	39.2
MF30	Ms42	80.392	51	4	3	45591	45641	212427	212471	1.0	39.2
MF30	Ms42	90.323	31	2	1	108518	108547	212637	212667	1.0	39.2
MF30	Ms42	85.294	34	5	0	279307	279340	222648	222615	1.0	39.2
MF30	Ms42	89.655	29	3	0	582662	582690	223658	223630	1.0	39.2
MF30	Ms42	82.051	39	7	0	503188	503226	233526	233488	1.0	39.2
MF30	Ms42	80.435	46	8	1	366979	367024	242466	242422	1.0	39.2
MF30	Ms42	83.333	42	4	2	56541	56579	243184	243143	1.0	39.2
MF30	Ms42	83.333	36	6	0	601914	601949	244266	244301	1.0	39.2
MF30	Ms42	83.333	36	6	0	602622	602657	244266	244301	1.0	39.2
MF30	Ms42	80.435	46	8	1	366979	367024	253345	253301	1.0	39.2
MF30	Ms42	83.333	42	4	2	56541	56579	254063	254022	1.0	39.2
MF30	Ms42	83.333	36	6	0	601914	601949	261426	261461	1.0	39.2
MF30	Ms42	83.333	36	6	0	602622	602657	261426	261461	1.0	39.2
MF30	Ms42	92.857	28	1	1	34866	34893	264259	264285	1.0	39.2
MF30	Ms42	76.087	46	6	1	242844	242884	265065	265020	1.0	39.2
MF30	Ms42	83.333	36	6	0	553419	553454	266708	266673	1.0	39.2
MF30	Ms42	90.323	31	2	1	289809	289838	267048	267078	1.0	39.2
MF30	Ms42	80.488	41	8	0	707169	707209	269128	269088	1.0	39.2
MF30	Ms42	79.167	48	8	1	724188	724235	284217	284262	1.0	39.2
MF30	Ms42	87.879	33	3	1	719211	719242	287931	287899	1.0	39.2
MF30	Ms42	80.000	45	6	1	574790	574831	298902	298946	1.0	39.2
MF30	Ms42	84.211	38	5	1	114419	114455	299896	299859	1.0	39.2
MF30	Ms42	85.294	34	5	0	218106	218139	301850	301817	1.0	39.2
MF30	Ms42	92.308	26	2	0	619004	619029	305757	305782	1.0	39.2
MF30	Ms42	87.097	31	4	0	81835	81865	306503	306533	1.0	39.2
MF30	Ms42	82.927	41	6	1	117818	117857	307341	307301	1.0	39.2
MF30	Ms42	68.269	104	33	0	286653	286756	308708	308811	1.0	39.2
MF30	Ms42	80.851	47	6	2	587875	587921	314939	314896	1.0	39.2
MF30	Ms42	87.097	31	4	0	30243	30273	320455	320485	1.0	39.2
MF30	Ms42	86.111	36	4	1	673019	673053	321117	321082	1.0	39.2
MF30	Ms42	85.106	47	3	4	299536	299580	322556	322512	1.0	39.2
MF30	Ms42	83.333	36	6	0	669399	669434	326681	326646	1.0	39.2
MF30	Ms42	92.308	26	2	0	520641	520666	329966	329941	1.0	39.2
MF30	Ms42	81.395	43	7	1	507936	507978	330141	330182	1.0	39.2
MF30	Ms42	87.500	32	1	1	669479	669507	334364	334395	1.0	39.2
MF30	Ms42	73.973	73	17	2	256695	256766	334781	334710	1.0	39.2
MF30	Ms42	85.294	34	5	0	253116	253149	336945	336912	1.0	39.2
MF30	Ms42	70.408	98	17	4	128095	128182	349020	348925	1.0	39.2
MF30	Ms42	87.097	31	4	0	176732	176762	349402	349432	1.0	39.2
MF30	Ms42	100.000	21	0	0	197496	197516	352904	352924	1.0	39.2
MF30	Ms42	74.194	62	8	2	326890	326947	353130	353073	1.0	39.2
MF30	Ms42	82.927	41	6	1	133506	133546	359893	359932	1.0	39.2
MF30	Ms42	95.833	24	1	0	482294	482317	360065	360088	1.0	39.2
MF30	Ms42	86.486	37	2	2	487169	487203	360402	360367	1.0	39.2
MF30	Ms42	93.333	30	0	2	332671	332699	360409	360381	1.0	39.2
MF30	Ms42	87.879	33	3	1	368502	368534	363357	363326	1.0	39.2
MF30	Ms42	92.308	26	2	0	275603	275628	372084	372109	1.0	39.2
MF30	Ms42	87.097	31	4	0	498818	498848	376643	376673	1.0	39.2
MF30	Ms42	83.333	36	6	0	481749	481784	376832	376797	1.0	39.2
MF30	Ms42	92.308	26	2	0	534231	534256	382163	382138	1.0	39.2
MF30	Ms42	92.308	26	2	0	678301	678326	383620	383645	1.0	39.2
MF30	Ms42	100.000	21	0	0	672473	672493	384611	384631	1.0	39.2
MF30	Ms42	82.051	39	7	0	89964	90002	386235	386197	1.0	39.2
MF30	Ms42	100.000	21	0	0	357920	357940	387494	387514	1.0	39.2
MF30	Ms42	80.000	45	7	1	729374	729416	388819	388863	1.0	39.2
MF30	Ms42	95.833	24	1	0	108631	108654	389451	389428	1.0	39.2
MF30	Ms42	80.000	45	7	1	729374	729416	392886	392930	1.0	39.2
MF30	Ms42	82.500	40	5	1	265477	265516	393986	394023	1.0	39.2
MF30	Ms42	92.308	26	2	0	135162	135187	397808	397783	1.0	39.2
MF30	Ms42	90.323	31	2	1	105168	105197	398286	398316	1.0	39.2
MF30	Ms42	100.000	21	0	0	306715	306735	402873	402853	1.0	39.2
MF30	Ms42	85.294	34	5	0	45297	45330	406574	406607	1.0	39.2
MF30	Ms42	89.655	29	3	0	603	631	409698	409670	1.0	39.2
MF30	Ms42	79.545	44	9	0	155399	155442	415066	415023	1.0	39.2
MF30	Ms42	87.097	31	4	0	463697	463727	415421	415451	1.0	39.2
MF30	Ms42	87.879	33	3	1	335615	335646	417145	417113	1.0	39.2
MF30	Ms42	80.488	41	8	0	431387	431427	421191	421151	1.0	39.2
MF30	Ms42	77.358	53	6	2	324095	324147	421397	421443	1.0	39.2
MF30	Ms42	78.947	57	8	3	579875	579929	422764	422710	1.0	39.2
MF30	Ms42	79.070	43	3	1	63334	63376	423511	423475	1.0	39.2
MF30	Ms42	84.211	38	5	1	459401	459438	428110	428074	1.0	39.2
MF30	Ms42	92.308	26	2	0	389558	389583	438209	438184	1.0	39.2
MF30	Ms42	87.097	31	4	0	453529	453559	440354	440324	1.0	39.2
MF30	Ms42	89.655	29	3	0	162627	162655	444758	444786	1.0	39.2
MF30	Ms42	89.655	29	3	0	166956	166984	444851	444879	1.0	39.2
MF30	Ms42	78.846	52	8	2	706899	706947	450784	450835	1.0	39.2
MF30	Ms42	95.833	24	1	0	180421	180444	452625	452648	1.0	39.2
MF30	Ms42	87.879	33	3	1	42676	42707	458002	458034	1.0	39.2
MF30	Ms42	89.655	29	3	0	284259	284287	460091	460119	1.0	39.2
MF30	Ms42	78.846	52	7	2	308626	308676	474134	474086	1.0	39.2
MF30	Ms42	87.097	31	4	0	29439	29469	477813	477843	1.0	39.2
MF30	Ms42	82.051	39	7	0	426102	426140	478067	478029	1.0	39.2
MF30	Ms42	80.488	41	8	0	372537	372577	483361	483321	1.0	39.2
MF30	Ms42	88.571	35	2	2	417921	417954	483387	483420	1.0	39.2
MF30	Ms42	89.655	29	3	0	663644	663672	488019	488047	1.0	39.2
MF30	Ms42	80.851	47	6	2	708437	708480	489553	489507	1.0	39.2
MF30	Ms42	92.857	28	1	1	85418	85445	493530	493504	1.0	39.2
MF30	Ms42	87.097	31	4	0	246274	246304	496406	496376	1.0	39.2
MF30	Ms42	70.930	86	24	1	683435	683520	496458	496542	1.0	39.2
MF30	Ms42	83.721	43	5	2	144465	144506	499434	499393	1.0	39.2
MF30	Ms42	87.097	31	4	0	391698	391728	507221	507191	1.0	39.2
MF30	Ms42	82.927	41	6	1	360633	360673	508368	508407	1.0	39.2
MF30	Ms42	81.395	43	7	1	555192	555233	512778	512736	1.0	39.2
MF30	Ms42	84.211	38	5	1	379457	379493	513193	513156	1.0	39.2
MF30	Ms42	87.097	31	4	0	304401	304431	514427	514457	1.0	39.2
MF30	Ms42	79.167	48	9	1	191722	191769	515029	515075	1.0	39.2
MF30	Ms42	89.655	29	3	0	132022	132050	515356	515384	1.0	39.2
MF30	Ms42	87.879	33	3	1	589645	589676	515430	515462	1.0	39.2
MF30	Ms42	92.857	28	1	1	578053	578079	526097	526124	1.0	39.2
MF30	Ms42	87.097	31	4	0	303536	303566	530684	530714	1.0	39.2
MF30	Ms42	87.879	33	3	1	45602	45634	533073	533042	1.0	39.2
MF30	Ms42	83.333	36	6	0	349017	349052	535602	535567	1.0	39.2
MF30	Ms42	79.545	44	9	0	573450	573493	539001	538958	1.0	39.2
MF30	Ms42	86.486	37	2	2	449471	449506	538962	538996	1.0	39.2
MF30	Ms42	92.308	26	2	0	171369	171394	546446	546421	1.0	39.2
MF30	Ms42	78.261	46	10	0	304493	304538	549099	549054	1.0	39.2
MF30	Ms42	78.431	51	10	1	546949	546998	556488	556538	1.0	39.2
MF30	Ms42	87.097	31	4	0	534299	534329	557163	557193	1.0	39.2
MF30	Ms42	92.308	26	2	0	350639	350664	557657	557682	1.0	39.2
MF30	Ms42	81.395	43	7	1	306966	307007	562267	562309	1.0	39.2
MF30	Ms42	77.193	57	10	2	608928	608984	562777	562724	1.0	39.2
MF30	Ms42	89.655	29	3	0	521269	521297	567696	567724	1.0	39.2
MF30	Ms42	85.000	40	4	2	532201	532240	569478	569441	1.0	39.2
MF30	Ms42	79.592	49	6	2	74747	74795	573443	573487	1.0	39.2
MF30	Ms42	89.655	29	3	0	513363	513391	575608	575636	1.0	39.2
MF30	Ms42	95.833	24	1	0	555182	555205	582780	582757	1.0	39.2
MF30	Ms42	87.097	31	4	0	536851	536881	585752	585782	1.0	39.2
MF30	Ms42	92.308	26	2	0	354143	354168	588614	588589	1.0	39.2
MF30	Ms42	87.097	31	4	0	502832	502862	588657	588687	1.0	39.2
MF30	Ms42	87.097	31	4	0	531394	531424	591209	591239	1.0	39.2
MF30	Ms42	82.051	39	7	0	657311	657349	591347	591309	1.0	39.2
MF30	Ms42	92.308	26	2	0	599653	599678	592499	592474	1.0	39.2
MF30	Ms42	83.333	42	3	2	650608	650647	592618	592579	1.0	39.2
MF30	Ms42	84.211	38	4	1	681620	681657	594087	594052	1.0	39.2
MF30	Ms42	83.333	36	6	0	11185	11220	600718	600683	1.0	39.2
MF30	Ms42	92.308	26	2	0	361013	361038	600741	600716	1.0	39.2
MF30	Ms42	78.261	46	10	0	176581	176626	600947	600992	1.0	39.2
MF30	Ms42	71.053	76	12	2	546905	546975	601523	601453	1.0	39.2
MF30	Ms42	79.592	49	6	2	168774	168822	611971	611927	1.0	39.2
MF30	Ms42	92.308	26	2	0	164362	164387	614698	614723	1.0	39.2
MF30	Ms42	92.308	26	2	0	219110	219135	615537	615562	1.0	39.2
MF30	Ms42	95.833	24	1	0	502059	502082	622192	622215	1.0	39.2
MF30	Ms42	100.000	21	0	0	120114	120134	622265	622245	1.0	39.2
MF30	Ms42	85.000	40	4	2	639653	639692	642567	642604	1.0	39.2
MF30	Ms42	86.842	38	3	2	602624	602660	646785	646749	1.0	39.2
MF30	Ms42	86.842	38	3	2	601916	601952	646785	646749	1.0	39.2
MF30	Ms42	92.857	28	1	1	472316	472343	651346	651372	1.0	39.2
MF30	Ms42	89.655	29	3	0	219113	219141	655997	655969	1.0	39.2
MF30	Ms42	83.333	36	6	0	729066	729101	658943	658908	1.0	39.2
MF30	Ms42	95.833	24	1	0	10075	10098	668490	668513	1.0	39.2
MF30	Ms42	87.097	31	4	0	168087	168117	669013	669043	1.0	39.2
MF30	Ms42	92.308	26	2	0	607957	607982	671170	671195	1.0	39.2
MF30	Ms42	92.308	26	2	0	538116	538141	672999	672974	1.0	39.2
MF30	Ms42	82.051	39	7	0	602622	602660	675273	675235	1.0	39.2
MF30	Ms42	82.051	39	7	0	601914	601952	675273	675235	1.0	39.2
MF30	Ms42	86.842	38	3	2	573456	573492	675273	675237	1.0	39.2
MF30	Ms42	82.051	39	7	0	602622	602660	675987	675949	1.0	39.2
MF30	Ms42	82.051	39	7	0	601914	601952	675987	675949	1.0	39.2
MF30	Ms42	86.842	38	3	2	573456	573492	675987	675951	1.0	39.2
MF30	Ms42	83.333	36	6	0	220639	220674	676951	676986	1.0	39.2
MF30	Ms42	95.833	24	1	0	290619	290642	676984	676961	1.0	39.2
MF30	Ms42	77.966	59	8	3	608242	608296	679300	679357	1.0	39.2
MF30	Ms42	77.966	59	8	3	605770	605827	681772	681826	1.0	39.2
MF30	Ms42	76.471	51	12	0	637527	637577	683944	683894	1.0	39.2
MF30	Ms42	87.097	31	4	0	204009	204039	691329	691299	1.0	39.2
MF30	Ms42	76.190	63	13	2	296085	296147	704092	704152	1.0	39.2
MF30	Ms42	82.051	39	3	1	362220	362254	715099	715061	1.0	39.2
MF30	Ms42	82.051	39	7	0	239455	239493	715867	715905	1.0	39.2
MF30	Ms42	79.592	49	5	2	629701	629749	716111	716068	1.0	39.2
MF30	Ms42	85.294	34	5	0	580503	580536	716884	716917	1.0	39.2
MF30	Ms42	76.471	51	12	0	610364	610414	717161	717111	1.0	39.2
MF30	Ms42	87.879	33	2	1	592587	592619	718382	718352	1.0	39.2
MF30	Ms42	87.097	31	4	0	720191	720221	718416	718386	1.0	39.2
MF30	Ms42	87.500	32	1	1	207402	207430	718744	718775	1.0	39.2
MF30	Ms42	87.879	33	3	1	671565	671596	724427	724395	1.0	39.2
MF30	Ms42	90.000	30	0	1	679283	679312	728402	728428	1.0	39.2
MF30	Ms42	80.488	41	8	0	436700	436740	729317	729277	1.0	39.2
MF30	Ms42	83.333	42	3	2	538221	538260	730243	730204	1.0	39.2
MF30	Ms42	87.097	31	4	0	103325	103355	736068	736098	1.0	39.2
MF30	Ms42	82.051	39	7	0	536951	536989	736945	736907	1.0	39.2
MF30	Ms42	87.879	33	3	1	644805	644837	751415	751384	1.0	39.2
MF30	Ms42	95.833	24	1	0	45240	45263	752074	752051	1.0	39.2
MF30	Ms42	100.000	21	0	0	356615	356635	752292	752312	1.0	39.2
MF30	Ms42	86.111	36	4	1	298109	298144	752872	752838	1.0	39.2
MF30	Ms42	77.551	49	11	0	367021	367069	754578	754530	1.0	39.2
MF30	Ms42	85.294	34	5	0	680619	680652	757005	757038	1.0	39.2
MF30	Ms42	92.308	26	2	0	355624	355649	762955	762980	1.0	39.2
MF30	Ms42	90.000	30	0	1	648812	648838	763955	763984	1.0	39.2
MF30	Ms42	89.655	29	3	0	206591	206619	764478	764450	1.0	39.2
MF30	Ms42	82.051	39	7	0	33058	33096	765462	765424	1.0	39.2
MF30	Ms42	86.111	36	4	1	127241	127275	766764	766729	1.0	39.2
MF30	Ms42	70.930	86	24	1	444335	444419	768107	768192	1.0	39.2
MF30	Ms42	86.111	36	4	1	573189	573224	769629	769663	1.0	39.2
MF30	Ms42	86.111	36	4	1	606810	606845	769648	769682	1.0	39.2
MF30	Ms42	92.308	26	2	0	356669	356694	781700	781725	1.0	39.2
MF30	Ms42	87.179	39	1	3	233421	233459	783317	783351	1.0	39.2
MF30	Ms42	100.000	21	0	0	697091	697111	783379	783399	1.0	39.2
MF30	Ms42	78.000	50	8	1	322580	322629	803824	803870	1.0	39.2
MF30	Ms42	80.488	41	8	0	246907	246947	805058	805018	1.0	39.2
MF30	Ms42	80.851	47	6	2	437384	437430	806329	806286	1.0	39.2
MF30	Ms42	100.000	21	0	0	675731	675751	806982	806962	1.0	39.2
MF30	Ms42	86.111	36	4	1	56254	56288	808368	808333	1.0	39.2
MF30	Ms42	85.294	34	5	0	517117	517150	812976	812943	1.0	39.2
MF30	Ms42	90.323	31	2	1	433028	433057	814035	814065	1.0	39.2
MF30	Ms42	78.000	50	9	1	310243	310290	814666	814715	1.0	39.2
MF30	Ms42	87.879	33	3	1	265484	265516	817096	817065	1.0	39.2
MF30	Ms42	92.308	26	2	0	715966	715991	821968	821943	1.0	39.2
MF30	Ms42	79.167	48	8	1	261848	261893	822046	822093	1.0	39.2
MF30	Ms42	77.551	49	11	0	168082	168130	826026	825978	1.0	39.2
MF30	Ms42	81.395	43	6	1	677095	677137	827314	827274	1.0	39.2
MF30	Ms42	95.833	24	1	0	137275	137298	827729	827752	1.0	39.2
MF30	Ms42	83.333	36	6	0	150805	150840	828507	828472	1.0	39.2
MF30	Ms42	89.286	28	3	0	724841	724868	6731	6704	3.5	37.4
MF30	Ms42	75.472	53	13	0	383390	383442	7868	7920	3.5	37.4
MF30	Ms42	90.000	30	2	1	390405	390433	8205	8176	3.5	37.4
MF30	Ms42	95.652	23	1	0	626030	626052	9751	9729	3.5	37.4
MF30	Ms42	95.652	23	1	0	48983	49005	11699	11677	3.5	37.4
MF30	Ms42	87.500	32	3	1	648788	648818	13398	13429	3.5	37.4
MF30	Ms42	95.652	23	1	0	13771	13793	13948	13926	3.5	37.4
MF30	Ms42	92.000	25	2	0	560369	560393	15115	15091	3.5	37.4
MF30	Ms42	74.667	75	14	4	653104	653177	15397	15327	3.5	37.4
MF30	Ms42	82.500	40	6	1	113199	113237	15369	15330	3.5	37.4
MF30	Ms42	100.000	20	0	0	675339	675358	17064	17045	3.5	37.4
MF30	Ms42	78.723	47	9	1	26589	26634	18476	18430	3.5	37.4
MF30	Ms42	82.051	39	5	1	393926	393964	20934	20970	3.5	37.4
MF30	Ms42	83.333	42	5	2	343967	344007	21909	21949	3.5	37.4
MF30	Ms42	89.286	28	3	0	667285	667312	21927	21954	3.5	37.4
MF30	Ms42	83.333	42	5	2	103917	103956	22507	22548	3.5	37.4
MF30	Ms42	83.784	37	5	1	366986	367022	23576	23541	3.5	37.4
MF30	Ms42	80.851	47	3	3	717239	717282	23643	23600	3.5	37.4
MF30	Ms42	84.848	33	5	0	724296	724328	23736	23704	3.5	37.4
MF30	Ms42	90.000	30	2	1	455019	455047	26056	26027	3.5	37.4
MF30	Ms42	83.333	36	3	1	236507	236539	26087	26122	3.5	37.4
MF30	Ms42	100.000	20	0	0	273109	273128	26623	26642	3.5	37.4
MF30	Ms42	78.723	47	9	1	18196	18242	26868	26823	3.5	37.4
MF30	Ms42	79.545	44	7	1	472907	472950	27264	27223	3.5	37.4
MF30	Ms42	92.000	25	2	0	184176	184200	27545	27569	3.5	37.4
MF30	Ms42	80.488	41	5	1	686263	686300	28250	28290	3.5	37.4
MF30	Ms42	87.500	32	3	1	577682	577712	29033	29002	3.5	37.4
MF30	Ms42	82.500	40	2	2	594822	594858	30832	30795	3.5	37.4
MF30	Ms42	83.333	36	3	1	498316	498348	31208	31243	3.5	37.4
MF30	Ms42	86.111	36	2	2	219114	219147	31657	31623	3.5	37.4
MF30	Ms42	84.848	33	5	0	32182	32214	32451	32419	3.5	37.4
MF30	Ms42	90.000	30	2	1	392295	392324	35838	35866	3.5	37.4
MF30	Ms42	87.500	32	2	1	259228	259259	36439	36410	3.5	37.4
MF30	Ms42	74.138	58	15	0	449449	449506	39043	39100	3.5	37.4
MF30	Ms42	86.667	30	4	0	457771	457800	40178	40149	3.5	37.4
MF30	Ms42	95.652	23	1	0	40355	40377	40621	40599	3.5	37.4
MF30	Ms42	90.323	31	0	2	59240	59270	43177	43150	3.5	37.4
MF30	Ms42	100.000	20	0	0	526744	526763	43550	43569	3.5	37.4
MF30	Ms42	89.286	28	3	0	724202	724229	43649	43622	3.5	37.4
MF30	Ms42	82.500	40	6	1	580200	580238	45846	45885	3.5	37.4
MF30	Ms42	92.593	27	1	1	702910	702936	48653	48628	3.5	37.4
MF30	Ms42	95.652	23	1	0	11674	11696	49249	49227	3.5	37.4
MF30	Ms42	95.652	23	1	0	527235	527257	50830	50808	3.5	37.4
MF30	Ms42	87.500	32	2	1	111825	111854	50956	50987	3.5	37.4
MF30	Ms42	89.286	28	3	0	511774	511801	52365	52392	3.5	37.4
MF30	Ms42	86.667	30	4	0	569610	569639	52444	52415	3.5	37.4
MF30	Ms42	95.652	23	1	0	259277	259299	55035	55057	3.5	37.4
MF30	Ms42	80.000	40	8	0	229372	229411	56507	56546	3.5	37.4
MF30	Ms42	92.593	27	1	1	11845	11870	57631	57605	3.5	37.4
MF30	Ms42	90.323	31	0	2	42906	42933	59516	59486	3.5	37.4
MF30	Ms42	79.592	49	8	2	419546	419594	59905	59951	3.5	37.4
MF30	Ms42	82.500	40	6	1	367867	367905	61923	61962	3.5	37.4
MF30	Ms42	92.000	25	2	0	621700	621724	62336	62360	3.5	37.4
MF30	Ms42	81.579	38	7	0	68633	68670	63972	63935	3.5	37.4
MF30	Ms42	85.714	35	4	1	162812	162845	64177	64143	3.5	37.4
MF30	Ms42	77.083	48	11	0	461745	461792	64334	64287	3.5	37.4
MF30	Ms42	80.000	40	8	0	661300	661339	65702	65663	3.5	37.4
MF30	Ms42	86.667	30	4	0	706793	706822	66831	66860	3.5	37.4
MF30	Ms42	86.667	30	4	0	587064	587093	68654	68683	3.5	37.4
MF30	Ms42	81.579	38	7	0	63687	63724	68923	68886	3.5	37.4
MF30	Ms42	89.286	28	3	0	660196	660223	71963	71936	3.5	37.4
MF30	Ms42	92.593	27	1	1	386826	386852	72493	72468	3.5	37.4
MF30	Ms42	92.000	25	2	0	131269	131293	73093	73069	3.5	37.4
MF30	Ms42	95.652	23	1	0	385239	385261	74329	74351	3.5	37.4
MF30	Ms42	86.667	30	4	0	126370	126399	75545	75516	3.5	37.4
MF30	Ms42	70.652	92	21	3	4306	4394	77016	76928	3.5	37.4
MF30	Ms42	95.652	23	1	0	150825	150847	77286	77308	3.5	37.4
MF30	Ms42	72.289	83	18	3	653277	653358	80728	80806	3.5	37.4
MF30	Ms42	89.286	28	3	0	425470	425497	81603	81630	3.5	37.4
MF30	Ms42	80.000	40	8	0	92563	92602	81764	81725	3.5	37.4
MF30	Ms42	74.194	62	15	1	301337	301397	82041	82102	3.5	37.4
MF30	Ms42	100.000	20	0	0	649130	649149	82140	82121	3.5	37.4
MF30	Ms42	76.786	56	10	2	695336	695391	82246	82194	3.5	37.4
MF30	Ms42	84.848	33	5	0	82368	82400	82675	82643	3.5	37.4
MF30	Ms42	85.714	35	4	1	246618	246652	82665	82698	3.5	37.4
MF30	Ms42	75.362	69	9	4	311944	312004	82946	83014	3.5	37.4
MF30	Ms42	78.431	51	8	2	31392	31441	84222	84270	3.5	37.4
MF30	Ms42	89.286	28	3	0	310853	310880	84250	84223	3.5	37.4
MF30	Ms42	92.000	25	2	0	675121	675145	87666	87690	3.5	37.4
MF30	Ms42	81.818	44	5	2	461104	461147	88263	88303	3.5	37.4
MF30	Ms42	92.000	25	2	0	344855	344879	89226	89202	3.5	37.4
MF30	Ms42	79.070	43	9	0	470724	470766	89840	89798	3.5	37.4
MF30	Ms42	87.500	32	3	1	330717	330747	91191	91160	3.5	37.4
MF30	Ms42	89.286	28	3	0	668704	668731	91160	91187	3.5	37.4
MF30	Ms42	84.848	33	5	0	430270	430302	91331	91363	3.5	37.4
MF30	Ms42	73.611	72	17	2	610451	610522	92167	92236	3.5	37.4
MF30	Ms42	80.000	40	8	0	81450	81489	93258	93219	3.5	37.4
MF30	Ms42	77.778	45	10	0	717081	717125	93565	93521	3.5	37.4
MF30	Ms42	95.652	23	1	0	35683	35705	93899	93921	3.5	37.4
MF30	Ms42	92.000	25	2	0	590739	590763	97025	97049	3.5	37.4
MF30	Ms42	79.167	48	5	2	330298	330344	97333	97290	3.5	37.4
MF30	Ms42	86.486	37	3	2	679621	679656	100845	100880	3.5	37.4
MF30	Ms42	83.784	37	5	1	2260	2295	104412	104376	3.5	37.4
MF30	Ms42	92.000	25	2	0	470762	470786	105580	105604	3.5	37.4
MF30	Ms42	82.857	35	6	0	305628	305662	106195	106229	3.5	37.4
MF30	Ms42	92.000	25	2	0	621004	621028	109907	109883	3.5	37.4
MF30	Ms42	89.286	28	3	0	109847	109874	110196	110223	3.5	37.4
MF30	Ms42	87.500	32	2	1	50712	50743	112576	112605	3.5	37.4
MF30	Ms42	84.848	33	5	0	282463	282495	114733	114701	3.5	37.4
MF30	Ms42	86.667	30	4	0	114708	114737	115491	115462	3.5	37.4
MF30	Ms42	89.286	28	3	0	693572	693599	116053	116080	3.5	37.4
MF30	Ms42	79.070	43	9	0	154526	154568	116337	116379	3.5	37.4
MF30	Ms42	89.286	28	3	0	129813	129840	116588	116561	3.5	37.4
MF30	Ms42	86.667	30	4	0	512587	512616	117796	117825	3.5	37.4
MF30	Ms42	84.848	33	5	0	243624	243656	118783	118815	3.5	37.4
MF30	Ms42	80.392	51	6	3	573925	573975	124060	124106	3.5	37.4
MF30	Ms42	80.952	42	7	1	458872	458913	126116	126156	3.5	37.4
MF30	Ms42	100.000	20	0	0	506223	506242	128563	128582	3.5	37.4
MF30	Ms42	90.000	30	2	1	505580	505608	128696	128667	3.5	37.4
MF30	Ms42	79.070	43	9	0	564477	564519	129315	129357	3.5	37.4
MF30	Ms42	92.593	27	1	1	47745	47770	131197	131223	3.5	37.4
MF30	Ms42	100.000	20	0	0	219111	219130	133152	133171	3.5	37.4
MF30	Ms42	89.286	28	3	0	115804	115831	133346	133319	3.5	37.4
MF30	Ms42	86.667	30	4	0	226681	226710	134708	134737	3.5	37.4
MF30	Ms42	92.000	25	2	0	72809	72833	134800	134776	3.5	37.4
MF30	Ms42	85.294	34	3	1	430537	430568	136501	136468	3.5	37.4
MF30	Ms42	82.927	41	4	2	712911	712951	136736	136773	3.5	37.4
MF30	Ms42	100.000	20	0	0	116986	117005	137179	137160	3.5	37.4
MF30	Ms42	82.051	39	5	1	144876	144914	137326	137362	3.5	37.4
MF30	Ms42	84.615	39	4	2	8420	8456	138602	138640	3.5	37.4
MF30	Ms42	73.846	65	16	1	734381	734444	139412	139348	3.5	37.4
MF30	Ms42	100.000	20	0	0	582753	582772	140130	140149	3.5	37.4
MF30	Ms42	83.784	37	5	1	690778	690813	144487	144451	3.5	37.4
MF30	Ms42	85.294	34	2	1	302676	302709	144911	144881	3.5	37.4
MF30	Ms42	92.000	25	2	0	139582	139606	145015	144991	3.5	37.4
MF30	Ms42	84.848	33	5	0	352952	352984	149058	149026	3.5	37.4
MF30	Ms42	92.000	25	2	0	352469	352493	149131	149155	3.5	37.4
MF30	Ms42	100.000	20	0	0	506021	506040	150892	150911	3.5	37.4
MF30	Ms42	100.000	20	0	0	391647	391666	151598	151617	3.5	37.4
MF30	Ms42	89.286	28	3	0	410592	410619	153924	153951	3.5	37.4
MF30	Ms42	79.070	43	9	0	115580	115622	158749	158791	3.5	37.4
MF30	Ms42	92.000	25	2	0	163648	163672	162570	162546	3.5	37.4
MF30	Ms42	95.652	23	1	0	474851	474873	164154	164176	3.5	37.4
MF30	Ms42	80.488	41	5	1	506011	506051	164214	164177	3.5	37.4
MF30	Ms42	85.714	35	4	1	63895	63929	167083	167050	3.5	37.4
MF30	Ms42	92.000	25	2	0	158323	158347	167910	167886	3.5	37.4
MF30	Ms42	83.784	37	5	1	390569	390604	168585	168549	3.5	37.4
MF30	Ms42	84.615	39	4	2	573455	573493	172056	172092	3.5	37.4
MF30	Ms42	89.286	28	3	0	223351	223378	172069	172096	3.5	37.4
MF30	Ms42	85.294	34	3	1	707880	707913	172189	172158	3.5	37.4
MF30	Ms42	84.848	33	5	0	707909	707941	175702	175734	3.5	37.4
MF30	Ms42	72.619	84	16	4	376572	376651	176873	176953	3.5	37.4
MF30	Ms42	92.000	25	2	0	678744	678768	177077	177053	3.5	37.4
MF30	Ms42	90.000	30	2	1	623006	623034	177468	177497	3.5	37.4
MF30	Ms42	89.286	28	3	0	654192	654219	178167	178194	3.5	37.4
MF30	Ms42	100.000	20	0	0	221031	221050	178282	178301	3.5	37.4
MF30	Ms42	88.235	34	2	2	529307	529340	179464	179495	3.5	37.4
MF30	Ms42	95.652	23	1	0	504514	504536	180876	180898	3.5	37.4
MF30	Ms42	92.000	25	2	0	248474	248498	181570	181594	3.5	37.4
MF30	Ms42	100.000	20	0	0	458752	458771	182125	182144	3.5	37.4
MF30	Ms42	92.000	25	2	0	286805	286829	182587	182611	3.5	37.4
MF30	Ms42	74.603	63	12	2	226962	227024	186405	186463	3.5	37.4
MF30	Ms42	89.286	28	3	0	401577	401604	188563	188536	3.5	37.4
MF30	Ms42	85.294	34	3	1	463793	463824	193477	193444	3.5	37.4
MF30	Ms42	79.545	44	6	1	331195	331235	194033	193990	3.5	37.4
MF30	Ms42	86.667	30	4	0	536999	537028	194904	194933	3.5	37.4
MF30	Ms42	83.784	37	5	1	673129	673164	196294	196258	3.5	37.4
MF30	Ms42	86.667	30	4	0	506223	506252	196568	196597	3.5	37.4
MF30	Ms42	92.000	25	2	0	77437	77461	196970	196946	3.5	37.4
MF30	Ms42	89.286	28	3	0	499583	499610	197849	197876	3.5	37.4
MF30	Ms42	86.667	30	4	0	323553	323582	198154	198183	3.5	37.4
MF30	Ms42	89.286	28	3	0	343823	343850	198247	198220	3.5	37.4
MF30	Ms42	92.000	25	2	0	352648	352672	198323	198299	3.5	37.4
MF30	Ms42	89.286	28	3	0	683490	683517	202846	202819	3.5	37.4
MF30	Ms42	90.000	30	2	1	564861	564889	205350	205379	3.5	37.4
MF30	Ms42	87.500	32	3	1	341320	341351	205357	205387	3.5	37.4
MF30	Ms42	86.667	30	4	0	463690	463719	205799	205828	3.5	37.4
MF30	Ms42	92.000	25	2	0	472029	472053	222029	222005	3.5	37.4
MF30	Ms42	100.000	20	0	0	129646	129665	223628	223647	3.5	37.4
MF30	Ms42	86.111	36	2	2	31386	31420	223664	223631	3.5	37.4
MF30	Ms42	79.545	44	6	1	363708	363751	225135	225095	3.5	37.4
MF30	Ms42	76.923	52	10	1	429392	429443	225187	225236	3.5	37.4
MF30	Ms42	84.848	33	5	0	416109	416141	229124	229092	3.5	37.4
MF30	Ms42	80.952	42	6	1	239444	239485	229753	229792	3.5	37.4
MF30	Ms42	82.927	41	4	2	365081	365120	231025	231063	3.5	37.4
MF30	Ms42	74.603	63	12	2	182129	182187	231973	232035	3.5	37.4
MF30	Ms42	100.000	20	0	0	566072	566091	233429	233448	3.5	37.4
MF30	Ms42	80.000	40	8	0	56262	56301	234386	234425	3.5	37.4
MF30	Ms42	92.593	27	1	1	44859	44884	235032	235058	3.5	37.4
MF30	Ms42	100.000	20	0	0	231075	231094	236108	236089	3.5	37.4
MF30	Ms42	87.500	32	3	1	234159	234189	236383	236414	3.5	37.4
MF30	Ms42	84.848	33	5	0	305371	305403	238395	238363	3.5	37.4
MF30	Ms42	87.500	32	3	1	231369	231400	239173	239203	3.5	37.4
MF30	Ms42	85.294	34	3	1	290795	290826	241531	241564	3.5	37.4
MF30	Ms42	82.857	35	6	0	577548	577582	241552	241586	3.5	37.4
MF30	Ms42	81.395	43	4	2	646596	646636	243747	243707	3.5	37.4
MF30	Ms42	86.667	30	4	0	331032	331061	244154	244125	3.5	37.4
MF30	Ms42	80.952	42	6	1	224743	224782	244458	244499	3.5	37.4
MF30	Ms42	92.593	27	1	1	44859	44884	245911	245937	3.5	37.4
MF30	Ms42	100.000	20	0	0	231075	231094	246987	246968	3.5	37.4
MF30	Ms42	87.500	32	3	1	234159	234189	247262	247293	3.5	37.4
MF30	Ms42	84.848	33	5	0	305371	305403	249274	249242	3.5	37.4
MF30	Ms42	87.500	32	3	1	231369	231400	250052	250082	3.5	37.4
MF30	Ms42	85.294	34	3	1	290795	290826	252410	252443	3.5	37.4
MF30	Ms42	82.857	35	6	0	577548	577582	252431	252465	3.5	37.4
MF30	Ms42	81.395	43	4	2	646596	646636	260907	260867	3.5	37.4
MF30	Ms42	86.667	30	4	0	331032	331061	261314	261285	3.5	37.4
MF30	Ms42	80.952	42	6	1	224743	224782	261618	261659	3.5	37.4
MF30	Ms42	76.364	55	12	1	164649	164702	263062	263008	3.5	37.4
MF30	Ms42	95.652	23	1	0	564780	564802	263203	263225	3.5	37.4
MF30	Ms42	80.952	42	6	1	13929	13970	264905	264866	3.5	37.4
MF30	Ms42	82.927	41	4	2	648802	648839	265351	265391	3.5	37.4
MF30	Ms42	89.286	28	3	0	454743	454770	266527	266554	3.5	37.4
MF30	Ms42	92.000	25	2	0	432265	432289	268896	268872	3.5	37.4
MF30	Ms42	92.000	25	2	0	177295	177319	270655	270679	3.5	37.4
MF30	Ms42	100.000	20	0	0	288325	288344	271894	271913	3.5	37.4
MF30	Ms42	100.000	20	0	0	250276	250295	272607	272626	3.5	37.4
MF30	Ms42	95.652	23	1	0	445518	445540	276573	276595	3.5	37.4
MF30	Ms42	92.000	25	2	0	507338	507362	277367	277391	3.5	37.4
MF30	Ms42	76.471	51	9	1	644813	644863	278885	278932	3.5	37.4
MF30	Ms42	87.500	32	3	1	622997	623027	278978	278947	3.5	37.4
MF30	Ms42	85.294	34	3	1	293781	293812	279640	279607	3.5	37.4
MF30	Ms42	95.652	23	1	0	54790	54812	281547	281569	3.5	37.4
MF30	Ms42	85.714	35	4	1	309116	309150	281926	281893	3.5	37.4
MF30	Ms42	75.439	57	13	1	289105	289160	288362	288306	3.5	37.4
MF30	Ms42	86.667	30	4	0	626406	626435	295387	295416	3.5	37.4
MF30	Ms42	100.000	20	0	0	26389	26408	295587	295606	3.5	37.4
MF30	Ms42	84.848	33	5	0	113947	113979	305151	305119	3.5	37.4
MF30	Ms42	92.000	25	2	0	63965	63989	308542	308518	3.5	37.4
MF30	Ms42	68.224	107	28	2	286035	286138	309330	309433	3.5	37.4
MF30	Ms42	92.000	25	2	0	501054	501078	309762	309738	3.5	37.4
MF30	Ms42	85.294	34	2	1	431095	431128	311888	311918	3.5	37.4
MF30	Ms42	89.655	29	1	1	426403	426429	314944	314916	3.5	37.4
MF30	Ms42	92.000	25	2	0	461089	461113	316948	316924	3.5	37.4
MF30	Ms42	82.857	35	6	0	199989	200023	320351	320317	3.5	37.4
MF30	Ms42	72.857	70	18	1	425457	425526	320587	320519	3.5	37.4
MF30	Ms42	92.000	25	2	0	505537	505561	320958	320934	3.5	37.4
MF30	Ms42	95.652	23	1	0	648121	648143	323521	323543	3.5	37.4
MF30	Ms42	100.000	20	0	0	207645	207664	323545	323526	3.5	37.4
MF30	Ms42	74.194	62	15	1	81766	81827	324317	324377	3.5	37.4
MF30	Ms42	86.667	30	4	0	727192	727221	324519	324548	3.5	37.4
MF30	Ms42	76.923	52	10	1	638678	638727	325009	324958	3.5	37.4
MF30	Ms42	86.667	30	4	0	7862	7891	326427	326456	3.5	37.4
MF30	Ms42	83.784	37	4	1	567602	567638	326429	326463	3.5	37.4
MF30	Ms42	78.947	57	5	4	65357	65410	327370	327422	3.5	37.4
MF30	Ms42	78.431	51	8	2	423610	423660	327554	327601	3.5	37.4
MF30	Ms42	84.848	33	5	0	233349	233381	328578	328546	3.5	37.4
MF30	Ms42	95.652	23	1	0	329642	329664	329523	329545	3.5	37.4
MF30	Ms42	85.714	35	4	1	259620	259653	332660	332626	3.5	37.4
MF30	Ms42	100.000	20	0	0	288318	288337	334303	334322	3.5	37.4
MF30	Ms42	83.333	36	5	1	219108	219142	334356	334391	3.5	37.4
MF30	Ms42	83.784	37	5	1	656663	656698	334738	334702	3.5	37.4
MF30	Ms42	65.909	176	47	5	17263	17433	335410	335243	3.5	37.4
MF30	Ms42	75.362	69	9	4	82671	82739	335455	335515	3.5	37.4
MF30	Ms42	82.857	35	6	0	17149	17183	335524	335490	3.5	37.4
MF30	Ms42	69.318	88	27	0	373884	373971	337661	337574	3.5	37.4
MF30	Ms42	84.848	33	5	0	426541	426573	343465	343433	3.5	37.4
MF30	Ms42	89.286	28	3	0	574397	574424	343570	343597	3.5	37.4
MF30	Ms42	83.333	36	3	1	123332	123367	344004	344036	3.5	37.4
MF30	Ms42	92.593	27	1	1	180981	181007	345257	345232	3.5	37.4
MF30	Ms42	86.667	30	4	0	193788	193817	348312	348341	3.5	37.4
MF30	Ms42	77.778	45	10	0	702689	702733	348894	348938	3.5	37.4
MF30	Ms42	80.851	47	7	2	580931	580976	349030	348985	3.5	37.4
MF30	Ms42	86.667	30	4	0	144877	144906	349477	349448	3.5	37.4
MF30	Ms42	100.000	20	0	0	394732	394751	352133	352114	3.5	37.4
MF30	Ms42	100.000	20	0	0	441785	441804	352159	352178	3.5	37.4
MF30	Ms42	95.652	23	1	0	488380	488402	353895	353873	3.5	37.4
MF30	Ms42	86.667	30	4	0	355843	355872	356348	356319	3.5	37.4
MF30	Ms42	79.167	48	5	2	96633	96676	358030	357984	3.5	37.4
MF30	Ms42	86.667	30	4	0	239111	239140	358771	358742	3.5	37.4
MF30	Ms42	92.000	25	2	0	445248	445272	359432	359456	3.5	37.4
MF30	Ms42	89.286	28	3	0	331610	331637	360569	360542	3.5	37.4
MF30	Ms42	93.103	29	0	2	695357	695383	362602	362630	3.5	37.4
MF30	Ms42	86.667	30	4	0	534150	534179	362965	362936	3.5	37.4
MF30	Ms42	80.000	40	8	0	407967	408006	363006	362967	3.5	37.4
MF30	Ms42	90.000	30	2	1	61049	61078	362999	362971	3.5	37.4
MF30	Ms42	79.070	43	9	0	351915	351957	363272	363314	3.5	37.4
MF30	Ms42	95.652	23	1	0	183282	183304	363500	363522	3.5	37.4
MF30	Ms42	89.286	28	3	0	229553	229580	364790	364763	3.5	37.4
MF30	Ms42	89.286	28	3	0	193854	193881	371599	371572	3.5	37.4
MF30	Ms42	83.333	42	5	2	21675	21715	371716	371756	3.5	37.4
MF30	Ms42	92.000	25	2	0	88650	88674	372656	372632	3.5	37.4
MF30	Ms42	100.000	20	0	0	125234	125253	374404	374423	3.5	37.4
MF30	Ms42	100.000	20	0	0	530754	530773	379002	378983	3.5	37.4
MF30	Ms42	79.070	43	9	0	335561	335603	379910	379952	3.5	37.4
MF30	Ms42	92.000	25	2	0	144983	145007	380464	380488	3.5	37.4
MF30	Ms42	92.000	25	2	0	193933	193957	380667	380643	3.5	37.4
MF30	Ms42	84.848	33	5	0	144878	144910	380979	380947	3.5	37.4
MF30	Ms42	73.016	63	17	0	355645	355707	381465	381527	3.5	37.4
MF30	Ms42	89.286	28	3	0	487451	487478	382160	382133	3.5	37.4
MF30	Ms42	82.051	39	4	1	407016	407054	382471	382506	3.5	37.4
MF30	Ms42	90.000	30	2	1	381478	381507	383338	383310	3.5	37.4
MF30	Ms42	73.016	63	17	0	353470	353532	383641	383703	3.5	37.4
MF30	Ms42	100.000	20	0	0	663654	663673	383998	384017	3.5	37.4
MF30	Ms42	95.652	23	1	0	488380	488402	386184	386206	3.5	37.4
MF30	Ms42	78.261	46	7	1	639722	639764	390585	390540	3.5	37.4
MF30	Ms42	95.652	23	1	0	167998	168020	396528	396506	3.5	37.4
MF30	Ms42	78.261	46	7	1	661702	661747	398426	398384	3.5	37.4
MF30	Ms42	95.652	23	1	0	115560	115582	398502	398524	3.5	37.4
MF30	Ms42	83.784	37	5	1	140600	140635	399235	399271	3.5	37.4
MF30	Ms42	87.500	32	3	1	94012	94042	402219	402250	3.5	37.4
MF30	Ms42	86.486	37	3	2	648111	648147	402750	402784	3.5	37.4
MF30	Ms42	95.652	23	1	0	488380	488402	403377	403399	3.5	37.4
MF30	Ms42	100.000	20	0	0	441785	441804	405127	405108	3.5	37.4
MF30	Ms42	100.000	20	0	0	396775	396794	408464	408483	3.5	37.4
MF30	Ms42	81.579	38	7	0	532305	532342	408505	408542	3.5	37.4
MF30	Ms42	87.500	32	3	1	48522	48552	409674	409705	3.5	37.4
MF30	Ms42	92.000	25	2	0	638453	638477	410207	410231	3.5	37.4
MF30	Ms42	87.500	32	3	1	489925	489956	412310	412280	3.5	37.4
MF30	Ms42	83.333	36	3	1	220586	220618	412327	412292	3.5	37.4
MF30	Ms42	80.952	42	7	1	4481	4521	413071	413030	3.5	37.4
MF30	Ms42	92.000	25	2	0	466270	466294	415109	415085	3.5	37.4
MF30	Ms42	81.818	44	6	2	159504	159546	415775	415733	3.5	37.4
MF30	Ms42	89.655	29	1	1	571387	571415	422106	422080	3.5	37.4
MF30	Ms42	86.667	30	4	0	324899	324928	422164	422193	3.5	37.4
MF30	Ms42	77.083	48	11	0	491576	491623	422168	422215	3.5	37.4
MF30	Ms42	69.318	88	27	0	313222	313309	422585	422498	3.5	37.4
MF30	Ms42	90.000	30	2	1	606803	606832	425313	425341	3.5	37.4
MF30	Ms42	86.486	37	3	2	358425	358460	427218	427183	3.5	37.4
MF30	Ms42	84.848	33	5	0	730099	730131	427372	427404	3.5	37.4
MF30	Ms42	90.000	30	2	1	355314	355342	430124	430095	3.5	37.4
MF30	Ms42	92.000	25	2	0	683614	683638	433091	433115	3.5	37.4
MF30	Ms42	89.286	28	3	0	700815	700842	434284	434311	3.5	37.4
MF30	Ms42	92.593	27	1	1	72208	72233	435470	435444	3.5	37.4
MF30	Ms42	84.848	33	5	0	579865	579897	437440	437408	3.5	37.4
MF30	Ms42	84.848	33	5	0	704017	704049	437444	437476	3.5	37.4
MF30	Ms42	86.486	37	3	2	612774	612808	438712	438748	3.5	37.4
MF30	Ms42	83.784	37	5	1	164302	164338	439230	439195	3.5	37.4
MF30	Ms42	100.000	20	0	0	147425	147444	440273	440292	3.5	37.4
MF30	Ms42	86.111	36	2	2	528627	528660	440733	440699	3.5	37.4
MF30	Ms42	90.000	30	2	1	35600	35628	440921	440950	3.5	37.4
MF30	Ms42	89.286	28	3	0	37532	37559	441268	441295	3.5	37.4
MF30	Ms42	72.043	93	17	5	290687	290775	442514	442427	3.5	37.4
MF30	Ms42	100.000	20	0	0	414922	414941	443360	443379	3.5	37.4
MF30	Ms42	80.488	41	5	1	105970	106010	443476	443513	3.5	37.4
MF30	Ms42	100.000	20	0	0	448250	448269	445403	445422	3.5	37.4
MF30	Ms42	78.000	50	10	1	489146	489194	449204	449155	3.5	37.4
MF30	Ms42	89.286	28	3	0	610656	610683	450366	450339	3.5	37.4
MF30	Ms42	92.593	27	1	1	468110	468135	452159	452133	3.5	37.4
MF30	Ms42	95.652	23	1	0	593291	593313	454942	454920	3.5	37.4
MF30	Ms42	84.848	33	5	0	103562	103594	458517	458485	3.5	37.4
MF30	Ms42	92.000	25	2	0	508290	508314	459800	459824	3.5	37.4
MF30	Ms42	86.667	30	4	0	731912	731941	460112	460141	3.5	37.4
MF30	Ms42	100.000	20	0	0	411930	411949	460589	460570	3.5	37.4
MF30	Ms42	95.652	23	1	0	488380	488402	473256	473234	3.5	37.4
MF30	Ms42	77.358	53	8	2	492471	492519	473619	473671	3.5	37.4
MF30	Ms42	89.286	28	3	0	380351	380378	474797	474824	3.5	37.4
MF30	Ms42	84.444	45	2	4	680367	680408	476044	476086	3.5	37.4
MF30	Ms42	92.593	27	1	1	663645	663670	476076	476102	3.5	37.4
MF30	Ms42	72.857	70	18	1	297546	297614	477453	477384	3.5	37.4
MF30	Ms42	89.286	28	3	0	81328	81355	477397	477424	3.5	37.4
MF30	Ms42	84.615	39	4	2	501559	501596	481028	481065	3.5	37.4
MF30	Ms42	81.579	38	3	1	645636	645673	481598	481631	3.5	37.4
MF30	Ms42	85.294	34	2	1	289211	289241	483029	483062	3.5	37.4
MF30	Ms42	92.000	25	2	0	246691	246715	484223	484199	3.5	37.4
MF30	Ms42	100.000	20	0	0	414877	414896	493927	493908	3.5	37.4
MF30	Ms42	83.784	37	5	1	134673	134708	494013	494049	3.5	37.4
MF30	Ms42	92.000	25	2	0	331722	331746	497371	497395	3.5	37.4
MF30	Ms42	95.652	23	1	0	254349	254371	497641	497663	3.5	37.4
MF30	Ms42	83.784	37	5	1	613197	613232	499591	499555	3.5	37.4
MF30	Ms42	86.667	30	4	0	24519	24548	503130	503159	3.5	37.4
MF30	Ms42	83.784	37	4	1	167808	167842	503168	503132	3.5	37.4
MF30	Ms42	100.000	20	0	0	680771	680790	504529	504510	3.5	37.4
MF30	Ms42	73.846	65	12	2	142582	142646	505321	505380	3.5	37.4
MF30	Ms42	80.000	40	8	0	642514	642553	507147	507186	3.5	37.4
MF30	Ms42	90.000	30	2	1	25793	25822	508720	508692	3.5	37.4
MF30	Ms42	87.500	32	3	1	533638	533669	509539	509509	3.5	37.4
MF30	Ms42	92.593	27	1	1	7865	7891	509539	509514	3.5	37.4
MF30	Ms42	83.784	37	4	1	143456	143492	509600	509634	3.5	37.4
MF30	Ms42	80.952	42	7	1	499687	499727	510064	510023	3.5	37.4
MF30	Ms42	86.667	30	4	0	39905	39934	511555	511526	3.5	37.4
MF30	Ms42	80.952	42	7	1	125295	125335	512627	512668	3.5	37.4
MF30	Ms42	79.070	43	9	0	122723	122765	513723	513681	3.5	37.4
MF30	Ms42	92.000	25	2	0	293991	294015	514869	514845	3.5	37.4
MF30	Ms42	78.000	50	6	2	560877	560921	514895	514944	3.5	37.4
MF30	Ms42	86.111	36	2	2	499246	499281	515323	515291	3.5	37.4
MF30	Ms42	89.286	28	3	0	552920	552947	515510	515483	3.5	37.4
MF30	Ms42	77.083	48	11	0	64039	64086	515548	515501	3.5	37.4
MF30	Ms42	89.286	28	3	0	608458	608485	516025	515998	3.5	37.4
MF30	Ms42	89.286	28	3	0	730459	730486	517451	517478	3.5	37.4
MF30	Ms42	85.294	34	3	1	189162	189195	517580	517549	3.5	37.4
MF30	Ms42	92.000	25	2	0	366489	366513	520050	520026	3.5	37.4
MF30	Ms42	75.926	54	11	1	705383	705436	520589	520640	3.5	37.4
MF30	Ms42	92.593	27	1	1	403505	403531	521902	521877	3.5	37.4
MF30	Ms42	79.070	43	9	0	89246	89288	524547	524505	3.5	37.4
MF30	Ms42	86.111	36	2	2	132685	132719	525227	525194	3.5	37.4
MF30	Ms42	92.000	25	2	0	217496	217520	525834	525810	3.5	37.4
MF30	Ms42	95.652	23	1	0	184032	184054	528429	528451	3.5	37.4
MF30	Ms42	86.667	30	4	0	488389	488418	532241	532212	3.5	37.4
MF30	Ms42	81.579	38	3	1	360997	361034	532766	532733	3.5	37.4
MF30	Ms42	77.049	61	10	3	132167	132225	538888	538830	3.5	37.4
MF30	Ms42	68.571	105	28	2	31318	31420	538888	538989	3.5	37.4
MF30	Ms42	92.000	25	2	0	46255	46279	538953	538977	3.5	37.4
MF30	Ms42	80.952	42	7	1	602622	602662	538995	538954	3.5	37.4
MF30	Ms42	80.952	42	7	1	601914	601954	538995	538954	3.5	37.4
MF30	Ms42	88.235	34	1	2	449471	449503	538989	538958	3.5	37.4
MF30	Ms42	85.714	35	4	1	498815	498849	538964	538997	3.5	37.4
MF30	Ms42	100.000	20	0	0	498815	498834	538987	538968	3.5	37.4
MF30	Ms42	95.652	23	1	0	46257	46279	538996	538974	3.5	37.4
MF30	Ms42	89.655	29	1	1	205855	205883	538984	539010	3.5	37.4
MF30	Ms42	92.000	25	2	0	507904	507928	539867	539891	3.5	37.4
MF30	Ms42	89.286	28	3	0	354138	354165	541322	541295	3.5	37.4
MF30	Ms42	95.652	23	1	0	415950	415972	542246	542224	3.5	37.4
MF30	Ms42	86.667	30	4	0	478414	478443	542262	542233	3.5	37.4
MF30	Ms42	87.500	32	3	1	363696	363726	543800	543769	3.5	37.4
MF30	Ms42	77.083	48	11	0	373554	373601	545420	545467	3.5	37.4
MF30	Ms42	92.000	25	2	0	491224	491248	550203	550227	3.5	37.4
MF30	Ms42	80.000	40	8	0	538146	538185	552172	552211	3.5	37.4
MF30	Ms42	83.333	36	3	1	30971	31006	552494	552526	3.5	37.4
MF30	Ms42	80.435	46	6	2	260814	260859	552660	552702	3.5	37.4
MF30	Ms42	92.000	25	2	0	401303	401327	552699	552675	3.5	37.4
MF30	Ms42	81.818	44	6	2	725749	725791	552767	552809	3.5	37.4
MF30	Ms42	80.000	40	8	0	502019	502058	556251	556212	3.5	37.4
MF30	Ms42	87.500	32	3	1	82955	82985	556690	556659	3.5	37.4
MF30	Ms42	95.652	23	1	0	176601	176623	558845	558867	3.5	37.4
MF30	Ms42	83.784	37	5	1	225444	225479	559299	559335	3.5	37.4
MF30	Ms42	92.000	25	2	0	297961	297985	559892	559868	3.5	37.4
MF30	Ms42	90.000	30	2	1	127837	127866	559939	559911	3.5	37.4
MF30	Ms42	100.000	20	0	0	146719	146738	560352	560371	3.5	37.4
MF30	Ms42	80.000	40	8	0	47204	47243	561271	561310	3.5	37.4
MF30	Ms42	92.000	25	2	0	255143	255167	561669	561693	3.5	37.4
MF30	Ms42	84.848	33	5	0	667411	667443	562560	562528	3.5	37.4
MF30	Ms42	92.000	25	2	0	138861	138885	562983	563007	3.5	37.4
MF30	Ms42	86.667	30	4	0	116976	117005	566918	566947	3.5	37.4
MF30	Ms42	87.500	32	2	1	221980	222009	569445	569414	3.5	37.4
MF30	Ms42	100.000	20	0	0	635683	635702	578483	578464	3.5	37.4
MF30	Ms42	95.652	23	1	0	524368	524390	578729	578707	3.5	37.4
MF30	Ms42	95.652	23	1	0	50564	50586	581596	581574	3.5	37.4
MF30	Ms42	79.592	49	8	2	721546	721593	582555	582602	3.5	37.4
MF30	Ms42	86.111	36	2	2	392073	392107	583017	582984	3.5	37.4
MF30	Ms42	86.667	30	4	0	205892	205921	583256	583285	3.5	37.4
MF30	Ms42	95.652	23	1	0	556698	556720	584330	584308	3.5	37.4
MF30	Ms42	95.652	23	1	0	134410	134432	584434	584456	3.5	37.4
MF30	Ms42	92.000	25	2	0	607742	607766	586094	586118	3.5	37.4
MF30	Ms42	81.579	38	7	0	448291	448328	586663	586700	3.5	37.4
MF30	Ms42	92.000	25	2	0	578629	578653	589996	590020	3.5	37.4
MF30	Ms42	100.000	20	0	0	535689	535708	590066	590047	3.5	37.4
MF30	Ms42	86.667	30	4	0	190577	190606	591357	591386	3.5	37.4
MF30	Ms42	80.000	40	8	0	497994	498033	592504	592543	3.5	37.4
MF30	Ms42	96.000	25	0	1	685111	685135	594021	594044	3.5	37.4
MF30	Ms42	100.000	20	0	0	683344	683363	596337	596356	3.5	37.4
MF30	Ms42	89.286	28	3	0	121379	121406	604752	604779	3.5	37.4
MF30	Ms42	80.000	40	8	0	358898	358937	610917	610956	3.5	37.4
MF30	Ms42	95.652	23	1	0	529951	529973	611297	611275	3.5	37.4
MF30	Ms42	87.500	32	3	1	31392	31422	612880	612849	3.5	37.4
MF30	Ms42	92.000	25	2	0	14936	14960	614970	614946	3.5	37.4
MF30	Ms42	78.000	50	6	2	461139	461188	615454	615498	3.5	37.4
MF30	Ms42	84.848	33	5	0	219110	219142	615574	615542	3.5	37.4
MF30	Ms42	92.000	25	2	0	683606	683630	616332	616308	3.5	37.4
MF30	Ms42	95.652	23	1	0	719094	719116	616926	616904	3.5	37.4
MF30	Ms42	92.593	27	1	1	413688	413714	617376	617351	3.5	37.4
MF30	Ms42	95.652	23	1	0	241028	241050	619357	619379	3.5	37.4
MF30	Ms42	90.000	30	2	1	200980	201009	619438	619466	3.5	37.4
MF30	Ms42	75.926	54	6	2	393215	393268	619546	619592	3.5	37.4
MF30	Ms42	72.152	79	19	2	562961	563037	622425	622348	3.5	37.4
MF30	Ms42	90.000	30	2	1	505866	505895	623225	623197	3.5	37.4
MF30	Ms42	89.655	29	1	1	358510	358538	623263	623237	3.5	37.4
MF30	Ms42	76.667	60	9	3	709248	709307	629284	629230	3.5	37.4
MF30	Ms42	79.592	49	8	2	59658	59704	630931	630883	3.5	37.4
MF30	Ms42	79.592	49	8	2	59658	59704	636980	636932	3.5	37.4
MF30	Ms42	86.111	36	1	2	162734	162766	644406	644372	3.5	37.4
MF30	Ms42	92.000	25	2	0	555180	555204	644898	644874	3.5	37.4
MF30	Ms42	84.615	39	4	2	167809	167845	646748	646786	3.5	37.4
MF30	Ms42	80.392	51	6	3	123239	123285	647218	647268	3.5	37.4
MF30	Ms42	80.488	41	5	1	554814	554854	647855	647892	3.5	37.4
MF30	Ms42	92.000	25	2	0	535638	535662	651922	651946	3.5	37.4
MF30	Ms42	92.000	25	2	0	326657	326681	652922	652898	3.5	37.4
MF30	Ms42	84.848	33	5	0	388782	388814	653190	653158	3.5	37.4
MF30	Ms42	82.500	40	6	1	45602	45641	653493	653531	3.5	37.4
MF30	Ms42	92.000	25	2	0	719311	719335	655482	655458	3.5	37.4
MF30	Ms42	100.000	20	0	0	135982	136001	656060	656079	3.5	37.4
MF30	Ms42	86.667	30	4	0	68401	68430	660377	660406	3.5	37.4
MF30	Ms42	75.806	62	9	3	71292	71351	663211	663268	3.5	37.4
MF30	Ms42	90.000	30	2	1	96510	96539	663411	663439	3.5	37.4
MF30	Ms42	75.862	58	9	2	393242	393295	666322	666266	3.5	37.4
MF30	Ms42	95.652	23	1	0	406291	406313	666631	666609	3.5	37.4
MF30	Ms42	81.579	38	7	0	712860	712897	667184	667147	3.5	37.4
MF30	Ms42	80.952	42	2	2	491686	491721	671178	671137	3.5	37.4
MF30	Ms42	90.000	30	2	1	376696	376724	680333	680362	3.5	37.4
MF30	Ms42	80.851	47	7	2	236429	236475	680799	680755	3.5	37.4
MF30	Ms42	92.000	25	2	0	531736	531760	681272	681296	3.5	37.4
MF30	Ms42	89.286	28	3	0	462242	462269	682015	681988	3.5	37.4
MF30	Ms42	92.000	25	2	0	294882	294906	682762	682786	3.5	37.4
MF30	Ms42	95.652	23	1	0	376629	376651	683643	683665	3.5	37.4
MF30	Ms42	100.000	20	0	0	610456	610475	684005	683986	3.5	37.4
MF30	Ms42	89.286	28	3	0	401711	401738	684213	684186	3.5	37.4
MF30	Ms42	92.000	25	2	0	706482	706506	684976	685000	3.5	37.4
MF30	Ms42	92.000	25	2	0	542571	542595	685820	685796	3.5	37.4
MF30	Ms42	87.500	32	3	1	663527	663558	686128	686158	3.5	37.4
MF30	Ms42	92.000	25	2	0	109217	109241	695198	695174	3.5	37.4
MF30	Ms42	92.000	25	2	0	62088	62112	695874	695898	3.5	37.4
MF30	Ms42	90.000	30	2	1	173197	173226	697180	697208	3.5	37.4
MF30	Ms42	92.000	25	2	0	629805	629829	699844	699820	3.5	37.4
MF30	Ms42	95.652	23	1	0	9726	9748	700226	700204	3.5	37.4
MF30	Ms42	92.000	25	2	0	625646	625670	704003	703979	3.5	37.4
MF30	Ms42	92.593	27	1	1	551783	551808	704185	704159	3.5	37.4
MF30	Ms42	100.000	20	0	0	524125	524144	715286	715267	3.5	37.4
MF30	Ms42	81.579	38	7	0	73336	73373	715784	715747	3.5	37.4
MF30	Ms42	92.000	25	2	0	361877	361901	718037	718061	3.5	37.4
MF30	Ms42	76.923	52	10	1	301977	302028	718311	718262	3.5	37.4
MF30	Ms42	83.871	31	5	0	90300	90330	720242	720212	3.5	37.4
MF30	Ms42	82.857	35	6	0	705745	705779	720229	720263	3.5	37.4
MF30	Ms42	80.000	40	8	0	453485	453524	722103	722142	3.5	37.4
MF30	Ms42	83.784	37	5	1	689271	689307	722554	722589	3.5	37.4
MF30	Ms42	89.286	28	3	0	80824	80851	722702	722729	3.5	37.4
MF30	Ms42	76.471	51	9	1	256660	256707	724403	724453	3.5	37.4
MF30	Ms42	96.000	25	0	1	164043	164066	725461	725437	3.5	37.4
MF30	Ms42	81.395	43	4	2	238693	238733	726226	726186	3.5	37.4
MF30	Ms42	84.848	33	5	0	182800	182832	726426	726458	3.5	37.4
MF30	Ms42	95.652	23	1	0	300545	300567	727711	727733	3.5	37.4
MF30	Ms42	87.500	32	3	1	13243	13274	728378	728408	3.5	37.4
MF30	Ms42	81.579	38	3	1	669070	669107	728598	728565	3.5	37.4
MF30	Ms42	100.000	20	0	0	81846	81865	728739	728720	3.5	37.4
MF30	Ms42	89.286	28	3	0	52825	52852	729124	729151	3.5	37.4
MF30	Ms42	82.857	35	6	0	395998	396032	729296	729262	3.5	37.4
MF30	Ms42	89.286	28	3	0	173896	173923	733788	733815	3.5	37.4
MF30	Ms42	100.000	20	0	0	129070	129089	734406	734387	3.5	37.4
MF30	Ms42	83.784	37	5	1	311191	311227	736294	736259	3.5	37.4
MF30	Ms42	76.000	50	12	0	459689	459738	737191	737240	3.5	37.4
MF30	Ms42	92.000	25	2	0	172549	172573	738947	738923	3.5	37.4
MF30	Ms42	100.000	20	0	0	730449	730468	740628	740647	3.5	37.4
MF30	Ms42	80.000	40	8	0	65415	65454	740935	740896	3.5	37.4
MF30	Ms42	87.500	32	3	1	612580	612610	743123	743154	3.5	37.4
MF30	Ms42	86.667	30	4	0	258769	258798	743226	743197	3.5	37.4
MF30	Ms42	82.857	35	6	0	605768	605802	744000	744034	3.5	37.4
MF30	Ms42	89.286	28	3	0	21693	21720	746998	747025	3.5	37.4
MF30	Ms42	90.000	30	2	1	354140	354168	747310	747339	3.5	37.4
MF30	Ms42	82.857	35	6	0	165031	165065	747390	747356	3.5	37.4
MF30	Ms42	87.500	32	2	1	339759	339790	747398	747369	3.5	37.4
MF30	Ms42	78.261	46	7	1	501306	501348	753547	753502	3.5	37.4
MF30	Ms42	89.286	28	3	0	423292	423319	756026	755999	3.5	37.4
MF30	Ms42	100.000	20	0	0	448497	448516	758699	758680	3.5	37.4
MF30	Ms42	89.286	28	3	0	360865	360892	760430	760403	3.5	37.4
MF30	Ms42	89.286	28	3	0	717939	717966	762208	762235	3.5	37.4
MF30	Ms42	92.000	25	2	0	172782	172806	763422	763398	3.5	37.4
MF30	Ms42	89.286	28	3	0	499187	499214	764173	764200	3.5	37.4
MF30	Ms42	86.667	30	4	0	293985	294014	764177	764206	3.5	37.4
MF30	Ms42	86.486	37	3	2	100188	100223	764293	764328	3.5	37.4
MF30	Ms42	100.000	20	0	0	541805	541824	768016	768035	3.5	37.4
MF30	Ms42	89.286	28	3	0	198453	198480	768189	768162	3.5	37.4
MF30	Ms42	76.786	56	10	2	684266	684318	768445	768390	3.5	37.4
MF30	Ms42	92.593	27	1	1	451988	452013	768511	768537	3.5	37.4
MF30	Ms42	76.786	56	10	2	683718	683773	768990	768938	3.5	37.4
MF30	Ms42	92.000	25	2	0	612771	612795	771931	771907	3.5	37.4
MF30	Ms42	100.000	20	0	0	687879	687898	772573	772554	3.5	37.4
MF30	Ms42	83.784	37	5	1	140303	140339	775502	775467	3.5	37.4
MF30	Ms42	86.667	30	4	0	444972	445001	777753	777782	3.5	37.4
MF30	Ms42	92.000	25	2	0	54911	54935	777933	777909	3.5	37.4
MF30	Ms42	89.286	28	3	0	115296	115323	778264	778291	3.5	37.4
MF30	Ms42	93.103	29	0	2	334891	334919	780079	780105	3.5	37.4
MF30	Ms42	80.000	40	8	0	124970	125009	783668	783707	3.5	37.4
MF30	Ms42	77.083	48	11	0	11976	12023	783769	783722	3.5	37.4
MF30	Ms42	84.615	39	4	2	637120	637156	784265	784303	3.5	37.4
MF30	Ms42	80.000	40	8	0	697074	697113	785892	785853	3.5	37.4
MF30	Ms42	86.486	37	3	2	572412	572446	785889	785853	3.5	37.4
MF30	Ms42	86.667	30	4	0	700341	700370	786018	785989	3.5	37.4
MF30	Ms42	86.667	30	4	0	697210	697239	789149	789120	3.5	37.4
MF30	Ms42	89.286	28	3	0	385666	385693	789595	789622	3.5	37.4
MF30	Ms42	92.593	27	1	1	48384	48409	800770	800744	3.5	37.4
MF30	Ms42	89.286	28	3	0	570447	570474	803215	803242	3.5	37.4
MF30	Ms42	86.667	30	4	0	66578	66607	804639	804668	3.5	37.4
MF30	Ms42	87.500	32	3	1	474475	474505	805572	805541	3.5	37.4
MF30	Ms42	85.294	34	3	1	167911	167942	805762	805729	3.5	37.4
MF30	Ms42	76.667	60	9	3	421183	421237	807097	807156	3.5	37.4
MF30	Ms42	82.857	35	6	0	733465	733499	810551	810585	3.5	37.4
MF30	Ms42	95.652	23	1	0	434448	434470	812217	812239	3.5	37.4
MF30	Ms42	92.000	25	2	0	224743	224767	812970	812994	3.5	37.4
MF30	Ms42	95.652	23	1	0	467590	467612	812970	812992	3.5	37.4
MF30	Ms42	78.000	50	6	2	398407	398456	814330	814286	3.5	37.4
MF30	Ms42	87.500	32	3	1	702892	702922	814718	814749	3.5	37.4
MF30	Ms42	90.000	30	2	1	30739	30767	815106	815135	3.5	37.4
MF30	Ms42	89.286	28	3	0	677554	677581	815793	815820	3.5	37.4
MF30	Ms42	86.667	30	4	0	404782	404811	816763	816792	3.5	37.4
MF30	Ms42	95.652	23	1	0	562327	562349	816970	816948	3.5	37.4
MF30	Ms42	92.000	25	2	0	582154	582178	817189	817165	3.5	37.4
MF30	Ms42	87.097	31	1	1	595168	595195	817577	817547	3.5	37.4
MF30	Ms42	79.592	49	8	2	528216	528263	819400	819447	3.5	37.4
MF30	Ms42	82.500	40	6	1	534958	534996	821174	821213	3.5	37.4
MF30	Ms42	81.818	44	6	2	498589	498631	823608	823650	3.5	37.4
MF30	Ms42	85.366	41	2	3	429836	429875	823755	823792	3.5	37.4
MF30	Ms42	90.000	30	2	1	92291	92319	827807	827778	3.5	37.4
MF30	Ms42	84.848	33	5	0	378755	378787	827958	827990	3.5	37.4
MF30	Ms42	89.286	28	3	0	463695	463722	828318	828345	3.5	37.4
MF30	Ms42	76.667	60	9	3	709248	709307	833332	833278	3.5	37.4
MF30	Ms42	79.592	49	8	2	59658	59704	834969	834921	3.5	37.4
