IDMF29	IDATCC27716	89.366	489	49	2	429735	430220	375717	376205	0.0	641
IDMF29	IDATCC27716	82.451	661	104	7	395662	396320	388591	387941	0.0	648
IDMF29	IDATCC27716	94.860	428	22	0	431884	432311	373870	374297	0.0	673
IDMF29	IDATCC27716	97.985	397	8	0	778396	778792	372827	372431	0.0	681
IDMF29	IDATCC27716	97.297	407	9	1	778388	778792	468770	468364	0.0	682
IDMF29	IDATCC27716	92.632	475	32	1	672788	673259	770955	771429	0.0	697
IDMF29	IDATCC27716	95.354	452	18	1	777494	777942	593142	593593	0.0	719
IDMF29	IDATCC27716	96.197	447	17	0	672180	672626	773699	774145	0.0	729
IDMF29	IDATCC27716	98.434	447	6	1	705076	705521	631043	631489	0.0	771
IDMF29	IDATCC27716	96.226	477	15	1	777469	777942	593941	594417	0.0	778
IDMF29	IDATCC27716	99.781	457	0	1	672804	673259	593137	593593	0.0	816
IDMF29	IDATCC27716	74.465	1637	313	27	325400	326991	781791	780215	0.0	1041
IDMF29	IDATCC27716	74.465	1637	313	27	323081	324657	779472	777881	0.0	1041
IDMF29	IDATCC27716	74.465	1637	313	27	323081	324657	269659	271250	0.0	1041
IDMF29	IDATCC27716	74.465	1637	313	27	325400	326991	267340	268916	0.0	1041
IDMF29	IDATCC27716	93.750	752	43	2	776665	777412	374519	373768	0.0	1139
IDMF29	IDATCC27716	76.275	1627	322	17	380855	382436	326722	328329	0.0	1175
IDMF29	IDATCC27716	94.282	787	6	3	774327	775074	595553	594767	0.0	1238
IDMF29	IDATCC27716	76.399	1716	327	20	382824	384511	324930	326595	0.0	1249
IDMF29	IDATCC27716	100.000	741	0	0	428850	429590	373104	373844	0.0	1337
IDMF29	IDATCC27716	100.000	789	0	0	775876	776664	774069	774857	0.0	1424
IDMF29	IDATCC27716	99.527	845	4	0	442359	443203	386950	387794	0.0	1507
IDMF29	IDATCC27716	97.879	943	6	3	397706	398646	342146	343076	0.0	1609
IDMF29	IDATCC27716	97.186	1137	28	4	670945	672079	772641	773775	0.0	1893
IDMF29	IDATCC27716	98.312	1185	10	1	396421	397605	340312	341486	0.0	2051
IDMF29	IDATCC27716	97.419	1395	4	1	673360	674754	595477	596839	0.0	2378
IDMF29	IDATCC27716	97.881	1557	18	2	774327	775874	772904	771354	0.0	2664
IDMF29	IDATCC27716	75.062	4403	982	37	189141	193479	175562	171212	0.0	2928
IDMF29	IDATCC27716	75.131	4395	984	37	235024	239374	127106	122777	0.0	2929
IDMF29	IDATCC27716	96.393	2634	81	3	256342	258964	599529	596899	0.0	4322
IDMF29	IDATCC27716	97.602	3044	73	0	431880	434923	375774	378817	0.0	5160
IDMF29	IDATCC27716	99.685	3176	8	2	252970	256144	189824	192998	0.0	5676
IDMF29	IDATCC27716	99.710	3793	11	0	378644	382436	322719	326511	0.0	6790
IDMF29	IDATCC27716	99.187	4061	21	3	1	4051	700072	704130	0.0	7173
IDMF29	IDATCC27716	99.589	4867	18	1	415110	419976	359380	364244	0.0	8684
IDMF29	IDATCC27716	99.347	5207	34	0	733682	738888	658675	663881	0.0	9238
IDMF29	IDATCC27716	99.089	7242	59	5	435024	442258	378818	386059	0.0	12747
IDMF29	IDATCC27716	99.698	7624	22	1	663771	671393	585413	593036	0.0	13641
IDMF29	IDATCC27716	99.275	8278	28	4	420077	428332	364240	372507	0.0	14669
IDMF29	IDATCC27716	99.566	10143	44	0	242842	252984	179608	189750	0.0	18094
IDMF29	IDATCC27716	99.600	10249	37	4	723335	733580	648426	658673	0.0	18283
IDMF29	IDATCC27716	99.433	11994	46	8	182488	194479	116130	128103	0.0	21308
IDMF29	IDATCC27716	99.530	12978	50	3	510974	523950	455473	468440	0.0	23125
IDMF29	IDATCC27716	99.101	13795	49	10	382537	396320	326435	340165	0.0	24341
IDMF29	IDATCC27716	99.478	16294	48	9	398747	415009	343075	359362	0.0	28994
IDMF29	IDATCC27716	99.184	17030	92	15	706223	723234	631308	648308	0.0	30059
IDMF29	IDATCC27716	99.256	18003	90	9	360574	378535	304716	322715	0.0	31861
IDMF29	IDATCC27716	99.503	18507	75	6	292012	310513	814122	832616	0.0	32948
IDMF29	IDATCC27716	99.519	18508	74	6	292012	310513	225384	243882	0.0	32963
IDMF29	IDATCC27716	98.351	19586	169	19	272416	291911	794677	814198	0.0	33919
IDMF29	IDATCC27716	98.848	19623	96	18	310206	329769	794676	775125	0.0	34405
IDMF29	IDATCC27716	99.524	21867	78	3	619045	640885	563557	585423	0.0	38972
IDMF29	IDATCC27716	99.269	22972	95	12	524051	546986	468690	491624	0.0	40681
IDMF29	IDATCC27716	99.671	26464	66	14	546964	573421	491730	518178	0.0	47289
IDMF29	IDATCC27716	98.654	32250	223	29	150386	182535	83979	116117	0.0	56262
IDMF29	IDATCC27716	99.489	31683	100	9	674458	706122	599746	631384	0.0	56421
IDMF29	IDATCC27716	98.568	32605	211	25	259404	291911	193015	225460	0.0	56812
IDMF29	IDATCC27716	99.633	35459	103	11	738879	774326	664706	700148	0.0	63335
IDMF29	IDATCC27716	99.627	45367	137	11	573522	618876	518186	563532	0.0	81032
IDMF29	IDATCC27716	98.847	49363	427	29	193552	242857	129772	179049	0.0	86452
IDMF29	IDATCC27716	98.090	61009	865	57	299618	360473	243864	304725	0.0	1.048e+05
IDMF29	IDATCC27716	99.356	62128	297	24	4024	66130	708900	770945	0.0	1.102e+05
IDMF29	IDATCC27716	98.864	67540	673	43	443304	510793	387941	455436	0.0	1.182e+05
IDMF29	IDATCC27716	99.545	84038	321	23	66137	150155	1	83996	0.0	1.498e+05
IDMF29	IDATCC27716	98.356	365	6	0	778428	778792	386347	385983	2.64e-179	632
IDMF29	IDATCC27716	97.541	366	1	1	397240	397605	387026	386669	1.37e-176	623
IDMF29	IDATCC27716	98.061	361	6	1	778433	778792	341862	342222	2.03e-174	616
IDMF29	IDATCC27716	96.448	366	11	1	397240	397605	373120	372757	1.56e-169	600
IDMF29	IDATCC27716	97.695	347	8	0	672727	673073	774781	775127	8.08e-167	590
IDMF29	IDATCC27716	97.668	343	7	1	778400	778742	341420	341761	1.46e-163	580
IDMF29	IDATCC27716	99.687	319	0	1	299618	299936	832598	832915	9.22e-160	567
IDMF29	IDATCC27716	97.222	324	9	0	775552	775875	593840	593517	1.05e-152	544
IDMF29	IDATCC27716	98.689	305	4	0	778793	779097	340089	340393	1.90e-149	533
IDMF29	IDATCC27716	96.012	326	13	0	775550	775875	594666	594341	2.32e-148	529
IDMF29	IDATCC27716	97.333	300	8	0	778793	779092	388017	387718	2.64e-141	506
IDMF29	IDATCC27716	98.969	291	1	2	778398	778687	386737	386448	9.23e-141	504
IDMF29	IDATCC27716	99.240	263	2	0	430543	430805	374443	374705	2.32e-129	466
IDMF29	IDATCC27716	86.835	395	44	5	195423	195813	128382	128772	2.83e-128	462
IDMF29	IDATCC27716	94.077	287	17	0	430788	431074	374829	375115	9.24e-122	441
IDMF29	IDATCC27716	98.024	253	5	0	733685	733937	648422	648170	1.37e-119	434
IDMF29	IDATCC27716	78.614	332	60	4	7791	8122	375139	374819	9.89e-71	271
IDMF29	IDATCC27716	86.567	201	27	0	428501	428701	374945	375145	1.68e-61	241
IDMF29	IDATCC27716	73.926	326	85	0	662937	663262	704392	704067	1.21e-50	205
IDMF29	IDATCC27716	65.006	843	263	15	442371	443203	375069	375889	6.68e-35	152
IDMF29	IDATCC27716	90.805	87	8	0	723335	723421	658674	658588	1.13e-25	122
IDMF29	IDATCC27716	72.917	192	43	4	8115	8300	374711	374523	1.06e-19	102
IDMF29	IDATCC27716	72.059	204	40	6	234717	234903	129655	129452	3.70e-19	100
IDMF29	IDATCC27716	80.769	52	9	1	195893	195943	189820	189769	0.007	46.4
IDMF29	IDATCC27716	93.103	29	1	1	557677	557705	707936	707963	0.30	41.0
IDMF29	IDATCC27716	92.593	27	2	0	375988	376014	704536	704510	0.30	41.0
IDMF29	IDATCC27716	81.250	48	6	2	115370	115417	599776	599732	0.30	41.0
IDMF29	IDATCC27716	85.294	34	5	0	9688	9721	706288	706321	1.1	39.2
IDMF29	IDATCC27716	87.097	31	4	0	601071	601101	664114	664144	1.1	39.2
IDMF29	IDATCC27716	78.846	52	7	2	523333	523381	322670	322720	1.1	39.2
IDMF29	IDATCC27716	87.097	31	4	0	288654	288684	189768	189798	1.1	39.2
IDMF29	IDATCC27716	78.723	47	7	1	206402	206448	129234	129191	1.1	39.2
IDMF29	IDATCC27716	89.286	28	3	0	522231	522258	705282	705309	3.7	37.4
IDMF29	IDATCC27716	82.857	35	6	0	437361	437395	704838	704872	3.7	37.4
IDMF29	IDATCC27716	89.286	28	3	0	496880	496907	664154	664127	3.7	37.4
IDMF29	IDATCC27716	86.111	36	1	2	229659	229691	599741	599707	3.7	37.4
IDMF29	IDATCC27716	79.070	43	9	0	665590	665632	128320	128362	3.7	37.4
