IDMF30	IDATCC27716	96.000	400	16	0	729406	729805	594666	594267	0.0	650
IDMF30	IDATCC27716	96.049	405	13	1	727835	728236	593941	594345	0.0	657
IDMF30	IDATCC27716	96.985	398	12	0	729408	729805	593840	593443	0.0	664
IDMF30	IDATCC27716	81.096	730	121	7	729970	730685	339508	340234	0.0	679
IDMF30	IDATCC27716	99.078	434	3	1	547556	547989	630332	630764	0.0	762
IDMF30	IDATCC27716	83.813	729	107	6	358559	359285	388591	387872	0.0	765
IDMF30	IDATCC27716	98.214	448	7	1	546848	547295	631043	631489	0.0	769
IDMF30	IDATCC27716	80.022	896	157	9	729803	730685	388758	387872	0.0	789
IDMF30	IDATCC27716	74.282	1637	316	27	286356	287932	779472	777881	0.0	1027
IDMF30	IDATCC27716	74.282	1637	316	27	286356	287932	269659	271250	0.0	1027
IDMF30	IDATCC27716	74.771	1637	308	27	288681	290272	781791	780215	0.0	1063
IDMF30	IDATCC27716	74.771	1637	308	27	288681	290272	267340	268916	0.0	1063
IDMF30	IDATCC27716	94.558	735	1	3	728235	728930	595501	594767	0.0	1168
IDMF30	IDATCC27716	76.709	1653	325	15	345624	347258	324930	326540	0.0	1232
IDMF30	IDATCC27716	76.207	1719	335	19	343832	345505	326722	328411	0.0	1238
IDMF30	IDATCC27716	99.036	830	8	0	390797	391626	386950	387779	0.0	1462
IDMF30	IDATCC27716	98.865	881	10	0	359386	360266	340327	341207	0.0	1544
IDMF30	IDATCC27716	97.443	1447	5	1	515090	516536	595425	596839	0.0	2468
IDMF30	IDATCC27716	97.891	1565	18	2	728235	729790	772852	771294	0.0	2679
IDMF30	IDATCC27716	75.176	4395	982	36	155886	160215	175562	171212	0.0	2944
IDMF30	IDATCC27716	75.326	4377	989	34	201044	205376	127106	122777	0.0	2953
IDMF30	IDATCC27716	98.087	2352	41	2	725775	728122	772776	775127	0.0	4033
IDMF30	IDATCC27716	99.361	2661	16	1	391727	394387	387872	390531	0.0	4718
IDMF30	IDATCC27716	99.892	4628	5	0	641394	646021	733383	738010	0.0	8323
IDMF30	IDATCC27716	99.266	5039	37	0	575396	580434	658843	663881	0.0	8920
IDMF30	IDATCC27716	95.762	7362	255	16	160288	167621	129772	137104	0.0	11849
IDMF30	IDATCC27716	99.512	10255	41	4	565050	575295	648423	658677	0.0	18258
IDMF30	IDATCC27716	99.548	10392	28	6	609593	619966	693740	704130	0.0	18520
IDMF30	IDATCC27716	99.306	11954	55	4	347359	359285	328282	340234	0.0	21190
IDMF30	IDATCC27716	99.906	12729	10	2	32950	45676	1	12729	0.0	22895
IDMF30	IDATCC27716	99.523	13009	39	3	377710	390696	359383	372390	0.0	23189
IDMF30	IDATCC27716	99.455	16876	61	6	548089	564949	631398	648257	0.0	30020
IDMF30	IDATCC27716	99.381	17283	59	11	360367	377609	342099	359373	0.0	30680
IDMF30	IDATCC27716	98.858	19609	98	13	273447	292992	794676	775131	0.0	34407
IDMF30	IDATCC27716	99.204	21493	144	9	619935	641414	708894	730372	0.0	37973
IDMF30	IDATCC27716	99.769	29004	60	4	580425	609428	664706	693702	0.0	51992
IDMF30	IDATCC27716	99.566	31767	80	10	516240	547987	599746	631473	0.0	56673
IDMF30	IDATCC27716	99.222	33309	195	14	314005	347258	295059	328358	0.0	58895
IDMF30	IDATCC27716	99.763	32948	70	6	1	32943	738001	770945	0.0	59047
IDMF30	IDATCC27716	99.071	38009	230	20	235800	273754	794677	832616	0.0	66974
IDMF30	IDATCC27716	97.984	51285	788	45	262856	314027	243864	295015	0.0	87843
IDMF30	IDATCC27716	99.253	79798	501	29	646027	725789	388762	468499	0.0	1.412e+05
IDMF30	IDATCC27716	99.348	106281	422	37	167613	273754	137734	243882	0.0	1.886e+05
IDMF30	IDATCC27716	99.325	115571	458	46	45777	161215	12723	128103	0.0	2.050e+05
IDMF30	IDATCC27716	99.628	120634	338	26	394412	514989	472221	592799	0.0	2.155e+05
IDMF30	IDATCC27716	96.561	378	13	0	730767	731144	593142	593519	1.29e-176	623
IDMF30	IDATCC27716	93.548	403	20	1	727840	728236	770955	771357	8.13e-173	610
IDMF30	IDATCC27716	99.130	345	3	0	731145	731489	372478	372822	2.84e-172	609
IDMF30	IDATCC27716	97.406	347	7	1	731145	731489	468411	468757	1.13e-164	583
IDMF30	IDATCC27716	99.687	319	0	1	262856	263174	832598	832915	8.69e-160	567
IDMF30	IDATCC27716	99.683	315	0	1	725774	726087	592722	593036	1.29e-157	560
IDMF30	IDATCC27716	99.355	310	2	0	731489	731798	387026	386717	6.68e-155	551
IDMF30	IDATCC27716	95.906	342	13	1	731148	731489	341761	341421	6.68e-155	551
IDMF30	IDATCC27716	97.170	318	9	0	731145	731462	386030	386347	1.79e-149	533
IDMF30	IDATCC27716	98.065	310	6	0	731489	731798	341131	341440	1.79e-149	533
IDMF30	IDATCC27716	96.815	314	9	1	731145	731457	342175	341862	3.95e-145	518
IDMF30	IDATCC27716	77.847	641	139	1	623697	624337	373126	372489	4.81e-144	515
IDMF30	IDATCC27716	97.569	288	5	2	731203	731489	386448	386734	9.92e-134	480
IDMF30	IDATCC27716	87.089	395	43	5	162105	162495	128382	128772	6.26e-130	468
IDMF30	IDATCC27716	98.795	249	3	0	732305	732553	387951	387703	3.70e-120	435
IDMF30	IDATCC27716	99.587	242	1	0	733776	734017	648181	648422	4.51e-119	432
IDMF30	IDATCC27716	97.992	249	5	0	732305	732553	340155	340403	1.92e-117	426
IDMF30	IDATCC27716	98.770	244	3	0	733776	734019	658919	658676	1.92e-117	426
IDMF30	IDATCC27716	97.510	241	5	1	360367	360607	372554	372315	6.27e-111	405
IDMF30	IDATCC27716	90.385	260	8	3	360367	360609	386106	385847	8.16e-97	358
IDMF30	IDATCC27716	79.365	315	49	7	731491	731798	375131	374826	5.88e-67	259
IDMF30	IDATCC27716	77.744	328	66	3	623697	624024	375139	374819	7.16e-66	255
IDMF30	IDATCC27716	76.023	342	78	2	623998	624337	468761	468422	4.52e-62	242
IDMF30	IDATCC27716	96.629	89	3	0	390797	390885	373044	373132	2.67e-33	147
IDMF30	IDATCC27716	64.912	798	248	15	390809	391596	375069	375844	1.39e-30	138
IDMF30	IDATCC27716	72.908	251	56	7	732309	732553	374134	373890	8.74e-27	125
IDMF30	IDATCC27716	71.861	231	57	3	732327	732553	376024	375798	1.30e-24	118
IDMF30	IDATCC27716	64.228	1107	293	43	621472	622522	377374	376315	1.93e-22	111
IDMF30	IDATCC27716	77.465	142	30	2	392983	393123	377250	377390	8.19e-21	105
IDMF30	IDATCC27716	72.683	205	37	8	200737	200923	129655	129452	1.22e-18	98.7
IDMF30	IDATCC27716	71.354	192	46	4	624003	624188	374711	374523	6.29e-16	89.7
IDMF30	IDATCC27716	65.683	542	151	21	581458	581986	731825	732344	3.97e-12	77.0
IDMF30	IDATCC27716	84.615	39	6	0	133970	134008	470714	470676	0.023	44.6
IDMF30	IDATCC27716	75.000	68	11	2	222558	222619	385844	385777	0.082	42.8
IDMF30	IDATCC27716	77.778	54	9	1	66045	66095	383180	383127	0.082	42.8
IDMF30	IDATCC27716	83.721	43	6	1	660331	660372	382405	382447	0.082	42.8
IDMF30	IDATCC27716	80.851	47	6	1	172449	172495	129234	129191	0.082	42.8
IDMF30	IDATCC27716	93.103	29	1	1	424614	424642	707936	707963	0.29	41.0
IDMF30	IDATCC27716	92.593	27	2	0	339069	339095	704536	704510	0.29	41.0
IDMF30	IDATCC27716	81.250	48	6	2	82262	82309	599776	599732	0.29	41.0
IDMF30	IDATCC27716	86.111	36	2	1	491866	491901	599516	599484	0.29	41.0
IDMF30	IDATCC27716	75.000	68	14	2	734115	734182	471098	471162	0.29	41.0
IDMF30	IDATCC27716	85.366	41	3	2	83497	83534	385583	385543	0.29	41.0
IDMF30	IDATCC27716	100.000	21	0	0	642048	642068	731549	731569	1.00	39.2
IDMF30	IDATCC27716	87.179	39	1	3	266366	266404	731487	731521	1.00	39.2
IDMF30	IDATCC27716	92.308	26	2	0	389614	389639	730890	730915	1.00	39.2
IDMF30	IDATCC27716	85.294	34	5	0	625576	625609	706288	706321	1.00	39.2
IDMF30	IDATCC27716	87.097	31	4	0	467919	467949	664114	664144	1.00	39.2
IDMF30	IDATCC27716	85.000	40	4	2	584610	584649	597906	597943	1.00	39.2
IDMF30	IDATCC27716	100.000	21	0	0	339660	339680	385846	385826	1.00	39.2
IDMF30	IDATCC27716	90.323	31	2	1	138113	138142	381259	381289	1.00	39.2
IDMF30	IDATCC27716	92.308	26	2	0	168107	168132	380781	380756	1.00	39.2
IDMF30	IDATCC27716	80.000	45	7	1	28309	28351	376068	376112	1.00	39.2
IDMF30	IDATCC27716	80.000	45	7	1	28309	28351	374160	374204	1.00	39.2
IDMF30	IDATCC27716	84.615	39	4	2	582077	582113	732435	732473	3.5	37.4
IDMF30	IDATCC27716	100.000	20	0	0	393443	393462	707978	707959	3.5	37.4
IDMF30	IDATCC27716	89.286	28	3	0	724011	724038	705282	705309	3.5	37.4
IDMF30	IDATCC27716	89.286	28	3	0	698813	698840	664154	664127	3.5	37.4
IDMF30	IDATCC27716	86.111	36	1	2	195679	195711	599741	599707	3.5	37.4
IDMF30	IDATCC27716	86.486	37	3	2	593068	593104	385723	385757	3.5	37.4
IDMF30	IDATCC27716	87.500	32	3	1	126957	126987	385192	385223	3.5	37.4
IDMF30	IDATCC27716	83.784	37	5	1	173545	173580	382208	382244	3.5	37.4
IDMF30	IDATCC27716	95.652	23	1	0	148505	148527	381475	381497	3.5	37.4
IDMF30	IDATCC27716	78.261	46	7	1	606659	606704	381399	381357	3.5	37.4
IDMF30	IDATCC27716	95.652	23	1	0	200943	200965	379548	379526	3.5	37.4
IDMF30	IDATCC27716	84.615	39	4	2	41365	41401	137523	137561	3.5	37.4
IDMF30	IDATCC27716	79.070	43	9	0	509423	509465	128320	128362	3.5	37.4
