IDMF11	IDATCC27716	99.259	405	2	1	613507	613910	594767	595171	0.0	713
IDMF11	IDATCC27716	80.144	831	146	6	754790	755609	375767	374945	0.0	746
IDMF11	IDATCC27716	98.834	429	5	0	646818	647246	630332	630760	0.0	751
IDMF11	IDATCC27716	98.210	447	8	0	646112	646558	631043	631489	0.0	771
IDMF11	IDATCC27716	81.395	817	135	7	405089	405891	340321	339508	0.0	773
IDMF11	IDATCC27716	74.404	1637	314	27	286286	287862	779472	777881	0.0	1036
IDMF11	IDATCC27716	74.404	1637	314	27	286286	287862	269659	271250	0.0	1036
IDMF11	IDATCC27716	74.527	1637	312	27	288605	290196	781791	780215	0.0	1045
IDMF11	IDATCC27716	74.527	1637	312	27	288605	290196	267340	268916	0.0	1045
IDMF11	IDATCC27716	93.466	704	40	2	392950	393652	374013	374711	0.0	1059
IDMF11	IDATCC27716	85.031	982	133	7	358935	359911	388591	387619	0.0	1090
IDMF11	IDATCC27716	75.635	1576	320	17	344087	345617	326722	328278	0.0	1092
IDMF11	IDATCC27716	75.650	1577	319	17	345976	347533	324930	326460	0.0	1095
IDMF11	IDATCC27716	95.736	727	28	1	612303	613029	593941	594664	0.0	1169
IDMF11	IDATCC27716	98.832	685	8	0	612345	613029	593156	593840	0.0	1200
IDMF11	IDATCC27716	99.143	700	6	0	753171	753870	374010	374709	0.0	1236
IDMF11	IDATCC27716	99.364	943	6	0	753849	754791	374825	375767	0.0	1674
IDMF11	IDATCC27716	99.584	962	4	0	391888	392849	372984	373945	0.0	1718
IDMF11	IDATCC27716	97.212	1363	6	1	614428	615790	595509	596839	0.0	2311
IDMF11	IDATCC27716	97.634	1606	29	1	612314	613910	770961	772566	0.0	2729
IDMF11	IDATCC27716	75.040	4395	989	37	201575	205926	127106	122777	0.0	2911
IDMF11	IDATCC27716	75.216	4394	982	35	155698	160027	175562	171212	0.0	2953
IDMF11	IDATCC27716	99.780	1816	3	1	345718	347533	326464	328278	0.0	3254
IDMF11	IDATCC27716	97.111	2492	65	5	610107	612596	772641	775127	0.0	4154
IDMF11	IDATCC27716	85.857	3691	455	22	405089	408753	387785	391434	0.0	4264
IDMF11	IDATCC27716	99.706	3744	11	0	341874	345617	322717	326460	0.0	6702
IDMF11	IDATCC27716	99.368	4272	16	2	347634	351895	328282	332552	0.0	7584
IDMF11	IDATCC27716	99.652	4881	15	1	378428	383308	359367	364245	0.0	8724
IDMF11	IDATCC27716	99.375	5124	31	1	674602	679724	658789	663912	0.0	9093
IDMF11	IDATCC27716	99.682	7237	16	2	535590	542819	518171	525407	0.0	12945
IDMF11	IDATCC27716	99.511	8380	29	3	383410	391787	364239	372608	0.0	14925
IDMF11	IDATCC27716	99.269	8891	44	4	351996	360869	332556	341442	0.0	15742
IDMF11	IDATCC27716	99.476	10122	43	5	664390	674501	648490	658611	0.0	18002
IDMF11	IDATCC27716	98.703	10411	105	5	394558	404962	375774	386160	0.0	18172
IDMF11	IDATCC27716	99.121	16960	90	13	647346	664288	631394	648311	0.0	29908
IDMF11	IDATCC27716	99.246	17383	46	11	360976	378327	342045	359373	0.0	30784
IDMF11	IDATCC27716	99.328	18000	79	7	323745	341703	304715	322713	0.0	31922
IDMF11	IDATCC27716	98.852	19602	89	15	273415	292934	794676	775129	0.0	34391
IDMF11	IDATCC27716	99.121	29138	176	12	724090	753173	708900	738011	0.0	51411
IDMF11	IDATCC27716	99.380	31791	110	12	615487	647246	599737	631471	0.0	56468
IDMF11	IDATCC27716	99.642	32945	104	11	1	32936	738006	770945	0.0	58843
IDMF11	IDATCC27716	98.938	38024	255	27	235764	273722	794677	832616	0.0	66763
IDMF11	IDATCC27716	99.458	40033	159	20	684111	724117	664130	704130	0.0	71178
IDMF11	IDATCC27716	98.924	49364	390	32	160100	209408	129772	179049	0.0	86611
IDMF11	IDATCC27716	99.387	49564	178	25	485984	535489	468682	518177	0.0	88012
IDMF11	IDATCC27716	98.028	60999	891	53	262824	323644	243864	304728	0.0	1.046e+05
IDMF11	IDATCC27716	99.103	64411	361	35	209393	273722	179608	243882	0.0	1.136e+05
IDMF11	IDATCC27716	99.639	67662	187	11	542936	610555	525390	593036	0.0	1.209e+05
IDMF11	IDATCC27716	99.577	76995	262	23	408901	485860	391333	468298	0.0	1.373e+05
IDMF11	IDATCC27716	99.346	128249	529	58	32943	161027	1	128103	0.0	2.275e+05
IDMF11	IDATCC27716	99.687	319	0	1	262824	263142	832598	832915	9.07e-160	567
IDMF11	IDATCC27716	88.785	428	48	0	394562	394989	373870	374297	1.64e-156	556
IDMF11	IDATCC27716	98.113	318	6	0	360558	360875	373120	372803	8.50e-154	547
IDMF11	IDATCC27716	97.452	314	8	0	360558	360871	387026	386713	6.53e-149	531
IDMF11	IDATCC27716	96.238	319	4	3	614011	614327	772490	772802	5.02e-144	515
IDMF11	IDATCC27716	77.760	643	138	1	727842	728484	373126	372489	5.02e-144	515
IDMF11	IDATCC27716	98.644	295	3	1	755969	756263	341420	341713	6.12e-143	511
IDMF11	IDATCC27716	97.973	296	4	1	755967	756260	468760	468465	9.08e-141	504
IDMF11	IDATCC27716	98.635	293	2	2	755965	756256	386739	386448	9.08e-141	504
IDMF11	IDATCC27716	95.946	296	2	2	391492	391787	468256	468541	1.04e-133	480
IDMF11	IDATCC27716	98.502	267	4	0	755997	756263	386347	386081	7.97e-129	464
IDMF11	IDATCC27716	89.722	360	31	6	610107	610464	595290	595645	9.70e-128	461
IDMF11	IDATCC27716	87.395	357	5	4	614011	614327	595095	595451	3.39e-127	459
IDMF11	IDATCC27716	86.835	395	43	6	161944	162333	128382	128772	3.39e-127	459
IDMF11	IDATCC27716	75.911	631	138	2	727848	728478	341131	341747	1.18e-126	457
IDMF11	IDATCC27716	98.479	263	3	1	756002	756263	341862	342124	1.44e-125	453
IDMF11	IDATCC27716	76.519	609	127	4	727830	728437	387041	386448	1.75e-124	450
IDMF11	IDATCC27716	92.233	309	24	0	393633	393941	374819	375127	1.75e-124	450
IDMF11	IDATCC27716	97.692	260	6	0	761318	761577	648229	648488	2.60e-122	443
IDMF11	IDATCC27716	98.425	254	4	0	761324	761577	658865	658612	9.09e-122	441
IDMF11	IDATCC27716	95.312	128	5	1	360976	361103	341635	341761	1.45e-49	201
IDMF11	IDATCC27716	79.562	137	25	2	392716	392849	375717	375853	1.65e-23	114
IDMF11	IDATCC27716	72.059	204	40	6	201268	201454	129655	129452	3.64e-19	100
IDMF11	IDATCC27716	80.851	47	6	1	172923	172969	129234	129191	0.086	42.8
IDMF11	IDATCC27716	93.103	29	1	1	519733	519761	707936	707963	0.30	41.0
IDMF11	IDATCC27716	92.593	27	2	0	339158	339184	704536	704510	0.30	41.0
IDMF11	IDATCC27716	81.250	48	6	2	82188	82235	599776	599732	0.30	41.0
IDMF11	IDATCC27716	86.111	36	2	1	587202	587237	599516	599484	0.30	41.0
IDMF11	IDATCC27716	85.294	34	5	0	729723	729756	706288	706321	1.0	39.2
IDMF11	IDATCC27716	87.097	31	4	0	563269	563299	664114	664144	1.0	39.2
IDMF11	IDATCC27716	78.846	52	7	2	485387	485435	322670	322720	1.0	39.2
IDMF11	IDATCC27716	89.286	28	3	0	484285	484312	705282	705309	3.6	37.4
IDMF11	IDATCC27716	82.857	35	6	0	399964	399998	704838	704872	3.6	37.4
IDMF11	IDATCC27716	86.111	36	1	2	196210	196242	599741	599707	3.6	37.4
IDMF11	IDATCC27716	86.486	37	3	2	425301	425336	387558	387523	3.6	37.4
IDMF11	IDATCC27716	79.070	43	9	0	604753	604795	128320	128362	3.6	37.4
