Ms42	Ms42	87.689	528	9	2	372231	372712	353945	353428	0.0	700
Ms42	Ms42	91.051	514	41	2	593905	594418	637121	637629	0.0	715
Ms42	Ms42	93.501	477	29	1	593942	594418	633190	633664	0.0	719
Ms42	Ms42	93.515	478	28	1	594641	595115	631027	631504	0.0	722
Ms42	Ms42	100.000	415	0	0	224979	225393	226785	227199	0.0	749
Ms42	Ms42	99.294	425	0	1	374814	375235	391399	391823	0.0	751
Ms42	Ms42	97.545	448	10	1	635967	636413	675219	675666	0.0	755
Ms42	Ms42	98.198	444	0	2	373601	374036	388668	389111	0.0	764
Ms42	Ms42	83.995	731	105	7	386968	387688	351106	350378	0.0	771
Ms42	Ms42	74.592	1472	327	13	326719	328171	334398	335841	0.0	969
Ms42	Ms42	74.282	1637	316	27	267348	268924	277961	279552	0.0	1027
Ms42	Ms42	74.282	1637	316	27	269667	271258	275635	277211	0.0	1027
Ms42	Ms42	75.316	1584	322	17	324927	326460	337031	338595	0.0	1081
Ms42	Ms42	100.000	658	0	0	372704	373361	387494	388151	0.0	1187
Ms42	Ms42	99.619	787	0	1	387117	387900	406167	406953	0.0	1404
Ms42	Ms42	94.632	1006	8	5	599566	600569	832220	833181	0.0	1590
Ms42	Ms42	97.396	960	0	5	341737	342671	354997	355956	0.0	1618
Ms42	Ms42	100.000	908	0	0	386049	386956	404257	405164	0.0	1638
Ms42	Ms42	97.722	1185	18	1	594629	595804	637143	638327	0.0	2019
Ms42	Ms42	100.000	1213	0	0	598481	599693	637115	638327	0.0	2188
Ms42	Ms42	96.554	1335	0	1	340314	341602	352611	353945	0.0	2237
Ms42	Ms42	74.955	4404	985	37	171216	175566	128100	123762	0.0	2910
Ms42	Ms42	75.023	4396	990	33	122781	127110	176699	172346	0.0	2928
Ms42	Ms42	99.781	1823	0	1	326461	328279	336773	338595	0.0	3268
Ms42	Ms42	96.122	2063	30	6	598509	600569	633178	635192	0.0	3378
Ms42	Ms42	99.587	1939	0	2	441608	443538	470859	472797	0.0	3460
Ms42	Ms42	97.997	2097	29	4	776783	778866	628915	631011	0.0	3586
Ms42	Ms42	97.453	2199	50	4	591698	593895	634836	637029	0.0	3701
Ms42	Ms42	97.087	2231	55	6	591698	593926	832824	835046	0.0	3712
Ms42	Ms42	96.564	2590	70	6	596425	598995	628915	631504	0.0	4260
Ms42	Ms42	100.000	2400	0	0	241491	243890	260584	262983	0.0	4329
Ms42	Ms42	98.331	2637	0	5	387903	390495	407929	410565	0.0	4574
Ms42	Ms42	99.714	2800	0	3	591837	594628	628915	631714	0.0	5007
Ms42	Ms42	98.892	3068	0	3	375236	378269	392597	395664	0.0	5396
Ms42	Ms42	99.455	3667	0	4	322717	326363	332186	335852	0.0	6524
Ms42	Ms42	99.977	4261	0	1	328288	332547	338887	343147	0.0	7676
Ms42	Ms42	99.041	4482	0	7	600458	604896	640160	644641	0.0	7896
Ms42	Ms42	99.938	4867	0	2	358968	363831	372537	377403	0.0	8758
Ms42	Ms42	99.921	5077	0	2	663780	668852	704856	709932	0.0	9133
Ms42	Ms42	99.876	5631	0	2	317087	322710	326214	331844	0.0	10121
Ms42	Ms42	99.533	6421	0	4	698545	704935	744359	750779	0.0	11454
Ms42	Ms42	99.940	6639	0	2	736111	742745	783200	789838	0.0	11950
Ms42	Ms42	99.259	7287	0	5	378277	385509	395800	403086	0.0	12924
Ms42	Ms42	99.765	7236	0	3	517285	524503	549601	556836	0.0	12974
Ms42	Ms42	99.933	7509	0	2	704937	712440	750861	758369	0.0	13515
Ms42	Ms42	99.934	7550	0	3	332691	340235	343557	351106	0.0	13584
Ms42	Ms42	99.770	8278	0	4	363835	372093	377622	385899	0.0	14843
Ms42	Ms42	99.988	8499	0	1	232992	241490	245805	254302	0.0	15319
Ms42	Ms42	99.206	10447	0	5	653416	663779	694337	704783	0.0	18518
Ms42	Ms42	99.991	10899	0	1	243872	254769	234925	245823	0.0	19647
Ms42	Ms42	99.919	12366	0	7	304730	317085	313666	326031	0.0	22233
Ms42	Ms42	99.992	12724	0	1	1	12723	1	12724	0.0	22938
Ms42	Ms42	99.815	12996	0	6	443854	456825	473506	486501	0.0	23324
Ms42	Ms42	99.946	12976	0	3	456826	469794	486684	499659	0.0	23362
Ms42	Ms42	99.822	16319	0	6	342672	358961	356093	372411	0.0	29298
Ms42	Ms42	99.561	17099	0	12	636310	653333	676637	693735	0.0	30512
Ms42	Ms42	99.666	20963	0	14	110077	130969	111016	131978	0.0	37489
Ms42	Ms42	99.642	23755	0	14	712441	736110	758425	782179	0.0	42470
Ms42	Ms42	99.077	26326	1	26	83993	110076	84625	110950	0.0	46483
Ms42	Ms42	99.930	26992	0	4	225397	252369	227311	254302	0.0	48591
Ms42	Ms42	99.904	29196	0	9	562669	591836	595356	624551	0.0	52509
Ms42	Ms42	99.411	29865	1	27	195289	224978	196552	226416	0.0	53101
Ms42	Ms42	99.892	29646	0	9	668916	698529	714467	744112	0.0	53307
Ms42	Ms42	99.879	31448	0	12	604897	636306	644826	676273	0.0	56522
Ms42	Ms42	99.914	36147	0	15	742751	778866	798900	835046	0.0	65007
Ms42	Ms42	99.890	38207	0	5	524504	562668	556975	595181	0.0	68727
Ms42	Ms42	99.591	47675	0	26	469797	517276	501592	549266	0.0	85156
Ms42	Ms42	99.934	51144	0	16	390498	441607	410825	461968	0.0	92038
Ms42	Ms42	99.116	52816	1	71	252370	304719	260584	313399	0.0	93242
Ms42	Ms42	99.809	64429	2	24	130981	195288	132052	196480	0.0	1.156e+05
Ms42	Ms42	99.829	71385	0	21	12728	83990	12988	84372	0.0	1.282e+05
Ms42	Ms42	100.000	318	0	0	600095	600412	639534	639851	6.22e-162	574
Ms42	Ms42	100.000	307	0	0	372094	372400	385997	386303	5.83e-156	554
Ms42	Ms42	100.000	305	0	0	599790	600094	639034	639338	7.10e-155	551
Ms42	Ms42	100.000	299	0	0	385510	385808	403191	403489	1.28e-151	540
Ms42	Ms42	100.000	243	0	0	374037	374279	389293	389535	3.23e-121	439
Ms42	Ms42	100.000	240	0	0	385809	386048	403856	404095	1.37e-119	434
Ms42	Ms42	100.000	239	0	0	373362	373600	388332	388570	4.79e-119	432
Ms42	Ms42	96.443	253	0	3	374570	374813	390422	390674	1.57e-112	410
Ms42	Ms42	85.185	324	0	2	443578	443853	473112	473435	2.32e-110	403
Ms42	Ms42	100.000	208	0	0	374280	374487	389677	389884	3.23e-102	376
Ms42	Ms42	98.969	97	0	1	776168	776263	638431	638527	3.03e-39	167
Ms42	Ms42	97.030	101	0	1	341267	341364	386949	386849	3.03e-39	167
Ms42	Ms42	100.000	82	0	0	374488	374569	389987	390068	8.14e-34	149
Ms42	Ms42	100.000	78	0	0	386890	386967	352188	352111	1.21e-31	141
Ms42	Ms42	100.000	78	0	0	387039	387116	405958	406035	1.21e-31	141
Ms42	Ms42	100.000	76	0	0	653334	653409	693971	694046	1.47e-30	138
Ms42	Ms42	100.000	70	0	0	326364	326433	336177	336246	2.66e-27	127
Ms42	Ms42	100.000	68	0	0	372636	372703	387245	387312	3.24e-26	123
Ms42	Ms42	100.000	64	0	0	386964	387027	405714	405777	4.81e-24	116
Ms42	Ms42	92.000	75	0	1	372402	372470	386531	386605	7.14e-22	109
Ms42	Ms42	100.000	59	0	0	341208	341266	387117	387059	2.49e-21	107
Ms42	Ms42	100.000	55	0	0	443758	443812	354611	354665	3.70e-19	100
Ms42	Ms42	100.000	44	0	0	600413	600456	639934	639977	3.47e-13	80.6
Ms42	Ms42	100.000	42	0	0	385516	385557	354754	354713	4.22e-12	77.0
Ms42	Ms42	100.000	39	0	0	443539	443577	472913	472951	1.80e-10	71.6
Ms42	Ms42	100.000	28	0	0	372203	372230	354385	354358	1.68e-04	51.8
Ms42	Ms42	84.848	33	5	0	448799	448831	343465	343433	3.7	37.4
