IDMF33	IDATCC27716	96.899	387	10	1	756412	756796	468358	468744	0.0	641
IDMF33	IDATCC27716	96.891	386	8	1	363733	364118	387026	386645	0.0	641
IDMF33	IDATCC27716	96.883	385	12	0	756412	756796	372425	372809	0.0	641
IDMF33	IDATCC27716	97.938	388	6	1	363733	364118	373120	372733	0.0	661
IDMF33	IDATCC27716	95.305	426	15	3	756359	756782	385925	386347	0.0	670
IDMF33	IDATCC27716	81.132	742	123	7	407840	408567	340246	339508	0.0	691
IDMF33	IDATCC27716	94.181	464	17	2	348714	349177	327958	328411	0.0	715
IDMF33	IDATCC27716	99.282	418	3	0	648919	649336	630332	630749	0.0	740
IDMF33	IDATCC27716	97.763	447	10	0	648214	648660	631043	631489	0.0	762
IDMF33	IDATCC27716	91.826	575	42	2	755848	756417	373890	374464	0.0	821
IDMF33	IDATCC27716	85.560	741	96	6	362075	362813	388591	387860	0.0	838
IDMF33	IDATCC27716	91.736	605	42	3	752683	753286	374466	373869	0.0	859
IDMF33	IDATCC27716	73.977	1637	321	27	291993	293584	781791	780215	0.0	1005
IDMF33	IDATCC27716	73.977	1637	321	27	291993	293584	267340	268916	0.0	1005
IDMF33	IDATCC27716	74.343	1637	314	27	289675	291250	779472	777881	0.0	1032
IDMF33	IDATCC27716	74.343	1637	314	27	289675	291250	269659	271250	0.0	1032
IDMF33	IDATCC27716	79.003	1324	244	10	347322	348618	326722	328038	0.0	1121
IDMF33	IDATCC27716	96.875	704	21	1	614476	615178	593137	593840	0.0	1168
IDMF33	IDATCC27716	97.376	724	19	0	614455	615178	593941	594664	0.0	1220
IDMF33	IDATCC27716	79.971	1388	246	13	752860	754227	376206	374831	0.0	1220
IDMF33	IDATCC27716	76.457	1682	328	18	349296	350956	324930	326564	0.0	1229
IDMF33	IDATCC27716	94.756	839	5	3	615656	616455	594767	595605	0.0	1337
IDMF33	IDATCC27716	98.698	845	11	0	406895	407739	386950	387794	0.0	1474
IDMF33	IDATCC27716	99.428	874	5	0	544101	544974	524534	525407	0.0	1553
IDMF33	IDATCC27716	98.725	941	8	3	364219	365158	342146	343083	0.0	1633
IDMF33	IDATCC27716	99.379	966	5	1	754317	755281	373966	373001	0.0	1712
IDMF33	IDATCC27716	98.672	1205	10	1	362914	364118	340312	341510	0.0	2102
IDMF33	IDATCC27716	97.394	1343	3	1	616556	617898	595529	596839	0.0	2289
IDMF33	IDATCC27716	75.011	4394	979	36	155881	160198	175562	171212	0.0	2919
IDMF33	IDATCC27716	75.068	4396	986	37	204306	208657	127106	122777	0.0	2919
IDMF33	IDATCC27716	97.311	2008	36	3	614460	616455	770955	772956	0.0	3380
IDMF33	IDATCC27716	97.710	2489	55	2	612257	614745	772641	775127	0.0	4224
IDMF33	IDATCC27716	98.122	3515	44	4	345106	348618	322714	326208	0.0	6044
IDMF33	IDATCC27716	99.204	4522	29	2	661722	666236	643736	648257	0.0	7990
IDMF33	IDATCC27716	99.610	4876	17	2	381633	386508	359371	364244	0.0	8700
IDMF33	IDATCC27716	99.488	5074	25	1	676659	681731	658843	663916	0.0	9030
IDMF33	IDATCC27716	99.761	6275	10	1	537844	544113	518173	524447	0.0	11248
IDMF33	IDATCC27716	99.381	8243	25	3	386609	394825	364244	372486	0.0	14646
IDMF33	IDATCC27716	98.481	9675	103	10	317306	326953	295071	304728	0.0	16779
IDMF33	IDATCC27716	99.472	10226	47	7	666337	676557	648438	658661	0.0	18173
IDMF33	IDATCC27716	99.499	10379	37	6	711548	721914	693755	704130	0.0	18469
IDMF33	IDATCC27716	97.192	11324	218	13	395484	406794	374823	386059	0.0	19019
IDMF33	IDATCC27716	99.431	12305	43	9	649439	661729	631386	643677	0.0	21859
IDMF33	IDATCC27716	99.583	12710	51	2	32966	45673	1	12710	0.0	22675
IDMF33	IDATCC27716	98.943	14102	122	7	348736	362813	326148	340246	0.0	24752
IDMF33	IDATCC27716	99.587	14056	54	4	474225	488276	454385	468440	0.0	25073
IDMF33	IDATCC27716	99.472	16298	53	7	365262	381532	343083	359374	0.0	29003
IDMF33	IDATCC27716	99.261	17987	85	8	327054	344998	304728	322708	0.0	31845
IDMF33	IDATCC27716	99.340	19557	96	10	276787	296319	794676	775129	0.0	34672
IDMF33	IDATCC27716	99.360	22973	89	9	488377	511305	468666	491624	0.0	40779
IDMF33	IDATCC27716	99.596	26463	93	9	511283	537743	491730	518180	0.0	47213
IDMF33	IDATCC27716	99.163	29152	194	12	721887	751030	708900	738009	0.0	51464
IDMF33	IDATCC27716	99.499	29712	99	13	681748	711447	664073	693746	0.0	52897
IDMF33	IDATCC27716	99.477	31753	110	8	617602	649336	599746	631460	0.0	56529
IDMF33	IDATCC27716	99.575	32961	115	9	1	32959	738008	770945	0.0	58792
IDMF33	IDATCC27716	98.985	38026	264	26	239105	277094	794677	832616	0.0	66828
IDMF33	IDATCC27716	98.060	51240	784	42	266196	317316	243864	295012	0.0	87924
IDMF33	IDATCC27716	98.909	66459	625	36	407840	474244	387860	454272	0.0	1.165e+05
IDMF33	IDATCC27716	99.620	67653	215	13	545091	612707	525390	593036	0.0	1.208e+05
IDMF33	IDATCC27716	99.364	231455	996	85	45824	277094	12719	243882	0.0	4.108e+05
IDMF33	IDATCC27716	98.365	367	5	1	756412	756777	342228	341862	2.56e-179	632
IDMF33	IDATCC27716	99.687	319	0	1	266196	266514	832598	832915	8.96e-160	567
IDMF33	IDATCC27716	97.264	329	8	1	756468	756796	341761	341434	2.40e-154	549
IDMF33	IDATCC27716	97.603	292	7	0	756796	757087	374676	374385	4.65e-138	495
IDMF33	IDATCC27716	98.182	275	3	2	756523	756796	386448	386721	2.25e-129	466
IDMF33	IDATCC27716	99.228	259	2	0	757083	757341	658921	658663	3.35e-127	459
IDMF33	IDATCC27716	98.444	257	4	0	757085	757341	648181	648437	2.11e-123	446
IDMF33	IDATCC27716	67.979	1321	336	31	753037	754299	387929	386638	1.25e-113	414
IDMF33	IDATCC27716	92.500	280	21	0	395015	395294	374821	375100	1.52e-112	410
IDMF33	IDATCC27716	98.649	222	3	0	757573	757794	340167	340388	1.73e-105	387
IDMF33	IDATCC27716	77.744	328	66	3	725648	725975	375139	374819	7.39e-66	255
IDMF33	IDATCC27716	100.000	113	0	0	395395	395507	374599	374711	1.17e-50	205
IDMF33	IDATCC27716	90.667	75	7	0	666337	666411	658662	658588	2.95e-20	104
IDMF33	IDATCC27716	65.281	409	140	2	190257	190664	12592	12999	1.86e-16	91.5
IDMF33	IDATCC27716	93.103	29	1	1	521998	522026	707936	707963	0.29	41.0
IDMF33	IDATCC27716	83.784	37	6	0	401249	401285	705088	705052	0.29	41.0
IDMF33	IDATCC27716	92.593	27	2	0	342458	342484	704536	704510	0.29	41.0
IDMF33	IDATCC27716	81.250	48	6	2	82326	82373	599776	599732	0.29	41.0
IDMF33	IDATCC27716	86.111	36	2	1	589355	589390	599516	599484	0.29	41.0
IDMF33	IDATCC27716	85.294	34	5	0	727527	727560	706288	706321	1.0	39.2
IDMF33	IDATCC27716	85.000	40	4	2	686598	686637	597906	597943	1.0	39.2
IDMF33	IDATCC27716	78.846	52	7	2	487663	487711	322670	322720	1.0	39.2
IDMF33	IDATCC27716	89.286	28	3	0	486561	486588	705282	705309	3.6	37.4
IDMF33	IDATCC27716	82.857	35	6	0	401898	401932	704838	704872	3.6	37.4
IDMF33	IDATCC27716	86.111	36	1	2	198941	198973	599741	599707	3.6	37.4
