ATCC27716	Ms42	88.403	526	7	2	372641	373120	353945	353428	0.0	713
ATCC27716	Ms42	91.068	515	40	2	593751	594259	630990	631504	0.0	719
ATCC27716	Ms42	100.000	415	0	0	813709	814123	226785	227199	0.0	749
ATCC27716	Ms42	99.294	425	0	1	375357	375778	391399	391823	0.0	751
ATCC27716	Ms42	97.545	448	10	1	630848	631294	675219	675666	0.0	755
ATCC27716	Ms42	98.198	444	0	2	374009	374444	388668	389111	0.0	764
ATCC27716	Ms42	83.995	731	105	7	387871	388591	351106	350378	0.0	771
ATCC27716	Ms42	98.855	524	3	1	770946	771466	630981	631504	0.0	917
ATCC27716	Ms42	74.643	1471	327	13	326722	328173	334398	335841	0.0	971
ATCC27716	Ms42	74.282	1637	316	27	267340	268916	277961	279552	0.0	1027
ATCC27716	Ms42	74.282	1637	316	27	269659	271250	275635	277211	0.0	1027
ATCC27716	Ms42	75.316	1584	322	17	324930	326463	337031	338595	0.0	1081
ATCC27716	Ms42	97.418	697	18	0	592949	593645	637143	637839	0.0	1177
ATCC27716	Ms42	97.425	699	18	0	593773	594471	633178	633876	0.0	1180
ATCC27716	Ms42	100.000	658	0	0	373112	373769	387494	388151	0.0	1187
ATCC27716	Ms42	100.000	726	0	0	593746	594471	637116	637841	0.0	1310
ATCC27716	Ms42	93.757	881	8	6	594572	595450	832346	833181	0.0	1357
ATCC27716	Ms42	93.871	881	12	6	594572	595450	634352	635192	0.0	1357
ATCC27716	Ms42	99.619	787	0	1	388020	388803	406167	406953	0.0	1404
ATCC27716	Ms42	97.396	960	0	5	342147	343081	354997	355956	0.0	1618
ATCC27716	Ms42	100.000	908	0	0	386952	387859	404257	405164	0.0	1638
ATCC27716	Ms42	96.612	1210	38	1	770955	772164	637121	638327	0.0	1995
ATCC27716	Ms42	96.554	1335	0	1	340314	341602	352611	353945	0.0	2237
ATCC27716	Ms42	74.955	4404	985	37	171212	175562	128100	123762	0.0	2910
ATCC27716	Ms42	75.023	4396	990	33	122777	127106	176699	172346	0.0	2928
ATCC27716	Ms42	99.726	1823	0	1	326464	328281	336773	338595	0.0	3265
ATCC27716	Ms42	99.587	1939	0	2	442503	444433	470859	472797	0.0	3460
ATCC27716	Ms42	97.420	2364	45	5	772780	775127	628915	631278	0.0	3981
ATCC27716	Ms42	100.000	2400	0	0	830217	832616	260584	262983	0.0	4329
ATCC27716	Ms42	98.256	2637	1	6	388806	391397	407929	410565	0.0	4562
ATCC27716	Ms42	100.000	2827	0	0	772037	774863	832220	835046	0.0	5099
ATCC27716	Ms42	98.892	3068	0	3	375779	378812	392597	395664	0.0	5396
ATCC27716	Ms42	99.455	3667	0	4	322720	326366	332186	335852	0.0	6524
ATCC27716	Ms42	98.571	3850	39	3	770992	774835	633190	637029	0.0	6697
ATCC27716	Ms42	99.977	4261	0	1	328290	332549	338887	343147	0.0	7676
ATCC27716	Ms42	98.996	4483	3	5	595339	599780	640160	644641	0.0	7900
ATCC27716	Ms42	99.938	4867	0	2	359378	364241	372537	377403	0.0	8758
ATCC27716	Ms42	99.921	5065	1	1	658660	663721	704856	709920	0.0	9115
ATCC27716	Ms42	99.769	5631	8	1	317088	322713	326214	331844	0.0	10098
ATCC27716	Ms42	99.533	6421	1	3	693562	699953	744359	750779	0.0	11458
ATCC27716	Ms42	99.940	6639	0	2	731175	737809	783200	789838	0.0	11950
ATCC27716	Ms42	99.259	7287	4	3	378820	386056	395800	403086	0.0	12933
ATCC27716	Ms42	99.765	7236	0	3	518177	525395	549601	556836	0.0	12974
ATCC27716	Ms42	99.920	7506	0	3	699955	707454	750861	758366	0.0	13501
ATCC27716	Ms42	99.907	7550	0	3	332693	340235	343557	351106	0.0	13577
ATCC27716	Ms42	99.734	8278	3	3	364245	372503	377622	385899	0.0	14833
ATCC27716	Ms42	99.976	8499	1	1	821718	830216	245805	254302	0.0	15315
ATCC27716	Ms42	99.206	10447	0	5	648296	658659	694337	704783	0.0	18518
ATCC27716	Ms42	99.991	10899	0	1	243864	254761	234925	245823	0.0	19647
ATCC27716	Ms42	99.919	12366	2	5	304730	317087	313666	326031	0.0	22242
ATCC27716	Ms42	99.992	12720	0	1	1	12719	5	12724	0.0	22931
ATCC27716	Ms42	99.808	12996	0	6	444749	457719	473506	486501	0.0	23320
ATCC27716	Ms42	99.946	12976	0	3	457720	470688	486684	499659	0.0	23362
ATCC27716	Ms42	99.816	16319	1	6	343082	359371	356093	372411	0.0	29295
ATCC27716	Ms42	99.544	17099	2	11	631191	648213	676637	693735	0.0	30505
ATCC27716	Ms42	99.872	18812	1	5	814127	832915	227311	246122	0.0	33816
ATCC27716	Ms42	99.166	19191	1	25	794677	813708	207226	226416	0.0	33919
ATCC27716	Ms42	99.027	19741	3	19	775125	794676	282416	262676	0.0	34822
ATCC27716	Ms42	99.628	20963	13	13	110068	130965	111016	131978	0.0	37462
ATCC27716	Ms42	99.625	23709	0	14	707555	731174	758471	782179	0.0	42373
ATCC27716	Ms42	99.077	26326	2	26	83983	110067	84625	110950	0.0	46483
ATCC27716	Ms42	99.901	29196	1	9	563559	592726	595356	624551	0.0	52506
ATCC27716	Ms42	99.394	29865	1	29	195286	224970	196552	226416	0.0	53074
ATCC27716	Ms42	99.879	29646	0	11	663937	693546	714467	744112	0.0	53283
ATCC27716	Ms42	99.854	31448	5	13	599781	631187	644826	676273	0.0	56486
ATCC27716	Ms42	99.894	32968	2	15	737815	770749	798900	831867	0.0	59259
ATCC27716	Ms42	99.885	38207	0	6	525396	563558	556975	595181	0.0	68716
ATCC27716	Ms42	99.574	47675	6	28	470691	518168	501592	549266	0.0	85114
ATCC27716	Ms42	99.904	51144	10	17	391398	442502	410825	461968	0.0	91974
ATCC27716	Ms42	99.097	52816	19	67	252362	304719	260584	313399	0.0	93221
ATCC27716	Ms42	99.804	64429	6	24	130977	195285	132052	196480	0.0	1.156e+05
ATCC27716	Ms42	99.815	71385	6	22	12724	83982	12988	84372	0.0	1.282e+05
ATCC27716	Ms42	97.207	358	1	1	771451	771808	831871	832219	3.93e-171	605
ATCC27716	Ms42	100.000	318	0	0	594976	595293	639534	639851	6.65e-162	574
ATCC27716	Ms42	100.000	305	0	0	594671	594975	639034	639338	7.59e-155	551
ATCC27716	Ms42	99.349	307	2	0	372504	372810	385997	386303	3.23e-153	545
ATCC27716	Ms42	100.000	291	0	0	386057	386347	403191	403481	3.02e-147	526
ATCC27716	Ms42	99.658	292	1	0	774836	775127	637115	637406	3.68e-146	522
ATCC27716	Ms42	97.993	299	5	1	341440	341737	403489	403191	2.32e-142	509
ATCC27716	Ms42	100.000	243	0	0	374445	374687	389293	389535	3.45e-121	439
ATCC27716	Ms42	100.000	239	0	0	386713	386951	403857	404095	5.12e-119	432
ATCC27716	Ms42	100.000	239	0	0	373770	374008	388332	388570	5.12e-119	432
ATCC27716	Ms42	98.729	236	3	0	771801	772036	631479	631714	1.37e-113	414
ATCC27716	Ms42	96.443	253	0	3	375113	375356	390422	390674	1.67e-112	410
ATCC27716	Ms42	85.185	324	0	2	444473	444748	473112	473435	2.49e-110	403
ATCC27716	Ms42	96.250	240	9	0	372806	373045	403856	404095	4.49e-107	392
ATCC27716	Ms42	100.000	208	0	0	374823	375030	389677	389884	3.46e-102	376
ATCC27716	Ms42	94.611	167	6	1	708018	708184	758206	758369	6.68e-67	259
ATCC27716	Ms42	98.969	97	1	0	594574	594670	638431	638527	7.63e-41	172
ATCC27716	Ms42	97.030	101	0	1	341267	341364	386949	386849	3.24e-39	167
ATCC27716	Ms42	100.000	82	0	0	375031	375112	389987	390068	8.71e-34	149
ATCC27716	Ms42	100.000	78	0	0	387942	388019	405958	406035	1.29e-31	141
ATCC27716	Ms42	100.000	78	0	0	387793	387870	352188	352111	1.29e-31	141
ATCC27716	Ms42	100.000	76	0	0	648214	648289	693971	694046	1.57e-30	138
ATCC27716	Ms42	100.000	70	0	0	326367	326436	336177	336246	2.85e-27	127
ATCC27716	Ms42	100.000	68	0	0	373044	373111	387245	387312	3.47e-26	123
ATCC27716	Ms42	100.000	64	0	0	340176	340239	405777	405714	5.15e-24	116
ATCC27716	Ms42	92.000	75	0	1	372810	372878	386531	386605	7.64e-22	109
ATCC27716	Ms42	100.000	59	0	0	341208	341266	387117	387059	2.67e-21	107
ATCC27716	Ms42	100.000	55	0	0	386105	386159	354665	354611	3.96e-19	100
ATCC27716	Ms42	100.000	44	0	0	595294	595337	639934	639977	3.71e-13	80.6
ATCC27716	Ms42	100.000	42	0	0	386063	386104	354754	354713	4.51e-12	77.0
ATCC27716	Ms42	100.000	39	0	0	386698	386736	472951	472913	1.92e-10	71.6
ATCC27716	Ms42	100.000	28	0	0	372613	372640	354385	354358	1.80e-04	51.8
ATCC27716	Ms42	72.152	79	15	2	147462	147539	831870	831798	0.33	41.0
ATCC27716	Ms42	84.848	33	5	0	449693	449725	343465	343433	4.0	37.4
