MF30	Ms42	96.059	406	13	1	419094	419496	637520	637115	0.0	659
MF30	Ms42	80.985	731	121	8	416645	417360	351105	350378	0.0	672
MF30	Ms42	93.162	468	20	5	416186	416644	631390	630926	0.0	688
MF30	Ms42	99.518	415	2	0	221883	222297	226785	227199	0.0	740
MF30	Ms42	99.078	434	4	0	602606	603039	675219	675652	0.0	765
MF30	Ms42	76.124	1223	249	15	127343	128534	130768	131978	0.0	874
MF30	Ms42	74.659	1468	330	11	312679	314128	334398	335841	0.0	975
MF30	Ms42	74.282	1637	316	27	253411	254987	277961	279552	0.0	1027
MF30	Ms42	74.771	1637	308	27	255736	257327	275635	277211	0.0	1063
MF30	Ms42	75.379	1584	321	17	310887	312420	337031	338595	0.0	1086
MF30	Ms42	99.840	626	1	0	358930	359555	406167	406792	0.0	1124
MF30	Ms42	98.905	822	3	1	418274	419095	832220	833035	0.0	1443
MF30	Ms42	99.034	828	8	0	357854	358681	404257	405084	0.0	1458
MF30	Ms42	97.065	886	17	1	417525	418401	637442	638327	0.0	1485
MF30	Ms42	98.865	881	10	0	326441	327321	352624	353504	0.0	1544
MF30	Ms42	96.667	960	9	4	327470	328406	354997	355956	0.0	1593
MF30	Ms42	97.241	1341	34	1	570249	571586	640160	641500	0.0	2278
MF30	Ms42	98.727	1571	19	1	417525	419095	633477	635046	0.0	2740
MF30	Ms42	75.171	4386	989	35	168099	172431	128100	123762	0.0	2933
MF30	Ms42	75.091	4396	987	33	122941	127270	176699	172346	0.0	2942
MF30	Ms42	97.117	1769	8	5	447715	449441	407929	409696	0.0	2976
MF30	Ms42	99.397	1823	4	1	312421	314236	336773	338595	0.0	3240
MF30	Ms42	87.235	2640	321	7	359608	362234	407929	410565	0.0	3265
MF30	Ms42	98.593	2061	28	1	419497	421556	637029	634969	0.0	3582
MF30	Ms42	98.611	2088	28	1	419469	421555	835046	832959	0.0	3631
MF30	Ms42	96.933	2478	56	6	419094	421551	631392	628915	0.0	4118
MF30	Ms42	99.127	3667	13	4	308676	312323	332186	335852	0.0	6469
MF30	Ms42	99.122	3987	16	3	671042	675009	750861	754847	0.0	7036
MF30	Ms42	99.202	4261	23	2	314422	318671	338887	343147	0.0	7532
MF30	Ms42	99.870	4618	5	1	696442	701058	785221	789838	0.0	8298
MF30	Ms42	99.691	4862	12	2	344765	349623	372542	377403	0.0	8695
MF30	Ms42	99.185	5030	38	1	630451	635477	704856	709885	0.0	8886
MF30	Ms42	99.485	5630	20	2	303049	308669	326215	331844	0.0	10022
MF30	Ms42	99.609	6132	23	1	128546	134676	132052	138183	0.0	10949
MF30	Ms42	99.299	6421	12	6	664653	671040	744359	750779	0.0	11380
MF30	Ms42	97.617	6923	129	8	84074	90961	84625	91546	0.0	11795
MF30	Ms42	99.572	7236	9	4	495430	502643	549601	556836	0.0	12911
MF30	Ms42	99.483	7541	32	3	318806	326340	343566	351105	0.0	13418
MF30	Ms42	99.338	8153	26	4	349627	357751	377622	385774	0.0	14467
MF30	Ms42	99.506	8499	41	1	229911	238409	245805	254302	0.0	15135
MF30	Ms42	98.091	9744	105	16	281060	290722	303656	313399	0.0	16743
MF30	Ms42	99.207	10217	41	8	620168	630344	694337	704553	0.0	18060
MF30	Ms42	99.159	12366	54	10	290733	303048	313666	326031	0.0	21832
MF30	Ms42	99.898	12724	10	3	1	12721	1	12724	0.0	22877
MF30	Ms42	99.484	12996	39	7	421599	434566	473506	486501	0.0	23129
MF30	Ms42	99.630	12976	42	2	434567	447536	486684	499659	0.0	23181
MF30	Ms42	99.295	16319	52	7	328407	344662	356093	372411	0.0	28941
MF30	Ms42	99.179	16925	75	15	603139	619999	676649	693573	0.0	29901
MF30	Ms42	99.099	18085	82	12	110265	128270	111016	129098	0.0	31915
MF30	Ms42	99.471	18513	94	2	222301	240809	227311	245823	0.0	32952
MF30	Ms42	98.433	19528	224	20	90785	110231	91421	110947	0.0	33897
MF30	Ms42	98.878	21568	154	17	674978	696457	759615	781182	0.0	37816
MF30	Ms42	99.742	29015	63	5	635468	664470	715052	744066	0.0	51977
MF30	Ms42	99.514	29196	93	12	540824	569970	595356	624551	0.0	52008
MF30	Ms42	98.577	29865	238	26	192205	221882	196552	226416	0.0	52041
MF30	Ms42	99.587	31448	77	13	571552	602946	644826	676273	0.0	56120
MF30	Ms42	99.675	32971	72	15	701075	734010	798900	831870	0.0	58944
MF30	Ms42	99.631	38208	112	9	502644	540823	556975	595181	0.0	68273
MF30	Ms42	97.141	43023	873	46	238411	281079	260585	303604	0.0	72280
MF30	Ms42	99.233	46139	171	29	449466	495421	503128	549266	0.0	81665
MF30	Ms42	99.646	51124	125	20	362241	413308	410825	461948	0.0	91341
MF30	Ms42	99.397	57665	168	22	134669	192153	138816	196480	0.0	1.025e+05
MF30	Ms42	99.475	71385	232	24	12833	84074	12988	84372	0.0	1.271e+05
MF30	Ms42	96.543	376	13	0	416186	416561	633553	633178	1.57e-175	619
MF30	Ms42	96.275	349	13	0	417697	418045	831871	832219	7.15e-161	571
MF30	Ms42	78.169	710	135	8	416833	417527	406204	406908	3.04e-159	565
MF30	Ms42	100.000	305	0	0	418498	418802	639034	639338	6.70e-155	551
MF30	Ms42	98.697	307	4	0	415853	416159	386303	385997	1.47e-150	536
MF30	Ms42	96.990	299	9	0	415860	416158	403489	403191	3.71e-139	499
MF30	Ms42	99.288	281	1	1	418803	419082	639571	639851	4.52e-138	495
MF30	Ms42	87.089	395	43	5	129160	129550	129377	129767	6.28e-130	468
MF30	Ms42	85.393	356	6	1	415532	415841	353783	353428	7.16e-123	444
MF30	Ms42	99.149	235	2	0	415532	415766	403861	404095	3.47e-114	416
MF30	Ms42	98.729	236	3	0	418038	418273	631479	631714	1.21e-113	414
MF30	Ms42	94.979	239	1	1	413327	413554	693735	693497	2.05e-104	383
MF30	Ms42	82.716	324	8	2	415876	416151	473112	473435	1.58e-99	367
MF30	Ms42	87.356	261	2	1	571290	571550	644411	644640	1.48e-93	347
MF30	Ms42	99.438	178	1	0	413312	413489	704606	704783	2.50e-84	316
MF30	Ms42	98.352	182	3	0	415841	416022	353764	353945	8.74e-84	315
MF30	Ms42	91.667	204	3	2	327473	327662	385899	385696	8.19e-78	295
MF30	Ms42	100.000	155	0	0	447558	447712	406799	406953	1.80e-73	280
MF30	Ms42	89.202	213	3	4	327472	327664	403086	402874	1.80e-73	280
MF30	Ms42	99.363	157	1	0	414777	414933	405008	405164	6.29e-73	279
MF30	Ms42	94.886	176	6	1	417540	417712	631329	631504	2.20e-72	277
MF30	Ms42	78.776	245	47	1	678821	679065	404095	403856	9.35e-52	208
MF30	Ms42	96.154	104	4	0	602242	602345	676637	676740	2.35e-40	170
MF30	Ms42	98.969	97	0	1	418402	418497	638431	638527	2.86e-39	167
MF30	Ms42	97.030	101	0	1	415608	415705	386849	386949	2.86e-39	167
MF30	Ms42	95.556	90	4	0	414777	414866	352700	352611	9.36e-33	145
MF30	Ms42	100.000	78	0	0	414867	414944	352188	352111	1.14e-31	141
MF30	Ms42	98.765	81	1	0	414945	415025	351106	351026	1.14e-31	141
MF30	Ms42	76.238	202	32	7	415532	415726	389680	389872	2.06e-28	131
MF30	Ms42	100.000	70	0	0	312324	312393	336177	336246	2.51e-27	127
MF30	Ms42	93.590	78	5	0	358852	358929	405958	406035	1.30e-24	118
MF30	Ms42	71.861	231	57	3	414777	415003	392616	392842	1.30e-24	118
MF30	Ms42	100.000	64	0	0	414941	415004	405714	405777	4.54e-24	116
MF30	Ms42	72.603	219	49	4	678849	679067	389884	389677	4.54e-24	116
MF30	Ms42	100.000	62	0	0	620100	620161	693985	694046	5.53e-23	113
MF30	Ms42	64.228	1107	293	43	676515	677565	394226	393167	1.93e-22	111
MF30	Ms42	95.588	68	3	0	415765	415832	387245	387312	6.74e-22	109
MF30	Ms42	77.465	142	30	2	448037	448177	394102	394242	8.21e-21	105
MF30	Ms42	100.000	55	0	0	416056	416110	354611	354665	3.49e-19	100
MF30	Ms42	86.585	82	11	0	415739	415820	389987	390068	1.22e-18	98.7
MF30	Ms42	87.838	74	3	1	415532	415599	386532	386605	1.48e-17	95.1
MF30	Ms42	71.845	206	38	8	167792	167978	130651	130447	5.18e-17	93.3
MF30	Ms42	89.831	59	6	0	415706	415764	387059	387117	3.27e-13	80.6
MF30	Ms42	65.683	542	151	21	636501	637029	783655	784174	3.98e-12	77.0
MF30	Ms42	75.000	120	28	2	414777	414895	388452	388570	1.39e-11	75.2
MF30	Ms42	95.455	44	2	0	421448	421491	639977	639934	1.69e-10	71.6
MF30	Ms42	100.000	37	0	0	415841	415877	472915	472951	2.06e-09	68.0
MF30	Ms42	84.746	59	9	0	326471	326529	392662	392604	7.20e-09	66.2
MF30	Ms42	80.597	67	10	1	109526	109589	110884	110950	8.77e-08	62.6
MF30	Ms42	80.303	66	13	0	358586	358651	392597	392662	3.06e-07	60.8
MF30	Ms42	92.857	42	2	1	421558	421598	354713	354754	1.07e-06	59.0
MF30	Ms42	68.902	164	42	4	679074	679231	389531	389371	3.73e-06	57.2
MF30	Ms42	71.538	130	27	5	414897	415021	388669	388793	1.30e-05	55.4
MF30	Ms42	74.667	75	18	1	678989	679063	386604	386531	1.59e-04	51.8
MF30	Ms42	96.429	28	1	0	416023	416050	354358	354385	0.007	46.4
MF30	Ms42	93.103	29	2	0	447539	447567	461968	461940	0.024	44.6
MF30	Ms42	86.486	37	5	0	358534	358570	391772	391808	0.024	44.6
MF30	Ms42	75.000	68	11	2	189613	189674	402871	402804	0.082	42.8
MF30	Ms42	77.778	54	9	1	33100	33150	400207	400154	0.082	42.8
MF30	Ms42	83.721	43	6	1	373868	373909	399432	399474	0.082	42.8
MF30	Ms42	80.851	47	6	1	139504	139550	130229	130186	0.082	42.8
MF30	Ms42	93.103	29	1	1	479668	479696	758657	758684	0.29	41.0
MF30	Ms42	92.593	27	2	0	306124	306150	755253	755227	0.29	41.0
MF30	Ms42	81.250	48	6	2	49317	49364	644441	644397	0.29	41.0
MF30	Ms42	86.111	36	2	1	546920	546955	644180	644148	0.29	41.0
MF30	Ms42	75.000	68	14	2	734115	734182	501999	502063	0.29	41.0
MF30	Ms42	85.366	41	3	2	50552	50589	402610	402570	0.29	41.0
MF30	Ms42	87.500	32	4	0	35198	35229	391520	391551	0.29	41.0
MF30	Ms42	100.000	21	0	0	697091	697111	783379	783399	1.0	39.2
MF30	Ms42	87.179	39	1	3	233421	233459	783317	783351	1.0	39.2
MF30	Ms42	92.308	26	2	0	356669	356694	781700	781725	1.0	39.2
MF30	Ms42	85.294	34	5	0	680619	680652	757005	757038	1.0	39.2
MF30	Ms42	85.000	40	4	2	639653	639692	642567	642604	1.0	39.2
MF30	Ms42	100.000	21	0	0	306715	306735	402873	402853	1.0	39.2
MF30	Ms42	90.323	31	2	1	105168	105197	398286	398316	1.0	39.2
MF30	Ms42	92.308	26	2	0	135162	135187	397808	397783	1.0	39.2
MF30	Ms42	80.000	45	7	1	729374	729416	392886	392930	1.0	39.2
MF30	Ms42	80.000	45	7	1	729374	729416	388819	388863	1.0	39.2
MF30	Ms42	100.000	21	0	0	357920	357940	387494	387514	1.0	39.2
MF30	Ms42	84.615	39	4	2	637120	637156	784265	784303	3.5	37.4
MF30	Ms42	100.000	20	0	0	448497	448516	758699	758680	3.5	37.4
MF30	Ms42	89.286	28	3	0	423292	423319	756026	755999	3.5	37.4
MF30	Ms42	86.111	36	1	2	162734	162766	644406	644372	3.5	37.4
MF30	Ms42	86.486	37	3	2	648111	648147	402750	402784	3.5	37.4
MF30	Ms42	87.500	32	3	1	94012	94042	402219	402250	3.5	37.4
MF30	Ms42	83.784	37	5	1	140600	140635	399235	399271	3.5	37.4
MF30	Ms42	95.652	23	1	0	115560	115582	398502	398524	3.5	37.4
MF30	Ms42	78.261	46	7	1	661702	661747	398426	398384	3.5	37.4
MF30	Ms42	95.652	23	1	0	167998	168020	396528	396506	3.5	37.4
MF30	Ms42	78.261	46	7	1	639722	639764	390585	390540	3.5	37.4
MF30	Ms42	84.848	33	5	0	426541	426573	343465	343433	3.5	37.4
MF30	Ms42	84.615	39	4	2	8420	8456	138602	138640	3.5	37.4
MF30	Ms42	79.070	43	9	0	564477	564519	129315	129357	3.5	37.4
