Seq_id	Size	Description
1	897405	IDJ
2	956514	IDES2
3	927216	ID133A
4	927172	ID131B
5	921541	ID111A
6	920587	IDLH
7	920420	ID154B
8	920392	ID153B
9	918900	IDES2L
10	901311	ID116
11	900736	IDUe273
12	894983	IDF72C
13	891138	ID1257
14	886877	ID4284
15	960532	IDNCTC10127
16	925576	ID168
17	921093	ID168L
18	920079	ID7448
19	898495	ID7422
20	892758	ID232
21	923612	ID112B
22	910816	IDUFV01
23	898336	ID11
24	882420	ID98
25	960219	IDUFV02
26	902476	IDMHP691
27	879752	IDMHP696
28	923878	IDMHP699
29	871408	IDMHP694
30	880293	IDMHP709
31	909216	IDMHP650
32	898402	IDMHP653
33	912568	IDMHP682
34	906915	IDMHP679
35	913664	IDTB1
36	964503	IDKM014
--------------------------------------------------------------------------------
Block #1
Seq_id	Strand	Start	End	Length
1	+	761604	798466	36863
2	+	818790	855666	36877
3	+	790267	823743	33477
4	+	790226	823703	33478
5	+	786829	820246	33418
6	+	785385	818912	33528
7	+	792482	826019	33538
8	+	792468	825998	33531
9	+	782030	817263	35234
10	+	762938	799744	36807
11	+	766439	803280	36842
12	+	764513	798041	33529
13	+	757990	788061	30072
14	+	759519	792994	33476
15	+	517040	550540	33501
16	+	769081	802570	33490
17	+	768453	801942	33490
18	+	781196	814715	33520
19	+	763854	797420	33567
20	+	759530	791010	31481
21	+	788804	822233	33430
22	+	871720	905193	33474
23	+	397569	431090	33522
24	+	657495	691555	34061
25	+	24772	58197	33426
25	+	919188	952613	33426
26	+	780593	814506	33914
27	+	713553	747865	34313
28	+	796242	831925	35684
29	+	744973	781525	36553
30	+	751872	786407	34536
31	+	27505	62260	34756
32	+	771503	801952	30450
33	+	765394	796116	30723
34	+	729504	763281	33778
35	+	729277	762664	33388
36	+	51616	88443	36828
--------------------------------------------------------------------------------
Block #2
Seq_id	Strand	Start	End	Length
1	+	568329	575644	7316
2	+	632781	640096	7316
3	+	600538	607853	7316
4	+	600495	607810	7316
5	+	599304	606619	7316
6	+	594841	602156	7316
7	+	601277	608592	7316
8	+	601259	608574	7316
9	+	573751	581060	7310
10	+	575304	582619	7316
11	+	573172	580487	7316
12	+	575198	582513	7316
13	+	580903	588218	7316
14	+	568538	575853	7316
15	-	960511	953195	7317
15	+	334955	342270	7316
16	+	588692	596007	7316
17	+	589970	597285	7316
18	+	591607	598922	7316
19	+	589316	596631	7316
20	+	556510	563825	7316
21	+	601257	608572	7316
22	+	686034	693349	7316
23	+	214852	222167	7316
24	+	478575	485890	7316
25	+	744084	751399	7316
26	+	603705	611020	7316
27	+	537055	544370	7316
28	+	597367	604682	7316
29	+	558034	565349	7316
30	+	574562	581877	7316
31	+	724164	731479	7316
32	+	593559	600874	7316
33	+	588760	596075	7316
34	+	552517	559832	7316
35	+	553557	560872	7316
36	+	806137	813447	7311
--------------------------------------------------------------------------------
Block #3
Seq_id	Strand	Start	End	Length
1	+	744419	761603	17185
2	+	801574	818789	17216
3	+	773074	790266	17193
4	+	773032	790225	17194
5	+	769648	786828	17181
6	+	768194	785384	17191
7	+	775289	792481	17193
8	+	775276	792467	17192
9	+	764841	782029	17189
10	+	745747	762924	17178
11	+	749234	766438	17205
12	+	747318	764512	17195
13	+	740805	757989	17185
14	+	742349	759518	17170
15	+	499850	517039	17190
16	+	751890	769080	17191
17	+	751262	768452	17191
18	+	764009	781195	17187
19	+	746661	763853	17193
20	+	742340	759529	17190
21	+	771624	788803	17180
22	+	854532	871719	17188
23	+	380376	397568	17193
24	+	640312	657494	17183
25	+	7584	24771	17188
25	+	903482	919187	15706
26	+	763399	780592	17194
27	+	696369	713552	17184
28	+	756049	773243	17195
29	+	727780	744972	17193
30	+	734688	751871	17184
31	+	10322	27504	17183
32	+	754316	771502	17187
33	+	748207	765393	17187
34	+	712311	729503	17193
35	+	711982	729276	17295
36	+	34425	51615	17191
--------------------------------------------------------------------------------
Block #4
Seq_id	Strand	Start	End	Length
1	-	810363	800162	10202
2	-	867987	857812	10176
3	-	835635	825439	10197
4	-	835597	825396	10202
5	-	832133	821950	10184
6	-	831247	821058	10190
7	-	837892	827711	10182
8	-	837869	827689	10181
9	-	829556	819391	10166
10	-	810873	800684	10190
11	-	815128	804977	10152
12	-	810383	800186	10198
13	-	799934	789745	10190
14	+	793004	802956	9953
15	-	562877	552686	10192
16	-	814422	804253	10170
17	-	813800	803626	10175
18	-	827048	816883	10166
19	-	809292	799107	10186
20	-	803348	793154	10195
21	-	834118	823935	10184
22	-	10481	285	10197
23	-	443395	433233	10163
24	-	703881	693696	10186
25	-	68933	58846	10088
26	-	826393	816205	10189
27	-	759770	749577	10194
28	-	843874	833712	10163
29	-	793861	783669	10193
30	-	798310	788120	10191
31	-	74745	64286	10460
32	-	814490	804191	10300
33	-	808033	797782	10252
34	-	775401	764978	10424
35	-	774095	764404	9692
36	-	100337	90136	10202
--------------------------------------------------------------------------------
Block #5
Seq_id	Strand	Start	End	Length
1	-	377635	346715	30921
2	-	419794	386955	32840
3	-	405336	378137	27200
4	-	405338	378146	27193
5	-	400676	373501	27176
6	-	410416	377540	32877
7	-	388181	357011	31171
8	-	388157	356985	31173
9	-	384275	353812	30464
10	-	380237	351650	28588
11	-	398571	363661	34911
12	-	396167	369005	27163
13	-	390660	362094	28567
14	-	382197	353651	28547
15	-	170685	138034	32652
16	+	379098	407439	28342
17	+	383120	408662	25543
18	-	395555	362553	33003
19	-	401854	374725	27130
20	-	392247	359598	32650
21	-	402589	375416	27174
22	-	476070	448882	27189
23	-	50722	18052	32671
24	-	319360	288313	31048
25	-	534342	507148	27195
26	-	405236	376379	28858
27	-	352354	323803	28552
28	-	415612	382271	33342
29	-	356226	323254	32973
30	-	392441	363570	28872
31	-	539617	513399	26219
32	-	396559	368953	27607
33	-	399964	373887	26078
34	-	351119	324984	26136
35	+	356596	382194	25599
36	-	620369	590365	30005
--------------------------------------------------------------------------------
Block #6
Seq_id	Strand	Start	End	Length
1	+	450631	461123	10493
2	+	490518	500989	10472
3	+	478723	489229	10507
4	+	478723	489228	10506
5	-	454406	443897	10510
6	+	475226	485721	10496
7	+	454888	465395	10508
8	+	454873	465386	10514
9	+	453852	464283	10432
10	+	455033	465550	10518
11	+	471463	483874	12412
12	-	427815	417338	10478
13	+	464676	475178	10503
14	+	448357	458828	10472
15	+	235538	246012	10475
16	-	522291	511603	10689
17	-	523308	512619	10690
18	+	467170	477678	10509
19	+	475616	486117	10502
20	+	457100	467576	10477
21	-	456114	445800	10315
22	+	569674	580177	10504
23	+	115573	126043	10471
24	+	390542	401476	10935
25	+	627817	638321	10505
26	+	467770	478215	10446
27	+	418095	428886	10792
28	+	482381	492660	10280
29	+	460137	470634	10498
30	+	458171	468702	10532
31	+	605739	615915	10177
32	+	471590	482120	10531
33	+	470914	480917	10004
34	+	445245	455692	10448
35	-	488207	478475	9733
36	+	688218	698692	10475
--------------------------------------------------------------------------------
Block #7
Seq_id	Strand	Start	End	Length
1	+	552948	568328	15381
2	+	617395	632780	15386
3	+	585210	600537	15328
4	+	585174	600494	15321
5	+	583974	599303	15330
6	+	579496	594840	15345
7	+	585951	601276	15326
8	+	585932	601258	15327
9	+	558430	573744	15315
10	+	559979	575303	15325
11	+	557836	573171	15336
12	+	559908	575197	15290
13	+	565596	580902	15307
14	+	553213	568537	15325
15	+	319598	334954	15357
16	+	573343	588691	15349
17	+	574629	589969	15341
18	+	576321	591606	15286
19	+	574006	589315	15310
20	+	541156	556509	15354
21	+	585887	601256	15370
22	+	670725	686033	15309
23	+	199501	214851	15351
24	+	463250	478574	15325
25	+	728788	744083	15296
26	+	588276	603704	15429
27	+	521624	537054	15431
28	+	581871	597366	15496
29	+	542622	558033	15412
30	+	559128	574561	15434
31	+	708849	724163	15315
32	+	578019	593558	15540
33	+	573279	588759	15481
34	+	537094	552516	15423
35	+	538171	553556	15386
36	+	790801	806136	15336
--------------------------------------------------------------------------------
Block #8
Seq_id	Strand	Start	End	Length
1	+	234241	249386	15146
2	+	245361	260500	15140
3	+	264194	279330	15137
4	+	264210	279346	15137
5	+	259722	274872	15151
6	+	265606	280751	15146
7	+	240957	256103	15147
8	+	240922	256068	15147
9	+	237770	252906	15137
10	+	235967	251121	15155
11	+	246697	261846	15150
12	+	259243	274389	15147
13	+	247292	262446	15155
14	+	240215	255360	15146
15	-	767157	752012	15146
16	+	238079	253224	15146
17	+	238034	253179	15146
18	+	241650	256800	15151
19	+	260605	275756	15152
20	-	207669	194642	13028
21	+	261630	276779	15150
22	+	335621	350766	15146
23	-	758877	745850	13028
24	+	168022	183158	15137
25	+	393973	409118	15146
26	+	263892	278822	14931
27	+	212482	227663	15182
28	+	261629	276774	15146
29	+	209677	224822	15146
30	+	252009	267190	15182
31	+	392934	408079	15146
32	+	255601	270923	15323
33	+	255879	271024	15146
34	+	213342	228494	15153
35	+	214496	229463	14968
36	+	472407	487544	15138
--------------------------------------------------------------------------------
Block #9
Seq_id	Strand	Start	End	Length
1	-	220025	198578	21448
2	-	231134	208892	22243
3	-	249978	228562	21417
4	-	249993	228576	21418
5	-	245504	223241	22264
6	-	229340	205399	23942
7	+	138882	160632	21751
8	+	138851	160607	21757
9	-	223554	201980	21575
10	+	136384	158334	21951
11	-	232481	210172	22310
12	-	245582	220765	24818
13	+	141644	163885	22242
14	+	142336	164184	21849
15	+	781373	803260	21888
16	+	134048	156269	22222
17	+	134007	156227	22221
18	-	227433	206003	21431
19	-	246388	224943	21446
20	+	221885	243773	21889
21	-	247413	225132	22282
22	-	321423	299838	21586
23	+	773093	794812	21720
24	+	112888	135121	22234
25	-	380384	360174	20211
26	+	158935	179879	20945
27	+	115816	136400	20585
28	-	248104	226780	21325
29	+	118613	139019	20407
30	+	155185	175769	20585
31	-	379389	359301	20089
32	-	242078	224288	17791
33	-	242353	222170	20184
34	-	199720	179685	20036
35	+	118042	138175	20134
36	-	458196	436786	21411
--------------------------------------------------------------------------------
Block #10
Seq_id	Strand	Start	End	Length
1	+	1442	14899	13458
2	+	1313	14768	13456
3	+	1236	14708	13473
4	+	1236	14710	13475
5	+	1236	14646	13411
6	+	1236	14695	13460
7	+	1236	14692	13457
8	+	1236	14693	13458
9	+	1236	14687	13452
10	+	1259	14723	13465
11	+	1236	14712	13477
12	+	1236	14708	13473
13	+	1284	14752	13469
14	+	1282	14757	13476
15	+	1236	14707	13472
16	+	1236	14685	13450
17	+	1236	14709	13474
18	+	1442	14913	13472
19	+	1442	14926	13485
20	+	1236	14707	13472
21	+	1236	14669	13434
22	+	98823	112295	13473
23	+	534028	547500	13473
24	+	862520	875983	13464
25	+	157254	170726	13473
26	+	26816	40272	13457
27	+	850306	863770	13465
28	+	26851	40315	13465
29	-	418763	405289	13475
30	+	16147	29611	13465
31	+	166115	179549	13435
32	+	16142	29615	13474
33	+	1	13456	13456
34	+	865057	878525	13469
35	+	883204	896702	13499
36	+	190830	204290	13461
--------------------------------------------------------------------------------
Block #11
Seq_id	Strand	Start	End	Length
1	+	575645	670009	94365
2	+	640097	730915	90819
3	+	607854	699812	91959
4	+	607811	699768	91958
5	+	606620	696390	89771
6	+	602157	691974	89818
7	+	608593	702092	93500
8	+	608575	702077	93503
9	+	581061	673571	92511
10	+	582620	673318	90699
11	+	580488	670284	89797
12	+	582514	673042	90529
13	+	588219	677680	89462
14	+	575854	665974	90121
15	+	342271	432579	90309
16	+	596008	686603	90596
17	+	597286	687902	90617
18	+	598923	691615	92693
19	+	596632	686514	89883
20	+	563826	654185	90360
21	+	608573	698363	89791
22	+	693350	784314	90965
23	+	222168	312428	90261
24	+	485891	575252	89362
25	+	751400	845709	94310
26	+	611021	701000	89980
27	+	544371	635393	91023
28	+	604683	694409	89727
29	+	565350	656123	90774
30	+	581878	673496	91619
31	+	731480	821597	90118
32	+	600875	688664	87790
33	+	596076	689508	93433
34	+	559833	650195	90363
35	+	560873	651588	90716
36	+	813448	903664	90217
--------------------------------------------------------------------------------
Block #12
Seq_id	Strand	Start	End	Length
1	+	461124	469045	7922
2	+	500990	508911	7922
3	+	489230	497150	7921
4	+	489229	497148	7920
5	-	443896	435975	7922
6	+	485722	493644	7923
7	+	486855	494784	7930
8	+	486846	494776	7931
9	+	464284	472206	7923
10	+	465551	473472	7922
11	+	483875	491797	7923
12	-	417337	409415	7923
13	+	475179	483097	7919
14	+	458829	466751	7923
15	+	246013	253934	7922
16	-	511602	503681	7922
17	-	512618	504697	7922
18	+	477679	485600	7922
19	+	486118	494039	7922
20	+	467577	475498	7922
21	-	445799	437879	7921
22	+	580178	588099	7922
23	+	126044	133965	7922
24	+	401477	409398	7922
25	+	638322	646243	7922
26	+	478216	486138	7923
27	+	428887	436808	7922
28	+	492661	500582	7922
29	+	470635	478556	7922
30	+	468703	476624	7922
31	+	615916	623837	7922
32	+	482121	489385	7265
33	+	480918	488839	7922
34	+	455693	463615	7923
35	-	478474	471211	7264
36	+	698693	706611	7919
--------------------------------------------------------------------------------
Block #13
Seq_id	Strand	Start	End	Length
1	-	431612	399064	32549
2	-	471505	440640	30866
3	-	459701	428760	30942
4	-	459703	428761	30943
5	+	473444	504389	30946
6	-	456198	425334	30865
7	-	435870	404952	30919
8	-	435851	404928	30924
9	-	434835	401749	33087
10	-	435981	407890	28092
11	-	452396	421485	30912
12	+	446830	477806	30977
13	-	445631	414785	30847
14	-	429332	398409	30924
15	-	216523	185730	30794
16	-	462755	431878	30878
17	-	463775	432896	30880
18	-	448156	417231	30926
19	-	456603	425688	30916
20	-	438085	407294	30792
21	+	475352	506290	30939
22	-	550650	519741	30910
23	-	96549	65767	30783
24	-	371522	338798	32725
25	-	608799	577886	30914
26	-	448724	417535	31190
27	-	399058	368182	30877
28	-	462335	431394	30942
29	-	405160	374208	30953
30	-	439134	408257	30878
31	-	586718	555714	31005
32	-	452533	422009	30525
33	-	451860	421277	30584
34	-	426201	395064	31138
35	-	433281	402434	30848
36	-	669208	636416	32793
--------------------------------------------------------------------------------
Block #14
Seq_id	Strand	Start	End	Length
1	-	197582	153943	43640
2	-	205789	159520	46270
3	-	227568	183866	43703
4	-	227582	183878	43705
5	-	198873	154999	43875
6	-	204400	162609	41792
7	+	161228	204971	43744
8	+	161203	204937	43735
9	-	200984	159203	41782
10	+	158930	201876	42947
11	-	207067	160816	46252
12	-	199922	158113	41810
13	+	168377	213232	44856
14	+	164780	206559	41780
15	+	803860	847577	43718
16	+	158383	202034	43652
17	+	158341	201990	43650
18	-	205010	161222	43789
19	-	223950	180209	43742
20	+	244373	288087	43715
21	-	198877	154962	43916
22	-	298843	255212	43632
23	+	795412	839129	43718
24	-	798042	754321	43722
25	-	359179	315548	43632
26	+	184306	229263	44958
27	+	136996	178905	41910
28	-	223741	179410	44332
29	+	139615	181578	41964
30	+	176365	218284	41920
31	-	358305	314290	44016
32	-	221182	174927	46256
33	-	220862	178147	42716
34	-	178207	134334	43874
35	+	139580	182276	42697
36	-	435792	392061	43732
--------------------------------------------------------------------------------
Block #15
Seq_id	Strand	Start	End	Length
1	-	513593	503548	10046
2	-	556030	545962	10069
3	-	547922	537728	10195
4	-	547900	537708	10193
5	-	546701	536507	10195
6	-	542022	531966	10057
7	-	548604	538411	10194
8	-	548596	538405	10192
9	-	520762	510720	10043
10	-	522697	512541	10157
11	-	520508	510323	10186
12	-	522598	512547	10052
13	+	488220	499081	10862
14	-	495564	485374	10191
15	-	282497	272443	10055
16	-	534577	523824	10754
17	-	535595	524841	10755
18	-	514316	504110	10207
19	-	536727	526670	10058
20	-	504042	493986	10057
21	-	548599	538406	10194
22	-	633355	623175	10181
23	-	162368	152317	10052
24	-	438181	427989	10193
25	-	691421	681241	10181
26	-	514862	504677	10186
27	-	484010	473702	10309
28	-	544075	533885	10191
29	-	507207	497015	10193
30	-	521874	511678	10197
31	-	669489	658905	10585
32	-	535767	524229	11539
33	-	538685	528104	10582
34	-	506367	496186	10182
35	-	499774	489020	10755
36	-	753481	743279	10203
--------------------------------------------------------------------------------
Block #16
Seq_id	Strand	Start	End	Length
1	+	810364	838210	27847
2	+	867988	895864	27877
3	+	835636	863558	27923
4	+	835598	863515	27918
5	+	832134	860018	27885
6	+	831261	859149	27889
7	+	837893	859076	21184
8	+	837870	859050	21181
9	+	829557	857441	27885
10	+	810874	833358	22485
11	+	815144	839329	24186
12	+	810384	831576	21193
13	+	799935	827776	27842
14	+	804118	825315	21198
15	+	562878	590772	27895
16	+	814423	842316	27894
17	+	813801	841696	27896
18	+	827049	854918	27870
19	+	809293	837156	27864
20	+	803349	831241	27893
21	+	834119	861998	27880
22	+	10482	38377	27896
23	+	443396	471291	27896
24	+	703882	731774	27893
25	+	68934	96827	27894
26	+	826394	854202	27809
27	+	759771	787575	27805
28	+	843875	871685	27811
29	+	793862	821851	27990
30	+	798311	826117	27807
31	+	74746	103304	28559
32	+	814491	842298	27808
33	+	808034	836092	28059
34	+	775402	803207	27806
35	+	774219	802096	27878
36	+	100338	127468	27131
--------------------------------------------------------------------------------
Block #17
Seq_id	Strand	Start	End	Length
1	+	220026	234227	14202
2	+	231135	245347	14213
3	+	249979	264180	14202
4	+	249994	264196	14203
5	+	245505	259708	14204
6	+	229341	243003	13663
7	+	224532	240943	16412
8	+	224497	240908	16412
9	+	223555	237756	14202
10	+	219545	235953	16409
11	+	232482	246683	14202
12	+	245583	259229	13647
13	+	230900	247278	16379
14	+	223794	240201	16408
15	-	781372	767171	14202
16	+	221658	238065	16408
17	+	221613	238020	16408
18	+	227434	241636	14203
19	+	246389	260591	14203
20	-	221884	207683	14202
21	+	247414	261616	14203
22	+	321424	335607	14184
23	-	773092	758891	14202
24	+	150430	168008	17579
25	+	380385	393936	13552
26	+	247292	263878	16587
27	+	196077	212468	16392
28	+	248117	261615	13499
29	+	195144	209663	14520
30	+	235604	251995	16392
31	+	379413	392920	13508
32	+	242984	255587	12604
33	+	242354	255865	13512
34	+	199751	213328	13578
35	+	201850	214482	12633
36	+	458197	472393	14197
--------------------------------------------------------------------------------
Block #18
Seq_id	Strand	Start	End	Length
1	-	897405	882743	14663
2	-	956385	941731	14655
3	-	927010	912366	14645
4	-	926966	912321	14646
5	-	921335	906687	14649
6	-	920381	905694	14688
7	-	920214	905559	14656
8	-	920186	905534	14653
9	-	918694	904059	14636
10	-	901127	886479	14649
11	-	900530	885876	14655
12	-	894777	880125	14653
13	-	890979	876323	14657
14	-	886717	871920	14798
15	-	652065	637418	14648
16	-	925370	910716	14655
17	-	920887	906231	14657
18	-	920079	903476	16604
19	-	898495	883823	14673
20	-	892550	877894	14657
21	-	923306	908643	14664
22	-	97381	82720	14662
23	-	532584	517937	14648
24	-	861078	846394	14685
25	-	155812	141142	14671
26	-	25374	10742	14633
27	-	848863	834209	14655
28	-	25408	10752	14657
29	+	420205	434861	14657
30	-	14704	48	14657
31	-	164673	150018	14656
32	-	14700	46	14655
33	-	898281	883450	14832
34	-	863615	848956	14660
35	-	881752	867011	14742
36	-	189388	174740	14649
--------------------------------------------------------------------------------
Block #19
Seq_id	Strand	Start	End	Length
1	+	143528	153704	10177
2	+	149087	159284	10198
3	+	173424	183622	10199
4	+	173437	183638	10202
5	+	144588	154763	10176
6	+	152632	162576	9945
7	-	217400	205206	12195
8	-	217366	205172	12195
9	+	149278	159170	9893
10	-	214470	202138	12333
11	+	150392	160572	10181
12	+	147052	158070	11019
13	-	225813	213472	12342
14	-	218691	206608	12084
15	-	860181	847816	12366
16	-	214957	202269	12689
17	-	214912	202226	12687
18	+	149221	160983	11763
19	+	169790	179970	10181
20	-	300684	288326	12359
21	+	144551	154726	10176
22	+	244777	254973	10197
23	-	851713	839366	12348
24	-	148741	136081	12661
25	+	305115	315308	10194
26	-	242046	229768	12279
27	-	191033	178938	12096
28	+	169438	179377	9940
29	-	193638	181630	12009
30	-	230560	218317	12244
31	+	304027	314051	10025
32	+	164136	174688	10553
33	+	168408	177866	9459
34	+	123932	134095	10164
35	-	193393	182642	10752
36	+	382010	391824	9815
--------------------------------------------------------------------------------
Block #20
Seq_id	Strand	Start	End	Length
1	+	489650	502773	13124
2	+	532065	545172	13108
3	+	523843	536960	13118
4	+	523823	536940	13118
5	+	522631	535738	13108
6	+	518093	531198	13106
7	+	524542	537643	13102
8	+	524536	537637	13102
9	+	496808	509941	13134
10	+	496908	511751	14844
11	+	496512	509554	13043
12	+	498656	511764	13109
13	-	512266	499921	12346
14	+	471501	484605	13105
15	+	258620	271674	13055
16	-	497072	483973	13100
17	-	498091	485004	13088
18	+	490312	503342	13031
19	+	512870	525874	13005
20	+	480173	493217	13045
21	+	524531	537638	13108
22	+	609258	622407	13150
23	+	138507	151545	13039
24	+	414117	427221	13105
25	+	667313	680472	13160
26	+	490759	503909	13151
27	+	459596	472931	13336
28	+	519715	533116	13402
29	+	483036	496247	13212
30	+	497709	510907	13199
31	+	643244	656347	13104
32	+	507822	520946	13125
33	+	513794	527126	13333
34	+	482247	495418	13172
35	-	465997	452814	13184
36	+	729405	742510	13106
--------------------------------------------------------------------------------
Block #21
Seq_id	Strand	Start	End	Length
1	+	736271	744418	8148
2	+	794898	801573	6676
3	+	766402	773073	6672
4	+	766359	773031	6673
5	+	762976	769647	6672
6	+	761673	768193	6521
7	+	768614	775288	6675
8	+	768601	775275	6675
9	+	735416	741932	6517
10	+	739074	745746	6673
11	+	742707	749233	6527
12	+	741872	747317	5446
13	+	734341	740804	6464
14	+	735677	742348	6672
15	+	493180	499849	6670
16	+	745768	751889	6122
17	+	745140	751261	6122
18	+	757344	764008	6665
19	+	740454	746660	6207
20	+	735670	742339	6670
21	+	764952	771623	6672
22	+	847865	854531	6667
23	+	373707	380375	6669
24	+	633644	640311	6668
25	+	918	7583	6666
25	+	897009	902008	5000
26	+	753493	763398	9906
27	+	690087	696368	6282
28	+	749755	756048	6294
29	+	719586	727779	8194
30	+	728406	734687	6282
31	+	3662	10321	6660
32	+	747651	754315	6665
33	+	740658	748206	7549
35	+	705774	711981	6208
36	+	27909	34424	6516
--------------------------------------------------------------------------------
Block #22
Seq_id	Strand	Start	End	Length
1	+	838938	874211	35274
2	+	896572	933169	36598
3	+	864266	899340	35075
4	+	864223	899296	35074
5	+	860726	895905	35180
6	+	859858	894915	35058
7	+	859784	894825	35042
8	+	859758	894801	35044
9	+	858150	893305	35156
10	+	834083	869356	35274
11	+	840037	875120	35084
12	+	832284	869405	37122
13	+	828506	865592	37087
14	+	826023	861171	35149
15	+	591480	626639	35160
16	+	843024	880110	37087
17	+	842404	877582	35179
18	+	856846	892734	35889
19	+	837864	873074	35211
20	+	831949	867117	35169
21	+	862706	897876	35171
22	+	39085	74169	35085
23	+	471999	507158	35160
24	+	799773	835651	35879
25	+	97535	132607	35073
26	+	854910	890206	35297
27	+	788283	823447	35165
28	+	872393	907902	35510
29	+	822559	857814	35256
30	+	826825	861967	35143
31	+	104012	139254	35243
32	+	843006	879994	36989
33	+	836800	872366	35567
34	+	803915	839132	35218
35	+	802804	838109	35306
36	+	128188	163964	35777
--------------------------------------------------------------------------------
Block #23
Seq_id	Strand	Start	End	Length
1	+	517196	539034	21839
2	+	583627	603616	19990
3	+	551507	571556	20050
4	+	551476	571523	20048
5	+	550287	570331	20045
6	+	545622	565626	20005
7	+	552229	572219	19991
8	+	552210	572200	19991
9	+	524340	544405	20066
10	+	526287	546330	20044
11	+	524122	544171	20050
12	+	526186	546228	20043
13	+	531888	551950	20063
14	+	517601	539563	21963
15	+	286084	305968	19885
16	+	538168	559583	21416
17	+	539174	560600	21427
18	+	540724	562663	21940
19	+	540352	560345	19994
20	+	507636	527524	19889
21	+	552197	572242	20046
22	+	636951	656781	19831
23	+	165952	185874	19923
24	+	441781	461831	20051
25	+	695021	714941	19921
26	+	554591	574619	20029
27	+	487680	507880	20201
28	+	548095	568212	20118
29	+	508769	528886	20118
30	+	525334	545383	20050
31	+	673477	694939	21463
32	+	544315	564325	20011
33	+	539407	559446	20040
34	+	509719	529445	19727
35	+	503166	524506	21341
36	+	757073	777066	19994
--------------------------------------------------------------------------------
Block #24
Seq_id	Strand	Start	End	Length
1	+	253352	334942	81591
2	+	264508	347330	82823
3	+	282794	367059	84266
4	+	282810	367072	84263
5	+	278838	360654	81817
6	+	284732	366608	81877
7	+	260069	342355	82287
8	+	260034	342331	82298
9	+	256872	339325	82454
10	+	257186	338827	81642
11	+	264897	346943	82047
12	+	277439	357939	80501
13	+	268437	351012	82576
14	+	259329	341205	81877
15	-	749516	666419	83098
16	+	277229	364487	87259
17	+	277183	364606	87424
18	+	261913	348662	86750
19	+	279722	361518	81797
20	-	191427	106933	84495
21	+	280745	362579	81835
22	+	354732	436618	81887
23	-	742642	658146	84497
24	+	187124	272087	84964
25	+	413084	494919	81836
26	+	281779	364399	82621
27	+	231629	313464	81836
28	+	280740	364672	83933
29	+	229081	310983	81903
30	+	271156	352650	81495
31	+	412401	498564	86164
32	+	274889	358364	83476
33	+	274990	358313	83324
34	+	232460	314593	82134
35	+	253584	339741	86158
36	+	491510	573050	81541
--------------------------------------------------------------------------------
Block #25
Seq_id	Strand	Start	End	Length
1	+	94734	134210	39477
2	+	100195	139726	39532
3	+	127267	164146	36880
4	+	127271	164159	36889
5	+	95718	135253	39536
6	+	102627	143342	40716
7	+	100802	138881	38080
8	+	100799	138850	38052
9	+	100008	139975	39968
10	+	96923	136316	39394
11	+	101353	140869	39517
12	+	102621	140752	38132
13	+	101285	141624	40340
14	+	102854	142335	39482
15	-	905638	867351	38288
16	+	94665	134047	39383
17	+	94602	134002	39401
18	+	101478	139526	38049
19	+	101368	137621	36254
20	-	347291	307854	39438
21	+	95690	135219	39530
22	+	197691	236629	38939
23	-	898320	858883	39438
24	+	74656	112887	38232
25	+	256214	295773	39560
26	+	121818	158925	37108
27	+	78792	115815	37024
28	+	126094	161320	35227
29	+	83046	118603	35558
30	+	118571	155184	36614
31	+	259262	295929	36668
32	+	115271	154148	38878
33	+	101937	136964	35028
34	+	77830	115632	37803
35	+	80287	118041	37755
36	+	338129	376226	38098
--------------------------------------------------------------------------------
Block #26
Seq_id	Strand	Start	End	Length
1	+	670037	724241	54205
2	+	730943	781924	50982
3	+	699840	751633	51794
4	+	699796	751586	51791
5	+	696418	748203	51786
6	+	692002	742966	50965
7	+	702120	753893	51774
8	+	702105	753877	51773
9	+	673610	724578	50969
10	+	673346	724314	50969
11	+	670312	721187	50876
12	+	673070	724053	50984
13	+	677708	730616	52909
14	+	666002	716981	50980
15	+	432607	483594	50988
16	+	686631	739542	52912
17	+	687930	738900	50971
18	+	691643	742610	50968
19	+	686542	737350	50809
20	+	675276	726366	51091
21	+	698391	750178	51788
22	+	784342	835341	51000
23	+	318850	369963	51114
24	+	575280	626941	51662
25	+	845737	896726	50990
26	+	701028	753171	52144
27	+	635421	686522	51102
28	+	694437	745515	51079
29	+	656151	707217	51067
30	+	673524	724478	50955
31	+	821625	872604	50980
32	+	688692	740560	51869
33	+	689536	739989	50454
34	+	650227	701097	50871
35	+	651710	702581	50872
36	+	903761	954727	50967
--------------------------------------------------------------------------------
Block #27
Seq_id	Strand	Start	End	Length
1	+	26533	94733	68201
2	+	32152	100194	68043
3	+	33157	101242	68086
4	+	33160	101260	68101
5	+	27355	95717	68363
6	+	34545	102626	68082
7	+	32710	100801	68092
8	+	32708	100798	68091
9	+	31989	100007	68019
10	+	28851	96922	68072
11	+	33128	101346	68219
12	+	34533	102620	68088
13	+	33164	101284	68121
14	+	34588	102853	68266
15	+	34531	104587	70057
16	+	26453	94664	68212
17	+	26464	94601	68138
18	+	33344	101477	68134
19	+	33366	101367	68002
20	+	34529	104603	70075
21	+	27350	95689	68340
22	+	129709	197690	67982
23	+	567360	637380	70021
24	+	6592	74655	68064
25	+	187982	256213	68232
26	+	53111	121817	68707
27	+	10608	78791	68184
28	+	57865	126093	68229
29	+	14337	83045	68709
30	+	50235	118570	68336
31	+	191131	259261	68131
32	+	47054	115270	68217
33	+	33815	101936	68122
34	+	9635	77829	68195
35	+	11966	80286	68321
36	+	224833	294065	69233
--------------------------------------------------------------------------------
Block #28
Seq_id	Strand	Start	End	Length
1	-	450583	431613	18971
2	-	490470	471506	18965
3	-	478675	459702	18974
4	-	478675	459704	18972
5	+	454456	473443	18988
6	-	475178	456200	18979
7	-	454840	435871	18970
8	-	454825	435853	18973
9	-	453804	434836	18969
10	-	454985	435982	19004
11	-	471415	452422	18994
12	+	427863	446829	18967
13	-	464628	445632	18997
14	-	448309	429333	18977
15	-	235490	216524	18967
16	-	482360	462756	19605
17	-	483381	463776	19606
18	-	467122	448157	18966
19	-	475568	456604	18965
20	-	457052	438086	18967
21	+	456358	475350	18993
22	-	569626	550651	18976
23	-	115525	96554	18972
24	-	390494	371523	18972
25	-	627769	608800	18970
26	-	467722	448743	18980
27	-	418047	399059	18989
28	-	481880	462339	19542
29	-	460089	441122	18968
30	-	458123	439135	18989
31	-	605691	586720	18972
32	-	471542	452539	19004
33	-	470866	451862	19005
34	-	445197	426202	18996
35	-	452158	433318	18841
36	-	688170	669209	18962
--------------------------------------------------------------------------------
Block #29
Seq_id	Strand	Start	End	Length
1	+	877466	882741	5276
2	+	936451	941729	5279
3	+	907082	912363	5282
4	+	907038	912319	5282
5	+	901400	906674	5275
6	+	900411	905691	5281
7	+	900282	905551	5270
8	+	900257	905527	5271
9	+	898793	904051	5259
10	+	874810	880079	5270
11	+	880606	885874	5269
12	+	874853	880123	5271
13	+	871047	876321	5275
14	+	866643	871918	5276
15	+	632140	637416	5277
16	+	905233	910707	5475
17	+	900956	906221	5266
18	+	898214	903475	5262
19	+	878546	883821	5276
20	+	872618	877892	5275
21	+	903369	908642	5274
22	+	77437	82709	5273
23	+	512659	517935	5277
24	+	841104	846392	5289
25	+	135875	141141	5267
26	+	5457	10716	5260
27	+	828925	834207	5283
28	+	5478	10749	5272
29	-	440135	434864	5272
30	+	867445	872726	5282
31	+	144735	150011	5277
32	+	885552	890817	5266
33	+	878025	883448	5424
34	+	843529	848952	5424
35	+	861837	866978	5142
--------------------------------------------------------------------------------
Block #30
Seq_id	Strand	Start	End	Length
1	+	539035	552947	13913
2	+	603617	617394	13778
3	+	571557	585209	13653
4	+	571524	585173	13650
5	+	570332	583973	13642
6	+	565627	579493	13867
7	+	572220	585950	13731
8	+	572201	585931	13731
9	+	544425	558429	14005
10	+	546331	559978	13648
11	+	544180	557835	13656
12	+	546229	559870	13642
13	+	551951	565384	13434
14	+	539564	553212	13649
15	+	305969	319597	13629
16	+	559584	573342	13759
17	+	560629	574628	14000
18	+	562664	576320	13657
19	+	560375	574005	13631
20	+	527525	541155	13631
21	+	572243	585886	13644
22	+	656794	670724	13931
23	+	185875	199500	13626
25	+	714942	728787	13846
26	+	574620	588275	13656
27	+	507881	521623	13743
28	+	568213	581870	13658
29	+	528887	542607	13721
30	+	545384	559127	13744
31	+	694976	708848	13873
32	+	564358	578018	13661
33	+	559447	573278	13832
34	+	529927	537002	7076
35	+	524507	538170	13664
36	+	777133	790797	13665
--------------------------------------------------------------------------------
Block #31
Seq_id	Strand	Start	End	Length
1	-	398565	390540	8026
2	-	440639	434889	5751
3	-	428759	422508	6252
4	-	428760	422509	6252
5	+	504390	512154	7765
6	-	425333	419223	6111
7	-	404951	398914	6038
8	-	404927	398889	6039
9	-	401748	394148	7601
10	-	407868	397174	10695
11	-	421484	415738	5747
12	+	477807	483429	5623
13	-	414784	407377	7408
14	-	398408	392309	6100
15	-	185729	179628	6102
16	-	431877	425761	6117
17	-	432895	426778	6118
19	-	425687	420200	5488
20	-	407293	401192	6102
21	+	506291	514055	7765
22	-	519740	513628	6113
23	-	65766	59665	6102
25	-	577885	571782	6104
26	-	417534	410851	6684
27	-	368181	362061	6121
29	-	374207	369013	5195
30	-	408256	402136	6121
31	-	555713	549539	6175
32	-	422008	416556	5453
33	-	421273	414600	6674
35	-	402433	396318	6116
36	-	636415	628770	7646
--------------------------------------------------------------------------------
Block #32
Seq_id	Strand	Start	End	Length
3	+	901688	907060	5373
4	+	901644	907017	5374
--------------------------------------------------------------------------------
Block #33
Seq_id	Strand	Start	End	Length
1	+	21395	26532	5138
2	+	22142	32151	10010
3	+	23143	33156	10014
4	+	23144	33159	10016
5	+	22204	27354	5151
6	+	24533	34544	10012
7	+	21267	32709	11443
8	+	21264	32707	11444
9	+	22023	31988	9966
10	+	23697	28850	5154
11	+	23117	33127	10011
12	+	24548	34532	9985
13	+	23170	33163	9994
14	+	24588	34587	10000
15	+	24525	34530	10006
16	+	21215	26452	5238
17	+	21217	26463	5247
18	+	23338	33343	10006
19	+	23361	33365	10005
20	+	24525	34528	10004
21	+	22203	27349	5147
22	+	119699	129708	10010
23	+	557420	567359	9940
25	+	178090	187981	9892
26	+	47852	53110	5259
27	+	429	10607	10179
28	+	47694	57864	10171
29	+	9009	14336	5328
30	+	39784	50234	10451
31	+	185714	191130	5417
32	+	36885	47053	10169
33	+	23577	33814	10238
36	+	214160	224153	9994
--------------------------------------------------------------------------------
Block #34
Seq_id	Strand	Start	End	Length
1	+	16298	21394	5097
2	+	16168	22141	5974
3	+	16399	23142	6744
4	+	16396	23143	6748
5	+	16355	22203	5849
6	+	16396	24532	8137
9	+	16053	22022	5970
10	+	16413	23696	7284
11	+	16399	23116	6718
12	+	16400	24547	8148
13	+	16434	23169	6736
14	+	16436	24587	8152
15	+	16390	24524	8135
16	+	16092	21214	5123
17	+	16091	21216	5126
18	+	16601	23337	6737
19	+	16615	23360	6746
20	+	16391	24524	8134
21	+	16354	22202	5849
22	+	113716	119698	5983
23	+	549288	557419	8132
25	+	172105	178089	5985
26	+	41973	47851	5879
28	+	41702	47693	5992
29	+	1750	9008	7259
30	+	31302	39767	8466
31	+	180253	185713	5461
32	+	30373	36884	6512
33	+	15239	23576	8338
35	+	1546	9920	8375
36	+	205980	214159	8180
--------------------------------------------------------------------------------
Block #35
Seq_id	Strand	Start	End	Length
1	+	136278	143514	7237
2	+	141813	149086	7274
3	+	166215	173423	7209
4	+	166228	173436	7209
5	+	137327	144587	7261
6	+	145408	152631	7224
7	-	224531	217401	7131
8	-	224496	217367	7130
9	+	142044	149260	7217
10	-	219541	214471	5071
11	+	142937	150391	7455
13	-	230899	225814	5086
14	-	223793	218692	5102
15	-	865282	860182	5101
16	-	221657	214958	6700
17	-	221612	214913	6700
18	+	141594	148855	7262
19	+	162531	169789	7259
20	-	305785	300685	5101
21	+	137290	144550	7261
22	+	237536	244776	7241
23	-	856814	851714	5101
25	+	297842	305114	7273
26	-	247291	242127	5165
27	-	196076	191034	5043
28	+	162176	169425	7250
30	-	235603	230561	5043
31	+	296730	303817	7088
32	+	156394	163859	7466
33	+	161073	168234	7162
34	+	116454	123917	7464
35	-	200079	193833	6247
--------------------------------------------------------------------------------
Block #36
Seq_id	Strand	Start	End	Length
1	-	390539	384676	5864
3	-	422507	416450	6058
4	-	422508	416450	6059
5	+	512155	518185	6031
6	-	419222	413501	5722
7	-	398913	392028	6886
8	-	398888	392004	6885
9	-	394147	388516	5632
14	-	392308	386451	5858
15	-	179627	173772	5856
16	-	425760	419894	5867
17	-	426777	420911	5867
18	-	416114	410503	5612
20	-	401191	395336	5856
21	+	514056	520085	6030
22	-	513627	507770	5858
23	-	59664	53809	5856
25	-	571781	565924	5858
27	-	362060	356202	5859
30	-	402135	396277	5859
31	-	549538	543915	5624
34	-	369543	357715	11829
35	-	396317	390328	5990
36	-	628769	623164	5606
--------------------------------------------------------------------------------
Block #37
Seq_id	Strand	Start	End	Length
5	+	895946	901398	5453
6	+	894956	900352	5397
7	+	894866	900281	5416
8	+	894842	900256	5415
9	+	893346	898792	5447
10	+	869397	874809	5413
11	+	875161	880556	5396
12	+	869463	874852	5390
13	+	865633	871027	5395
14	+	861212	866641	5430
15	+	626680	632132	5453
18	+	892775	898213	5439
19	+	873115	878545	5431
20	+	867158	872610	5453
21	+	897917	903368	5452
23	+	507199	512651	5453
24	+	835692	841103	5412
26	+	13	5443	5431
27	+	823488	828924	5437
28	+	1	5477	5477
30	+	862008	867444	5437
31	+	139295	144726	5432
32	+	880136	885525	5390
33	+	872407	877832	5426
36	+	164005	169465	5461
--------------------------------------------------------------------------------
Block #38
Seq_id	Strand	Start	End	Length
2	+	349502	358158	8657
3	+	367297	373507	6211
4	+	367310	373523	6214
5	+	360892	367224	6333
6	+	366845	373061	6217
7	+	344228	352382	8155
8	+	344204	352358	8155
9	+	341195	349335	8141
10	+	338903	345096	6194
11	+	348266	358470	10205
12	+	358176	364359	6184
13	+	351250	357456	6207
14	+	341281	348022	6742
18	+	349505	357574	8070
19	+	362361	369994	7634
21	+	362816	369137	6322
24	+	273959	282283	8325
26	+	364652	371247	6596
27	+	313790	319442	5653
28	+	366257	375497	9241
30	+	352763	358288	5526
31	+	500150	508396	8247
32	+	358633	364308	5676
33	+	360183	368475	8293
34	+	314919	320586	5668
36	+	577167	586437	9271
--------------------------------------------------------------------------------
Block #39
Seq_id	Strand	Start	End	Length
7	+	14719	20519	5801
8	+	14719	20516	5798
24	+	876009	881781	5773
27	+	863791	870994	7204
--------------------------------------------------------------------------------
Block #40
Seq_id	Strand	Start	End	Length
2	+	782531	787746	5216
3	+	752231	757448	5218
4	+	752184	757404	5221
5	+	748801	754015	5215
6	+	743564	748789	5226
7	+	754491	759705	5215
8	+	754475	759692	5218
9	+	725176	730387	5212
10	+	724911	730122	5212
12	+	724651	729873	5223
14	+	717579	722795	5217
18	+	743208	748422	5215
21	+	750776	755991	5216
22	+	835939	841646	5708
24	+	627539	632539	5001
29	-	868538	862600	5939
29	+	707815	712890	5076
32	+	741164	746546	5383
36	+	955325	960546	5222
--------------------------------------------------------------------------------
Block #41
Seq_id	Strand	Start	End	Length
1	-	482226	473984	8243
2	-	524628	516721	7908
3	-	511395	504081	7315
4	-	511391	504078	7314
6	-	512184	504848	7337
7	-	510502	502500	8003
8	-	510499	502495	8005
9	-	489477	480679	8799
10	-	489110	480527	8584
13	+	519648	528475	8828
14	+	503482	512304	8823
19	-	505539	498324	7216
22	-	601843	593031	8813
25	-	659875	651179	8697
26	+	542722	550615	7894
27	-	450838	443389	7450
28	-	512672	505421	7252
30	-	490416	480791	9626
31	-	635747	627769	7979
32	-	500207	492261	7947
33	-	500285	493829	6457
34	-	475031	467521	7511
36	-	721995	714283	7713
--------------------------------------------------------------------------------
Block #42
Seq_id	Strand	Start	End	Length
10	+	251122	256712	5591
13	+	262447	267864	5418
--------------------------------------------------------------------------------
Block #43
Seq_id	Strand	Start	End	Length
1	-	487579	482227	5353
2	-	530006	524629	5378
9	-	494807	489478	5330
10	-	494442	489111	5332
12	+	213886	219345	5460
13	+	514319	519629	5311
14	+	498136	503476	5341
19	-	510875	505540	5336
21	+	218263	223715	5453
22	-	607211	601844	5368
25	-	665244	659876	5369
26	+	537204	542715	5512
27	-	456647	451590	5058
30	-	495746	490417	5330
31	-	641189	635748	5442
32	-	505592	500208	5385
33	-	506284	500286	5999
34	-	480369	475032	5338
36	-	727345	721996	5350
--------------------------------------------------------------------------------
Block #44
Seq_id	Strand	Start	End	Length
6	+	513004	518078	5075
33	+	506729	513792	7064
--------------------------------------------------------------------------------
Block #45
Seq_id	Strand	Start	End	Length
11	+	400781	406878	6098
12	-	497296	491175	6122
--------------------------------------------------------------------------------
Block #46
Seq_id	Strand	Start	End	Length
5	+	419042	427856	8815
6	-	260830	251990	8841
7	+	469065	477880	8816
8	+	469056	477871	8816
15	-	121029	112171	8859
15	+	911573	920438	8866
15	+	925156	934014	8859
20	-	670540	661698	8843
21	+	420944	429758	8815
23	-	653806	644964	8843
24	+	736649	745445	8797
36	+	320420	329188	8769
--------------------------------------------------------------------------------
Block #47
Seq_id	Strand	Start	End	Length
5	-	433550	427857	5694
6	+	246498	251989	5492
7	-	483401	477881	5521
8	-	483392	477872	5521
15	+	106537	112170	5634
15	-	662637	656997	5641
20	+	656064	661697	5634
21	-	435453	429759	5695
23	+	639330	644963	5634
24	-	750895	745446	5450
36	-	334701	329189	5513
--------------------------------------------------------------------------------
Block #48
Seq_id	Strand	Start	End	Length
16	+	364488	369650	5163
17	+	364607	372040	7434
35	+	339766	347191	7426
--------------------------------------------------------------------------------
Block #49
Seq_id	Strand	Start	End	Length
2	+	422366	431925	9560
10	+	384029	393910	9882
11	+	406879	412774	5896
13	+	394472	404113	9642
18	+	400315	409822	9508
19	+	409426	419392	9967
24	+	323313	333009	9697
28	+	417622	426602	8981
29	+	358655	367729	9075
32	+	405307	413926	8620
33	+	402934	411573	8640
--------------------------------------------------------------------------------
Block #50
Seq_id	Strand	Start	End	Length
16	+	497073	502466	5394
17	+	498092	503482	5391
--------------------------------------------------------------------------------
Block #51
Seq_id	Strand	Start	End	Length
15	-	138033	132338	5696
20	-	359597	353902	5696
23	-	18051	12203	5849
--------------------------------------------------------------------------------
Block #52
Seq_id	Strand	Start	End	Length
9	+	743513	748982	5470
15	-	943631	936314	7318
16	-	896508	890891	5618
17	-	893983	888366	5618
35	-	854618	848999	5620
--------------------------------------------------------------------------------
Block #53
Seq_id	Strand	Start	End	Length
1	+	379009	384467	5459
19	+	404203	409298	5096
--------------------------------------------------------------------------------
Block #54
Seq_id	Strand	Start	End	Length
2	+	563054	574913	11860
2	-	384076	372301	11776
3	-	123182	110966	12217
4	-	123187	110970	12218
9	-	763387	751590	11798
26	-	534410	523359	11052
28	-	795127	782906	12222
31	-	885290	872623	12668
33	-	160130	149116	11015
36	-	315319	303160	12160
--------------------------------------------------------------------------------
Block #55
Seq_id	Strand	Start	End	Length
3	-	414594	408173	6422
4	-	414594	406526	8069
5	-	410301	401816	8486
12	-	403873	397045	6829
16	+	371034	377150	6117
17	+	372959	380358	7400
21	-	412212	403727	8486
32	-	404518	397316	7203
35	+	347722	354968	7247
--------------------------------------------------------------------------------
Block #56
Seq_id	Strand	Start	End	Length
16	+	254331	277221	22891
17	+	254286	277175	22890
18	-	540702	517895	22808
19	+	139706	162530	22825
22	-	502247	479439	22809
25	-	560519	537711	22809
34	-	395042	372164	22879
35	+	230668	253576	22909
36	-	24023	1150	22874
--------------------------------------------------------------------------------
Block #57
Seq_id	Strand	Start	End	Length
2	+	509137	516254	7118
3	+	497376	502559	5184
4	+	497374	502554	5181
6	+	493870	499065	5196
7	+	495010	502122	7113
8	+	495002	502117	7116
9	+	472432	477623	5192
27	+	437034	442831	5798
--------------------------------------------------------------------------------
Block #58
Seq_id	Strand	Start	End	Length
22	+	441078	446310	5233
25	+	499339	504576	5238
29	+	315220	320390	5171
35	-	389314	384157	5158
--------------------------------------------------------------------------------
Block #59
Seq_id	Strand	Start	End	Length
1	+	336758	342752	5995
15	+	126368	132337	5970
20	+	347940	353901	5962
23	+	6094	12063	5970
--------------------------------------------------------------------------------
Block #60
Seq_id	Strand	Start	End	Length
3	+	104443	110791	6349
4	+	104447	110795	6349
28	+	776439	782731	6293
31	+	887296	893573	6278
33	+	142668	148941	6274
--------------------------------------------------------------------------------
Block #61
Seq_id	Strand	Start	End	Length
3	+	511396	523842	12447
4	+	511392	523822	12431
7	+	510503	524541	14039
8	+	510500	524535	14036
--------------------------------------------------------------------------------
Block #62
Seq_id	Strand	Start	End	Length
2	+	363622	372126	8505
2	-	583590	575088	8503
26	+	514887	523184	8298
--------------------------------------------------------------------------------
Block #63
Seq_id	Strand	Start	End	Length
16	+	896509	903461	6953
17	+	893984	900936	6953
35	+	854619	861747	7129
--------------------------------------------------------------------------------
Block #64
Seq_id	Strand	Start	End	Length
5	+	410302	415372	5071
21	+	412213	417274	5062
--------------------------------------------------------------------------------
Block #65
Seq_id	Strand	Start	End	Length
5	+	198874	204277	5404
12	+	199923	205328	5406
21	+	198878	204283	5406
--------------------------------------------------------------------------------
Block #66
Seq_id	Strand	Start	End	Length
16	+	880111	885712	5602
17	+	877583	883187	5605
35	+	838110	843815	5706
--------------------------------------------------------------------------------
Block #67
Seq_id	Strand	Start	End	Length
5	+	207757	213954	6198
21	+	207766	213963	6198
--------------------------------------------------------------------------------
Block #68
Seq_id	Strand	Start	End	Length
24	+	22	6591	6570
34	+	3216	9631	6416
--------------------------------------------------------------------------------
