ID98	ID7448	99.169	361	3	0	207996	208356	559150	558790	0.0	638
ID98	ID7448	99.169	361	3	0	207996	208356	257325	256965	0.0	638
ID98	ID7448	98.904	365	4	0	146715	147079	559153	558789	0.0	641
ID98	ID7448	81.231	666	104	3	411817	412481	388428	389073	0.0	644
ID98	ID7448	99.722	360	1	0	185295	185654	646865	647224	0.0	645
ID98	ID7448	99.722	360	1	0	185295	185654	397247	396888	0.0	645
ID98	ID7448	99.722	360	1	0	185295	185654	282193	281834	0.0	645
ID98	ID7448	99.722	360	1	0	185295	185654	266616	266975	0.0	645
ID98	ID7448	99.449	363	2	0	185295	185657	913616	913978	0.0	646
ID98	ID7448	98.913	368	4	0	558442	558809	558786	559153	0.0	646
ID98	ID7448	98.913	368	4	0	146712	147079	257331	256964	0.0	646
ID98	ID7448	99.449	363	2	0	185295	185657	152640	153002	0.0	646
ID98	ID7448	99.723	361	1	0	207996	208356	397247	396887	0.0	647
ID98	ID7448	99.723	361	1	0	207996	208356	282193	281833	0.0	647
ID98	ID7448	99.723	361	1	0	207996	208356	266616	266976	0.0	647
ID98	ID7448	99.724	362	1	0	207996	208357	856469	856830	0.0	649
ID98	ID7448	99.724	362	1	0	207996	208357	646865	647226	0.0	649
ID98	ID7448	99.452	365	2	0	185295	185659	856469	856833	0.0	650
ID98	ID7448	98.919	370	4	0	558443	558812	256962	257331	0.0	650
ID98	ID7448	98.660	373	5	0	207996	208368	913616	913988	0.0	651
ID98	ID7448	78.184	793	173	0	4010	4802	20342	21134	0.0	651
ID98	ID7448	99.455	367	2	0	558446	558812	913976	913610	0.0	654
ID98	ID7448	99.455	367	2	0	558446	558812	856829	856463	0.0	654
ID98	ID7448	99.455	367	2	0	146712	147078	646859	647225	0.0	654
ID98	ID7448	99.455	367	2	0	146712	147078	282199	281833	0.0	654
ID98	ID7448	99.455	367	2	0	558446	558812	153000	152634	0.0	654
ID98	ID7448	99.457	368	2	0	146712	147079	397253	396886	0.0	655
ID98	ID7448	99.457	368	2	0	146712	147079	266610	266977	0.0	655
ID98	ID7448	99.194	372	3	0	558441	558812	647230	646859	0.0	658
ID98	ID7448	98.681	379	4	1	283173	283551	558790	559167	0.0	658
ID98	ID7448	99.459	370	2	0	558443	558812	266979	266610	0.0	659
ID98	ID7448	96.766	402	8	2	558414	558812	396854	397253	0.0	663
ID98	ID7448	97.007	401	5	3	558414	558812	281804	282199	0.0	663
ID98	ID7448	90.204	490	32	4	323224	323698	114912	115400	0.0	664
ID98	ID7448	98.945	379	4	0	283173	283551	256965	257343	0.0	666
ID98	ID7448	95.923	417	15	2	714491	714907	398382	398796	0.0	669
ID98	ID7448	99.472	379	2	0	283173	283551	281833	282211	0.0	675
ID98	ID7448	99.472	379	2	0	283173	283551	266976	266598	0.0	675
ID98	ID7448	98.458	389	6	0	331969	332357	256955	257343	0.0	675
ID98	ID7448	99.474	380	2	0	283172	283551	856830	856451	0.0	677
ID98	ID7448	98.961	385	4	0	283167	283551	396881	397265	0.0	677
ID98	ID7448	99.474	380	2	0	283172	283551	153001	152622	0.0	677
ID98	ID7448	99.221	385	2	1	283168	283551	913982	913598	0.0	678
ID98	ID7448	99.475	381	2	0	283171	283551	647227	646847	0.0	679
ID98	ID7448	73.647	1127	288	5	732978	734100	518455	519576	0.0	680
ID98	ID7448	96.181	419	15	1	283652	284070	398403	398820	0.0	681
ID98	ID7448	98.228	395	7	0	283652	284046	837664	838058	0.0	682
ID98	ID7448	83.359	661	87	8	316808	317452	517009	516356	0.0	682
ID98	ID7448	98.481	395	5	1	731780	732174	558789	559182	0.0	682
ID98	ID7448	95.991	424	16	1	135298	135720	838065	837642	0.0	685
ID98	ID7448	96.643	417	13	1	714491	714907	645730	645315	0.0	686
ID98	ID7448	98.010	402	7	1	798042	798443	558790	559190	0.0	687
ID98	ID7448	96.882	417	12	1	714491	714907	912481	912066	0.0	691
ID98	ID7448	96.882	417	12	1	714491	714907	855334	854919	0.0	691
ID98	ID7448	96.882	417	12	1	714491	714907	265481	265066	0.0	691
ID98	ID7448	98.734	395	5	0	184800	185194	258875	258481	0.0	691
ID98	ID7448	98.734	395	5	0	731780	732174	256964	257358	0.0	691
ID98	ID7448	96.882	417	12	1	714491	714907	151505	151090	0.0	691
ID98	ID7448	98.737	396	5	0	184799	185194	560700	560305	0.0	692
ID98	ID7448	98.741	397	5	0	283652	284048	645709	645313	0.0	694
ID98	ID7448	98.025	405	8	0	184790	185194	645305	645709	0.0	695
ID98	ID7448	94.469	452	18	3	714491	714936	283328	283778	0.0	696
ID98	ID7448	98.504	401	6	0	184794	185194	854913	855313	0.0	697
ID98	ID7448	98.990	396	4	0	283652	284047	265460	265065	0.0	697
ID98	ID7448	98.747	399	5	0	184796	185194	912062	912460	0.0	698
ID98	ID7448	99.239	394	3	0	731781	732174	856829	856436	0.0	698
ID98	ID7448	99.239	394	3	0	731781	732174	647225	646832	0.0	698
ID98	ID7448	99.239	394	3	0	731781	732174	281833	282226	0.0	698
ID98	ID7448	97.573	412	7	1	798035	798443	256955	257366	0.0	698
ID98	ID7448	99.239	394	3	0	731781	732174	153000	152607	0.0	698
ID98	ID7448	97.356	416	9	1	184779	185194	265047	265460	0.0	699
ID98	ID7448	97.362	417	10	1	714491	714907	560284	560699	0.0	700
ID98	ID7448	99.241	395	3	0	731780	732174	266977	266583	0.0	700
ID98	ID7448	98.750	400	5	0	184795	185194	151085	151484	0.0	700
ID98	ID7448	97.368	418	10	1	714491	714908	258460	258876	0.0	701
ID98	ID7448	99.000	400	4	0	731775	732174	913982	913583	0.0	704
ID98	ID7448	98.756	402	5	0	798042	798443	396887	397288	0.0	704
ID98	ID7448	98.756	402	5	0	798042	798443	281833	282234	0.0	704
ID98	ID7448	98.756	402	5	0	798042	798443	266976	266575	0.0	704
ID98	ID7448	95.890	438	8	3	731740	732174	396850	397280	0.0	705
ID98	ID7448	98.759	403	5	0	798041	798443	647226	646824	0.0	706
ID98	ID7448	79.926	807	144	8	1581	2372	25178	25981	0.0	706
ID98	ID7448	98.762	404	5	0	798040	798443	913978	913575	0.0	708
ID98	ID7448	98.762	404	5	0	798040	798443	153002	152599	0.0	708
ID98	ID7448	99.007	403	4	0	283652	284054	912460	912058	0.0	710
ID98	ID7448	98.533	409	6	0	798035	798443	856836	856428	0.0	712
ID98	ID7448	88.007	567	67	1	413123	413689	515830	515265	0.0	713
ID98	ID7448	85.854	615	56	7	290203	290808	115401	114809	0.0	714
ID98	ID7448	79.800	802	153	2	4006	4807	28452	29244	0.0	716
ID98	ID7448	89.711	554	34	4	348561	349110	401528	400994	0.0	746
ID98	ID7448	71.605	1539	413	17	113570	115096	144035	145561	0.0	751
ID98	ID7448	87.479	607	47	6	290204	290808	401528	400949	0.0	752
ID98	ID7448	95.532	470	21	0	754321	754790	163589	164058	0.0	754
ID98	ID7448	91.727	556	45	1	439130	439685	489883	489329	0.0	792
ID98	ID7448	71.077	1746	424	33	147195	148911	221921	223614	0.0	797
ID98	ID7448	96.154	520	18	2	287333	287851	346907	347425	0.0	841
ID98	ID7448	95.037	544	23	3	321600	322142	396347	396887	0.0	850
ID98	ID7448	96.941	523	16	0	755994	756516	256964	256442	0.0	872
ID98	ID7448	89.193	657	49	3	756525	757159	161035	161691	0.0	872
ID98	ID7448	93.898	590	29	4	273906	274491	361248	361834	0.0	891
ID98	ID7448	68.148	2722	751	47	270584	273255	422699	425354	0.0	893
ID98	ID7448	74.252	1437	341	11	747563	748983	535447	536870	0.0	901
ID98	ID7448	95.855	579	18	4	87666	88240	411440	412016	0.0	924
ID98	ID7448	98.014	554	11	0	332812	333365	400443	400996	0.0	950
ID98	ID7448	70.452	2166	555	31	880077	882206	27139	29255	0.0	958
ID98	ID7448	68.727	2766	659	70	115843	118521	146248	148894	0.0	959
ID98	ID7448	98.375	554	9	0	332812	333365	114303	114856	0.0	959
ID98	ID7448	79.928	1111	206	8	182800	183902	163417	162316	0.0	978
ID98	ID7448	85.301	864	105	6	411621	412480	517207	516362	0.0	979
ID98	ID7448	73.257	1750	424	21	741067	742788	524269	526002	0.0	992
ID98	ID7448	71.389	2174	536	34	250	2383	19020	21147	0.0	1041
ID98	ID7448	98.363	672	10	1	135300	135971	398801	398131	0.0	1159
ID98	ID7448	98.514	673	10	0	135299	135971	645309	645981	0.0	1169
ID98	ID7448	98.802	668	8	0	135304	135971	265065	265732	0.0	1169
ID98	ID7448	98.951	667	7	0	135305	135971	258875	258209	0.0	1172
ID98	ID7448	98.663	673	9	0	135299	135971	854913	855585	0.0	1174
ID98	ID7448	98.808	671	8	0	135301	135971	912062	912732	0.0	1175
ID98	ID7448	97.829	691	14	1	135282	135971	560723	560033	0.0	1176
ID98	ID7448	98.810	672	8	0	135300	135971	151085	151756	0.0	1177
ID98	ID7448	96.281	726	15	4	135253	135971	283797	283077	0.0	1181
ID98	ID7448	83.564	1156	166	5	287960	289112	347608	348742	0.0	1228
ID98	ID7448	93.254	845	43	2	440260	441092	488676	487834	0.0	1271
ID98	ID7448	97.821	780	9	3	5834	6609	32582	33357	0.0	1324
ID98	ID7448	74.407	2192	470	33	880077	882230	21484	23622	0.0	1358
ID98	ID7448	93.538	913	51	5	493842	494747	515274	514363	0.0	1366
ID98	ID7448	94.627	912	43	4	438228	439139	607770	606865	0.0	1412
ID98	ID7448	94.173	961	49	5	289296	290254	363601	364556	0.0	1465
ID98	ID7448	89.006	1137	102	7	277876	278998	353235	354362	0.0	1477
ID98	ID7448	97.036	911	19	2	630029	630936	749584	750489	0.0	1520
ID98	ID7448	97.695	911	13	3	630029	630936	753520	754425	0.0	1543
ID98	ID7448	95.949	1012	39	2	322080	323090	398797	399807	0.0	1634
ID98	ID7448	68.729	4445	1186	59	295746	300069	388267	383906	0.0	1668
ID98	ID7448	68.664	4439	1200	48	312286	316647	371682	367358	0.0	1691
ID98	ID7448	95.747	1058	44	1	322034	323090	408097	409154	0.0	1702
ID98	ID7448	85.022	1589	198	10	439325	440884	390005	388428	0.0	1784
ID98	ID7448	96.628	1127	30	5	746026	747147	531331	532454	0.0	1847
ID98	ID7448	96.024	1157	44	2	273904	275059	346905	348060	0.0	1873
ID98	ID7448	98.795	1079	13	0	152727	153805	140528	139450	0.0	1888
ID98	ID7448	96.413	1171	41	1	321920	323090	112498	113667	0.0	1920
ID98	ID7448	76.135	2732	591	24	492069	494768	361805	364507	0.0	1935
ID98	ID7448	83.049	1876	277	9	670323	672185	792033	793880	0.0	1947
ID98	ID7448	99.010	1111	7	1	750185	751295	534041	535147	0.0	1954
ID98	ID7448	83.140	1898	275	10	670321	672202	797489	799357	0.0	1976
ID98	ID7448	84.205	1874	279	7	673776	675644	794042	795903	0.0	2030
ID98	ID7448	84.744	1855	273	4	668310	670160	794038	795886	0.0	2061
ID98	ID7448	79.038	2681	522	22	672958	675617	791213	793874	0.0	2239
ID98	ID7448	79.462	2678	495	19	667514	670154	796671	799330	0.0	2315
ID98	ID7448	98.799	1332	15	1	798437	799768	397466	398796	0.0	2327
ID98	ID7448	93.385	1542	78	1	440255	441772	516356	517897	0.0	2339
ID98	ID7448	98.660	1343	16	1	798437	799779	257544	258884	0.0	2339
ID98	ID7448	98.949	1332	14	0	798437	799768	913397	912066	0.0	2340
ID98	ID7448	98.949	1332	14	0	798437	799768	646646	645315	0.0	2340
ID98	ID7448	99.024	1332	13	0	798437	799768	856250	854919	0.0	2344
ID98	ID7448	99.024	1332	13	0	798437	799768	282412	283743	0.0	2344
ID98	ID7448	99.024	1332	13	0	798437	799768	152421	151090	0.0	2344
ID98	ID7448	98.664	1347	17	1	798437	799783	559368	560713	0.0	2345
ID98	ID7448	98.736	1345	16	1	798437	799780	266397	265053	0.0	2346
ID98	ID7448	99.545	1319	5	1	183301	184618	258876	260194	0.0	2349
ID98	ID7448	99.350	1538	10	0	290744	292281	364535	366072	0.0	2729
ID98	ID7448	96.579	1666	55	2	330314	331979	398797	400460	0.0	2741
ID98	ID7448	96.262	1712	62	2	330268	331979	112611	114320	0.0	2792
ID98	ID7448	98.722	1799	22	1	349108	350905	426949	428747	0.0	3138
ID98	ID7448	96.880	1891	57	2	85779	87667	408097	409987	0.0	3138
ID98	ID7448	98.551	2208	30	2	150419	152626	141655	139450	0.0	3831
ID98	ID7448	98.819	2202	25	1	150425	152626	225233	227433	0.0	3851
ID98	ID7448	98.434	2235	31	2	144025	146258	151090	148859	0.0	3868
ID98	ID7448	75.857	5662	1166	74	112	5693	27002	32542	0.0	3896
ID98	ID7448	89.394	3234	277	10	459837	463050	560699	563886	0.0	4301
ID98	ID7448	98.439	2562	36	2	204985	207542	283744	286305	0.0	4435
ID98	ID7448	99.597	2730	11	0	275046	277775	350647	353376	0.0	4874
ID98	ID7448	79.682	5596	1029	26	148	5726	21383	26887	0.0	4947
ID98	ID7448	96.213	3169	67	8	630938	634098	746818	749941	0.0	5186
ID98	ID7448	96.765	3184	72	6	630938	634098	750702	753877	0.0	5279
ID98	ID7448	98.400	3500	55	1	318170	321668	389463	392962	0.0	6056
ID98	ID7448	89.260	4879	469	19	147078	151944	148870	144035	0.0	6401
ID98	ID7448	96.447	3884	57	9	284046	287851	357889	361769	0.0	6415
ID98	ID7448	97.061	4730	77	10	278491	283173	353209	357923	0.0	7915
ID98	ID7448	98.225	4677	27	6	185655	190310	260424	265065	0.0	8084
ID98	ID7448	98.289	6137	72	2	854942	861078	913976	920079	0.0	10615
ID98	ID7448	99.150	7996	57	6	136076	144062	160993	153000	0.0	14097
ID98	ID7448	99.452	8756	46	2	323224	331979	401054	409807	0.0	15567
ID98	ID7448	99.064	11540	68	4	258206	269730	335392	346906	0.0	20343
ID98	ID7448	97.139	12756	232	27	545793	558446	661627	674351	0.0	21357
ID98	ID7448	96.970	13599	341	7	532257	545789	647225	660818	0.0	22700
ID98	ID7448	99.565	13331	57	1	6665	19994	33322	46652	0.0	23776
ID98	ID7448	98.555	14884	186	5	190160	205040	266976	281833	0.0	25876
ID98	ID7448	98.337	15572	170	13	333008	348546	411440	426955	0.0	26937
ID98	ID7448	96.658	18164	480	27	441750	459844	540685	558790	0.0	30013
ID98	ID7448	98.490	17413	203	11	397011	414394	473208	490589	0.0	30222
ID98	ID7448	98.665	20081	173	18	351006	371059	428027	448039	0.0	35010
ID98	ID7448	99.397	20580	121	3	777465	798042	184432	205010	0.0	36544
ID98	ID7448	98.740	21266	204	15	861079	882289	1	21257	0.0	37133
ID98	ID7448	98.842	22454	198	12	112888	135304	227433	205005	0.0	39323
ID98	ID7448	98.926	23188	186	10	754321	777484	161222	184370	0.0	40706
ID98	ID7448	99.245	23315	144	11	558913	582211	675275	698573	0.0	41232
ID98	ID7448	98.499	25182	322	11	292923	318069	364535	389695	0.0	43710
ID98	ID7448	97.928	25535	284	30	829630	854973	886585	912065	0.0	43751
ID98	ID7448	98.899	25253	253	7	414458	439689	490575	515823	0.0	44279
ID98	ID7448	99.175	25348	175	10	371439	396763	448062	473398	0.0	44756
ID98	ID7448	98.271	26899	322	22	88237	115093	114857	141654	0.0	46443
ID98	ID7448	98.969	29867	247	13	799748	829588	856808	886639	0.0	52470
ID98	ID7448	99.108	30612	256	5	152727	183323	226355	256964	0.0	53967
ID98	ID7448	98.710	46515	532	28	685309	731802	808472	854939	0.0	81115
ID98	ID7448	99.348	48641	287	16	582312	630936	697979	746605	0.0	86244
ID98	ID7448	99.295	49667	272	15	208356	257966	286292	335936	0.0	87993
ID98	ID7448	98.452	53942	700	34	630938	684819	754638	808504	0.0	93482
ID98	ID7448	98.473	69229	875	43	463152	532335	576223	645314	0.0	1.201e+05
ID98	ID7448	99.326	68108	407	12	19948	88022	46768	114856	0.0	1.207e+05
ID98	ID7448	68.157	1834	480	38	734221	735995	348875	350663	6.81e-169	598
ID98	ID7448	100.000	284	0	0	184516	184799	260189	260472	2.23e-143	513
ID98	ID7448	98.134	268	5	0	732281	732548	160962	161229	1.23e-127	462
ID98	ID7448	71.713	753	196	7	358223	358973	533172	533909	9.49e-104	382
ID98	ID7448	94.787	211	11	0	352316	352526	396180	396390	1.50e-88	332
ID98	ID7448	92.453	212	10	1	289103	289308	348829	349040	1.41e-82	312
ID98	ID7448	71.376	545	131	10	220208	220738	524263	524796	2.72e-66	258
ID98	ID7448	76.620	355	80	3	274294	274646	518406	518759	9.50e-66	256
ID98	ID7448	66.165	1129	317	27	737818	738897	521261	522373	1.16e-64	251
ID98	ID7448	67.039	895	245	25	668953	669822	751400	750531	2.39e-54	217
ID98	ID7448	70.530	509	127	10	744403	744904	527700	528192	2.39e-54	218
ID98	ID7448	67.493	686	202	10	743102	743778	526259	526932	4.32e-51	206
ID98	ID7448	66.921	916	250	29	668953	669843	755333	754446	5.26e-50	204
ID98	ID7448	66.594	916	253	29	668953	669843	747513	746626	3.32e-46	190
ID98	ID7448	96.774	93	3	0	352316	352408	393042	392950	2.39e-35	155
ID98	ID7448	85.124	121	17	1	301003	301122	26864	26984	2.24e-29	134
ID98	ID7448	73.856	153	40	0	287839	287991	519470	519622	5.63e-18	96.9
ID98	ID7448	69.231	273	71	10	152226	152493	143726	143462	4.33e-13	81.5
ID98	ID7448	93.617	47	3	0	5687	5733	32575	32621	2.24e-10	72.5
ID98	ID7448	80.247	81	14	2	154399	154478	142695	142616	2.73e-09	68.0
ID98	ID7448	70.861	151	41	2	752634	752784	532952	533099	2.73e-09	68.9
ID98	ID7448	75.000	96	24	0	745235	745330	528520	528615	9.53e-09	66.2
ID98	ID7448	84.783	46	6	1	333005	333049	535446	535491	0.003	49.1
ID98	ID7448	84.444	45	6	1	266438	266481	565932	565976	0.009	47.3
ID98	ID7448	82.692	52	5	3	675993	676042	537019	536970	0.031	44.6
ID98	ID7448	85.366	41	4	1	321316	321356	674410	674372	0.031	45.5
ID98	ID7448	79.592	49	7	1	880351	880399	674569	674614	0.11	42.8
ID98	ID7448	87.879	33	4	0	872254	872286	572648	572616	0.11	42.8
ID98	ID7448	100.000	23	0	0	199696	199718	522446	522424	0.11	42.8
ID98	ID7448	75.714	70	11	3	46891	46956	141853	141786	0.11	42.8
ID98	ID7448	90.909	33	2	1	175208	175240	518334	518365	0.11	43.7
ID98	ID7448	92.593	27	2	0	613405	613431	674371	674397	0.38	41.0
ID98	ID7448	75.000	64	10	2	398716	398773	539524	539461	0.38	41.0
ID98	ID7448	78.723	47	10	0	753835	753881	538378	538424	0.38	41.0
ID98	ID7448	87.500	32	4	0	468603	468634	522993	523024	0.38	41.0
ID98	ID7448	78.182	55	8	2	348533	348583	519901	519955	0.38	41.0
ID98	ID7448	71.579	95	18	4	778911	778998	393178	393086	0.38	41.0
ID98	ID7448	77.778	63	6	4	438234	438291	141910	141851	0.38	41.0
ID98	ID7448	96.000	25	1	0	595106	595130	410744	410768	0.38	41.9
ID98	ID7448	90.000	30	3	0	571738	571767	395533	395562	0.38	41.9
ID98	ID7448	87.097	31	4	0	324008	324038	572612	572582	1.3	39.2
ID98	ID7448	92.308	26	2	0	852409	852434	570550	570525	1.3	39.2
ID98	ID7448	83.333	36	6	0	470508	470543	567732	567767	1.3	39.2
ID98	ID7448	92.308	26	2	0	322489	322514	539956	539981	1.3	39.2
ID98	ID7448	92.308	26	2	0	781686	781711	538993	538968	1.3	39.2
ID98	ID7448	77.358	53	11	1	752967	753019	537550	537601	1.3	39.2
ID98	ID7448	87.097	31	4	0	852365	852395	394543	394513	1.3	39.2
ID98	ID7448	82.927	41	2	2	505144	505183	394545	394509	1.3	39.2
ID98	ID7448	80.000	50	7	2	634611	634657	573327	573278	1.3	40.1
ID98	ID7448	75.926	54	13	0	16407	16460	538962	539015	1.3	40.1
ID98	ID7448	76.364	55	10	1	78715	78766	535139	535193	1.3	40.1
ID98	ID7448	95.833	24	1	0	347116	347139	529720	529697	1.3	40.1
ID98	ID7448	80.952	42	4	1	786372	786409	526134	526175	1.3	40.1
ID98	ID7448	85.294	34	5	0	78389	78422	394328	394361	1.3	40.1
ID98	ID7448	82.051	39	7	0	504405	504443	142621	142583	1.3	40.1
ID98	ID7448	92.000	25	2	0	486378	486402	571444	571420	4.6	37.4
ID98	ID7448	100.000	20	0	0	436964	436983	571277	571296	4.6	37.4
ID98	ID7448	75.472	53	9	1	308889	308941	570742	570790	4.6	37.4
ID98	ID7448	82.051	39	5	1	640612	640650	564934	564970	4.6	37.4
ID98	ID7448	87.500	32	3	1	701220	701250	538987	539018	4.6	37.4
ID98	ID7448	92.000	25	2	0	22252	22276	538979	538955	4.6	37.4
ID98	ID7448	83.784	37	5	1	200143	200179	538884	538919	4.6	37.4
ID98	ID7448	86.667	30	4	0	238593	238622	538544	538573	4.6	37.4
ID98	ID7448	92.593	27	1	1	781686	781711	537934	537908	4.6	37.4
ID98	ID7448	82.857	35	6	0	713232	713266	537479	537445	4.6	37.4
ID98	ID7448	80.952	42	7	1	236728	236769	537119	537079	4.6	37.4
ID98	ID7448	100.000	20	0	0	744688	744707	530946	530965	4.6	37.4
ID98	ID7448	83.333	36	3	1	168023	168055	527142	527177	4.6	37.4
ID98	ID7448	79.167	48	6	2	424936	424983	523935	523892	4.6	37.4
ID98	ID7448	81.633	49	2	4	435418	435463	523788	523832	4.6	37.4
ID98	ID7448	92.000	25	2	0	736329	736353	520247	520271	4.6	37.4
ID98	ID7448	82.927	41	4	2	209720	209759	395911	395949	4.6	37.4
ID98	ID7448	80.000	40	8	0	718141	718180	395583	395544	4.6	37.4
ID98	ID7448	92.000	25	2	0	156991	157015	395107	395131	4.6	37.4
ID98	ID7448	82.857	35	6	0	824957	824991	141923	141889	4.6	37.4
ID98	ID7448	84.615	39	3	2	597642	597680	540008	540043	4.6	38.3
ID98	ID7448	77.049	61	10	3	441741	441800	539497	539554	4.6	38.3
ID98	ID7448	90.000	30	2	1	441762	441791	533979	534007	4.6	38.3
ID98	ID7448	82.500	40	6	1	441672	441711	531060	531098	4.6	38.3
ID98	ID7448	89.286	28	3	0	633448	633475	523489	523516	4.6	38.3
ID98	ID7448	95.652	23	1	0	568752	568774	448083	448061	4.6	38.3
ID98	ID7448	95.652	23	1	0	416336	416358	142554	142576	4.6	38.3
