IDES2	ID7448	69.598	1569	384	27	511320	512842	388428	389949	0.0	642
IDES2	ID7448	78.331	803	168	5	29691	30490	20340	21139	0.0	647
IDES2	ID7448	96.172	418	14	2	878597	879014	398382	398797	0.0	675
IDES2	ID7448	96.882	417	12	1	558155	558570	838058	837642	0.0	691
IDES2	ID7448	96.454	423	14	1	789474	789895	838064	837642	0.0	692
IDES2	ID7448	97.122	417	11	1	878597	879013	258460	258875	0.0	695
IDES2	ID7448	96.912	421	12	1	878597	879017	560284	560703	0.0	698
IDES2	ID7448	87.654	567	69	1	531071	531637	515830	515265	0.0	704
IDES2	ID7448	97.381	420	10	1	878597	879016	645730	645312	0.0	705
IDES2	ID7448	97.608	418	9	1	878597	879014	265481	265065	0.0	706
IDES2	ID7448	97.613	419	9	1	878597	879015	912481	912064	0.0	708
IDES2	ID7448	97.613	419	9	1	878597	879015	855334	854917	0.0	708
IDES2	ID7448	97.613	419	9	1	878597	879015	283328	283745	0.0	708
IDES2	ID7448	97.613	419	9	1	878597	879015	151505	151088	0.0	708
IDES2	ID7448	87.478	567	36	6	423143	423694	114854	115400	0.0	708
IDES2	ID7448	84.266	661	81	8	412667	413311	517009	516356	0.0	709
IDES2	ID7448	88.380	568	63	3	556987	557553	489883	489318	0.0	717
IDES2	ID7448	71.307	1530	416	18	144255	145773	140132	141649	0.0	720
IDES2	ID7448	71.634	1530	412	17	144255	145773	226751	225233	0.0	746
IDES2	ID7448	71.456	1538	413	16	140350	141874	144035	145559	0.0	746
IDES2	ID7448	81.095	804	140	4	23982	24785	22789	23580	0.0	758
IDES2	ID7448	81.071	803	149	1	19153	19952	25179	25981	0.0	762
IDES2	ID7448	81.491	805	137	3	23981	24785	28452	29244	0.0	778
IDES2	ID7448	93.654	520	30	3	384064	384581	347425	346907	0.0	779
IDES2	ID7448	81.739	805	135	3	27260	28052	25177	25981	0.0	787
IDES2	ID7448	83.311	761	112	2	529680	530428	517119	516362	0.0	805
IDES2	ID7448	95.220	523	19	4	384064	384581	361769	361248	0.0	819
IDES2	ID7448	94.837	523	26	1	161193	161714	256964	256442	0.0	819
IDES2	ID7448	82.203	826	131	5	29674	30493	28432	29247	0.0	820
IDES2	ID7448	75.429	1225	288	7	561988	563206	518406	519623	0.0	833
IDES2	ID7448	97.972	493	7	2	420418	420910	396398	396887	0.0	838
IDES2	ID7448	82.688	826	127	4	27240	28055	30866	31685	0.0	842
IDES2	ID7448	96.255	534	14	2	788951	789479	745696	746228	0.0	870
IDES2	ID7448	94.247	591	26	5	349997	350583	361248	361834	0.0	898
IDES2	ID7448	94.088	592	28	4	561598	562185	361246	361834	0.0	899
IDES2	ID7448	69.986	2159	560	31	17841	19957	27139	29251	0.0	912
IDES2	ID7448	68.320	2721	746	47	346677	349346	422699	425354	0.0	914
IDES2	ID7448	91.061	660	36	4	159330	159989	163422	164058	0.0	928
IDES2	ID7448	84.125	863	111	5	511117	511955	517216	516356	0.0	940
IDES2	ID7448	68.514	2760	673	64	225506	228182	148894	146248	0.0	948
IDES2	ID7448	92.085	657	30	3	161723	162357	161035	161691	0.0	957
IDES2	ID7448	68.662	2773	662	68	146468	149131	224463	221789	0.0	964
IDES2	ID7448	70.683	2166	549	35	25947	28063	19019	21147	0.0	964
IDES2	ID7448	96.763	587	16	2	385502	386085	346907	347493	0.0	967
IDES2	ID7448	75.828	1419	322	8	366820	368223	536864	535452	0.0	996
IDES2	ID7448	76.088	1493	311	20	260142	261618	163417	161955	0.0	1035
IDES2	ID7448	87.456	853	95	3	560065	560916	488675	487834	0.0	1054
IDES2	ID7448	98.534	614	8	1	359573	360185	357677	358290	0.0	1064
IDES2	ID7448	94.886	743	35	2	561600	562341	346907	347647	0.0	1163
IDES2	ID7448	74.508	1930	415	31	380917	382809	350718	348829	0.0	1193
IDES2	ID7448	69.666	2901	783	25	391585	394448	388267	385427	0.0	1240
IDES2	ID7448	69.820	2896	786	18	409667	412506	370221	367358	0.0	1281
IDES2	ID7448	84.642	1159	151	6	382800	383955	348742	347608	0.0	1286
IDES2	ID7448	70.948	2764	679	37	373541	376263	526953	524273	0.0	1310
IDES2	ID7448	74.214	2164	472	34	20288	22397	19019	21150	0.0	1312
IDES2	ID7448	74.513	2154	473	32	17841	19962	21484	23593	0.0	1334
IDES2	ID7448	92.725	921	51	5	556077	556996	607770	606865	0.0	1352
IDES2	ID7448	92.973	925	35	7	114661	115582	400631	401528	0.0	1371
IDES2	ID7448	97.546	815	18	2	260643	261456	258876	259689	0.0	1373
IDES2	ID7448	93.757	913	48	5	648023	648927	515274	514363	0.0	1376
IDES2	ID7448	95.596	1158	48	3	349995	351151	346905	348060	0.0	1848
IDES2	ID7448	76.210	2728	584	25	646261	648948	361805	364507	0.0	1940
IDES2	ID7448	76.589	2738	597	24	386056	388767	605097	607816	0.0	1980
IDES2	ID7448	83.938	1874	284	7	838416	840284	794042	795903	0.0	2007
IDES2	ID7448	84.341	1852	274	7	834986	836825	792033	793880	0.0	2016
IDES2	ID7448	84.312	1874	274	8	834984	836842	797489	799357	0.0	2037
IDES2	ID7448	98.918	1202	9	1	368573	369774	535138	533941	0.0	2109
IDES2	ID7448	78.934	2682	523	21	832138	834799	796671	799330	0.0	2233
IDES2	ID7448	79.351	2683	510	24	837598	840257	791213	793874	0.0	2273
IDES2	ID7448	94.616	1523	61	10	369760	371277	532840	531334	0.0	2351
IDES2	ID7448	95.122	1599	62	9	560065	561656	516362	517951	0.0	2507
IDES2	ID7448	88.956	2137	202	11	361467	363594	358194	360305	0.0	2772
IDES2	ID7448	95.125	1846	88	2	111391	113236	398797	400640	0.0	2917
IDES2	ID7448	72.652	5463	1279	73	20264	25606	27115	32482	0.0	2982
IDES2	ID7448	95.450	1890	85	1	429991	431879	112611	114500	0.0	3018
IDES2	ID7448	72.777	5477	1260	75	25923	31296	21460	26808	0.0	3026
IDES2	ID7448	96.243	1890	71	0	420802	422691	408098	409987	0.0	3089
IDES2	ID7448	89.047	2392	244	3	829601	831980	794038	796423	0.0	3136
IDES2	ID7448	98.797	1912	22	1	789475	791386	398801	396891	0.0	3342
IDES2	ID7448	98.899	1908	21	0	789479	791386	265065	266972	0.0	3347
IDES2	ID7448	98.698	1920	23	1	789474	791393	645309	647226	0.0	3348
IDES2	ID7448	98.451	1937	24	2	789461	791393	854896	856830	0.0	3355
IDES2	ID7448	98.902	1913	21	0	789474	791386	283749	281837	0.0	3356
IDES2	ID7448	99.057	1908	17	1	789479	791386	560700	558794	0.0	3357
IDES2	ID7448	98.653	1930	23	2	789465	791393	151074	153001	0.0	3358
IDES2	ID7448	98.755	1927	20	2	789476	791400	912062	913986	0.0	3362
IDES2	ID7448	99.007	1914	18	1	558154	560067	560700	558788	0.0	3363
IDES2	ID7448	99.109	1907	17	0	789480	791386	258875	256969	0.0	3363
IDES2	ID7448	98.957	1917	19	1	558151	560067	398800	396885	0.0	3364
IDES2	ID7448	99.059	1913	18	0	558155	560067	258875	256963	0.0	3369
IDES2	ID7448	99.217	1915	15	0	558151	560065	283747	281833	0.0	3387
IDES2	ID7448	99.218	1918	15	0	558150	560067	265061	266978	0.0	3392
IDES2	ID7448	96.558	2063	67	2	601687	603749	560703	562761	0.0	3396
IDES2	ID7448	97.005	2204	45	4	686503	688687	647225	649426	0.0	3674
IDES2	ID7448	98.549	2206	31	1	228929	231134	141654	139450	0.0	3831
IDES2	ID7448	95.928	2382	76	4	420687	423067	112498	114859	0.0	3860
IDES2	ID7448	98.821	2206	26	0	139668	141873	227433	225228	0.0	3862
IDES2	ID7448	96.135	2665	96	5	529680	532342	487930	490589	0.0	4326
IDES2	ID7448	97.682	2890	48	2	423143	426031	400994	403865	0.0	4919
IDES2	ID7448	95.450	3121	131	6	563175	566294	347608	350718	0.0	4972
IDES2	ID7448	96.787	3299	75	7	426028	429323	407250	403980	0.0	5469
IDES2	ID7448	96.472	3713	118	2	111346	115046	408098	411809	0.0	6109
IDES2	ID7448	97.074	3794	53	6	791571	795360	746202	749941	0.0	6368
IDES2	ID7448	97.400	3808	65	7	791571	795360	750086	753877	0.0	6421
IDES2	ID7448	96.900	4291	115	7	785020	789308	753520	757794	0.0	7124
IDES2	ID7448	95.308	4497	150	13	927204	931651	886648	891132	0.0	7156
IDES2	ID7448	97.007	4477	105	7	785020	789479	749584	754048	0.0	7465
IDES2	ID7448	96.627	4566	98	7	931613	936164	891187	895710	0.0	7560
IDES2	ID7448	98.408	4649	50	3	263406	268033	260420	265065	0.0	8059
IDES2	ID7448	98.407	6091	84	5	680493	686582	639236	645314	0.0	10537
IDES2	ID7448	99.197	6104	49	0	950282	956385	913976	920079	0.0	10788
IDES2	ID7448	98.189	7069	74	8	351138	358171	350647	357696	0.0	12184
IDES2	ID7448	97.050	9052	232	22	429068	438097	407177	416215	0.0	15054
IDES2	ID7448	98.701	12776	144	5	545386	558155	503673	516432	0.0	22290
IDES2	ID7448	98.523	13069	151	18	532406	545456	490575	503619	0.0	22656
IDES2	ID7448	99.428	14155	56	8	936166	950313	897929	912065	0.0	25149
IDES2	ID7448	98.594	14860	203	4	267883	282738	266976	281833	0.0	25844
IDES2	ID7448	99.100	16995	125	9	1	16977	130	17114	0.0	29944
IDES2	ID7448	97.102	18153	418	17	583594	601690	540690	558790	0.0	30387
IDES2	ID7448	98.859	28578	296	11	16959	45512	18135	46706	0.0	50045
IDES2	ID7448	98.603	29843	372	11	895818	925647	856829	886639	0.0	51930
IDES2	ID7448	98.251	35913	528	26	384588	420428	360319	396203	0.0	61907
IDES2	ID7448	98.172	36752	432	41	114661	151326	114491	151088	0.0	63280
IDES2	ID7448	97.929	39923	722	34	791571	831452	754022	793880	0.0	68210
IDES2	ID7448	98.916	51830	503	16	208868	260665	205162	256964	0.0	90917
IDES2	ID7448	99.180	52184	339	25	151291	203401	153000	205167	0.0	92146
IDES2	ID7448	98.986	63209	527	20	282683	345823	283744	346906	0.0	1.111e+05
IDES2	ID7448	98.339	64310	892	43	831634	895864	790706	854918	0.0	1.111e+05
IDES2	ID7448	99.143	67833	527	21	45412	113236	46714	114500	0.0	1.197e+05
IDES2	ID7448	97.965	72532	1120	71	439650	511947	416264	488673	0.0	1.241e+05
IDES2	ID7448	96.948	76311	2061	78	604193	680413	563123	639255	0.0	1.270e+05
IDES2	ID7448	98.743	100859	1050	54	688713	789479	649380	750112	0.0	1.761e+05
IDES2	ID7448	78.344	471	37	10	262126	262577	259769	260193	3.15e-110	404
IDES2	ID7448	71.713	753	196	7	458611	459361	533172	533909	1.03e-103	382
IDES2	ID7448	85.625	320	39	4	359747	360063	360308	360623	1.17e-96	359
IDES2	ID7448	95.261	211	10	0	452702	452912	396180	396390	3.84e-90	336
IDES2	ID7448	87.500	256	17	4	262464	262717	260189	260431	4.38e-83	314
IDES2	ID7448	66.379	1160	319	31	378558	379665	522373	521233	8.46e-67	259
IDES2	ID7448	72.041	490	122	5	372369	372855	528190	527713	2.95e-66	258
IDES2	ID7448	71.193	545	132	10	297076	297606	524263	524796	3.60e-65	253
IDES2	ID7448	100.000	129	0	0	956386	956514	1	129	3.37e-59	233
IDES2	ID7448	94.175	103	5	1	261860	261962	259685	259786	7.42e-36	156
IDES2	ID7448	67.098	386	117	5	876024	876407	895842	896219	2.77e-22	111
IDES2	ID7448	64.780	636	187	16	566507	567119	520164	520785	1.75e-18	99.6
IDES2	ID7448	90.476	63	6	0	438311	438373	416209	416271	3.16e-15	87.8
IDES2	ID7448	92.593	54	4	0	925745	925798	886611	886664	4.69e-13	80.6
IDES2	ID7448	79.570	93	16	1	159590	159682	17119	17208	4.69e-13	81.5
IDES2	ID7448	84.058	69	11	0	417121	417189	396347	396415	1.99e-11	76.1
IDES2	ID7448	68.571	210	60	5	582970	583176	538207	538413	3.60e-08	65.3
IDES2	ID7448	68.786	173	45	5	575462	575631	528771	528937	1.87e-05	55.4
IDES2	ID7448	68.750	176	46	5	371583	371755	528937	528768	1.87e-05	56.3
IDES2	ID7448	69.048	126	39	0	565794	565919	529733	529608	2.27e-04	52.7
IDES2	ID7448	73.034	89	23	1	314851	314939	897538	897625	7.94e-04	50.0
IDES2	ID7448	77.966	59	8	2	725837	725895	897087	897140	0.034	44.6
IDES2	ID7448	88.235	34	4	0	643061	643094	539883	539916	0.034	44.6
IDES2	ID7448	76.562	64	9	2	498229	498286	539524	539461	0.034	45.5
IDES2	ID7448	92.857	28	2	0	612422	612449	540395	540368	0.12	42.8
IDES2	ID7448	79.167	48	10	0	371390	371437	531187	531140	0.12	42.8
IDES2	ID7448	100.000	23	0	0	277395	277417	522446	522424	0.12	42.8
IDES2	ID7448	82.979	47	5	2	840633	840678	537019	536975	0.12	43.7
IDES2	ID7448	90.909	33	2	1	252556	252588	518334	518365	0.12	43.7
IDES2	ID7448	80.952	42	8	0	721076	721117	897592	897633	0.41	41.0
IDES2	ID7448	87.500	32	4	0	622789	622820	522993	523024	0.41	41.0
IDES2	ID7448	86.486	37	4	1	277842	277878	538884	538919	0.41	41.9
IDES2	ID7448	96.296	27	0	1	643057	643082	537102	537076	0.41	41.9
IDES2	ID7448	80.488	41	8	0	344970	345010	897154	897114	1.4	39.2
IDES2	ID7448	92.308	26	2	0	430445	430470	539956	539981	1.4	39.2
IDES2	ID7448	92.308	26	2	0	186886	186911	538993	538968	1.4	39.2
IDES2	ID7448	75.926	54	9	1	834576	834625	527173	527120	1.4	39.2
IDES2	ID7448	75.862	58	13	1	310544	310601	523883	523939	1.4	39.2
IDES2	ID7448	92.308	26	2	0	25701	25726	519930	519955	1.4	39.2
IDES2	ID7448	92.857	28	1	1	657001	657027	403882	403855	1.4	39.2
IDES2	ID7448	92.308	26	2	0	753790	753815	18113	18138	1.4	39.2
IDES2	ID7448	75.926	54	13	0	41871	41924	538962	539015	1.4	40.1
IDES2	ID7448	88.571	35	1	2	689391	689422	535386	535420	1.4	40.1
IDES2	ID7448	76.364	55	10	1	104257	104308	535139	535193	1.4	40.1
IDES2	ID7448	80.435	46	8	1	594443	594487	523663	523618	1.4	40.1
IDES2	ID7448	92.000	25	2	0	47770	47794	538979	538955	5.0	37.4
IDES2	ID7448	86.667	30	4	0	315456	315485	538544	538573	5.0	37.4
IDES2	ID7448	92.593	27	1	1	186886	186911	537934	537908	5.0	37.4
IDES2	ID7448	82.857	35	6	0	877338	877372	537479	537445	5.0	37.4
IDES2	ID7448	80.952	42	7	1	313589	313630	537119	537079	5.0	37.4
IDES2	ID7448	92.000	25	2	0	363992	364016	535218	535194	5.0	37.4
IDES2	ID7448	83.333	36	3	1	245362	245394	527142	527177	5.0	37.4
IDES2	ID7448	92.593	27	1	1	78295	78321	523823	523848	5.0	37.4
IDES2	ID7448	81.633	49	2	4	553267	553312	523788	523832	5.0	37.4
IDES2	ID7448	77.778	45	10	0	370382	370426	17937	17893	5.0	37.4
IDES2	ID7448	84.848	33	5	0	654410	654442	891207	891175	5.0	38.3
IDES2	ID7448	84.615	39	3	2	752625	752663	540008	540043	5.0	38.3
IDES2	ID7448	81.579	38	7	0	936316	936353	537460	537497	5.0	38.3
IDES2	ID7448	89.286	28	3	0	81838	81865	528580	528553	5.0	38.3
IDES2	ID7448	73.016	63	17	0	376665	376727	524042	523980	5.0	38.3
IDES2	ID7448	89.286	28	3	0	794697	794724	523489	523516	5.0	38.3
IDES2	ID7448	85.714	35	4	1	409862	409896	523000	523033	5.0	38.3
IDES2	ID7448	89.286	28	3	0	434962	434989	18122	18095	5.0	38.3
IDES2	ID7448	85.714	35	4	1	558916	558949	17640	17606	5.0	38.3
