IDNCTC10127	ID7448	82.226	647	103	4	256348	256983	388428	389073	0.0	642
IDNCTC10127	ID7448	95.683	417	16	2	573491	573907	398382	398796	0.0	664
IDNCTC10127	ID7448	95.923	417	16	1	573491	573907	560284	560699	0.0	673
IDNCTC10127	ID7448	95.933	418	16	1	573491	573908	258460	258876	0.0	674
IDNCTC10127	ID7448	86.348	564	34	7	174170	174710	114857	115400	0.0	678
IDNCTC10127	ID7448	73.725	1157	279	13	920803	921945	518455	519600	0.0	681
IDNCTC10127	ID7448	96.643	417	13	1	573491	573907	645730	645315	0.0	686
IDNCTC10127	ID7448	96.882	417	12	1	573491	573907	912481	912066	0.0	691
IDNCTC10127	ID7448	96.882	417	12	1	573491	573907	855334	854919	0.0	691
IDNCTC10127	ID7448	96.882	417	12	1	573491	573907	265481	265066	0.0	691
IDNCTC10127	ID7448	96.882	417	12	1	573491	573907	151505	151090	0.0	691
IDNCTC10127	ID7448	83.535	662	82	8	163560	164202	517009	516356	0.0	691
IDNCTC10127	ID7448	87.478	567	70	1	257625	258191	515830	515265	0.0	700
IDNCTC10127	ID7448	94.336	459	18	4	573491	573943	283328	283784	0.0	700
IDNCTC10127	ID7448	97.150	421	11	1	487310	487729	838062	837642	0.0	702
IDNCTC10127	ID7448	96.503	429	14	1	97799	98226	838070	837642	0.0	703
IDNCTC10127	ID7448	84.195	658	72	7	284546	285178	389078	388428	0.0	716
IDNCTC10127	ID7448	71.242	1530	417	18	861331	862849	141649	140132	0.0	716
IDNCTC10127	ID7448	88.380	568	63	3	283454	284020	489883	489318	0.0	717
IDNCTC10127	ID7448	80.597	804	144	4	23976	24767	25178	25981	0.0	740
IDNCTC10127	ID7448	71.569	1530	413	17	861331	862849	225233	226751	0.0	742
IDNCTC10127	ID7448	71.588	1524	407	16	782063	783573	144043	145553	0.0	748
IDNCTC10127	ID7448	71.717	1538	409	16	865221	866745	145559	144035	0.0	765
IDNCTC10127	ID7448	95.833	480	17	3	489230	489707	757315	757793	0.0	765
IDNCTC10127	ID7448	81.343	804	138	4	26365	27168	22789	23580	0.0	767
IDNCTC10127	ID7448	81.141	806	137	3	23974	24767	30880	31682	0.0	769
IDNCTC10127	ID7448	81.445	803	146	1	26366	27168	20340	21139	0.0	775
IDNCTC10127	ID7448	81.739	805	135	3	26364	27168	28452	29244	0.0	787
IDNCTC10127	ID7448	81.863	805	134	3	29635	30427	25177	25981	0.0	792
IDNCTC10127	ID7448	95.769	520	20	2	136734	137252	346907	347425	0.0	832
IDNCTC10127	ID7448	68.121	2522	704	40	664594	667072	425163	422699	0.0	834
IDNCTC10127	ID7448	70.684	1900	451	39	857980	859847	221789	223614	0.0	836
IDNCTC10127	ID7448	97.972	493	7	2	171309	171801	396398	396887	0.0	838
IDNCTC10127	ID7448	83.051	826	124	4	29615	30430	30866	31685	0.0	856
IDNCTC10127	ID7448	83.414	826	121	4	32049	32868	28432	29247	0.0	869
IDNCTC10127	ID7448	96.947	524	15	1	845381	845904	256442	256964	0.0	870
IDNCTC10127	ID7448	89.346	657	48	3	844738	845372	161691	161035	0.0	876
IDNCTC10127	ID7448	72.402	1761	428	29	916051	917780	524269	526002	0.0	907
IDNCTC10127	ID7448	90.909	660	37	4	847108	847767	164058	163422	0.0	923
IDNCTC10127	ID7448	75.104	1438	327	13	939426	940846	535447	536870	0.0	949
IDNCTC10127	ID7448	70.420	2167	553	33	20211	22339	27139	29255	0.0	949
IDNCTC10127	ID7448	68.639	2755	676	65	784400	787074	146248	148894	0.0	950
IDNCTC10127	ID7448	70.729	2166	548	33	28322	30438	19019	21147	0.0	977
IDNCTC10127	ID7448	96.364	605	18	3	173573	174173	411412	412016	0.0	983
IDNCTC10127	ID7448	80.541	1110	201	9	751268	752370	162316	163417	0.0	1002
IDNCTC10127	ID7448	86.364	858	97	5	256142	256982	517216	516362	0.0	1016
IDNCTC10127	ID7448	87.322	844	95	3	284552	285385	488675	487834	0.0	1038
IDNCTC10127	ID7448	72.933	2165	501	33	22668	24780	19019	21150	0.0	1191
IDNCTC10127	ID7448	83.665	1157	160	9	137361	138510	347608	348742	0.0	1221
IDNCTC10127	ID7448	69.900	2897	782	24	160558	163397	370221	367358	0.0	1267
IDNCTC10127	ID7448	69.997	2903	769	28	142457	145319	388267	385427	0.0	1275
IDNCTC10127	ID7448	74.526	2163	467	34	20211	22342	21484	23593	0.0	1340
IDNCTC10127	ID7448	93.160	921	47	5	282544	283463	607770	606865	0.0	1370
IDNCTC10127	ID7448	92.803	931	31	8	891429	892356	401528	400631	0.0	1374
IDNCTC10127	ID7448	93.757	913	49	5	350251	351156	515274	514363	0.0	1375
IDNCTC10127	ID7448	76.382	2731	583	26	348482	351178	361805	364507	0.0	1957
IDNCTC10127	ID7448	83.307	1875	297	6	529877	531741	797489	799357	0.0	1958
IDNCTC10127	ID7448	84.098	1874	281	7	533315	535183	794042	795903	0.0	2021
IDNCTC10127	ID7448	84.786	1847	271	3	527849	529691	794038	795878	0.0	2060
IDNCTC10127	ID7448	85.313	1852	262	6	529879	531724	792033	793880	0.0	2096
IDNCTC10127	ID7448	96.920	1331	26	5	750541	751869	260193	258876	0.0	2207
IDNCTC10127	ID7448	79.000	2681	523	22	532497	535156	791213	793874	0.0	2234
IDNCTC10127	ID7448	79.148	2676	503	18	527053	529691	796671	799328	0.0	2279
IDNCTC10127	ID7448	80.624	3107	481	43	121767	124803	350663	347608	0.0	2805
IDNCTC10127	ID7448	95.125	1846	88	2	893781	895626	400640	398797	0.0	2917
IDNCTC10127	ID7448	72.672	5467	1271	74	28298	33665	21460	26802	0.0	2992
IDNCTC10127	ID7448	73.155	5461	1258	71	22644	27989	27115	32482	0.0	3107
IDNCTC10127	ID7448	96.561	1890	65	0	171693	173582	408098	409987	0.0	3116
IDNCTC10127	ID7448	99.215	1911	15	0	487313	489223	645314	647224	0.0	3379
IDNCTC10127	ID7448	99.165	1916	16	0	97806	99721	645310	647225	0.0	3384
IDNCTC10127	ID7448	99.267	1911	14	0	487313	489223	265065	266975	0.0	3384
IDNCTC10127	ID7448	99.216	1914	15	0	487310	489223	283747	281834	0.0	3385
IDNCTC10127	ID7448	99.216	1914	15	0	487310	489223	151086	152999	0.0	3385
IDNCTC10127	ID7448	99.269	1914	13	1	487310	489223	398800	396888	0.0	3386
IDNCTC10127	ID7448	98.765	1943	20	3	487283	489223	854888	856828	0.0	3387
IDNCTC10127	ID7448	99.320	1912	12	1	487312	489223	560701	558791	0.0	3387
IDNCTC10127	ID7448	99.269	1914	14	0	97808	99721	854916	856829	0.0	3389
IDNCTC10127	ID7448	99.269	1914	14	0	97810	99723	265065	266978	0.0	3389
IDNCTC10127	ID7448	99.321	1914	12	1	97810	99723	560700	558788	0.0	3390
IDNCTC10127	ID7448	99.218	1918	15	0	487314	489231	258875	256958	0.0	3392
IDNCTC10127	ID7448	99.269	1916	14	0	97806	99721	151085	153000	0.0	3393
IDNCTC10127	ID7448	98.666	1949	22	1	97806	99754	283748	281804	0.0	3397
IDNCTC10127	ID7448	99.373	1914	12	0	487310	489223	912062	913975	0.0	3398
IDNCTC10127	ID7448	99.374	1918	12	0	97804	99721	912059	913976	0.0	3406
IDNCTC10127	ID7448	98.323	2206	36	1	781373	783578	139450	141654	0.0	3809
IDNCTC10127	ID7448	98.640	2206	30	0	865222	867427	225228	227433	0.0	3844
IDNCTC10127	ID7448	96.091	2379	72	4	171578	173955	112498	114856	0.0	3873
IDNCTC10127	ID7448	97.819	2888	35	5	174170	177048	400997	403865	0.0	4928
IDNCTC10127	ID7448	90.758	3603	241	16	133715	137252	358194	361769	0.0	5008
IDNCTC10127	ID7448	96.687	3290	84	6	177045	180330	407250	403982	0.0	5438
IDNCTC10127	ID7448	96.310	3713	124	2	891971	895671	411809	408098	0.0	6082
IDNCTC10127	ID7448	97.074	3828	97	7	483489	487310	749584	753402	0.0	6381
IDNCTC10127	ID7448	97.640	3813	79	5	483488	487293	745695	749503	0.0	6459
IDNCTC10127	ID7448	99.023	3685	34	2	944827	948510	598915	602598	0.0	6477
IDNCTC10127	ID7448	98.040	3826	69	2	483489	487313	753520	757340	0.0	6559
IDNCTC10127	ID7448	96.159	4296	101	9	489352	493633	745696	749941	0.0	7021
IDNCTC10127	ID7448	94.859	4493	169	17	128228	132683	354062	358529	0.0	7041
IDNCTC10127	ID7448	94.774	4592	153	9	620594	625118	886585	891156	0.0	7238
IDNCTC10127	ID7448	97.306	4380	92	8	489273	493633	749505	753877	0.0	7355
IDNCTC10127	ID7448	98.445	4889	52	6	745778	750654	265065	260189	0.0	8469
IDNCTC10127	ID7448	99.158	4870	36	3	99721	104587	96618	101485	0.0	8589
IDNCTC10127	ID7448	97.745	6075	82	5	286053	292094	540708	546760	0.0	10366
IDNCTC10127	ID7448	98.460	6104	94	0	645962	652065	913976	920079	0.0	10585
IDNCTC10127	ID7448	98.708	7352	66	26	953195	960532	598922	591586	0.0	12740
IDNCTC10127	ID7448	97.554	11895	239	8	292081	303966	546939	558790	0.0	20151
IDNCTC10127	ID7448	98.052	13038	209	10	893781	906788	114500	101478	0.0	22363
IDNCTC10127	ID7448	98.224	14247	211	8	271845	286066	503668	517897	0.0	24555
IDNCTC10127	ID7448	98.648	14868	188	4	731064	745928	281833	266976	0.0	25901
IDNCTC10127	ID7448	98.041	15772	240	23	180560	196293	412033	427773	0.0	27009
IDNCTC10127	ID7448	98.985	16844	153	9	1	16832	207	17044	0.0	29581
IDNCTC10127	ID7448	98.469	20961	234	15	625056	645993	891169	912065	0.0	36365
IDNCTC10127	ID7448	98.489	29841	407	13	590726	620552	856829	886639	0.0	51763
IDNCTC10127	ID7448	97.699	31024	549	22	388603	419512	647225	678197	0.0	52779
IDNCTC10127	ID7448	98.720	31408	352	26	824426	855811	184379	153000	0.0	54756
IDNCTC10127	ID7448	97.924	32663	581	25	138694	171319	363601	396203	0.0	55822
IDNCTC10127	ID7448	97.822	36680	622	44	855774	892356	151090	114491	0.0	62507
IDNCTC10127	ID7448	98.014	40526	730	30	489226	529707	753394	793888	0.0	69387
IDNCTC10127	ID7448	98.257	60946	951	37	529873	590772	794038	854918	0.0	1.051e+05
IDNCTC10127	ID7448	98.901	63243	566	19	667926	731119	346906	283744	0.0	1.109e+05
IDNCTC10127	ID7448	98.818	64384	680	33	419494	483845	678524	742858	0.0	1.126e+05
IDNCTC10127	ID7448	98.911	72621	701	22	751846	824454	256965	184423	0.0	1.274e+05
IDNCTC10127	ID7448	98.432	75807	896	55	196292	271920	427928	503619	0.0	1.314e+05
IDNCTC10127	ID7448	98.704	79391	950	22	18481	97810	17289	96661	0.0	1.385e+05
IDNCTC10127	ID7448	96.450	84869	2614	118	303959	388681	560699	645314	0.0	1.393e+05
IDNCTC10127	ID7448	91.233	365	31	1	285389	285752	546925	547289	8.46e-143	511
IDNCTC10127	ID7448	67.453	1527	404	33	728239	729716	679494	678012	8.47e-124	449
IDNCTC10127	ID7448	82.328	464	63	12	180077	180529	407177	407632	2.27e-118	431
IDNCTC10127	ID7448	71.979	753	194	7	203614	204364	533172	533909	1.99e-106	391
IDNCTC10127	ID7448	90.602	266	8	2	17654	17902	17030	17295	1.53e-101	374
IDNCTC10127	ID7448	99.048	210	0	1	652066	652275	1	208	2.27e-99	368
IDNCTC10127	ID7448	94.787	211	11	0	197701	197911	396180	396390	1.64e-88	332
IDNCTC10127	ID7448	66.755	1134	304	28	926365	927445	521260	522373	6.11e-75	286
IDNCTC10127	ID7448	69.118	748	195	17	906795	907519	346913	347647	2.00e-68	264
IDNCTC10127	ID7448	71.193	545	132	10	716196	716726	524796	524263	3.61e-65	253
IDNCTC10127	ID7448	70.530	509	127	10	932970	933471	527700	528192	2.60e-54	218
IDNCTC10127	ID7448	66.905	840	223	23	934954	935769	531646	532454	1.35e-51	208
IDNCTC10127	ID7448	67.201	686	204	10	931669	932345	526259	526932	2.43e-48	197
IDNCTC10127	ID7448	66.715	694	212	9	918093	918775	526259	526944	4.40e-45	187
IDNCTC10127	ID7448	68.474	498	139	10	906911	907394	361376	361869	1.75e-37	162
IDNCTC10127	ID7448	98.824	85	1	0	529691	529775	546922	546838	1.11e-33	150
IDNCTC10127	ID7448	90.000	110	5	2	28054	28157	546952	546843	1.35e-32	146
IDNCTC10127	ID7448	83.761	117	17	2	137137	137252	518419	518534	1.87e-24	119
IDNCTC10127	ID7448	73.423	222	47	6	891568	891788	407464	407674	1.87e-24	119
IDNCTC10127	ID7448	68.531	286	82	4	447648	447930	408102	407822	5.03e-19	100
IDNCTC10127	ID7448	74.026	154	39	1	137240	137392	519470	519623	2.14e-17	95.1
IDNCTC10127	ID7448	84.058	69	11	0	168012	168080	396347	396415	2.00e-11	76.1
IDNCTC10127	ID7448	70.861	151	41	2	106124	106274	533099	532952	2.97e-09	68.9
IDNCTC10127	ID7448	75.000	96	24	0	933802	933897	528520	528615	1.04e-08	66.2
IDNCTC10127	ID7448	74.194	93	22	1	174231	174323	407757	407667	5.37e-06	58.1
IDNCTC10127	ID7448	83.019	53	6	2	200748	200798	404031	403980	7.97e-04	50.0
IDNCTC10127	ID7448	71.552	116	22	5	27992	28096	546741	546856	0.003	49.1
IDNCTC10127	ID7448	93.333	30	2	0	180560	180589	412050	412021	0.010	46.4
IDNCTC10127	ID7448	86.842	38	5	0	661731	661768	534041	534078	0.010	47.3
IDNCTC10127	ID7448	82.692	52	5	3	535504	535553	537019	536970	0.034	44.6
IDNCTC10127	ID7448	84.615	39	6	0	928086	928124	522999	523037	0.034	44.6
IDNCTC10127	ID7448	76.562	64	9	2	243287	243344	539524	539461	0.034	45.5
IDNCTC10127	ID7448	92.857	28	2	0	314611	314638	540395	540368	0.12	42.8
IDNCTC10127	ID7448	78.182	55	6	2	717259	717313	540241	540193	0.12	42.8
IDNCTC10127	ID7448	100.000	23	0	0	736386	736408	522424	522446	0.12	42.8
IDNCTC10127	ID7448	77.049	61	9	2	688009	688065	743002	742943	0.12	43.7
IDNCTC10127	ID7448	90.909	33	2	1	759930	759962	518365	518334	0.12	43.7
IDNCTC10127	ID7448	75.000	72	13	3	465850	465917	540597	540527	0.41	41.0
IDNCTC10127	ID7448	73.134	67	18	0	44235	44301	538949	539015	0.41	41.0
IDNCTC10127	ID7448	78.723	47	10	0	944341	944387	538378	538424	0.41	41.0
IDNCTC10127	ID7448	81.818	44	7	1	80695	80738	535218	535176	0.41	41.0
IDNCTC10127	ID7448	77.358	53	9	1	589348	589397	534873	534925	0.41	41.0
IDNCTC10127	ID7448	87.500	32	4	0	324963	324994	522993	523024	0.41	41.0
IDNCTC10127	ID7448	93.103	29	1	1	836775	836803	353602	353575	0.41	41.0
IDNCTC10127	ID7448	82.500	40	7	0	947799	947838	539883	539922	0.41	41.9
IDNCTC10127	ID7448	96.296	27	0	1	345231	345256	537102	537076	0.41	41.9
IDNCTC10127	ID7448	77.358	53	11	1	943473	943525	537550	537601	1.4	39.2
IDNCTC10127	ID7448	75.926	54	9	1	529470	529519	527173	527120	1.4	39.2
IDNCTC10127	ID7448	92.857	28	1	1	359208	359234	403882	403855	1.4	39.2
IDNCTC10127	ID7448	76.364	55	10	1	902677	902728	535193	535139	1.4	40.1
IDNCTC10127	ID7448	77.586	58	11	2	941300	941356	534661	534717	1.4	40.1
IDNCTC10127	ID7448	95.833	24	1	0	190976	190999	534423	534446	1.4	40.1
IDNCTC10127	ID7448	95.833	24	1	0	926706	926729	534395	534418	1.4	40.1
IDNCTC10127	ID7448	80.952	42	4	1	815493	815530	526175	526134	1.4	40.1
IDNCTC10127	ID7448	74.648	71	12	3	877364	877431	523776	523843	1.4	40.1
IDNCTC10127	ID7448	80.435	46	8	1	296724	296768	523663	523618	1.4	40.1
IDNCTC10127	ID7448	95.833	24	1	0	171416	171439	519932	519955	1.4	40.1
IDNCTC10127	ID7448	74.576	59	15	0	684057	684115	427744	427802	1.4	40.1
IDNCTC10127	ID7448	92.000	25	2	0	474700	474724	793936	793912	5.0	37.4
IDNCTC10127	ID7448	75.862	58	10	2	951671	951728	745589	745642	5.0	37.4
IDNCTC10127	ID7448	82.857	35	6	0	570750	570784	745529	745563	5.0	37.4
IDNCTC10127	ID7448	100.000	20	0	0	172148	172167	539956	539975	5.0	37.4
IDNCTC10127	ID7448	83.784	37	5	1	735925	735961	538919	538884	5.0	37.4
IDNCTC10127	ID7448	86.667	30	4	0	698275	698304	538573	538544	5.0	37.4
IDNCTC10127	ID7448	92.593	27	1	1	820199	820224	537908	537934	5.0	37.4
IDNCTC10127	ID7448	82.857	35	6	0	572233	572267	537479	537445	5.0	37.4
IDNCTC10127	ID7448	88.235	34	2	2	312527	312558	537356	537389	5.0	37.4
IDNCTC10127	ID7448	80.952	42	7	1	700130	700171	537079	537119	5.0	37.4
IDNCTC10127	ID7448	82.051	39	5	1	459066	459104	533981	533945	5.0	37.4
IDNCTC10127	ID7448	100.000	20	0	0	933255	933274	530946	530965	5.0	37.4
IDNCTC10127	ID7448	100.000	20	0	0	194048	194067	529720	529701	5.0	37.4
IDNCTC10127	ID7448	79.167	48	6	2	269386	269433	523935	523892	5.0	37.4
IDNCTC10127	ID7448	92.593	27	1	1	80747	80773	523823	523848	5.0	37.4
IDNCTC10127	ID7448	85.294	34	3	1	516431	516462	523114	523081	5.0	37.4
IDNCTC10127	ID7448	92.000	25	2	0	365079	365103	520552	520576	5.0	37.4
IDNCTC10127	ID7448	92.000	25	2	0	121283	121307	520271	520247	5.0	37.4
IDNCTC10127	ID7448	100.000	20	0	0	529690	529709	519931	519950	5.0	37.4
IDNCTC10127	ID7448	89.286	28	3	0	100743	100770	526057	526030	5.0	38.3
