ID153B	ID7448	77.778	810	164	5	28226	29032	22787	23583	0.0	642
ID153B	ID7448	78.304	802	170	4	28229	29028	20340	21139	0.0	648
ID153B	ID7448	73.433	1133	280	9	465816	466938	518455	519576	0.0	665
ID153B	ID7448	97.122	417	11	1	684445	684860	837642	838058	0.0	695
ID153B	ID7448	96.698	424	13	1	30791	31213	838065	837642	0.0	699
ID153B	ID7448	71.484	1536	415	18	220586	222110	141655	140132	0.0	736
ID153B	ID7448	71.596	1535	405	21	139533	141052	144035	145553	0.0	737
ID153B	ID7448	71.558	1540	408	20	224496	226020	145559	144035	0.0	740
ID153B	ID7448	80.573	803	153	1	20133	20932	25179	25981	0.0	744
ID153B	ID7448	89.418	567	35	6	393382	393943	114854	115400	0.0	748
ID153B	ID7448	89.753	566	58	0	523546	524111	515830	515265	0.0	760
ID153B	ID7448	71.830	1530	409	17	220592	222110	225233	226751	0.0	760
ID153B	ID7448	82.392	761	119	2	522155	522903	517119	516362	0.0	774
ID153B	ID7448	70.221	1904	444	45	142608	144434	147037	148894	0.0	786
ID153B	ID7448	70.201	1886	452	40	217261	219108	221801	223614	0.0	787
ID153B	ID7448	81.739	805	135	3	22529	23333	28452	29244	0.0	787
ID153B	ID7448	81.863	805	134	3	25799	26591	25177	25981	0.0	792
ID153B	ID7448	91.906	556	44	1	549545	550100	489883	489329	0.0	797
ID153B	ID7448	87.898	628	35	3	614641	615252	361805	362407	0.0	814
ID153B	ID7448	95.220	523	24	1	202743	203264	256442	256964	0.0	828
ID153B	ID7448	82.809	826	126	5	28212	29031	28432	29247	0.0	842
ID153B	ID7448	83.051	826	124	4	25779	26594	30866	31685	0.0	856
ID153B	ID7448	92.881	590	35	4	344151	344736	361248	361834	0.0	864
ID153B	ID7448	68.112	2722	753	47	340828	343500	422699	425354	0.0	888
ID153B	ID7448	96.577	555	14	4	355716	356266	346940	347493	0.0	902
ID153B	ID7448	71.889	1832	430	33	467058	468847	348875	350663	0.0	911
ID153B	ID7448	74.461	1437	338	11	480060	481480	535447	536870	0.0	914
ID153B	ID7448	91.667	660	32	4	204468	205127	164058	163422	0.0	946
ID153B	ID7448	91.667	660	32	4	202102	202738	161691	161032	0.0	946
ID153B	ID7448	70.808	2165	547	37	24487	26602	19019	21147	0.0	966
ID153B	ID7448	79.928	1111	206	8	255710	256812	163417	162316	0.0	978
ID153B	ID7448	73.070	1749	429	18	473491	475212	524269	526002	0.0	988
ID153B	ID7448	72.243	2104	544	21	617195	619282	362428	364507	0.0	1104
ID153B	ID7448	88.747	862	79	2	497014	497857	517217	516356	0.0	1125
ID153B	ID7448	69.917	2902	775	25	379822	382663	370221	367358	0.0	1274
ID153B	ID7448	94.320	845	41	3	550675	551514	488676	487834	0.0	1301
ID153B	ID7448	79.212	1573	285	15	382823	384375	517009	515459	0.0	1333
ID153B	ID7448	93.880	915	48	5	618354	619261	515276	514363	0.0	1383
ID153B	ID7448	94.189	912	47	4	548643	549554	607770	606865	0.0	1394
ID153B	ID7448	68.665	4436	1192	56	361772	366083	388267	383906	0.0	1660
ID153B	ID7448	85.022	1589	206	10	549740	551307	390005	388428	0.0	1777
ID153B	ID7448	95.160	1157	54	2	344149	345304	346905	348060	0.0	1828
ID153B	ID7448	76.184	2746	601	26	356237	358955	605097	607816	0.0	1935
ID153B	ID7448	99.010	1111	7	1	482682	483792	534041	535147	0.0	1954
ID153B	ID7448	83.831	1874	286	7	808769	810637	794042	795903	0.0	1998
ID153B	ID7448	83.938	1874	284	7	805306	807167	797489	799357	0.0	2007
ID153B	ID7448	84.395	1852	276	7	805308	807150	792033	793880	0.0	2018
ID153B	ID7448	79.389	2683	507	25	807953	810610	791213	793874	0.0	2275
ID153B	ID7448	79.323	2689	501	26	802476	805138	796671	799330	0.0	2276
ID153B	ID7448	99.242	1319	9	1	256211	257528	258876	260194	0.0	2331
ID153B	ID7448	93.774	1542	79	2	550670	552194	516356	517897	0.0	2355
ID153B	ID7448	72.308	5442	1310	69	18812	24154	27139	32482	0.0	2887
ID153B	ID7448	95.184	1848	84	3	389655	391501	398797	400640	0.0	2923
ID153B	ID7448	96.997	1798	26	3	613476	615272	603933	605703	0.0	3012
ID153B	ID7448	94.670	1970	101	2	389533	391501	112534	114500	0.0	3075
ID153B	ID7448	72.985	5471	1245	75	24463	29828	21460	26802	0.0	3076
ID153B	ID7448	96.772	1890	60	1	111937	113825	408098	409987	0.0	3131
ID153B	ID7448	98.907	1922	20	1	387609	389530	398808	396888	0.0	3369
ID153B	ID7448	99.009	1918	18	1	615269	617186	398800	396884	0.0	3370
ID153B	ID7448	99.164	1915	16	0	215350	217264	913976	912062	0.0	3382
ID153B	ID7448	99.012	1924	16	1	682942	684862	913987	912064	0.0	3383
ID153B	ID7448	99.014	1927	15	1	387615	389537	912060	913986	0.0	3389
ID153B	ID7448	99.014	1927	19	0	30782	32708	912050	913976	0.0	3390
ID153B	ID7448	99.320	1912	13	0	387619	389530	645313	647224	0.0	3390
ID153B	ID7448	98.321	1966	29	2	215326	217290	647250	645288	0.0	3392
ID153B	ID7448	99.372	1911	12	0	387620	389530	265065	266975	0.0	3393
ID153B	ID7448	98.765	1944	19	2	615258	617201	912052	913990	0.0	3394
ID153B	ID7448	99.424	1911	10	1	682951	684861	558791	560700	0.0	3394
ID153B	ID7448	99.321	1914	13	0	215348	217261	266978	265065	0.0	3394
ID153B	ID7448	99.373	1914	11	1	215348	217261	558788	560700	0.0	3395
ID153B	ID7448	99.321	1915	13	0	615272	617186	265065	266979	0.0	3396
ID153B	ID7448	99.321	1915	13	0	682951	684865	266975	265061	0.0	3396
ID153B	ID7448	99.321	1915	13	0	682948	684862	153002	151088	0.0	3396
ID153B	ID7448	99.373	1913	12	0	387618	389530	854916	856828	0.0	3397
ID153B	ID7448	99.373	1915	11	1	615272	617186	560700	558787	0.0	3397
ID153B	ID7448	98.916	1938	20	1	215327	217263	856853	854916	0.0	3397
ID153B	ID7448	99.373	1914	12	0	387617	389530	283747	281834	0.0	3398
ID153B	ID7448	99.373	1914	12	0	387617	389530	151086	152999	0.0	3398
ID153B	ID7448	99.322	1917	13	0	215350	217266	153000	151084	0.0	3399
ID153B	ID7448	99.476	1910	10	0	682951	684860	256966	258875	0.0	3400
ID153B	ID7448	99.322	1918	13	0	615269	617186	283747	281830	0.0	3401
ID153B	ID7448	99.425	1913	11	0	215348	217260	256963	258875	0.0	3401
ID153B	ID7448	98.920	1944	16	3	30782	32724	854902	856841	0.0	3403
ID153B	ID7448	97.947	1997	29	5	682951	684945	281834	283820	0.0	3406
ID153B	ID7448	99.069	1933	18	0	30781	32713	265049	266981	0.0	3406
ID153B	ID7448	96.702	2062	65	1	570271	572332	560703	562761	0.0	3411
ID153B	ID7448	97.947	1997	28	4	215350	217337	281833	283825	0.0	3411
ID153B	ID7448	98.920	1944	17	1	30791	32730	283750	281807	0.0	3411
ID153B	ID7448	99.060	2234	17	1	213117	215350	151089	148860	0.0	3934
ID153B	ID7448	96.924	2666	69	5	522155	524813	487930	490589	0.0	4428
ID153B	ID7448	97.059	2754	55	8	111982	114731	398797	401528	0.0	4589
ID153B	ID7448	96.448	2928	45	6	393382	396306	400994	403865	0.0	4838
ID153B	ID7448	93.415	3356	207	7	383984	387329	389611	392962	0.0	5038
ID153B	ID7448	97.937	3006	28	4	399821	402794	412033	415036	0.0	5155
ID153B	ID7448	96.446	3292	92	6	396303	399592	407250	403982	0.0	5405
ID153B	ID7448	95.838	3700	150	2	389610	393308	408098	411794	0.0	5974
ID153B	ID7448	96.546	4285	100	7	756964	761211	753520	757793	0.0	7073
ID153B	ID7448	96.507	4294	91	9	764778	769060	745696	749941	0.0	7081
ID153B	ID7448	98.648	4513	30	6	257696	262206	260582	265065	0.0	7865
ID153B	ID7448	98.853	6104	70	0	914084	920187	913976	920079	0.0	10693
ID153B	ID7448	96.592	8246	178	18	760854	769060	745696	753877	0.0	13616
ID153B	ID7448	98.877	9441	99	3	217262	226702	148883	139450	0.0	16541
ID153B	ID7448	98.240	10511	96	11	345291	355724	350647	361145	0.0	18153
ID153B	ID7448	94.452	11933	564	41	18812	30705	21484	33357	0.0	18439
ID153B	ID7448	99.292	11023	66	5	486833	497851	477661	488675	0.0	19516
ID153B	ID7448	92.796	13632	828	69	845505	859051	841356	854918	0.0	19985
ID153B	ID7448	97.409	12814	211	24	670235	682950	661627	674417	0.0	21613
ID153B	ID7448	97.117	13596	351	11	656675	670231	647225	660818	0.0	22739
ID153B	ID7448	99.252	13367	99	1	32781	46146	33322	46688	0.0	23652
ID153B	ID7448	99.266	14858	107	2	262056	276911	266976	281833	0.0	26297
ID153B	ID7448	97.070	18123	462	22	552181	570274	540708	558790	0.0	30252
ID153B	ID7448	99.394	20950	116	7	1	20945	207	21150	0.0	37187
ID153B	ID7448	99.023	21907	193	5	826276	848165	815442	837344	0.0	38539
ID153B	ID7448	99.244	25259	164	8	524868	550104	490570	515823	0.0	44679
ID153B	ID7448	98.793	27831	264	20	355716	383494	361281	389091	0.0	48650
ID153B	ID7448	99.411	31743	175	6	224497	256233	225228	256964	0.0	56386
ID153B	ID7448	96.757	40823	1158	41	572725	613488	563120	603835	0.0	67615
ID153B	ID7448	98.991	39640	311	19	617183	656750	605692	645314	0.0	69678
ID153B	ID7448	99.174	43078	191	18	138851	181812	227433	184405	0.0	76149
ID153B	ID7448	99.190	49984	349	23	684861	734810	674397	724358	0.0	88261
ID153B	ID7448	98.594	55280	565	30	859005	914115	856829	912065	0.0	96244
ID153B	ID7448	99.060	62653	499	35	402772	465387	415080	477679	0.0	1.103e+05
ID153B	ID7448	99.429	63178	287	18	276856	339974	283744	346906	0.0	1.123e+05
ID153B	ID7448	99.391	71481	305	32	141768	213153	224445	153000	0.0	1.269e+05
ID153B	ID7448	99.132	90703	653	41	735629	826274	724358	814983	0.0	1.600e+05
ID153B	ID7448	99.237	95049	544	36	46064	141057	46732	141654	0.0	1.681e+05
ID153B	ID7448	86.260	524	66	2	559450	559970	604231	603711	7.58e-175	618
ID153B	ID7448	94.693	358	17	1	113824	114181	411440	411795	6.23e-157	558
ID153B	ID7448	94.444	360	19	1	387261	387620	396347	396705	2.17e-156	556
ID153B	ID7448	99.660	294	1	0	257426	257719	260189	260482	3.68e-147	526
ID153B	ID7448	82.112	464	64	12	399339	399791	407177	407632	2.65e-117	426
ID153B	ID7448	71.713	753	196	7	422949	423699	533172	533909	9.89e-104	382
ID153B	ID7448	95.261	211	9	1	417044	417253	396180	396390	4.50e-89	333
ID153B	ID7448	93.304	224	11	3	111823	112044	396666	396887	1.91e-87	327
ID153B	ID7448	85.448	268	34	3	415179	415441	837832	838099	9.28e-79	299
ID153B	ID7448	77.353	340	76	1	344539	344878	518406	518744	6.68e-68	263
ID153B	ID7448	71.193	545	132	10	291260	291790	524263	524796	3.46e-65	253
ID153B	ID7448	66.076	1129	318	27	470224	471303	521261	522373	5.13e-63	247
ID153B	ID7448	68.344	616	182	6	378283	378893	21154	20547	2.49e-54	217
ID153B	ID7448	70.334	509	128	10	476827	477328	527700	528192	3.03e-53	214
ID153B	ID7448	67.201	686	204	10	475526	476202	526259	526932	2.33e-48	197
ID153B	ID7448	66.706	847	212	30	478818	479632	531646	532454	1.47e-44	185
ID153B	ID7448	96.774	93	3	0	417044	417136	393042	392950	2.49e-35	155
ID153B	ID7448	74.866	187	40	4	114371	114556	407666	407486	2.19e-23	114
ID153B	ID7448	66.294	537	143	17	204935	205438	260209	260740	2.66e-22	111
ID153B	ID7448	68.551	283	87	1	717150	717432	408102	407822	3.25e-21	107
ID153B	ID7448	70.861	151	41	2	485160	485310	532952	533099	2.85e-09	68.9
ID153B	ID7448	75.000	96	24	0	477659	477754	528520	528615	9.94e-09	66.2
ID153B	ID7448	73.118	93	23	1	393446	393538	407757	407667	6.27e-05	53.6
ID153B	ID7448	84.783	46	6	1	113821	113865	535446	535491	0.003	49.1
ID153B	ID7448	75.904	83	11	5	806832	806908	840356	840277	0.009	46.4
ID153B	ID7448	93.333	30	2	0	399821	399850	412050	412021	0.009	46.4
ID153B	ID7448	75.581	86	17	4	342298	342381	411729	411812	0.009	47.3
ID153B	ID7448	83.673	49	5	2	420094	420140	404027	403980	0.009	47.3
ID153B	ID7448	82.692	52	5	3	810962	811011	537019	536970	0.032	44.6
ID153B	ID7448	84.615	39	6	0	471944	471982	522999	523037	0.032	44.6
ID153B	ID7448	70.732	123	24	6	232968	233087	21236	21123	0.032	44.6
ID153B	ID7448	76.562	64	9	2	462626	462683	539524	539461	0.032	45.5
ID153B	ID7448	70.476	105	20	4	751852	751945	841336	841440	0.11	42.8
ID153B	ID7448	77.419	62	12	2	107695	107755	840575	840515	0.11	42.8
ID153B	ID7448	92.857	28	2	0	580959	580986	540395	540368	0.11	42.8
ID153B	ID7448	100.000	23	0	0	271568	271590	522446	522424	0.11	42.8
ID153B	ID7448	87.879	33	4	0	153431	153463	519583	519551	0.11	42.8
ID153B	ID7448	79.630	54	8	2	409807	409858	517950	518002	0.11	42.8
ID153B	ID7448	84.211	38	6	0	740359	740396	412014	412051	0.11	42.8
ID153B	ID7448	96.154	26	1	0	24241	24266	519930	519955	0.11	43.7
ID153B	ID7448	90.909	33	2	1	248118	248150	518334	518365	0.11	43.7
ID153B	ID7448	78.723	47	10	0	486360	486406	538378	538424	0.40	41.0
ID153B	ID7448	87.500	32	4	0	591297	591328	522993	523024	0.40	41.0
ID153B	ID7448	76.923	52	12	0	344556	344607	395314	395263	0.40	41.0
ID153B	ID7448	71.579	95	18	4	180252	180339	393086	393178	0.40	41.0
ID153B	ID7448	65.789	190	61	3	361906	362093	21447	21634	0.40	41.0
ID153B	ID7448	77.778	63	10	3	840151	840213	840225	840167	0.40	41.9
ID153B	ID7448	88.235	34	2	1	682940	682971	560712	560679	0.40	41.9
ID153B	ID7448	80.488	41	8	0	730431	730471	840571	840611	1.4	39.2
ID153B	ID7448	81.395	43	7	1	314830	314871	840553	840511	1.4	39.2
ID153B	ID7448	92.308	26	2	0	112391	112416	539956	539981	1.4	39.2
ID153B	ID7448	84.211	38	5	1	611540	611577	539886	539922	1.4	39.2
ID153B	ID7448	92.308	26	2	0	177539	177564	538968	538993	1.4	39.2
ID153B	ID7448	77.358	53	11	1	485493	485545	537550	537601	1.4	39.2
ID153B	ID7448	75.862	58	13	1	304754	304811	523883	523939	1.4	39.2
ID153B	ID7448	92.857	28	1	1	627271	627297	403882	403855	1.4	39.2
ID153B	ID7448	87.097	31	4	0	911507	911537	394543	394513	1.4	39.2
ID153B	ID7448	75.926	54	13	0	42523	42576	538962	539015	1.4	40.1
ID153B	ID7448	76.364	55	10	1	104848	104899	535139	535193	1.4	40.1
ID153B	ID7448	80.952	42	4	1	172836	172873	526175	526134	1.4	40.1
ID153B	ID7448	85.294	34	5	0	104522	104555	394328	394361	1.4	40.1
ID153B	ID7448	89.655	29	3	0	857835	857863	200	172	1.4	40.1
ID153B	ID7448	100.000	20	0	0	795092	795111	840974	840955	4.8	37.4
ID153B	ID7448	100.000	20	0	0	368384	368403	838696	838677	4.8	37.4
ID153B	ID7448	87.097	31	1	1	246967	246997	838382	838355	4.8	37.4
ID153B	ID7448	92.000	25	2	0	48404	48428	538979	538955	4.8	37.4
ID153B	ID7448	83.784	37	5	1	272015	272051	538884	538919	4.8	37.4
ID153B	ID7448	86.667	30	4	0	309663	309692	538544	538573	4.8	37.4
ID153B	ID7448	92.593	27	1	1	177539	177564	537908	537934	4.8	37.4
ID153B	ID7448	82.857	35	6	0	847225	847259	537479	537445	4.8	37.4
ID153B	ID7448	80.952	42	7	1	307800	307841	537119	537079	4.8	37.4
ID153B	ID7448	100.000	20	0	0	477112	477131	530946	530965	4.8	37.4
ID153B	ID7448	100.000	20	0	0	413246	413265	529720	529701	4.8	37.4
ID153B	ID7448	83.333	36	3	1	240923	240955	527142	527177	4.8	37.4
ID153B	ID7448	81.633	49	2	4	545833	545878	523788	523832	4.8	37.4
ID153B	ID7448	70.175	114	27	5	669613	669725	519646	519539	4.8	37.4
ID153B	ID7448	82.927	41	4	2	280776	280815	395911	395949	4.8	37.4
ID153B	ID7448	92.000	25	2	0	229890	229914	395107	395131	4.8	37.4
ID153B	ID7448	72.222	72	14	2	777087	777158	361158	361093	4.8	37.4
ID153B	ID7448	84.615	39	4	2	478361	478399	348278	348242	4.8	37.4
ID153B	ID7448	84.848	33	5	0	290179	290211	841141	841109	4.8	38.3
ID153B	ID7448	79.070	43	9	0	319896	319938	838989	839031	4.8	38.3
ID153B	ID7448	89.286	28	3	0	344025	344052	837462	837435	4.8	38.3
ID153B	ID7448	84.615	39	3	2	723773	723811	540008	540043	4.8	38.3
ID153B	ID7448	90.000	30	2	1	552184	552213	533979	534007	4.8	38.3
ID153B	ID7448	82.500	40	6	1	552094	552133	531060	531098	4.8	38.3
ID153B	ID7448	89.286	28	3	0	768405	768432	523489	523516	4.8	38.3
ID153B	ID7448	77.358	53	7	2	482467	482519	411924	411971	4.8	38.3
